0 1.11436290852726 1.67060198262334 1.12287028180435 1.0695307396818 1.4387400620617 0.893601056654006 1.15029312972911 1.03376827808097 1.23906807834283 1.55387460649945 1.05156290647574 0.990532489260659 1.23416855465621 1.36068486142904 1.14019452780485 1.58147593564354 1.73947869450785 1.5777507929597 1.79593513999134 1.4111730447039 0.958414925727993 1.43693988281302 1.61255362187512 1.81956888269633 1.28188715944998 1.187475156039 1.11130357789807 1.0775940164458 0.873984139412642
1.11436290852726 0 1.6650354033336 1.77675594924949 0.946348790312186 1.33869720716029 1.78616699576378 1.1446207948029 1.31274099601433 1.26816489198245 1.20532211870886 1.09187614941038 1.00135379377753 1.39871112606488 0.960870330687612 0.900935041019693 1.1929458884988 1.37542457645759 1.84530083020218 1.40723048895597 1.37343835178763 0.883453793125227 1.04031865787692 1.70694165397435 1.01221261825413 1.156914137071 1.5746647703927 1.70859938394278 1.13118331693113 1.08896582317539
1.67060198262334 1.6650354033336 0 1.82753311214037 1.61500512179919 1.02329211775213 1.09316376317292 1.36959896469489 1.07692530262284 1.75637497776188 0.877930460963398 1.09729435411282 1.25404091179371 1.31858175829984 0.906769058201462 1.41126723424532 1.76187304593623 1.65318120433949 1.47785750939511 1.1249350879807 1.74569505546242 1.44825438107364 1.74871614878066 0.979721481911838 1.2699995089788 0.880843118065968 1.17759507265873 1.00528615154326 1.44251310778782 1.05999085702933
1.12287028180435 1.77675594924949 1.82753311214037 0 1.02911246637814 1.59271668782458 1.04662597342394 1.38111834949814 1.14584520086646 1.50564275938086 1.08675115741789 0.931885171448812 0.887623654212803 1.12560057779774 1.6895453943871 0.961624740622938 1.31314100092277 1.46500101289712 1.71319525130093 1.56451447703876 1.04216475784779 1.8082085181959 1.15445293323137 1.18855491513386 1.51268306886777 1.42119338689372 1.1517042752821 1.09655669075437 1.82572994334623 1.40893218107522
1.0695307396818 0.946348790312186 1.61500512179919 1.02911246637814 0 1.23490071319975 1.07102608075365 1.22831106954254 1.85702986316755 1.32032294105738 1.809113901807 0.972622304689139 1.1895088320598 0.983741645235568 1.6874052756466 0.874530837172642 1.00374080240726 1.00621041934937 1.4499829702545 1.27361285244115 0.998690980253741 1.28914182959124 1.64048196142539 0.983997698873281 0.922597864642739 1.55071878270246 1.86073491210118 1.41852455283515 1.27265086839907 0.955470457905903
1.4387400620617 1.33869720716029 1.02329211775213 1.59271668782458 1.23490071319975 0 1.78856048034504 1.58913923380896 1.32540403935127 1.05648502474651 1.76325465692207 1.22467571380548 1.6832423300948 1.41694604652002 1.67685317480937 1.67977854330093 1.11135538644157 1.58994687558152 1.23707033484243 1.34247392043471 1.16542185749859 1.19256353587843 1.81119114090689 1.28137888386846 0.876826678402722 1.53039411781356 1.48021388379857 1.37288600997999 0.980122675420716 1.48846929636784
0.893601056654006 1.78616699576378 1.09316376317292 1.04662597342394 1.07102608075365 1.78856048034504 0 1.21787890233099 1.38643545960076 1.28235783893615 0.912760568317026 1.56869131792337 1.69929563580081 1.01086505618878 1.10732568032108 1.13195498893037 1.379494671477 1.09422280266881 1.32089962414466 0.98865314736031 1.0674470027443 1.76028655585833 1.5657795893494 1.64247439987957 1.61602721875533 1.6573405971285 1.45450764265843 1.33203148562461 1.409070443362 1.74039123952389
1.15029312972911 1.1446207948029 1.36959896469489 1.38111834949814 1.22831106954254 1.58913923380896 1.21787890233099 0 1.33387919864617 1.44004041841254 1.6972166846972 1.11068946123123 0.950677269836888 0.877217617118731 1.6514400318265 0.894519557943568 1.00988428248093 1.7781913660001 0.881840645801276 1.00187891395763 1.50786707387306 1.49886453244835 1.58210134878755 1.69238038640469 1.35590420570225 1.83217393560335 1.78443542891182 1.3719012553338 0.97873244760558 1.71991144376807
1.03376827808097 1.31274099601433 1.07692530262284 1.14584520086646 1.85702986316755 1.32540403935127 1.38643545960076 1.33387919864617 0 0.961934297112748 0.954795132856816 1.83435340225697 0.994767100317404 1.28724308707751 1.30251690698788 1.82938845385797 1.75135113205761 1.17480653850362 1.78936028154567 1.24963384284638 1.1865139703732 0.885793148772791 1.10775327193551 1.06406928715296 1.85961581906304 1.08503251336515 1.28092201938853 1.5423170607537 0.980459316400811 1.75066168210469
1.23906807834283 1.26816489198245 1.75637497776188 1.50564275938086 1.32032294105738 1.05648502474651 1.28235783893615 1.44004041841254 0.961934297112748 0 1.07510842452757 1.12222524732351 1.81890167947859 1.31494003790431 1.73342224187218 1.08085989044048 1.56734950561076 1.24538166425191 1.77019392559305 1.79251956799999 1.46415888261981 0.97615810460411 1.25925718713552 0.893990616314113 1.00553368963301 1.39774454198778 1.48759460868314 1.79656806145795 1.10413483274169 1.29716247040778
1.55387460649945 1.20532211870886 0.877930460963398 1.08675115741789 1.809113901807 1.76325465692207 0.912760568317026 1.6972166846972 0.954795132856816 1.07510842452757 0 0.890420668991283 1.71246258495376 1.61783853545785 1.69606436695904 1.67366417590529 1.39780702721328 1.4396823134739 1.35236058663577 1.79263166571036 1.50404296023771 1.7390886687208 1.57483311532997 1.34270256874152 1.03545332700014 0.934183828299865 1.79629601491615 1.45913340849802 1.40254885819741 1.25898168585263
1.05156290647574 1.09187614941038 1.09729435411282 0.931885171448812 0.972622304689139 1.22467571380548 1.56869131792337 1.11068946123123 1.83435340225697 1.12222524732351 0.890420668991283 0 0.996325538959354 1.63917386438698 1.60751352179796 1.03214602847584 1.1759890683461 1.56257090042345 1.84880906180479 1.70562260318547 1.17892625951208 1.80736021464691 1.66289797332138 1.05446693208069 1.66508021135814 1.70775927836075 1.49343145848252 1.76346378796734 1.09474735450931 1.84843738120981
0.990532489260659 1.00135379377753 1.25404091179371 0.887623654212803 1.1895088320598 1.6832423300948 1.69929563580081 0.950677269836888 0.994767100317404 1.81890167947859 1.71246258495376 0.996325538959354 0 1.10313354735263 1.84683877928182 1.69201672496274 1.57155508804135 1.46350621967576 1.27547625009902 1.30830276478082 1.40700436756015 1.55357678513974 1.73746023396961 1.38469161395915 1.56182076572441 1.3364021750167 1.85899000568315 1.77726614428684 1.73335202294402 1.83038453850895
1.23416855465621 1.39871112606488 1.31858175829984 1.12560057779774 0.983741645235568 1.41694604652002 1.01086505618878 0.877217617118731 1.28724308707751 1.31494003790431 1.61783853545785 1.63917386438698 1.10313354735263 0 1.85595374577679 1.54818526934832 1.2564486709889 1.62820401997305 1.60750916297548 0.958465734962374 1.66163778211921 1.41995572531596 1.06835434515961 1.76125678583048 1.52058550692163 1.08447414496914 1.5049972620327 1.48501089029014 1.2682708685752 1.48863085266203
1.36068486142904 0.960870330687612 0.906769058201462 1.6895453943871 1.6874052756466 1.67685317480937 1.10732568032108 1.6514400318265 1.30251690698788 1.73342224187218 1.69606436695904 1.60751352179796 1.84683877928182 1.85595374577679 0 0.900938030565158 1.34040856361389 1.32917310367338 0.997886703815311 0.897488010814413 1.70976114599034 1.05077846394852 0.975781355286017 1.43985580466688 1.33786551863886 1.17335167108104 1.82124757347628 1.36421152832918 1.39654687652364 1.68169545195997
1.14019452780485 0.900935041019693 1.41126723424532 0.961624740622938 0.874530837172642 1.67977854330093 1.13195498893037 0.894519557943568 1.82938845385797 1.08085989044048 1.67366417590529 1.03214602847584 1.69201672496274 1.54818526934832 0.900938030565158 0 1.353649655357 1.50152490660548 1.64094737684354 1.49053662293591 1.56731578172185 1.33144411724061 1.38780784374103 1.16855862294324 1.51290249614976 1.76512400852516 1.23825481464155 1.30487668863498 1.09959235461429 1.42712576454505
1.58147593564354 1.1929458884988 1.76187304593623 1.31314100092277 1.00374080240726 1.11135538644157 1.379494671477 1.00988428248093 1.75135113205761 1.56734950561076 1.39780702721328 1.1759890683461 1.57155508804135 1.2564486709889 1.34040856361389 1.353649655357 0 1.70069551444612 1.74603852164 1.49776731710881 1.23451757105067 1.06350331637077 1.09235470485874 1.65287093538791 1.47423501382582 1.0069411569275 1.61610290175304 1.82004277245142 1.73250639834441 1.65624925075099
1.73947869450785 1.37542457645759 1.65318120433949 1.46500101289712 1.00621041934937 1.58994687558152 1.09422280266881 1.7781913660001 1.17480653850362 1.24538166425191 1.4396823134739 1.56257090042345 1.46350621967576 1.62820401997305 1.32917310367338 1.50152490660548 1.70069551444612 0 1.51425556163304 1.5239836408291 0.897442087065428 1.36407798272558 0.969875956885517 1.24907125881873 1.71576064219698 1.59370302897878 1.08196647907607 1.50080983829685 1.08130905311555 0.916897939983755
1.5777507929597 1.84530083020218 1.47785750939511 1.71319525130093 1.4499829702545 1.23707033484243 1.32089962414466 0.881840645801276 1.78936028154567 1.77019392559305 1.35236058663577 1.84880906180479 1.27547625009902 1.60750916297548 0.997886703815311 1.64094737684354 1.74603852164 1.51425556163304 0 1.60560290399007 1.57796298293397 1.73811437538825 0.953158877091482 1.40260844910517 1.05320609570481 1.37315193144605 1.20832382352091 1.00948943546973 0.91357235959731 1.29475971707143
1.79593513999134 1.40723048895597 1.1249350879807 1.56451447703876 1.27361285244115 1.34247392043471 0.98865314736031 1.00187891395763 1.24963384284638 1.79251956799999 1.79263166571036 1.70562260318547 1.30830276478082 0.958465734962374 0.897488010814413 1.49053662293591 1.49776731710881 1.5239836408291 1.60560290399007 0 1.48684022203088 0.977423341711983 1.8209034698084 1.08578949957155 1.62056181021035 1.76767446752638 1.38031438807957 1.42380327405408 1.84375237463973 1.22127272188663
1.4111730447039 1.37343835178763 1.74569505546242 1.04216475784779 0.998690980253741 1.16542185749859 1.0674470027443 1.50786707387306 1.1865139703732 1.46415888261981 1.50404296023771 1.17892625951208 1.40700436756015 1.66163778211921 1.70976114599034 1.56731578172185 1.23451757105067 0.897442087065428 1.57796298293397 1.48684022203088 0 1.19386904756539 1.13741938001476 1.16928353370167 1.64261677954346 1.2739777113311 1.8598486315459 1.14653966017067 0.924037612741813 1.30239124200307
0.958414925727993 0.883453793125227 1.44825438107364 1.8082085181959 1.28914182959124 1.19256353587843 1.76028655585833 1.49886453244835 0.885793148772791 0.97615810460411 1.7390886687208 1.80736021464691 1.55357678513974 1.41995572531596 1.05077846394852 1.33144411724061 1.06350331637077 1.36407798272558 1.73811437538825 0.977423341711983 1.19386904756539 0 1.62828248017468 1.35006587137468 1.30539447627962 1.19457424338907 1.00030506728217 1.49235434969887 1.4027622109279 0.971139400731772
1.43693988281302 1.04031865787692 1.74871614878066 1.15445293323137 1.64048196142539 1.81119114090689 1.5657795893494 1.58210134878755 1.10775327193551 1.25925718713552 1.57483311532997 1.66289797332138 1.73746023396961 1.06835434515961 0.975781355286017 1.38780784374103 1.09235470485874 0.969875956885517 0.953158877091482 1.8209034698084 1.13741938001476 1.62828248017468 0 1.46783003327437 1.7766574267298 1.4902885935735 1.48874422139488 1.15612908592448 1.41551150870509 1.57686725794338
1.61255362187512 1.70694165397435 0.979721481911838 1.18855491513386 0.983997698873281 1.28137888386846 1.64247439987957 1.69238038640469 1.06406928715296 0.893990616314113 1.34270256874152 1.05446693208069 1.38469161395915 1.76125678583048 1.43985580466688 1.16855862294324 1.65287093538791 1.24907125881873 1.40260844910517 1.08578949957155 1.16928353370167 1.35006587137468 1.46783003327437 0 1.30045448616147 1.27224059496075 0.920084525132552 1.41885187034495 1.37351188366301 1.45831153471954
1.81956888269633 1.01221261825413 1.2699995089788 1.51268306886777 0.922597864642739 0.876826678402722 1.61602721875533 1.35590420570225 1.85961581906304 1.00553368963301 1.03545332700014 1.66508021135814 1.56182076572441 1.52058550692163 1.33786551863886 1.51290249614976 1.47423501382582 1.71576064219698 1.05320609570481 1.62056181021035 1.64261677954346 1.30539447627962 1.7766574267298 1.30045448616147 0 1.32611575257033 1.35974959889427 1.72721003950574 1.71409266884439 1.18009947077371
1.28188715944998 1.156914137071 0.880843118065968 1.42119338689372 1.55071878270246 1.53039411781356 1.6573405971285 1.83217393560335 1.08503251336515 1.39774454198778 0.934183828299865 1.70775927836075 1.3364021750167 1.08447414496914 1.17335167108104 1.76512400852516 1.0069411569275 1.59370302897878 1.37315193144605 1.76767446752638 1.2739777113311 1.19457424338907 1.4902885935735 1.27224059496075 1.32611575257033 0 1.85268108826131 1.26601713662967 1.09656657185405 1.141613565851
1.187475156039 1.5746647703927 1.17759507265873 1.1517042752821 1.86073491210118 1.48021388379857 1.45450764265843 1.78443542891182 1.28092201938853 1.48759460868314 1.79629601491615 1.49343145848252 1.85899000568315 1.5049972620327 1.82124757347628 1.23825481464155 1.61610290175304 1.08196647907607 1.20832382352091 1.38031438807957 1.8598486315459 1.00030506728217 1.48874422139488 0.920084525132552 1.35974959889427 1.85268108826131 0 1.48727815970778 0.938248619204387 0.990412169136107
1.11130357789807 1.70859938394278 1.00528615154326 1.09655669075437 1.41852455283515 1.37288600997999 1.33203148562461 1.3719012553338 1.5423170607537 1.79656806145795 1.45913340849802 1.76346378796734 1.77726614428684 1.48501089029014 1.36421152832918 1.30487668863498 1.82004277245142 1.50080983829685 1.00948943546973 1.42380327405408 1.14653966017067 1.49235434969887 1.15612908592448 1.41885187034495 1.72721003950574 1.26601713662967 1.48727815970778 0 1.85789130418561 0.952325381804258
1.0775940164458 1.13118331693113 1.44251310778782 1.82572994334623 1.27265086839907 0.980122675420716 1.409070443362 0.97873244760558 0.980459316400811 1.10413483274169 1.40254885819741 1.09474735450931 1.73335202294402 1.2682708685752 1.39654687652364 1.09959235461429 1.73250639834441 1.08130905311555 0.91357235959731 1.84375237463973 0.924037612741813 1.4027622109279 1.41551150870509 1.37351188366301 1.71409266884439 1.09656657185405 0.938248619204387 1.85789130418561 0 0.970555440988392
0.873984139412642 1.08896582317539 1.05999085702933 1.40893218107522 0.955470457905903 1.48846929636784 1.74039123952389 1.71991144376807 1.75066168210469 1.29716247040778 1.25898168585263 1.84843738120981 1.83038453850895 1.48863085266203 1.68169545195997 1.42712576454505 1.65624925075099 0.916897939983755 1.29475971707143 1.22127272188663 1.30239124200307 0.971139400731772 1.57686725794338 1.45831153471954 1.18009947077371 1.141613565851 0.990412169136107 0.952325381804258 0.970555440988392 0
