0 1.51644538668916 1.76601282809861 1.23828715900891 1.29216019576415 1.60301707987674 1.89567779446952 1.59918576502241 1.7647954178974 1.63807587954216 1.11163817695342 1.41247920552269 0.95374869578518 1.47780505567789 1.08675884874538 1.18461923208088 1.08582399575971 1.00165694113821 1.53381861839443 1.26278387149796 1.25446299114265 1.83665463863872 1.01694665150717 1.21614374988712 1.7151652011089 1.52232129848562 1.43142611091025 1.72205765661784 1.44797833752818 1.72847825777717
1.51644538668916 0 1.28349746135063 1.3739226241596 0.9400689387694 1.50259986356832 1.34311762987636 1.60801443457603 0.906572167063132 1.08301597507671 1.01449929946102 1.8248781375587 1.04503687098622 1.56263826764189 1.74283803999424 1.85292771086097 1.19807031122036 1.59198229922913 1.05892346124165 1.55900973104872 1.62216892116703 1.8643419907894 1.77164924214594 1.38033655844629 1.54414966679178 1.14016340114176 1.63317541219294 0.964567505288869 1.73277556407265 1.35101409861818
1.76601282809861 1.28349746135063 0 1.0235124703031 1.00334598822519 1.65408419864252 0.907823343994096 1.77996323793195 1.45771454880014 0.91140122897923 1.04386902204715 1.01285940757953 1.28953450219706 1.03926412179135 1.71958291064948 1.74339035479352 1.29468608926982 1.41167623712681 1.24229716975242 1.82632405124605 1.80107481381856 1.5636111618951 1.65604815725237 1.49325476237573 1.5111240115948 1.31283118133433 1.87991140177473 1.80259256903082 1.36327594425529 1.35503783565946
1.23828715900891 1.3739226241596 1.0235124703031 0 1.63865012209862 1.7895417092368 1.68970618047751 1.22278213547543 1.13394221640192 1.69446161878295 1.8024305482395 1.35077681043185 1.84465136565268 1.25807790784165 1.69170540827326 1.37124845152721 1.87165291560814 1.63581883185543 1.40632623597048 1.10459013073705 1.41777691082098 1.79248677543364 1.48110121930949 1.28616751614027 1.17676532268524 1.10228551970795 1.61750641139224 1.63093401235528 1.53342806268483 1.29201197414659
1.29216019576415 0.9400689387694 1.00334598822519 1.63865012209862 0 1.10001793806441 1.5589856391307 1.88195586414076 0.962435281602666 1.59024674794637 1.59761289227754 1.26472203759477 1.84658140456304 1.65863863285631 1.57694826391526 1.50965651543811 1.61607110104524 0.919264810858294 1.44243111321703 1.52767575415783 1.13826100202277 1.66942132194526 1.47300968575291 1.39926246856339 1.02562639745884 1.61984108504839 1.23479754896834 1.18111880682409 1.14492451678962 1.63683741563
1.60301707987674 1.50259986356832 1.65408419864252 1.7895417092368 1.10001793806441 0 1.60501387040131 1.11475957860239 1.80283520463854 1.73730134451762 1.22551233414561 0.918183616129681 1.49614021391608 1.12226361595094 1.59906568424776 1.24987618718296 1.17678929306567 1.34891700441949 1.46337800682522 1.31152020022273 1.03965586656705 1.45786535018124 0.997429359471425 1.4620519715827 1.21041544550098 1.62760837865062 1.70052075665444 1.28035408467986 1.5864206047263 1.49793455121107
1.89567779446952 1.34311762987636 0.907823343994096 1.68970618047751 1.5589856391307 1.60501387040131 0 1.54298496223055 1.53254870162345 1.71809760155156 1.12361092446372 1.11915527097881 0.961323928553611 1.87931992253289 1.36187590099871 1.76397029077634 0.961069136625156 1.81628231494687 1.00383601686917 1.31879887380637 1.376174780773 1.63697625999339 1.33518934785388 1.45962928980589 1.79318163124844 0.999527391046286 1.7828498093877 1.48121450049803 0.949786529643461 1.30367172812112
1.59918576502241 1.60801443457603 1.77996323793195 1.22278213547543 1.88195586414076 1.11475957860239 1.54298496223055 0 1.06421608058736 1.03814390278421 1.67883829353377 0.972613607533276 1.74938405817375 1.79221938317642 1.68296283832751 0.934621032793075 1.60252309194766 1.32715545292012 1.59385549579747 1.32818602561019 1.45706370915286 1.25769189768471 0.983889860799536 1.81249239272438 1.75457017472945 1.05779939051718 1.61349834827706 1.67653975193389 0.957902003778145 1.83690970251337
1.7647954178974 0.906572167063132 1.45771454880014 1.13394221640192 0.962435281602666 1.80283520463854 1.53254870162345 1.06421608058736 0 0.977545850677416 1.30361397075467 1.57409928529523 0.907549795461819 1.2841529098805 0.917831744300202 1.45561369857751 1.17168562090956 1.58597684791312 1.20392753649503 1.00941733387299 1.25593180442229 1.6743131915573 1.81909036962315 1.13706279243343 1.8780569457449 0.97306532249786 1.07569661876187 1.36064546951093 1.79519368801266 1.76060198992491
1.63807587954216 1.08301597507671 0.91140122897923 1.69446161878295 1.59024674794637 1.73730134451762 1.71809760155156 1.03814390278421 0.977545850677416 0 1.17359882080927 1.72368607437238 1.67459180625156 0.952629887498915 1.06767224520445 1.43525010580197 1.04196597239934 0.932214736239985 1.67293655383401 1.39493973366916 1.66995169734582 1.69719831412658 1.53322484041564 1.04886837000959 1.58932656305842 1.17487828549929 1.04450791678391 1.4101852029562 1.71954610385001 1.04985596146435
1.11163817695342 1.01449929946102 1.04386902204715 1.8024305482395 1.59761289227754 1.22551233414561 1.12361092446372 1.67883829353377 1.30361397075467 1.17359882080927 0 1.90275121550076 1.50157334003597 1.60655057500117 1.3893331347499 1.18661208869889 0.984325316501781 1.42121647670865 1.4612145384308 1.79480568808503 1.28299213852733 1.43249573023058 1.67760452115908 1.16266854689457 1.15035213530064 1.71179238799959 1.00716357049532 1.58702047984116 1.78410252532922 1.77245801896788
1.41247920552269 1.8248781375587 1.01285940757953 1.35077681043185 1.26472203759477 0.918183616129681 1.11915527097881 0.972613607533276 1.57409928529523 1.72368607437238 1.90275121550076 0 1.1505428228993 1.42362942732871 1.38331545866095 1.81619995413348 1.50536741502583 1.52599490736611 1.30575691303238 0.929494088515639 1.18712307652459 1.41991004231386 0.995528240688145 1.5532077299431 1.70551591995172 1.5247836150229 1.41573400050402 1.60586260654964 1.71277017192915 1.0701315603219
0.95374869578518 1.04503687098622 1.28953450219706 1.84465136565268 1.84658140456304 1.49614021391608 0.961323928553611 1.74938405817375 0.907549795461819 1.67459180625156 1.50157334003597 1.1505428228993 0 1.87985016428865 1.24152772757225 1.14902677596547 1.19993571215309 1.33748279791325 1.69405520893633 1.90487648756243 1.90104992617853 1.28834257740527 1.17339368723333 1.6908068114426 1.36585973761976 1.34385052556172 1.5144108470995 1.06976031139493 1.72014785814099 0.934190897271037
1.47780505567789 1.56263826764189 1.03926412179135 1.25807790784165 1.65863863285631 1.12226361595094 1.87931992253289 1.79221938317642 1.2841529098805 0.952629887498915 1.60655057500117 1.42362942732871 1.87985016428865 0 1.61686911457218 1.13329610554501 1.14300099317916 1.20341750024818 1.31091651623137 1.77418483002111 1.68124862085097 1.29062023898587 1.36358818551525 1.77724548988044 1.31693462654948 0.927717817481607 1.43946583685465 1.00544090732001 1.54808465135284 1.03508173371665
1.08675884874538 1.74283803999424 1.71958291064948 1.69170540827326 1.57694826391526 1.59906568424776 1.36187590099871 1.68296283832751 0.917831744300202 1.06767224520445 1.3893331347499 1.38331545866095 1.24152772757225 1.61686911457218 0 1.58384795975871 1.75380557752214 1.82145367166959 1.45045932335779 1.57865700218827 1.68793510645628 1.47129680588841 1.56502409768291 1.56882193172351 1.60428700759076 1.52105120150372 0.999248235253617 1.80042525427416 1.11051219236106 1.61518071382307
1.18461923208088 1.85292771086097 1.74339035479352 1.37124845152721 1.50965651543811 1.24987618718296 1.76397029077634 0.934621032793075 1.45561369857751 1.43525010580197 1.18661208869889 1.81619995413348 1.14902677596547 1.13329610554501 1.58384795975871 0 1.57576209795661 1.41285132989287 1.60840909322724 1.01165241678245 0.969808013178408 1.37827468127944 1.00928669096902 1.64672539406456 1.76944248238578 1.04395770700648 1.07647352246568 0.996069992426783 1.81513887294568 0.944903845665976
1.08582399575971 1.19807031122036 1.29468608926982 1.87165291560814 1.61607110104524 1.17678929306567 0.961069136625156 1.60252309194766 1.17168562090956 1.04196597239934 0.984325316501781 1.50536741502583 1.19993571215309 1.14300099317916 1.75380557752214 1.57576209795661 0 1.624315924244 1.08011600654572 1.85010515502654 1.78214281052351 1.31315831351094 1.03090177779086 1.14628465776332 1.87272819969803 1.75756679777987 1.76210834877566 1.70259406627156 1.3886380631011 1.54251226363704
1.00165694113821 1.59198229922913 1.41167623712681 1.63581883185543 0.919264810858294 1.34891700441949 1.81628231494687 1.32715545292012 1.58597684791312 0.932214736239985 1.42121647670865 1.52599490736611 1.33748279791325 1.20341750024818 1.82145367166959 1.41285132989287 1.624315924244 0 1.59510884783231 1.45982190012001 1.73428951227106 1.37842335179448 1.31359089608304 1.76378021715209 1.46805164217949 1.60847880039364 1.07094101677649 1.51704084663652 1.09768583928235 1.43317873333581
1.53381861839443 1.05892346124165 1.24229716975242 1.40632623597048 1.44243111321703 1.46337800682522 1.00383601686917 1.59385549579747 1.20392753649503 1.67293655383401 1.4612145384308 1.30575691303238 1.69405520893633 1.31091651623137 1.45045932335779 1.60840909322724 1.08011600654572 1.59510884783231 0 1.07909001945518 1.50316292676143 1.88364771893248 1.46653987793252 1.84484062925912 1.35328723443672 1.47022936795838 1.81436686404049 0.921826391248032 1.67903588851914 1.57266388833523
1.26278387149796 1.55900973104872 1.82632405124605 1.10459013073705 1.52767575415783 1.31152020022273 1.31879887380637 1.32818602561019 1.00941733387299 1.39493973366916 1.79480568808503 0.929494088515639 1.90487648756243 1.77418483002111 1.57865700218827 1.01165241678245 1.85010515502654 1.45982190012001 1.07909001945518 0 1.87849716888741 1.6890498092398 1.89836627896875 1.29649129044265 1.67929487186484 1.11476337048225 1.88335234625265 1.73637543991208 0.941273018252105 1.39907771511935
1.25446299114265 1.62216892116703 1.80107481381856 1.41777691082098 1.13826100202277 1.03965586656705 1.376174780773 1.45706370915286 1.25593180442229 1.66995169734582 1.28299213852733 1.18712307652459 1.90104992617853 1.68124862085097 1.68793510645628 0.969808013178408 1.78214281052351 1.73428951227106 1.50316292676143 1.87849716888741 0 1.39291125210002 1.25951955700293 1.24495740584098 1.52673432603478 1.66690031508915 1.35764690325595 1.35705201816745 1.48954656324349 1.10020697163418
1.83665463863872 1.8643419907894 1.5636111618951 1.79248677543364 1.66942132194526 1.45786535018124 1.63697625999339 1.25769189768471 1.6743131915573 1.69719831412658 1.43249573023058 1.41991004231386 1.28834257740527 1.29062023898587 1.47129680588841 1.37827468127944 1.31315831351094 1.37842335179448 1.88364771893248 1.6890498092398 1.39291125210002 0 1.33476463519037 0.921558897709474 0.927577101159841 1.32124015991576 1.67563501698896 0.961821327684447 1.10934924776666 1.26014195289463
1.01694665150717 1.77164924214594 1.65604815725237 1.48110121930949 1.47300968575291 0.997429359471425 1.33518934785388 0.983889860799536 1.81909036962315 1.53322484041564 1.67760452115908 0.995528240688145 1.17339368723333 1.36358818551525 1.56502409768291 1.00928669096902 1.03090177779086 1.31359089608304 1.46653987793252 1.89836627896875 1.25951955700293 1.33476463519037 0 1.3284388196189 1.62499139201827 1.62715697893873 1.04143623053096 1.20116324303672 1.37473281775601 1.68338672234677
1.21614374988712 1.38033655844629 1.49325476237573 1.28616751614027 1.39926246856339 1.4620519715827 1.45962928980589 1.81249239272438 1.13706279243343 1.04886837000959 1.16266854689457 1.5532077299431 1.6908068114426 1.77724548988044 1.56882193172351 1.64672539406456 1.14628465776332 1.76378021715209 1.84484062925912 1.29649129044265 1.24495740584098 0.921558897709474 1.3284388196189 0 1.41876298398711 1.38062578509562 1.63816431979649 1.17006053123623 1.44158807536587 1.06377566303127
1.7151652011089 1.54414966679178 1.5111240115948 1.17676532268524 1.02562639745884 1.21041544550098 1.79318163124844 1.75457017472945 1.8780569457449 1.58932656305842 1.15035213530064 1.70551591995172 1.36585973761976 1.31693462654948 1.60428700759076 1.76944248238578 1.87272819969803 1.46805164217949 1.35328723443672 1.67929487186484 1.52673432603478 0.927577101159841 1.62499139201827 1.41876298398711 0 1.5850396330934 1.78479746542871 1.78007284575142 0.962872101692483 1.04959808452986
1.52232129848562 1.14016340114176 1.31283118133433 1.10228551970795 1.61984108504839 1.62760837865062 0.999527391046286 1.05779939051718 0.97306532249786 1.17487828549929 1.71179238799959 1.5247836150229 1.34385052556172 0.927717817481607 1.52105120150372 1.04395770700648 1.75756679777987 1.60847880039364 1.47022936795838 1.11476337048225 1.66690031508915 1.32124015991576 1.62715697893873 1.38062578509562 1.5850396330934 0 1.147213291144 0.956894065253437 1.70528907352127 1.59685019752942
1.43142611091025 1.63317541219294 1.87991140177473 1.61750641139224 1.23479754896834 1.70052075665444 1.7828498093877 1.61349834827706 1.07569661876187 1.04450791678391 1.00716357049532 1.41573400050402 1.5144108470995 1.43946583685465 0.999248235253617 1.07647352246568 1.76210834877566 1.07094101677649 1.81436686404049 1.88335234625265 1.35764690325595 1.67563501698896 1.04143623053096 1.63816431979649 1.78479746542871 1.147213291144 0 1.16306971246377 1.18812274071388 1.59620123775676
1.72205765661784 0.964567505288869 1.80259256903082 1.63093401235528 1.18111880682409 1.28035408467986 1.48121450049803 1.67653975193389 1.36064546951093 1.4101852029562 1.58702047984116 1.60586260654964 1.06976031139493 1.00544090732001 1.80042525427416 0.996069992426783 1.70259406627156 1.51704084663652 0.921826391248032 1.73637543991208 1.35705201816745 0.961821327684447 1.20116324303672 1.17006053123623 1.78007284575142 0.956894065253437 1.16306971246377 0 1.38691523089074 1.06083074677736
1.44797833752818 1.73277556407265 1.36327594425529 1.53342806268483 1.14492451678962 1.5864206047263 0.949786529643461 0.957902003778145 1.79519368801266 1.71954610385001 1.78410252532922 1.71277017192915 1.72014785814099 1.54808465135284 1.11051219236106 1.81513887294568 1.3886380631011 1.09768583928235 1.67903588851914 0.941273018252105 1.48954656324349 1.10934924776666 1.37473281775601 1.44158807536587 0.962872101692483 1.70528907352127 1.18812274071388 1.38691523089074 0 1.27220374811441
1.72847825777717 1.35101409861818 1.35503783565946 1.29201197414659 1.63683741563 1.49793455121107 1.30367172812112 1.83690970251337 1.76060198992491 1.04985596146435 1.77245801896788 1.0701315603219 0.934190897271037 1.03508173371665 1.61518071382307 0.944903845665976 1.54251226363704 1.43317873333581 1.57266388833523 1.39907771511935 1.10020697163418 1.26014195289463 1.68338672234677 1.06377566303127 1.04959808452986 1.59685019752942 1.59620123775676 1.06083074677736 1.27220374811441 0
