0 1.60992439440452 1.22715438925661 0.937182140769437 1.02806332614273 1.8225423283875 1.39539517159574 1.88975553610362 1.56099406955764 1.68749398668297 1.7054493217729 1.65263380063698 1.14162846514955 1.36969070439227 1.60654796264134 0.92724820272997 0.939804032444954 1.7645943579264 1.04688570904545 1.86195926484652 1.02463050372899 1.7800055143889 0.949121657991782 1.16782816243358 1.42960327723995 1.52673707180656 1.32122449344024 1.06628988031298 1.563532295404 1.71450438769534
1.60992439440452 0 1.39355499227531 1.75478745670989 1.53311156132258 1.37839751853608 1.52426984370686 1.00388848758303 1.37816160987131 1.0460173857864 1.63591325306334 1.29982712701894 1.2457950906828 1.18965769885108 1.23585852351971 1.52681626263075 1.42993773240596 1.24707301449962 1.79880232689902 1.18561529694125 0.952671214239672 0.947633953066543 1.72727282578126 1.46717577637173 1.30130862747319 1.90869201836176 1.74031019979157 1.42940991255455 1.36934824031778 1.89011153695174
1.22715438925661 1.39355499227531 0 1.71975363581441 1.27761193155311 1.57836948777549 1.40215020813048 1.72966180043295 1.27135493117385 1.18044253368862 1.75661527062766 1.58761594980024 1.90207918384112 1.12216414371505 1.4458025440108 1.78533625765704 1.67611101130024 0.927312842104584 1.15221322863363 1.7070455562789 1.58962042653002 1.24322616960853 0.970073826611042 1.60532078519464 1.42691176035441 1.89461555145681 1.81138885719702 1.78494425374083 1.60104599758051 1.02365906396881
0.937182140769437 1.75478745670989 1.71975363581441 0 1.8399389416445 1.34269075118937 1.11145034129731 1.89323142566718 1.66146316658705 1.23793269554153 1.25287957908586 1.46810722886585 1.75736736948602 1.37808527168818 1.65043346188031 1.240043298807 1.17917151213624 1.56289407517761 1.31942078680731 1.19267860986292 1.17920034425333 1.86738328170031 1.209347238997 1.75973701290786 1.76604193821549 1.45461060735397 1.39351486926898 1.8160817201715 1.00412220670842 1.14030872005969
1.02806332614273 1.53311156132258 1.27761193155311 1.8399389416445 0 1.82205758686177 0.933865435188636 1.84248818317428 1.23303204891272 0.936836310196668 1.81851915898733 1.71914570918307 1.70691678160802 1.60250317840837 1.00708041945472 1.31850420823321 1.61860746587627 1.59662706684321 1.4558483294677 1.00093456613831 1.54806202300824 1.73641034634784 1.01554996217601 1.47019768599421 1.69558317423798 1.53624692675658 1.66892975056544 1.58657244988717 1.31981440703385 1.79929068614729
1.8225423283875 1.37839751853608 1.57836948777549 1.34269075118937 1.82205758686177 0 1.01737117161974 1.12676474871114 1.82265818747692 1.63993041566573 1.53763618296944 0.941210679011419 1.90899886609986 1.06624931795523 1.23086443124339 1.35910734790377 1.80727349128574 1.87745631486177 1.5572321866639 1.79470891319215 1.06468843854964 1.90861702756956 1.90508106304333 1.1601228187792 1.81436734111048 1.79526851885021 1.8383134175092 1.64920630562119 1.35001645167358 0.998997210757807
1.39539517159574 1.52426984370686 1.40215020813048 1.11145034129731 0.933865435188636 1.01737117161974 0 1.83863334986381 1.56766661745496 1.13966444390826 1.54846198228188 1.79995258292183 1.36515136132948 1.69593075383455 1.60172284883447 1.06632847362198 0.957193637499586 1.58323775161989 1.39618940441869 1.1321158753708 1.47021400323138 1.32127217878588 1.08358981995843 1.28517543175258 1.50166858430021 1.64047302072868 1.19890538789332 1.02561979973689 1.54563589952886 1.51826120796613
1.88975553610362 1.00388848758303 1.72966180043295 1.89323142566718 1.84248818317428 1.12676474871114 1.83863334986381 0 1.36497541726567 1.64840680151246 1.80653157597408 1.61168523761444 1.06940902164206 1.92313456838019 1.84750871220604 1.47325877356343 1.54620107635856 1.42803811677732 1.90292679565027 1.66708370135166 1.44068389432505 1.04887566086836 1.14448176510632 1.26100899442099 1.41245573759079 1.19468726846389 1.43594023864716 1.82869796198793 0.961682450724766 1.40650905668736
1.56099406955764 1.37816160987131 1.27135493117385 1.66146316658705 1.23303204891272 1.82265818747692 1.56766661745496 1.36497541726567 0 1.58392199710943 1.32666054461151 1.07441542414017 1.64510478381999 1.92193513014354 1.72179116192274 1.02868770807981 1.27723189257085 1.22997799748555 1.06466804258525 1.40635205805302 1.35598715953529 1.38296490907669 1.72710930346511 1.66173774423078 1.87323039933108 1.53335127886385 1.85403887508437 1.05595838231966 1.11558288498782 1.81894740299322
1.68749398668297 1.0460173857864 1.18044253368862 1.23793269554153 0.936836310196668 1.63993041566573 1.13966444390826 1.64840680151246 1.58392199710943 0 1.71224608155899 1.50837736879475 1.15138798113912 1.91206704219803 1.86305613140576 1.88372370391153 0.96053423313424 1.23481302359141 1.18342363578267 1.58793223765679 1.34581051860005 1.36001561209559 1.07576326257549 1.59198860102333 1.63013720861636 0.999483039602637 1.43989745387807 1.36130455229431 1.03749549621716 1.00329372379929
1.7054493217729 1.63591325306334 1.75661527062766 1.25287957908586 1.81851915898733 1.53763618296944 1.54846198228188 1.80653157597408 1.32666054461151 1.71224608155899 0 1.02517314092256 1.69057031045668 1.50979595305398 1.30615670792758 1.21351765678264 1.25068798451684 1.91157371434383 1.14870419120416 1.84609177755192 1.65371747640893 1.65371148707345 1.38527292106301 1.40797641500831 1.75774863641709 1.78556895302609 1.32149435067549 1.10548724117689 1.74468245310709 1.25713568064384
1.65263380063698 1.29982712701894 1.58761594980024 1.46810722886585 1.71914570918307 0.941210679011419 1.79995258292183 1.61168523761444 1.07441542414017 1.50837736879475 1.02517314092256 0 1.68964719679207 1.46050235279836 1.34572780760936 1.74304763879627 1.85323648224585 1.13277756026946 1.73778291977942 1.58990954910405 1.52439712313935 1.83420433453284 1.90332669205964 1.67296155169606 1.52590314857662 1.04723566258326 1.84556958987378 1.21071264077909 1.10908350371756 1.25330598722212
1.14162846514955 1.2457950906828 1.90207918384112 1.75736736948602 1.70691678160802 1.90899886609986 1.36515136132948 1.06940902164206 1.64510478381999 1.15138798113912 1.69057031045668 1.68964719679207 0 1.16152602504008 1.68481217487715 1.13470245338976 1.39682276686653 1.18840304529294 1.35548588843085 1.21587672969326 0.961105820490047 1.49104651040398 1.34049139614217 1.68767754873261 1.53497431008145 1.13443569722585 0.942772509064525 1.87277667969465 1.43055093660951 1.18091545812786
1.36969070439227 1.18965769885108 1.12216414371505 1.37808527168818 1.60250317840837 1.06624931795523 1.69593075383455 1.92313456838019 1.92193513014354 1.91206704219803 1.50979595305398 1.46050235279836 1.16152602504008 0 1.85612201178446 1.19684792705812 1.2568931626156 1.28297619987279 1.04388873116113 1.48876368021592 1.65303817717358 1.25489555369131 1.60574733931571 1.89038024144247 1.88448479422368 1.00315386103466 1.45223534991965 1.03965051751584 1.56194187398069 1.65752116171643
1.60654796264134 1.23585852351971 1.4458025440108 1.65043346188031 1.00708041945472 1.23086443124339 1.60172284883447 1.84750871220604 1.72179116192274 1.86305613140576 1.30615670792758 1.34572780760936 1.68481217487715 1.85612201178446 0 1.19847853272222 1.24705094401725 1.76209410838783 1.4149614116177 1.21368431323208 1.67590705654584 1.1386428787373 1.25367436162196 1.08276215475053 1.06335569452494 1.2969833095558 1.72458425955847 0.954829465132207 1.48146093566902 1.48006997862831
0.92724820272997 1.52681626263075 1.78533625765704 1.240043298807 1.31850420823321 1.35910734790377 1.06632847362198 1.47325877356343 1.02868770807981 1.88372370391153 1.21351765678264 1.74304763879627 1.13470245338976 1.19684792705812 1.19847853272222 0 1.86705223517492 1.51964501431212 1.84106911392882 1.86556811304763 1.8538721865043 1.18266353802755 1.01175790163688 1.8709800853394 1.54182121064514 0.989124017301947 1.90233678068034 1.62993242568336 1.43095970549621 1.50410595489666
0.939804032444954 1.42993773240596 1.67611101130024 1.17917151213624 1.61860746587627 1.80727349128574 0.957193637499586 1.54620107635856 1.27723189257085 0.96053423313424 1.25068798451684 1.85323648224585 1.39682276686653 1.2568931626156 1.24705094401725 1.86705223517492 0 1.53226128802635 0.985719865420833 1.71022424264811 1.70840380853042 1.20314545347355 1.49654209520668 1.78438426158391 1.65551998023875 1.32573483954184 0.963871414773166 1.91165498550981 1.58166587888263 1.35240743658505
1.7645943579264 1.24707301449962 0.927312842104584 1.56289407517761 1.59662706684321 1.87745631486177 1.58323775161989 1.42803811677732 1.22997799748555 1.23481302359141 1.91157371434383 1.13277756026946 1.18840304529294 1.28297619987279 1.76209410838783 1.51964501431212 1.53226128802635 0 1.00621266383678 1.48339535295963 1.06894926121458 1.05963934655301 1.11650323797949 1.21663610287942 0.956636303570122 1.29982657055371 1.64811571757309 1.36359837721102 1.38438511523418 1.27125540026464
1.04688570904545 1.79880232689902 1.15221322863363 1.31942078680731 1.4558483294677 1.5572321866639 1.39618940441869 1.90292679565027 1.06466804258525 1.18342363578267 1.14870419120416 1.73778291977942 1.35548588843085 1.04388873116113 1.4149614116177 1.84106911392882 0.985719865420833 1.00621266383678 0 1.35572099732235 1.8591843477916 1.17813539248891 1.58559125522152 1.17812878428958 1.70804152451456 1.69459203956649 1.5411078245379 1.71647726581432 1.19983304431662 1.6902484819293
1.86195926484652 1.18561529694125 1.7070455562789 1.19267860986292 1.00093456613831 1.79470891319215 1.1321158753708 1.66708370135166 1.40635205805302 1.58793223765679 1.84609177755192 1.58990954910405 1.21587672969326 1.48876368021592 1.21368431323208 1.86556811304763 1.71022424264811 1.48339535295963 1.35572099732235 0 1.67082841158845 1.4424131878186 1.81063435738906 1.86914256680757 1.68740589427762 1.40433928533457 1.04048929060809 1.20932293799706 1.54852315294556 1.10021231579594
1.02463050372899 0.952671214239672 1.58962042653002 1.17920034425333 1.54806202300824 1.06468843854964 1.47021400323138 1.44068389432505 1.35598715953529 1.34581051860005 1.65371747640893 1.52439712313935 0.961105820490047 1.65303817717358 1.67590705654584 1.8538721865043 1.70840380853042 1.06894926121458 1.8591843477916 1.67082841158845 0 1.11805731756613 1.4366079387255 1.62575295707211 1.1597903741058 1.83458526898175 1.32815622189082 1.41092505957931 1.33516322518699 0.990350081818178
1.7800055143889 0.947633953066543 1.24322616960853 1.86738328170031 1.73641034634784 1.90861702756956 1.32127217878588 1.04887566086836 1.38296490907669 1.36001561209559 1.65371148707345 1.83420433453284 1.49104651040398 1.25489555369131 1.1386428787373 1.18266353802755 1.20314545347355 1.05963934655301 1.17813539248891 1.4424131878186 1.11805731756613 0 1.17632460128516 0.998117759125307 1.53506906004623 1.26579139451496 1.81405054428615 1.0851440706756 1.27074196422473 1.10319183720276
0.949121657991782 1.72727282578126 0.970073826611042 1.209347238997 1.01554996217601 1.90508106304333 1.08358981995843 1.14448176510632 1.72710930346511 1.07576326257549 1.38527292106301 1.90332669205964 1.34049139614217 1.60574733931571 1.25367436162196 1.01175790163688 1.49654209520668 1.11650323797949 1.58559125522152 1.81063435738906 1.4366079387255 1.17632460128516 0 1.68041260913014 1.43793773301877 1.48419766663574 0.950442912057042 1.06375720561482 1.84754808247089 1.20149144995958
1.16782816243358 1.46717577637173 1.60532078519464 1.75973701290786 1.47019768599421 1.1601228187792 1.28517543175258 1.26100899442099 1.66173774423078 1.59198860102333 1.40797641500831 1.67296155169606 1.68767754873261 1.89038024144247 1.08276215475053 1.8709800853394 1.78438426158391 1.21663610287942 1.17812878428958 1.86914256680757 1.62575295707211 0.998117759125307 1.68041260913014 0 1.03327612578869 1.64988449565135 1.1648651866708 1.91177220991813 1.5491891654674 1.54541331971996
1.42960327723995 1.30130862747319 1.42691176035441 1.76604193821549 1.69558317423798 1.81436734111048 1.50166858430021 1.41245573759079 1.87323039933108 1.63013720861636 1.75774863641709 1.52590314857662 1.53497431008145 1.88448479422368 1.06335569452494 1.54182121064514 1.65551998023875 0.956636303570122 1.70804152451456 1.68740589427762 1.1597903741058 1.53506906004623 1.43793773301877 1.03327612578869 0 1.27097971737385 1.78421966638416 1.36347504728474 1.57284989533946 1.59316186816432
1.52673707180656 1.90869201836176 1.89461555145681 1.45461060735397 1.53624692675658 1.79526851885021 1.64047302072868 1.19468726846389 1.53335127886385 0.999483039602637 1.78556895302609 1.04723566258326 1.13443569722585 1.00315386103466 1.2969833095558 0.989124017301947 1.32573483954184 1.29982657055371 1.69459203956649 1.40433928533457 1.83458526898175 1.26579139451496 1.48419766663574 1.64988449565135 1.27097971737385 0 1.66132999956608 1.81937170494348 1.13617665879428 1.34203388891183
1.32122449344024 1.74031019979157 1.81138885719702 1.39351486926898 1.66892975056544 1.8383134175092 1.19890538789332 1.43594023864716 1.85403887508437 1.43989745387807 1.32149435067549 1.84556958987378 0.942772509064525 1.45223534991965 1.72458425955847 1.90233678068034 0.963871414773166 1.64811571757309 1.5411078245379 1.04048929060809 1.32815622189082 1.81405054428615 0.950442912057042 1.1648651866708 1.78421966638416 1.66132999956608 0 1.21648576203734 1.32489539938979 1.61147365160286
1.06628988031298 1.42940991255455 1.78494425374083 1.8160817201715 1.58657244988717 1.64920630562119 1.02561979973689 1.82869796198793 1.05595838231966 1.36130455229431 1.10548724117689 1.21071264077909 1.87277667969465 1.03965051751584 0.954829465132207 1.62993242568336 1.91165498550981 1.36359837721102 1.71647726581432 1.20932293799706 1.41092505957931 1.0851440706756 1.06375720561482 1.91177220991813 1.36347504728474 1.81937170494348 1.21648576203734 0 1.27186888852157 1.49850469501689
1.563532295404 1.36934824031778 1.60104599758051 1.00412220670842 1.31981440703385 1.35001645167358 1.54563589952886 0.961682450724766 1.11558288498782 1.03749549621716 1.74468245310709 1.10908350371756 1.43055093660951 1.56194187398069 1.48146093566902 1.43095970549621 1.58166587888263 1.38438511523418 1.19983304431662 1.54852315294556 1.33516322518699 1.27074196422473 1.84754808247089 1.5491891654674 1.57284989533946 1.13617665879428 1.32489539938979 1.27186888852157 0 1.03660016343929
1.71450438769534 1.89011153695174 1.02365906396881 1.14030872005969 1.79929068614729 0.998997210757807 1.51826120796613 1.40650905668736 1.81894740299322 1.00329372379929 1.25713568064384 1.25330598722212 1.18091545812786 1.65752116171643 1.48006997862831 1.50410595489666 1.35240743658505 1.27125540026464 1.6902484819293 1.10021231579594 0.990350081818178 1.10319183720276 1.20149144995958 1.54541331971996 1.59316186816432 1.34203388891183 1.61147365160286 1.49850469501689 1.03660016343929 0
