0 1.85709374817088 1.85600900882855 1.35014064563438 1.70061651594006 1.01434168173 1.04746515466832 1.21099745994434 0.999528972897679 1.64839108427987 1.63835584488697 1.0177788885776 1.05994790140539 1.23482819227502 1.01829747646116 1.03678404982202 1.53244541026652 1.77461889223196 1.6606646978762 1.18508346681483 1.80401270324364 1.0688077728264 1.71432002494112 1.42172821541317 1.38292972301133 1.29082978470251 1.07918806700036 1.52584175462835 1.57162393257022 1.35307119204663
1.85709374817088 0 1.19051360851154 1.25351612572558 1.10225026751868 1.39185400749557 1.65824846713804 1.0299191751983 1.83816629787907 1.26984540768899 1.31123108463362 1.78528826031834 1.09687726199627 1.06691304594278 1.45346403331496 1.54450744041242 1.83615999808535 1.65757312322967 0.971625518286601 1.56177218165249 1.18413845845498 1.29249448003247 1.45739173959009 1.71955164964311 1.02424651267938 1.09517629793845 1.53524502622895 1.54048291034997 1.58103415276855 1.44463173137046
1.85600900882855 1.19051360851154 0 0.961574745131657 1.5289166464936 1.18323205597699 1.74551695422269 1.3934902374167 1.19454865413718 1.27243378339335 1.59252797137015 1.17488715914078 1.6685243116226 1.73108282359317 1.29610253707506 1.80184044037014 1.20444108755328 1.44904176099226 1.25612301519141 1.45553361647762 1.9516386333853 1.63587115891278 1.49005234637298 1.30243065441027 1.95188730303198 1.49177624518052 1.5093334778212 1.91863549803384 1.37545784329996 1.3267000101041
1.35014064563438 1.25351612572558 0.961574745131657 0 1.86645837360993 1.6283992533572 1.59711597068235 1.78057310567237 1.62781368079595 1.28365951357409 1.79932147404179 1.58481592219323 1.14148947619833 1.52618495281786 1.03010504785925 1.57347972970456 0.998689289903268 1.18537811026908 1.79022259870544 1.42642726539634 1.3131610318087 1.79364204360172 1.73867162992246 1.49875080655329 1.17281198315322 1.43745871377178 1.58852779632434 1.10403482522815 1.7223919138778 1.84587784134783
1.70061651594006 1.10225026751868 1.5289166464936 1.86645837360993 0 1.09570732316934 1.64125023130327 1.17283852258697 1.34171707415953 0.982931097969413 1.94947889912874 1.03581512602977 1.05545609304681 1.67626852961257 1.13928411272354 1.12219379656017 1.89235255611129 1.55420228932053 1.47398946899921 1.77107085683383 1.94518249784596 1.09937230381183 1.93433622014709 1.71462933206931 1.24080627341755 1.73069127229974 1.49816796067171 1.34010009327903 1.09071120107546 1.32345872977749
1.01434168173 1.39185400749557 1.18323205597699 1.6283992533572 1.09570732316934 0 1.5338784637861 1.29775947681628 1.64935135957785 1.62887065042742 1.04235870880075 1.26337403827347 1.70111625036225 1.4673526044935 1.08742371178232 1.79573518037796 1.65667600580491 0.990269765025005 1.75143181788735 1.2952173971571 1.65079708886333 1.00765018165112 1.64360703760758 1.12248611147515 1.53273618896492 1.32227855664678 0.980841047130525 1.73890268523246 1.06816488550976 1.21965878340416
1.04746515466832 1.65824846713804 1.74551695422269 1.59711597068235 1.64125023130327 1.5338784637861 0 1.2424020236358 1.17640345101245 1.36330803064629 1.06913579883985 1.65836539375596 1.70657175336964 1.01334486482665 1.60472867637873 1.72263403073885 1.38788595423102 1.50064036226831 1.91626156447455 1.28416576562449 0.987904364941642 1.73728245287202 1.56848992127925 1.26840778696351 1.06973950192332 1.05836369120516 1.58255712362006 1.03043772978708 1.75960617908277 1.01545389997773
1.21099745994434 1.0299191751983 1.3934902374167 1.78057310567237 1.17283852258697 1.29775947681628 1.2424020236358 0 1.87506552482955 1.66076148464344 1.4055123324506 1.19898026436567 1.51911064563319 1.60792356613092 1.40395737998188 1.22899145679548 1.12730571790598 1.14132229005918 0.968234915984794 1.84998959628865 1.74457418033853 1.60736807296053 1.12903213105164 1.49218944786116 1.53074521780945 1.20796536467969 1.65697395708412 1.6129417498596 1.83393422071822 1.41726749320515
0.999528972897679 1.83816629787907 1.19454865413718 1.62781368079595 1.34171707415953 1.64935135957785 1.17640345101245 1.87506552482955 0 1.53986185812391 1.92423576349393 1.87373751099221 1.63329024426639 1.55714651686139 1.1009292663075 1.33054797491059 1.14529332867824 1.4894582061097 1.1668629264459 1.39504713239148 1.3032924218569 1.41746601089835 1.84930319292471 1.42544400086626 1.55249361973256 1.34872567350976 1.33932539471425 1.63744767475873 1.12962508783676 1.54087626375258
1.64839108427987 1.26984540768899 1.27243378339335 1.28365951357409 0.982931097969413 1.62887065042742 1.36330803064629 1.66076148464344 1.53986185812391 0 1.78479314991273 1.01194198336452 1.75246838410385 1.40915700653568 1.57530479878187 1.37581385485828 1.7060728284996 1.545438881265 1.69214836927131 1.19414132810198 0.96225139987655 1.74914555018768 1.18186894012615 1.53801177162677 1.19774814159609 1.45790737634525 1.82039845082909 1.17539641610347 1.31180633837357 1.88352504908107
1.63835584488697 1.31123108463362 1.59252797137015 1.79932147404179 1.94947889912874 1.04235870880075 1.06913579883985 1.4055123324506 1.92423576349393 1.78479314991273 0 1.21396636567079 1.71299067419022 1.32534163887613 1.07593143195845 1.48513702466153 1.24917945987545 1.34704586490989 1.49376318254508 1.21004342730157 1.89647617493756 1.20082705817185 1.60852499655448 1.42041830718517 1.79765728628263 1.52335495408624 1.9280593378935 1.95111670158803 1.19395138463005 1.28763654804789
1.0177788885776 1.78528826031834 1.17488715914078 1.58481592219323 1.03581512602977 1.26337403827347 1.65836539375596 1.19898026436567 1.87373751099221 1.01194198336452 1.21396636567079 0 1.43626122572459 1.3847748725675 1.63650182518177 1.5342824771069 1.15243864874355 1.65613648970611 1.58808626467362 1.95551661029458 1.34265898540616 1.26188761019148 1.36420156201348 1.7865976060275 1.61227978440002 1.76853745197877 1.01968205696903 1.23727804631926 1.71714593865909 1.18653906183317
1.05994790140539 1.09687726199627 1.6685243116226 1.14148947619833 1.05545609304681 1.70111625036225 1.70657175336964 1.51911064563319 1.63329024426639 1.75246838410385 1.71299067419022 1.43626122572459 0 1.25399930891581 1.03959829662926 1.17295499891043 1.22543409769423 1.36947503802367 1.08746707276441 1.83555985358544 0.972181348595768 1.70489547867328 1.68099397025071 1.40793135436252 1.26274979766458 1.56728169741109 1.73741994146258 1.46887648548 1.41601293208078 1.40494537889026
1.23482819227502 1.06691304594278 1.73108282359317 1.52618495281786 1.67626852961257 1.4673526044935 1.01334486482665 1.60792356613092 1.55714651686139 1.40915700653568 1.32534163887613 1.3847748725675 1.25399930891581 0 1.3919381883461 1.55398366460577 1.20531945768744 1.52636197232641 1.6369963074103 1.13590119197033 1.15325745893642 0.983680089237168 1.87015454471111 1.23818084015511 1.29513225820847 1.88306276570074 1.71297142305411 1.37383602233604 1.64372512185946 1.52786690415815
1.01829747646116 1.45346403331496 1.29610253707506 1.03010504785925 1.13928411272354 1.08742371178232 1.60472867637873 1.40395737998188 1.1009292663075 1.57530479878187 1.07593143195845 1.63650182518177 1.03959829662926 1.3919381883461 0 1.27707112929784 1.84627732890658 1.81822597212158 1.35414813621901 1.18430704926141 1.01294116000645 1.31467591761611 1.85002444940619 1.14940637187101 1.58909819764085 1.85635096859187 1.29530969797634 1.80285057215951 1.6268085592892 1.86753116617911
1.03678404982202 1.54450744041242 1.80184044037014 1.57347972970456 1.12219379656017 1.79573518037796 1.72263403073885 1.22899145679548 1.33054797491059 1.37581385485828 1.48513702466153 1.5342824771069 1.17295499891043 1.55398366460577 1.27707112929784 0 0.97867809003219 1.77180752321146 1.54314985661767 1.22568438737653 1.24074759404175 1.1999176426325 1.06829169928096 1.61627271771431 1.04475285671651 1.51627120398916 1.26249711913988 0.988174408907071 1.95654725539498 1.36897956719622
1.53244541026652 1.83615999808535 1.20444108755328 0.998689289903268 1.89235255611129 1.65667600580491 1.38788595423102 1.12730571790598 1.14529332867824 1.7060728284996 1.24917945987545 1.15243864874355 1.22543409769423 1.20531945768744 1.84627732890658 0.97867809003219 0 1.3910421342589 1.89448055787943 1.90046333218925 1.21763390535489 1.19092403980903 1.45020467252471 1.45667315158062 1.33049679896794 1.56205652677454 1.11966796941124 1.17973917978816 1.77690311009064 1.28938400605693
1.77461889223196 1.65757312322967 1.44904176099226 1.18537811026908 1.55420228932053 0.990269765025005 1.50064036226831 1.14132229005918 1.4894582061097 1.545438881265 1.34704586490989 1.65613648970611 1.36947503802367 1.52636197232641 1.81822597212158 1.77180752321146 1.3910421342589 0 1.02688867622055 1.34128491347656 1.50886159809306 1.62880986044183 1.41575527726673 1.3702383171767 1.94881781935692 1.12795991078019 1.94249414536171 1.07325619645417 1.35696172481403 1.60423794784583
1.6606646978762 0.971625518286601 1.25612301519141 1.79022259870544 1.47398946899921 1.75143181788735 1.91626156447455 0.968234915984794 1.1668629264459 1.69214836927131 1.49376318254508 1.58808626467362 1.08746707276441 1.6369963074103 1.35414813621901 1.54314985661767 1.89448055787943 1.02688867622055 0 1.39112787367776 1.94710949831642 1.09940901841037 1.60348735074513 1.43375976569951 1.90562235936522 1.91958734765649 1.7476174456533 1.7569419820793 1.63693857332692 1.59161100513302
1.18508346681483 1.56177218165249 1.45553361647762 1.42642726539634 1.77107085683383 1.2952173971571 1.28416576562449 1.84998959628865 1.39504713239148 1.19414132810198 1.21004342730157 1.95551661029458 1.83555985358544 1.13590119197033 1.18430704926141 1.22568438737653 1.90046333218925 1.34128491347656 1.39112787367776 0 1.50967888906598 1.02665315312333 1.48254645592533 1.58035802235827 1.24583184812218 1.14323400286958 1.63187458063476 0.962608821690083 1.88405844499357 1.2450770358555
1.80401270324364 1.18413845845498 1.9516386333853 1.3131610318087 1.94518249784596 1.65079708886333 0.987904364941642 1.74457418033853 1.3032924218569 0.96225139987655 1.89647617493756 1.34265898540616 0.972181348595768 1.15325745893642 1.01294116000645 1.24074759404175 1.21763390535489 1.50886159809306 1.94710949831642 1.50967888906598 0 1.7929687271826 1.9255495602265 1.84732802025974 1.28010769793764 1.26030122651719 1.12936405767687 1.10925575369038 1.30229653348215 1.65207318752073
1.0688077728264 1.29249448003247 1.63587115891278 1.79364204360172 1.09937230381183 1.00765018165112 1.73728245287202 1.60736807296053 1.41746601089835 1.74914555018768 1.20082705817185 1.26188761019148 1.70489547867328 0.983680089237168 1.31467591761611 1.1999176426325 1.19092403980903 1.62880986044183 1.09940901841037 1.02665315312333 1.7929687271826 0 1.38267457764596 1.36612025159411 1.25513649405912 1.09252017363906 1.77189718396403 1.128218524158 1.82672795397229 1.34441988519393
1.71432002494112 1.45739173959009 1.49005234637298 1.73867162992246 1.93433622014709 1.64360703760758 1.56848992127925 1.12903213105164 1.84930319292471 1.18186894012615 1.60852499655448 1.36420156201348 1.68099397025071 1.87015454471111 1.85002444940619 1.06829169928096 1.45020467252471 1.41575527726673 1.60348735074513 1.48254645592533 1.9255495602265 1.38267457764596 0 1.38310860143974 1.61098113353364 1.28127854992636 1.44184904056601 1.41269003995694 1.15261719678529 1.75225383439101
1.42172821541317 1.71955164964311 1.30243065441027 1.49875080655329 1.71462933206931 1.12248611147515 1.26840778696351 1.49218944786116 1.42544400086626 1.53801177162677 1.42041830718517 1.7865976060275 1.40793135436252 1.23818084015511 1.14940637187101 1.61627271771431 1.45667315158062 1.3702383171767 1.43375976569951 1.58035802235827 1.84732802025974 1.36612025159411 1.38310860143974 0 1.62134567787871 1.90187579882331 0.978611810365692 1.43872641562484 1.0641527986154 1.35804831865244
1.38292972301133 1.02424651267938 1.95188730303198 1.17281198315322 1.24080627341755 1.53273618896492 1.06973950192332 1.53074521780945 1.55249361973256 1.19774814159609 1.79765728628263 1.61227978440002 1.26274979766458 1.29513225820847 1.58909819764085 1.04475285671651 1.33049679896794 1.94881781935692 1.90562235936522 1.24583184812218 1.28010769793764 1.25513649405912 1.61098113353364 1.62134567787871 0 1.56980289937928 1.74939405242912 1.64552445360459 1.72407381911762 1.72660979116336
1.29082978470251 1.09517629793845 1.49177624518052 1.43745871377178 1.73069127229974 1.32227855664678 1.05836369120516 1.20796536467969 1.34872567350976 1.45790737634525 1.52335495408624 1.76853745197877 1.56728169741109 1.88306276570074 1.85635096859187 1.51627120398916 1.56205652677454 1.12795991078019 1.91958734765649 1.14323400286958 1.26030122651719 1.09252017363906 1.28127854992636 1.90187579882331 1.56980289937928 0 1.02982554840855 1.2452761917375 1.01263140887022 1.08013493311591
1.07918806700036 1.53524502622895 1.5093334778212 1.58852779632434 1.49816796067171 0.980841047130525 1.58255712362006 1.65697395708412 1.33932539471425 1.82039845082909 1.9280593378935 1.01968205696903 1.73741994146258 1.71297142305411 1.29530969797634 1.26249711913988 1.11966796941124 1.94249414536171 1.7476174456533 1.63187458063476 1.12936405767687 1.77189718396403 1.44184904056601 0.978611810365692 1.74939405242912 1.02982554840855 0 1.93299201037735 1.19765732437372 1.8104688108433
1.52584175462835 1.54048291034997 1.91863549803384 1.10403482522815 1.34010009327903 1.73890268523246 1.03043772978708 1.6129417498596 1.63744767475873 1.17539641610347 1.95111670158803 1.23727804631926 1.46887648548 1.37383602233604 1.80285057215951 0.988174408907071 1.17973917978816 1.07325619645417 1.7569419820793 0.962608821690083 1.10925575369038 1.128218524158 1.41269003995694 1.43872641562484 1.64552445360459 1.2452761917375 1.93299201037735 0 1.15325931599364 1.42528988444246
1.57162393257022 1.58103415276855 1.37545784329996 1.7223919138778 1.09071120107546 1.06816488550976 1.75960617908277 1.83393422071822 1.12962508783676 1.31180633837357 1.19395138463005 1.71714593865909 1.41601293208078 1.64372512185946 1.6268085592892 1.95654725539498 1.77690311009064 1.35696172481403 1.63693857332692 1.88405844499357 1.30229653348215 1.82672795397229 1.15261719678529 1.0641527986154 1.72407381911762 1.01263140887022 1.19765732437372 1.15325931599364 0 1.86181130330078
1.35307119204663 1.44463173137046 1.3267000101041 1.84587784134783 1.32345872977749 1.21965878340416 1.01545389997773 1.41726749320515 1.54087626375258 1.88352504908107 1.28763654804789 1.18653906183317 1.40494537889026 1.52786690415815 1.86753116617911 1.36897956719622 1.28938400605693 1.60423794784583 1.59161100513302 1.2450770358555 1.65207318752073 1.34441988519393 1.75225383439101 1.35804831865244 1.72660979116336 1.08013493311591 1.8104688108433 1.42528988444246 1.86181130330078 0
