0 1.55429499433376 1.02849189098924 1.22262815735303 1.59963175049052 0.986643878510222 1.47770675434731 1.19693104038015 1.65783236641437 1.57921429816633 1.5195963147562 1.53573181154206 1.80225862096995 1.92364746774547 1.86803465313278 1.50344464695081 1.67344345175661 1.70701340516098 1.56838662340306 1.94817269011401 1.94029543339275 1.09920822642744 1.24052877537906 1.47360206604935 1.05176858534105 1.25253459764645 1.76037746854126 1.23635645420291 1.36219192203134 1.34811635455117
1.55429499433376 0 1.69833520590328 1.33605367876589 1.67942777462304 1.83779669529758 1.48658852628432 1.16276695695706 0.99510699394159 1.26363145280629 1.57397402194329 1.45412304415368 1.45903594046831 1.9439488875214 1.5243365119677 1.28647065069526 1.90378487017006 1.7940628004726 1.74296722863801 1.74916769610718 1.81106345821172 1.10035045584664 1.1802635951899 1.60322643280961 1.74706209893338 1.40561081771739 1.27593905339018 1.85869719902985 1.68656992889009 1.15149873052724
1.02849189098924 1.69833520590328 0 1.38519653212279 1.07810215372592 1.79647002439015 1.5888260002248 1.89758580224589 1.2158715929836 1.54128270340152 1.16286484245211 1.74035477102734 0.9888453069143 1.74068552139215 1.25910835852847 1.40469418931752 1.00388071010821 1.11564749618992 0.98092604172416 1.5401328522712 1.47164222341962 1.89733031764627 1.73646794050001 1.57630305038765 1.13343663187698 1.59793683793396 1.64627788891084 1.47870022524148 1.33240188518539 1.91304367291741
1.22262815735303 1.33605367876589 1.38519653212279 0 1.15925167594105 1.19833662873134 1.70204230048694 1.50588092324324 1.41482151276432 1.05486920033582 1.21184624475427 1.71356093720533 1.08648657333106 1.82669828552753 1.86625777534209 0.958659036783502 1.1649938125629 1.23272950691171 1.43657576106489 1.5065631212201 1.83756549167447 1.28634856431745 1.5612384993583 1.93746779742651 1.5079947214108 1.50289973779581 1.45623273565434 1.17654780345038 1.86177095933817 1.93808197672479
1.59963175049052 1.67942777462304 1.07810215372592 1.15925167594105 0 1.25284859514795 1.3702640067786 1.2784530906938 1.92415779340081 1.43583758617751 1.95603539072908 1.13773917057551 1.85610425379127 1.60461411694996 1.11291234591044 1.31266211299226 1.40852916799486 1.65937594743446 1.62427014042623 1.46362320519984 1.00339358276688 1.09761261474341 1.77409073337913 1.68193320161663 1.6011099666357 1.4421796714887 1.22746641607955 1.01001771516167 1.42006249446422 1.29958477290347
0.986643878510222 1.83779669529758 1.79647002439015 1.19833662873134 1.25284859514795 0 1.23547196527943 1.27622415218502 1.08507788251154 1.7341558621265 1.27528008585796 1.18410058831796 1.11346184182912 1.09332136623561 1.81411069305614 1.54948076652363 0.979420746909454 1.02378769684583 1.52258776826784 1.90074345795438 0.965564045589417 1.46684595895931 1.07300498289987 1.52448240783997 0.977584948763251 1.71058725565672 1.00668853800744 1.66965629672632 1.75048064347357 1.63859140407294
1.47770675434731 1.48658852628432 1.5888260002248 1.70204230048694 1.3702640067786 1.23547196527943 0 1.02711680484936 1.92872972250916 1.66645312285982 1.18951076548547 1.83070998080075 1.01371188671328 1.3564840964973 1.83438789565116 1.94352994603105 1.89145953534171 1.02480793464929 1.33568399795331 1.47308076056652 1.58940446283668 1.44091225229204 1.79101012111641 1.52262266958132 1.44023272604682 1.51445042621344 1.10355589725077 1.0436458424665 1.82698928797618 1.88959787017666
1.19693104038015 1.16276695695706 1.89758580224589 1.50588092324324 1.2784530906938 1.27622415218502 1.02711680484936 0 1.10043425997719 1.24122902401723 1.53985206293873 1.60637574410066 1.51982437563129 1.55928927543573 1.00724799721502 1.01965756015852 1.72580330492929 1.49723263736814 1.44678254192695 0.959227590123191 1.01292777340859 1.61831012694165 1.74751927237958 1.07564678741619 0.960844525368884 1.15024503949098 1.05208495096304 1.56412180908956 1.41996972286142 1.34525793185458
1.65783236641437 0.99510699394159 1.2158715929836 1.41482151276432 1.92415779340081 1.08507788251154 1.92872972250916 1.10043425997719 0 1.81269858824089 1.49503061827272 1.33678359352052 1.56943975808099 1.08987635048106 1.49466975405812 1.33313156221993 1.04504611063749 1.06007570819929 1.86957343341783 1.86566260829568 1.65565829724073 1.23981484840624 1.18854870414361 1.45461826398969 1.1223560993094 1.02867676434107 1.38317171158269 1.31162151833996 1.35549105075188 1.81588660716079
1.57921429816633 1.26363145280629 1.54128270340152 1.05486920033582 1.43583758617751 1.7341558621265 1.66645312285982 1.24122902401723 1.81269858824089 0 1.36823152448051 1.0937210584525 1.29113689251244 1.88695736159571 1.45446695201099 1.12890244880691 1.13300976157188 0.990257836179808 1.23244176665321 1.8035919861868 1.81602639309131 1.2802377899643 1.52712665684521 1.76511965645477 1.84908509766683 1.55740520590916 1.82639966858551 1.30681457882747 1.05266082519665 1.26990969083272
1.5195963147562 1.57397402194329 1.16286484245211 1.21184624475427 1.95603539072908 1.27528008585796 1.18951076548547 1.53985206293873 1.49503061827272 1.36823152448051 0 1.01720965723507 1.3366575113032 0.995465563610196 0.96121125924401 1.28667404316366 1.7186599841807 1.6940896504093 1.04473714297637 1.83377618505619 1.80816082656384 1.49326165043749 1.18617069534957 1.82042383798398 1.27144743734971 1.32579624466598 1.92222568159923 1.72858326276764 1.38583948672749 1.08580506942235
1.53573181154206 1.45412304415368 1.74035477102734 1.71356093720533 1.13773917057551 1.18410058831796 1.83070998080075 1.60637574410066 1.33678359352052 1.0937210584525 1.01720965723507 0 1.07527034985833 1.64116477104835 1.95321092498489 1.47509723971598 1.82129596057348 1.74988383892924 1.38407677877694 1.23712212778628 1.56338253454305 1.51496131299064 1.05346518452279 1.31306433817372 1.30796835245565 1.46120556583628 1.57776285707951 1.76297332555987 1.49154161754996 1.92826052266173
1.80225862096995 1.45903594046831 0.9888453069143 1.08648657333106 1.85610425379127 1.11346184182912 1.01371188671328 1.51982437563129 1.56943975808099 1.29113689251244 1.3366575113032 1.07527034985833 0 1.71925241569988 1.9190952333156 1.55398093769327 1.02226305240765 1.77054987451993 1.8424054402858 1.02946019917727 1.80208955146372 1.11016859766096 1.69218059000559 1.48972664959729 1.16312812664546 1.61039891536348 0.972374805016443 1.82470832904801 1.31043364619836 1.15362038975582
1.92364746774547 1.9439488875214 1.74068552139215 1.82669828552753 1.60461411694996 1.09332136623561 1.3564840964973 1.55928927543573 1.08987635048106 1.88695736159571 0.995465563610196 1.64116477104835 1.71925241569988 0 1.11720924219117 1.40278630121611 1.85622974927537 1.30373104172759 1.52425102819689 1.78741139592603 1.22428946825676 1.76473944657482 1.91785673052073 1.26119994977489 1.38513164338656 1.94150839652866 1.84289583703503 1.09836010495201 1.11633669608273 1.83023452851921
1.86803465313278 1.5243365119677 1.25910835852847 1.86625777534209 1.11291234591044 1.81411069305614 1.83438789565116 1.00724799721502 1.49466975405812 1.45446695201099 0.96121125924401 1.95321092498489 1.9190952333156 1.11720924219117 0 1.90044911648147 1.73580680834129 1.75188463483937 1.27815736480989 1.50908659677953 1.44674061890692 1.35508409375325 1.5785112825688 1.13063628226519 1.09749892842956 1.36418779939413 1.39525912515819 1.04646172444336 1.02994972537272 1.18301881151274
1.50344464695081 1.28647065069526 1.40469418931752 0.958659036783502 1.31266211299226 1.54948076652363 1.94352994603105 1.01965756015852 1.33313156221993 1.12890244880691 1.28667404316366 1.47509723971598 1.55398093769327 1.40278630121611 1.90044911648147 0 1.33463799511082 1.43572420533746 1.81498525175266 1.80850156233646 1.31492413580418 1.45863815583289 1.93054691958241 1.87820395641029 1.80714515433647 1.70066420687363 1.45744633534923 1.02865332434885 1.13427672628313 1.03624917170964
1.67344345175661 1.90378487017006 1.00388071010821 1.1649938125629 1.40852916799486 0.979420746909454 1.89145953534171 1.72580330492929 1.04504611063749 1.13300976157188 1.7186599841807 1.82129596057348 1.02226305240765 1.85622974927537 1.73580680834129 1.33463799511082 0 0.998677044641227 1.90884464629926 1.05767690623179 1.4730308779981 1.85725463298149 1.42843001405708 1.01185898645781 1.1755101387389 1.24046314577572 1.00835953094065 1.76521547860466 1.73887360515073 1.77737092459574
1.70701340516098 1.7940628004726 1.11564749618992 1.23272950691171 1.65937594743446 1.02378769684583 1.02480793464929 1.49723263736814 1.06007570819929 0.990257836179808 1.6940896504093 1.74988383892924 1.77054987451993 1.30373104172759 1.75188463483937 1.43572420533746 0.998677044641227 0 1.89287828863598 1.55207164329477 1.73998328973539 1.74391095875762 1.63420346309431 0.978684576461092 1.50778959132731 1.566277513979 1.54760317923501 1.84328375919722 1.57965023373254 1.92149078217335
1.56838662340306 1.74296722863801 0.98092604172416 1.43657576106489 1.62427014042623 1.52258776826784 1.33568399795331 1.44678254192695 1.86957343341783 1.23244176665321 1.04473714297637 1.38407677877694 1.8424054402858 1.52425102819689 1.27815736480989 1.81498525175266 1.90884464629926 1.89287828863598 0 1.13730066199787 1.57585419085808 1.05892447498627 1.53993273037486 1.94223137083463 1.946491566021 1.89754321379587 1.24194072606042 0.991754776565358 1.8647088452708 1.33899843366817
1.94817269011401 1.74916769610718 1.5401328522712 1.5065631212201 1.46362320519984 1.90074345795438 1.47308076056652 0.959227590123191 1.86566260829568 1.8035919861868 1.83377618505619 1.23712212778628 1.02946019917727 1.78741139592603 1.50908659677953 1.80850156233646 1.05767690623179 1.55207164329477 1.13730066199787 0 1.42483358248137 1.72788023529574 1.01276436448097 1.90166819375008 1.79306906554848 1.01836421946064 1.80725465994328 1.3621816278901 1.49817417492159 1.1825539378915
1.94029543339275 1.81106345821172 1.47164222341962 1.83756549167447 1.00339358276688 0.965564045589417 1.58940446283668 1.01292777340859 1.65565829724073 1.81602639309131 1.80816082656384 1.56338253454305 1.80208955146372 1.22428946825676 1.44674061890692 1.31492413580418 1.4730308779981 1.73998328973539 1.57585419085808 1.42483358248137 0 1.88634818675928 1.71494120359421 1.9377835651394 1.94314899435267 1.3937816102989 1.3114765137434 1.26791203254834 1.28125233226456 1.34429491939954
1.09920822642744 1.10035045584664 1.89733031764627 1.28634856431745 1.09761261474341 1.46684595895931 1.44091225229204 1.61831012694165 1.23981484840624 1.2802377899643 1.49326165043749 1.51496131299064 1.11016859766096 1.76473944657482 1.35508409375325 1.45863815583289 1.85725463298149 1.74391095875762 1.05892447498627 1.72788023529574 1.88634818675928 0 1.88428273051977 1.7748654356692 1.59352004597895 1.60495435865596 1.04493876639754 1.85572979273275 1.42256888817064 1.28871096321382
1.24052877537906 1.1802635951899 1.73646794050001 1.5612384993583 1.77409073337913 1.07300498289987 1.79101012111641 1.74751927237958 1.18854870414361 1.52712665684521 1.18617069534957 1.05346518452279 1.69218059000559 1.91785673052073 1.5785112825688 1.93054691958241 1.42843001405708 1.63420346309431 1.53993273037486 1.01276436448097 1.71494120359421 1.88428273051977 0 1.82532813982107 1.34082306176424 1.40040111541748 1.69580851844512 1.44541339972056 1.88157797418535 1.62837173556909
1.47360206604935 1.60322643280961 1.57630305038765 1.93746779742651 1.68193320161663 1.52448240783997 1.52262266958132 1.07564678741619 1.45461826398969 1.76511965645477 1.82042383798398 1.31306433817372 1.48972664959729 1.26119994977489 1.13063628226519 1.87820395641029 1.01185898645781 0.978684576461092 1.94223137083463 1.90166819375008 1.9377835651394 1.7748654356692 1.82532813982107 0 1.4550508633256 1.77012992464006 1.18605340039358 1.59797103866003 1.2218758687377 1.21427039103583
1.05176858534105 1.74706209893338 1.13343663187698 1.5079947214108 1.6011099666357 0.977584948763251 1.44023272604682 0.960844525368884 1.1223560993094 1.84908509766683 1.27144743734971 1.30796835245565 1.16312812664546 1.38513164338656 1.09749892842956 1.80714515433647 1.1755101387389 1.50778959132731 1.946491566021 1.79306906554848 1.94314899435267 1.59352004597895 1.34082306176424 1.4550508633256 0 1.02646339009516 1.29657111503184 1.78963032900356 1.4052914455533 1.1275664686691
1.25253459764645 1.40561081771739 1.59793683793396 1.50289973779581 1.4421796714887 1.71058725565672 1.51445042621344 1.15024503949098 1.02867676434107 1.55740520590916 1.32579624466598 1.46120556583628 1.61039891536348 1.94150839652866 1.36418779939413 1.70066420687363 1.24046314577572 1.566277513979 1.89754321379587 1.01836421946064 1.3937816102989 1.60495435865596 1.40040111541748 1.77012992464006 1.02646339009516 0 1.114843074698 1.06937830615789 1.88084473740309 1.53665505256504
1.76037746854126 1.27593905339018 1.64627788891084 1.45623273565434 1.22746641607955 1.00668853800744 1.10355589725077 1.05208495096304 1.38317171158269 1.82639966858551 1.92222568159923 1.57776285707951 0.972374805016443 1.84289583703503 1.39525912515819 1.45744633534923 1.00835953094065 1.54760317923501 1.24194072606042 1.80725465994328 1.3114765137434 1.04493876639754 1.69580851844512 1.18605340039358 1.29657111503184 1.114843074698 0 1.11072560725734 1.00704675656743 1.32222910644487
1.23635645420291 1.85869719902985 1.47870022524148 1.17654780345038 1.01001771516167 1.66965629672632 1.0436458424665 1.56412180908956 1.31162151833996 1.30681457882747 1.72858326276764 1.76297332555987 1.82470832904801 1.09836010495201 1.04646172444336 1.02865332434885 1.76521547860466 1.84328375919722 0.991754776565358 1.3621816278901 1.26791203254834 1.85572979273275 1.44541339972056 1.59797103866003 1.78963032900356 1.06937830615789 1.11072560725734 0 1.49396402970888 1.59560613613576
1.36219192203134 1.68656992889009 1.33240188518539 1.86177095933817 1.42006249446422 1.75048064347357 1.82698928797618 1.41996972286142 1.35549105075188 1.05266082519665 1.38583948672749 1.49154161754996 1.31043364619836 1.11633669608273 1.02994972537272 1.13427672628313 1.73887360515073 1.57965023373254 1.8647088452708 1.49817417492159 1.28125233226456 1.42256888817064 1.88157797418535 1.2218758687377 1.4052914455533 1.88084473740309 1.00704675656743 1.49396402970888 0 1.85382331674919
1.34811635455117 1.15149873052724 1.91304367291741 1.93808197672479 1.29958477290347 1.63859140407294 1.88959787017666 1.34525793185458 1.81588660716079 1.26990969083272 1.08580506942235 1.92826052266173 1.15362038975582 1.83023452851921 1.18301881151274 1.03624917170964 1.77737092459574 1.92149078217335 1.33899843366817 1.1825539378915 1.34429491939954 1.28871096321382 1.62837173556909 1.21427039103583 1.1275664686691 1.53665505256504 1.32222910644487 1.59560613613576 1.85382331674919 0
