0 0.908154751174152 0.929910092847422 1.0220828584861 1.73575779283419 1.54468429647386 1.02524554915726 1.26152630802244 1.63127507711761 1.34146079653874 1.42915546055883 0.927535478724167 1.02839650120586 1.85622882051393 1.51174469268881 1.48909329832532 1.84899337380193 1.82916492060758 1.52897519804537 1.47561195446178 1.15498897107318 1.655077412026 1.60733802244067 0.969160747248679 1.58176602027379 1.04734206944704 1.64459330472164 1.31531245238148 1.25034178677015 1.42883827607147
0.908154751174152 0 1.45383849437349 1.64533001487143 1.35167888877913 0.908111150376499 1.61710128514096 1.82212239457294 1.64910522289574 0.946901986375451 1.40651315171272 1.42124989931472 1.4113005627878 1.10106890904717 1.47935289982706 1.40435788361356 1.00462851533666 1.73472235631198 1.35948591167107 1.00172100728378 1.60127051756717 1.54880264401436 1.12899958412163 1.81193327135406 1.59530480345711 1.08503330661915 1.8419970148243 1.26178205083124 1.00514286523685 1.85260473447852
0.929910092847422 1.45383849437349 0 0.971090047387406 1.01112853665836 1.49403037084267 1.38661440135911 1.87502127327025 1.08084713853896 1.25153733417392 1.89330986677669 1.45300500630401 1.4262497399468 1.85037335031666 1.63748357538134 1.48578791413456 1.4870640905574 1.24149387795478 1.07992012402974 1.28167823865078 1.27745834831148 1.65951095940545 1.22414566739462 1.51938446657732 1.42092811595649 1.2870826353319 0.986412483733147 1.47148763295263 1.16488126968034 1.28207983053289
1.0220828584861 1.64533001487143 0.971090047387406 0 1.75469487789087 0.954132916871458 0.954458145424724 1.01964849769138 1.47947499668226 1.23993460880592 1.40776327229105 1.65931841544807 0.896706884494051 1.07133124838583 1.63674722751603 1.73218133114278 1.61278734868392 1.51087712659501 1.11343661113642 1.43288806080818 1.70171713409945 1.0936982515268 1.58120869332924 1.52713612560183 1.61163190216757 1.31972106127068 1.43869377952069 1.49977229116485 1.63268947065808 0.90251380042173
1.73575779283419 1.35167888877913 1.01112853665836 1.75469487789087 0 1.07282540062442 0.970012681093067 1.58175451634452 0.946817675372586 1.37547482084483 1.89303898741491 1.46642690571025 1.26853505638428 0.955388618633151 1.33417019690387 1.81373060215265 1.55596599378623 1.07209495734423 0.89798523648642 1.44527506013401 1.31796517991461 1.66914957482368 1.51690732990392 0.936694709584117 1.80396481812932 1.4554682939779 1.68472676328383 1.197329004528 1.43685212614946 1.86862396076322
1.54468429647386 0.908111150376499 1.49403037084267 0.954132916871458 1.07282540062442 0 1.05375489103608 1.5186989151407 1.40714331786148 1.03237989824265 1.17580787139013 1.01559569197707 1.55261996784247 1.38229473098181 1.16282411036082 1.12645021919161 1.4887281912379 1.21901767654344 1.67613804107532 1.38575855689123 1.86310385726392 1.46535556414165 1.59986124746501 1.50000325380825 1.50808654050343 1.29888261132874 0.93555417470634 1.05342023866251 1.58425824367441 1.12827394623309
1.02524554915726 1.61710128514096 1.38661440135911 0.954458145424724 0.970012681093067 1.05375489103608 0 1.4942888324149 1.72144509595819 1.74116389430128 0.923026306321844 1.18219608068466 1.60671181976795 1.05734405526891 1.6689981687814 1.7581318244338 1.47974370256998 1.82681278605014 1.6985917291604 1.48911776812747 1.15063319168985 0.904361916473135 1.11189857078716 1.01770913507789 1.18351133121178 1.5717041909229 1.48462537908927 1.40495630516671 1.36729643912986 1.76490885159001
1.26152630802244 1.82212239457294 1.87502127327025 1.01964849769138 1.58175451634452 1.5186989151407 1.4942888324149 0 1.22800372750498 1.02076968713664 1.70357671217062 1.58346230280586 1.35390185471624 1.64883369975723 1.36628066375852 1.88898023031652 1.3596083370503 0.944028777070343 1.05332377110608 1.66390752815641 1.33782971464097 1.81887938547879 1.31764283915982 1.8365446345415 1.29007440968417 1.33189551485702 1.00217776256613 1.37925442843698 1.83307267865166 1.22858977480792
1.63127507711761 1.64910522289574 1.08084713853896 1.47947499668226 0.946817675372586 1.40714331786148 1.72144509595819 1.22800372750498 0 1.78337489115074 1.73219970264472 1.60859798267484 1.64825960970484 1.84488962544128 1.30008498881944 1.71574739622883 1.06456546904519 1.45682354737073 1.08542322809808 1.03021972835995 1.01403114851564 1.77038757596165 0.97169604129158 1.27306617400609 1.36003368347883 1.62150167720392 0.955240039620548 1.77394044282846 1.2554466612637 1.73305910709314
1.34146079653874 0.946901986375451 1.25153733417392 1.23993460880592 1.37547482084483 1.03237989824265 1.74116389430128 1.02076968713664 1.78337489115074 0 1.87640817184001 1.02545966650359 1.13884427747689 1.56069450709037 0.900356731843203 1.8717200406827 1.37029884243384 0.965774339390919 1.06380813079886 1.26470029656775 1.88514451193623 0.920765963150188 1.88916814047843 1.19076680019498 1.01858606864698 1.52729617618024 1.83478615595959 1.53706793184392 1.09075185004622 1.79862877703272
1.42915546055883 1.40651315171272 1.89330986677669 1.40776327229105 1.89303898741491 1.17580787139013 0.923026306321844 1.70357671217062 1.73219970264472 1.87640817184001 0 1.72127411700785 1.5329682638403 1.21483209729195 1.20133506366983 1.46572368405759 1.81889293948188 0.919045932823792 1.53057296830229 0.920107347890735 1.10884532844648 1.64943685638718 1.41473821899854 0.957661523949355 1.85065749404021 1.80074578523636 1.36311093252152 1.03229891066439 1.35454865125939 1.72936645941809
0.927535478724167 1.42124989931472 1.45300500630401 1.65931841544807 1.46642690571025 1.01559569197707 1.18219608068466 1.58346230280586 1.60859798267484 1.02545966650359 1.72127411700785 0 1.15997879696079 1.02076782379299 1.02310076146387 1.35521208727732 1.16001353762113 1.3561041993089 1.83883289550431 1.26138317561708 1.22292696079239 1.58933665254153 1.06431543151848 1.82100543356501 1.40607360843569 1.58378005982377 1.73138588969596 1.36824429989792 1.14443275518715 1.31252428307198
1.02839650120586 1.4113005627878 1.4262497399468 0.896706884494051 1.26853505638428 1.55261996784247 1.60671181976795 1.35390185471624 1.64825960970484 1.13884427747689 1.5329682638403 1.15997879696079 0 1.85926165780984 1.01875197095796 1.04474995215423 1.14529510494322 0.96110305073671 1.25728286756203 1.55751656461507 0.932869752170518 1.64963348396122 1.79734317352995 0.910254548769444 1.10659024398774 1.29725257493556 1.47652215184644 1.00478632422164 1.288259398425 1.7516353672836
1.85622882051393 1.10106890904717 1.85037335031666 1.07133124838583 0.955388618633151 1.38229473098181 1.05734405526891 1.64883369975723 1.84488962544128 1.56069450709037 1.21483209729195 1.02076782379299 1.85926165780984 0 1.80067601334304 1.58572891890071 1.62008678307757 1.77186117717065 1.76075439527631 1.75747811165638 1.88119620340876 1.86136121558957 1.73481174372137 1.46530319657177 1.5763698394876 1.45537379337475 1.84065472544171 1.28311610780656 1.67397371004336 1.06750683649443
1.51174469268881 1.47935289982706 1.63748357538134 1.63674722751603 1.33417019690387 1.16282411036082 1.6689981687814 1.36628066375852 1.30008498881944 0.900356731843203 1.20133506366983 1.02310076146387 1.01875197095796 1.80067601334304 0 1.73255748907104 1.83542185463011 1.56190166599117 1.71314812614582 1.22157794283703 1.46768993721344 1.50983754778281 1.42236340674572 1.15709610120393 1.45264054602012 1.85240813856944 1.54172970540822 1.35352867655456 1.06907526636496 1.62517372239381
1.48909329832532 1.40435788361356 1.48578791413456 1.73218133114278 1.81373060215265 1.12645021919161 1.7581318244338 1.88898023031652 1.71574739622883 1.8717200406827 1.46572368405759 1.35521208727732 1.04474995215423 1.58572891890071 1.73255748907104 0 1.49001425132155 1.2763210835401 1.39675905392505 1.08664994128048 1.14189152512699 1.02020688680932 1.4558878375683 1.34815716650337 1.27508310717531 0.983197587076575 1.21068074414507 1.48096771468408 1.20859702210873 1.50381793105043
1.84899337380193 1.00462851533666 1.4870640905574 1.61278734868392 1.55596599378623 1.4887281912379 1.47974370256998 1.3596083370503 1.06456546904519 1.37029884243384 1.81889293948188 1.16001353762113 1.14529510494322 1.62008678307757 1.83542185463011 1.49001425132155 0 1.11800622637384 1.40392873855308 1.3889068600256 1.21726711187512 1.86534844245762 1.75783119443804 1.42557748663239 1.62909823167138 1.77144839544781 1.74220875115134 1.65864098723978 1.80849025305361 1.83470301399939
1.82916492060758 1.73472235631198 1.24149387795478 1.51087712659501 1.07209495734423 1.21901767654344 1.82681278605014 0.944028777070343 1.45682354737073 0.965774339390919 0.919045932823792 1.3561041993089 0.96110305073671 1.77186117717065 1.56190166599117 1.2763210835401 1.11800622637384 0 1.13596518244594 1.19268710236065 1.33856413094327 1.55629131780006 1.56463142181747 1.06173698836938 1.12480608792976 1.48878549737856 1.83168235677294 1.40040391893126 1.40230965218507 1.52358595351689
1.52897519804537 1.35948591167107 1.07992012402974 1.11343661113642 0.89798523648642 1.67613804107532 1.6985917291604 1.05332377110608 1.08542322809808 1.06380813079886 1.53057296830229 1.83883289550431 1.25728286756203 1.76075439527631 1.71314812614582 1.39675905392505 1.40392873855308 1.13596518244594 0 1.25458359508775 1.61201409995556 1.25663699884899 1.1209681937471 1.48160530533642 1.35365450149402 1.19374928576872 1.50529733696021 1.12262431695126 1.13336640433408 1.59740859596059
1.47561195446178 1.00172100728378 1.28167823865078 1.43288806080818 1.44527506013401 1.38575855689123 1.48911776812747 1.66390752815641 1.03021972835995 1.26470029656775 0.920107347890735 1.26138317561708 1.55751656461507 1.75747811165638 1.22157794283703 1.08664994128048 1.3889068600256 1.19268710236065 1.25458359508775 0 1.7529808296822 1.76689371326938 1.8266800113488 1.55171528621577 1.52027617907152 1.0724648470059 0.996531296521425 1.25852141529322 1.15962322056293 1.71386485919356
1.15498897107318 1.60127051756717 1.27745834831148 1.70171713409945 1.31796517991461 1.86310385726392 1.15063319168985 1.33782971464097 1.01403114851564 1.88514451193623 1.10884532844648 1.22292696079239 0.932869752170518 1.88119620340876 1.46768993721344 1.14189152512699 1.21726711187512 1.33856413094327 1.61201409995556 1.7529808296822 0 1.11277167219669 1.41551582794636 0.95530420797877 1.52654242794961 1.78961978759617 1.00709099438973 1.73970611905679 1.86453922861256 1.19488351605833
1.655077412026 1.54880264401436 1.65951095940545 1.0936982515268 1.66914957482368 1.46535556414165 0.904361916473135 1.81887938547879 1.77038757596165 0.920765963150188 1.64943685638718 1.58933665254153 1.64963348396122 1.86136121558957 1.50983754778281 1.02020688680932 1.86534844245762 1.55629131780006 1.25663699884899 1.76689371326938 1.11277167219669 0 1.39611976104788 1.59840392088518 1.32390796812251 1.36008643731475 1.40025054756552 1.13775881170295 1.46623433870263 1.15692395390943
1.60733802244067 1.12899958412163 1.22414566739462 1.58120869332924 1.51690732990392 1.59986124746501 1.11189857078716 1.31764283915982 0.97169604129158 1.88916814047843 1.41473821899854 1.06431543151848 1.79734317352995 1.73481174372137 1.42236340674572 1.4558878375683 1.75783119443804 1.56463142181747 1.1209681937471 1.8266800113488 1.41551582794636 1.39611976104788 0 1.04944103397429 1.13906459533609 1.69081742875278 1.02205527736805 1.77072730311193 1.16039597452618 0.934468320338055
0.969160747248679 1.81193327135406 1.51938446657732 1.52713612560183 0.936694709584117 1.50000325380825 1.01770913507789 1.8365446345415 1.27306617400609 1.19076680019498 0.957661523949355 1.82100543356501 0.910254548769444 1.46530319657177 1.15709610120393 1.34815716650337 1.42557748663239 1.06173698836938 1.48160530533642 1.55171528621577 0.95530420797877 1.59840392088518 1.04944103397429 0 1.79840616811998 1.14368373877369 1.25111572653987 1.36064708302729 0.964239078806713 1.43386413832195
1.58176602027379 1.59530480345711 1.42092811595649 1.61163190216757 1.80396481812932 1.50808654050343 1.18351133121178 1.29007440968417 1.36003368347883 1.01858606864698 1.85065749404021 1.40607360843569 1.10659024398774 1.5763698394876 1.45264054602012 1.27508310717531 1.62909823167138 1.12480608792976 1.35365450149402 1.52027617907152 1.52654242794961 1.32390796812251 1.13906459533609 1.79840616811998 0 1.08030666271225 1.18941445718519 1.86691136402078 0.903221282642335 1.5915237760637
1.04734206944704 1.08503330661915 1.2870826353319 1.31972106127068 1.4554682939779 1.29888261132874 1.5717041909229 1.33189551485702 1.62150167720392 1.52729617618024 1.80074578523636 1.58378005982377 1.29725257493556 1.45537379337475 1.85240813856944 0.983197587076575 1.77144839544781 1.48878549737856 1.19374928576872 1.0724648470059 1.78961978759617 1.36008643731475 1.69081742875278 1.14368373877369 1.08030666271225 0 1.68506690184586 1.55149494041689 1.7676655179821 1.08965473598801
1.64459330472164 1.8419970148243 0.986412483733147 1.43869377952069 1.68472676328383 0.93555417470634 1.48462537908927 1.00217776256613 0.955240039620548 1.83478615595959 1.36311093252152 1.73138588969596 1.47652215184644 1.84065472544171 1.54172970540822 1.21068074414507 1.74220875115134 1.83168235677294 1.50529733696021 0.996531296521425 1.00709099438973 1.40025054756552 1.02205527736805 1.25111572653987 1.18941445718519 1.68506690184586 0 1.58446306642145 1.24219405627809 1.56499188486487
1.31531245238148 1.26178205083124 1.47148763295263 1.49977229116485 1.197329004528 1.05342023866251 1.40495630516671 1.37925442843698 1.77394044282846 1.53706793184392 1.03229891066439 1.36824429989792 1.00478632422164 1.28311610780656 1.35352867655456 1.48096771468408 1.65864098723978 1.40040391893126 1.12262431695126 1.25852141529322 1.73970611905679 1.13775881170295 1.77072730311193 1.36064708302729 1.86691136402078 1.55149494041689 1.58446306642145 0 1.5990446312353 1.53190796379931
1.25034178677015 1.00514286523685 1.16488126968034 1.63268947065808 1.43685212614946 1.58425824367441 1.36729643912986 1.83307267865166 1.2554466612637 1.09075185004622 1.35454865125939 1.14443275518715 1.288259398425 1.67397371004336 1.06907526636496 1.20859702210873 1.80849025305361 1.40230965218507 1.13336640433408 1.15962322056293 1.86453922861256 1.46623433870263 1.16039597452618 0.964239078806713 0.903221282642335 1.7676655179821 1.24219405627809 1.5990446312353 0 1.2952295311261
1.42883827607147 1.85260473447852 1.28207983053289 0.90251380042173 1.86862396076322 1.12827394623309 1.76490885159001 1.22858977480792 1.73305910709314 1.79862877703272 1.72936645941809 1.31252428307198 1.7516353672836 1.06750683649443 1.62517372239381 1.50381793105043 1.83470301399939 1.52358595351689 1.59740859596059 1.71386485919356 1.19488351605833 1.15692395390943 0.934468320338055 1.43386413832195 1.5915237760637 1.08965473598801 1.56499188486487 1.53190796379931 1.2952295311261 0
