0 1.03719953703694 1.30368243413977 1.66444807383232 1.6865836083889 1.69921454042196 1.70505651459098 0.966923677828163 1.68973954790272 1.33295733598061 1.20747553859837 1.0391879696399 1.60713150002994 1.41380990971811 1.16061212890781 1.26836380944587 1.48102437891066 1.78417914384045 1.10592833976261 1.15359881939366 1.38888652413152 1.85449317377061 1.41012888308614 1.04089242476039 1.58994200220332 0.952446912415326 1.39245315967128 1.18828800227493 1.02457277895883 1.44386229361407
1.03719953703694 0 1.07123392727226 1.52857882948592 1.378570120316 1.64665418118238 1.68397200177424 1.59862142358907 0.943023772910237 1.35296329832636 1.7550347133074 1.6459738209378 1.6196577809751 1.5243298090063 1.37963997479528 1.67562262574211 1.67729175230488 1.70458586444147 1.77766834688373 1.14365830179304 1.09217541641556 0.956321231555194 1.8283484808635 1.42798043764196 1.67958583612926 1.30897406837903 1.29379706340842 1.7845465359278 1.57998648285866 1.59920799988322
1.30368243413977 1.07123392727226 0 1.23299305280671 1.78573346836492 1.52571249590255 1.16499017365277 1.64832637202926 1.58599726390094 1.58501693955623 1.89611570094712 1.0805584625341 1.49820685433224 1.50023897434585 1.79302617674693 1.16464131511748 1.24574430263601 1.04106891225092 1.53066717134789 1.75444913981482 1.56722521549091 1.1070864838548 1.82537878118455 1.25824666419066 1.9282235330902 1.69318757695146 1.06501987320371 1.21487618214451 1.49580788169987 1.66367889731191
1.66444807383232 1.52857882948592 1.23299305280671 0 1.26733468426391 0.946526938816532 1.65167538169771 1.80861367983744 1.45482125366107 1.24244048725814 1.12588191917166 1.2884309431538 1.85222308919765 1.21909910230897 1.48301617801189 1.41336443601176 1.06224450003356 1.41154334810562 1.08613028726541 1.77661897148937 1.02241811924614 1.06705580302514 1.32404259592295 1.44097018078901 1.77089052135125 1.09532341500744 1.19881967944093 1.20178678771481 1.2545988461934 0.968083363724872
1.6865836083889 1.378570120316 1.78573346836492 1.26733468426391 0 1.81225518649444 1.31614998378791 1.53331028530374 1.74163354700431 1.26229766639881 1.92406292422675 1.70927515393123 1.83022356382571 1.57989179296419 0.976888058241457 1.60331194964238 1.20691989827901 0.9634655774571 1.57284858659841 1.34479213040322 1.90212260023691 1.40885063912719 1.62374917999841 1.81716864462942 1.66912891389802 1.52264711866155 1.15343782491982 1.53840279625729 1.8244304524269 1.68192568956874
1.69921454042196 1.64665418118238 1.52571249590255 0.946526938816532 1.81225518649444 0 1.07568697375245 1.80161231406964 1.81668443186209 1.86709551652893 1.61168941273354 1.47530708834529 1.13755083526485 1.31533156428486 1.27686588116921 1.91610093810596 1.56825452973135 1.49073545960709 1.77141469507478 1.80897381948307 1.02108756173402 1.61249394528568 1.38779351953417 1.05039732600562 1.64793069311418 1.52484297123738 1.76586077082902 1.29039421700872 1.33641020720825 1.9146103025414
1.70505651459098 1.68397200177424 1.16499017365277 1.65167538169771 1.31614998378791 1.07568697375245 0 1.39394425181672 1.5908068055287 1.43031021743082 1.68274479010142 1.6940229900647 1.82431359495968 1.66800299263559 1.04827061295509 1.26196629879996 1.89292970439419 1.86519964761101 1.32712991070002 1.85932403057814 0.946325037628412 1.16244241618551 1.74582964298315 0.948238046374172 1.13600868475623 1.79349712398835 1.0253530240152 1.3647794618737 1.82981631229632 1.68868550937623
0.966923677828163 1.59862142358907 1.64832637202926 1.80861367983744 1.53331028530374 1.80161231406964 1.39394425181672 0 1.14349070913158 1.3172276050318 0.978317387634888 1.38080542581156 1.80070534977131 1.41886837896891 1.75152381276712 1.8553953981027 1.05447392305359 1.16462452127598 1.92269535572268 1.7206647687126 1.04806882771663 1.76733879256062 1.11697139265016 0.983690313063562 1.12966438080184 1.6588710504584 1.24340576422401 1.6382193909958 1.46359434747137 1.861828784924
1.68973954790272 0.943023772910237 1.58599726390094 1.45482125366107 1.74163354700431 1.81668443186209 1.5908068055287 1.14349070913158 0 1.77432220522314 0.999346324009821 1.05128284939565 1.66592397680506 1.26214547548443 1.53226600913331 1.05583308869973 0.986338004935533 1.10207567200996 1.58395879808813 1.53136910544708 1.55371713661589 1.09435211261734 1.45559997204691 1.18082932359539 1.42087660403922 1.4741231482476 1.55775708984584 1.55447048461065 1.4635039512068 1.09318354795687
1.33295733598061 1.35296329832636 1.58501693955623 1.24244048725814 1.26229766639881 1.86709551652893 1.43031021743082 1.3172276050318 1.77432220522314 0 1.27260783175007 1.81813903339207 1.31025522691198 1.60501503152773 1.5278257727623 1.41954035055824 1.24843003996648 1.49573952751234 1.90917788795196 1.40417092852294 1.79449305450544 1.58662854018621 1.52537609008141 1.87954833381809 1.61061712610535 1.73985514114611 1.30549994041212 1.0981443838682 1.6567951454781 1.56998157198541
1.20747553859837 1.7550347133074 1.89611570094712 1.12588191917166 1.92406292422675 1.61168941273354 1.68274479010142 0.978317387634888 0.999346324009821 1.27260783175007 0 1.89020653627813 0.963634857209399 1.56129661016166 1.11035875719972 1.28360486729071 1.7855543855112 1.17295077093877 1.46062912628986 1.31378379371017 1.92144478415139 1.59411634178832 1.84006176702678 1.84362191916443 1.20503733027726 1.31465553422458 1.47742633102462 1.63636298198253 1.80637352447957 1.46622073533945
1.0391879696399 1.6459738209378 1.0805584625341 1.2884309431538 1.70927515393123 1.47530708834529 1.6940229900647 1.38080542581156 1.05128284939565 1.81813903339207 1.89020653627813 0 1.30898180301301 1.44184988713823 1.22925597731955 1.92151214624755 1.02581616211683 1.35509601864032 1.79595975880511 1.77815305883996 1.90253929398023 1.47376776300371 1.77775335428305 1.90152760082856 1.83841211977415 1.87500042258762 1.61556005082093 0.988656485453248 1.86038545123301 0.98251671413891
1.60713150002994 1.6196577809751 1.49820685433224 1.85222308919765 1.83022356382571 1.13755083526485 1.82431359495968 1.80070534977131 1.66592397680506 1.31025522691198 0.963634857209399 1.30898180301301 0 1.87322057061829 1.92291873437352 1.23630985361524 1.73350729513913 1.48945811344311 1.84717713599093 1.39999619824812 1.33203376666643 1.08936143689789 1.78575953352265 1.14422383485362 1.82043370977044 1.38506570341997 0.969159157248214 1.41179714142345 1.80688985949382 1.25921458890662
1.41380990971811 1.5243298090063 1.50023897434585 1.21909910230897 1.57989179296419 1.31533156428486 1.66800299263559 1.41886837896891 1.26214547548443 1.60501503152773 1.56129661016166 1.44184988713823 1.87322057061829 0 1.90547195472755 1.54502740991302 1.01266733091325 1.08913714857772 1.45388202625327 1.24693689588457 1.65707306214608 1.71401966456324 1.2127610843163 0.939729085424915 1.92755534569733 1.41440739459358 1.61542291031219 1.16646776231937 1.34011528454721 1.19643536093645
1.16061212890781 1.37963997479528 1.79302617674693 1.48301617801189 0.976888058241457 1.27686588116921 1.04827061295509 1.75152381276712 1.53226600913331 1.5278257727623 1.11035875719972 1.22925597731955 1.92291873437352 1.90547195472755 0 1.23745290027 1.41749362857081 1.11407508607954 1.39891177415848 1.43548259767704 1.330884574214 1.63842328381725 1.75741788907908 1.04918459919281 0.983026328263804 1.5002369871363 1.23088449984789 1.78363811806776 1.12733722571284 0.974689117399976
1.26836380944587 1.67562262574211 1.16464131511748 1.41336443601176 1.60331194964238 1.91610093810596 1.26196629879996 1.8553953981027 1.05583308869973 1.41954035055824 1.28360486729071 1.92151214624755 1.23630985361524 1.54502740991302 1.23745290027 0 1.79069940326735 0.96284601627849 1.0072382951621 1.69354047579691 1.8513388580177 1.65104419738054 1.20325490226969 1.27566108154133 1.40762725798413 1.75285893608816 1.36602064687759 1.69474178436212 1.84822918171994 1.44606707547791
1.48102437891066 1.67729175230488 1.24574430263601 1.06224450003356 1.20691989827901 1.56825452973135 1.89292970439419 1.05447392305359 0.986338004935533 1.24843003996648 1.7855543855112 1.02581616211683 1.73350729513913 1.01266733091325 1.41749362857081 1.79069940326735 0 1.02601248724386 1.51617202092893 0.996506989235058 1.32933725742623 1.49031408783048 1.51432613260113 1.19462685124017 1.79601935693063 1.01388912135735 1.12479046266526 1.83602585503832 1.39923384250142 1.52507097367197
1.78417914384045 1.70458586444147 1.04106891225092 1.41154334810562 0.9634655774571 1.49073545960709 1.86519964761101 1.16462452127598 1.10207567200996 1.49573952751234 1.17295077093877 1.35509601864032 1.48945811344311 1.08913714857772 1.11407508607954 0.96284601627849 1.02601248724386 0 1.13565161009319 1.74003578536212 1.48597824340686 1.90134747582488 1.7509017738048 1.4850480412133 1.20322234230116 1.18254450289533 1.68463548924774 1.28961840621196 1.00116599537432 0.947576651815325
1.10592833976261 1.77766834688373 1.53066717134789 1.08613028726541 1.57284858659841 1.77141469507478 1.32712991070002 1.92269535572268 1.58395879808813 1.90917788795196 1.46062912628986 1.79595975880511 1.84717713599093 1.45388202625327 1.39891177415848 1.0072382951621 1.51617202092893 1.13565161009319 0 1.1062721433118 0.954225742025301 1.19544136081822 1.38827978027984 1.92972744093277 1.86347910156474 1.48630357650109 1.12277051783167 1.03710325621068 1.45793498377316 1.12193924118765
1.15359881939366 1.14365830179304 1.75444913981482 1.77661897148937 1.34479213040322 1.80897381948307 1.85932403057814 1.7206647687126 1.53136910544708 1.40417092852294 1.31378379371017 1.77815305883996 1.39999619824812 1.24693689588457 1.43548259767704 1.69354047579691 0.996506989235058 1.74003578536212 1.1062721433118 0 1.57163341157138 1.17462335620075 1.09494818886742 1.8955816316884 1.77608302468434 1.47143431496806 1.10762303625233 1.77313563716598 1.3613352754619 1.16821612417698
1.38888652413152 1.09217541641556 1.56722521549091 1.02241811924614 1.90212260023691 1.02108756173402 0.946325037628412 1.04806882771663 1.55371713661589 1.79449305450544 1.92144478415139 1.90253929398023 1.33203376666643 1.65707306214608 1.330884574214 1.8513388580177 1.32933725742623 1.48597824340686 0.954225742025301 1.57163341157138 0 1.8411451112479 1.56639404385351 1.36504074977711 1.54160312004387 1.7564209413249 1.36206038994715 1.1738362852484 1.26716361287981 1.74260931578465
1.85449317377061 0.956321231555194 1.1070864838548 1.06705580302514 1.40885063912719 1.61249394528568 1.16244241618551 1.76733879256062 1.09435211261734 1.58662854018621 1.59411634178832 1.47376776300371 1.08936143689789 1.71401966456324 1.63842328381725 1.65104419738054 1.49031408783048 1.90134747582488 1.19544136081822 1.17462335620075 1.8411451112479 0 1.21179466508329 1.00892508798279 1.11959333019331 0.956203495617956 1.81683075381443 1.49457155540586 1.74814081029035 1.11539223766886
1.41012888308614 1.8283484808635 1.82537878118455 1.32404259592295 1.62374917999841 1.38779351953417 1.74582964298315 1.11697139265016 1.45559997204691 1.52537609008141 1.84006176702678 1.77775335428305 1.78575953352265 1.2127610843163 1.75741788907908 1.20325490226969 1.51432613260113 1.7509017738048 1.38827978027984 1.09494818886742 1.56639404385351 1.21179466508329 0 1.78733996092342 1.25030323909596 1.1215389398858 1.16824376862496 1.09444560972042 1.86964097223245 1.71768538304605
1.04089242476039 1.42798043764196 1.25824666419066 1.44097018078901 1.81716864462942 1.05039732600562 0.948238046374172 0.983690313063562 1.18082932359539 1.87954833381809 1.84362191916443 1.90152760082856 1.14422383485362 0.939729085424915 1.04918459919281 1.27566108154133 1.19462685124017 1.4850480412133 1.92972744093277 1.8955816316884 1.36504074977711 1.00892508798279 1.78733996092342 0 1.18876121053472 1.53270397614688 1.60279047279619 1.40193198318593 1.27252583554946 1.54612773866393
1.58994200220332 1.67958583612926 1.9282235330902 1.77089052135125 1.66912891389802 1.64793069311418 1.13600868475623 1.12966438080184 1.42087660403922 1.61061712610535 1.20503733027726 1.83841211977415 1.82043370977044 1.92755534569733 0.983026328263804 1.40762725798413 1.79601935693063 1.20322234230116 1.86347910156474 1.77608302468434 1.54160312004387 1.11959333019331 1.25030323909596 1.18876121053472 0 1.04933210043237 1.29726813035086 1.59717076458037 1.56468367273919 1.81020333780907
0.952446912415326 1.30897406837903 1.69318757695146 1.09532341500744 1.52264711866155 1.52484297123738 1.79349712398835 1.6588710504584 1.4741231482476 1.73985514114611 1.31465553422458 1.87500042258762 1.38506570341997 1.41440739459358 1.5002369871363 1.75285893608816 1.01388912135735 1.18254450289533 1.48630357650109 1.47143431496806 1.7564209413249 0.956203495617956 1.1215389398858 1.53270397614688 1.04933210043237 0 1.52126113208942 1.44874354056083 1.05673249345273 0.960720326751471
1.39245315967128 1.29379706340842 1.06501987320371 1.19881967944093 1.15343782491982 1.76586077082902 1.0253530240152 1.24340576422401 1.55775708984584 1.30549994041212 1.47742633102462 1.61556005082093 0.969159157248214 1.61542291031219 1.23088449984789 1.36602064687759 1.12479046266526 1.68463548924774 1.12277051783167 1.10762303625233 1.36206038994715 1.81683075381443 1.16824376862496 1.60279047279619 1.29726813035086 1.52126113208942 0 0.943853425327688 1.77223444683477 1.08619440649636
1.18828800227493 1.7845465359278 1.21487618214451 1.20178678771481 1.53840279625729 1.29039421700872 1.3647794618737 1.6382193909958 1.55447048461065 1.0981443838682 1.63636298198253 0.988656485453248 1.41179714142345 1.16646776231937 1.78363811806776 1.69474178436212 1.83602585503832 1.28961840621196 1.03710325621068 1.77313563716598 1.1738362852484 1.49457155540586 1.09444560972042 1.40193198318593 1.59717076458037 1.44874354056083 0.943853425327688 0 1.3470187780913 1.65678691561334
1.02457277895883 1.57998648285866 1.49580788169987 1.2545988461934 1.8244304524269 1.33641020720825 1.82981631229632 1.46359434747137 1.4635039512068 1.6567951454781 1.80637352447957 1.86038545123301 1.80688985949382 1.34011528454721 1.12733722571284 1.84822918171994 1.39923384250142 1.00116599537432 1.45793498377316 1.3613352754619 1.26716361287981 1.74814081029035 1.86964097223245 1.27252583554946 1.56468367273919 1.05673249345273 1.77223444683477 1.3470187780913 0 1.40455768746324
1.44386229361407 1.59920799988322 1.66367889731191 0.968083363724872 1.68192568956874 1.9146103025414 1.68868550937623 1.861828784924 1.09318354795687 1.56998157198541 1.46622073533945 0.98251671413891 1.25921458890662 1.19643536093645 0.974689117399976 1.44606707547791 1.52507097367197 0.947576651815325 1.12193924118765 1.16821612417698 1.74260931578465 1.11539223766886 1.71768538304605 1.54612773866393 1.81020333780907 0.960720326751471 1.08619440649636 1.65678691561334 1.40455768746324 0
