0 1.68702467298135 1.4068840353284 1.55652333190665 1.9412039576564 1.01529803313315 1.8132825831417 1.5821601585485 1.929200214101 1.81296784104779 1.8167937612161 1.3580643502064 1.81801579194143 1.47626293916255 1.65286511555314 1.44216607208364 1.7179755223915 1.71005704090931 1.8971910038963 1.69534172560088 1.36191722052172 1.90674814255908 1.77624485455453 1.78913683770224 1.05678897653706 1.79459098447114 1.14212625497021 1.29552064253949 1.41733964928426 1.17320367856883
1.68702467298135 0 1.73913304205053 1.29951149225235 1.02679323800839 1.93867326178588 1.5732446545735 1.63122970541008 1.0704937512055 1.94365579914302 1.08382195746526 1.62305688066408 1.60781738744117 1.00169099331833 1.09619934577495 1.86670919996686 1.38872064743191 1.43570802500471 1.23444754234515 1.12962211435661 1.52288913633674 1.49223394575529 1.2911634366028 1.76109564048238 1.35340855433606 1.03040987346321 1.4254006172996 1.75367693603039 1.49176556593738 1.64180380292237
1.4068840353284 1.73913304205053 0 1.77794635761529 1.88751952745952 1.18737898534164 1.71565552218817 1.93790808576159 1.43671992607415 1.06988458149135 1.42027765372768 1.64772102609277 1.14721866603941 1.14350602962077 1.19048905419186 1.34314358350821 1.17996241222136 1.43782227020711 1.21226398088038 1.627247819677 1.57573763490655 1.54025234514847 1.16884847613983 1.08121250290424 1.08139243838377 1.83434619009495 1.26432803901844 1.27521935594268 1.30264548165724 1.60298924986273
1.55652333190665 1.29951149225235 1.77794635761529 0 1.89610590669326 1.81146598118357 1.01565231173299 1.28754175594077 1.43760866066441 1.61812302051112 1.33930585579947 1.15266281552613 1.34661137522198 1.13505361136049 1.30870356387459 1.24121188349091 1.13954510306939 1.62737679877318 1.05431007547304 1.07705655228347 1.79113238654099 1.24480660795234 1.23592777247541 1.32921470981091 1.78070905897766 1.22301686927676 1.44641147484072 1.74243888817728 1.43359258235432 1.8945496911183
1.9412039576564 1.02679323800839 1.88751952745952 1.89610590669326 0 1.93448869418353 1.50941143068485 1.43171495757997 1.48419858235866 1.22844991507009 1.85572474985383 0.967896440764889 1.31808445230126 1.21697695669718 1.19606558699161 1.81484337057918 1.87703309883364 1.1056389613077 1.0379403445404 1.6920231024269 0.975097239483148 1.53675873507746 1.79893983574584 1.32117342669517 1.36861711367965 1.13801093841903 1.74857569555752 0.974946211790666 1.59670213726349 1.25692925811745
1.01529803313315 1.93867326178588 1.18737898534164 1.81146598118357 1.93448869418353 0 1.92262578639202 1.30119141354226 1.9001915990375 1.17469766736031 1.46559484722093 0.995509764645249 1.29228749033064 1.93251891480759 1.62630626629107 1.29240212310106 1.80182180739939 1.09496188024059 1.2408831124194 1.62234972626902 1.25734057603404 1.85472537879832 1.84364657313563 1.60321328183636 1.95204081735574 1.39821673696861 1.82261678483337 0.959542482392862 1.42207520618103 1.28029272099957
1.8132825831417 1.5732446545735 1.71565552218817 1.01565231173299 1.50941143068485 1.92262578639202 0 1.84643236477859 1.85565033298917 1.94590317597613 1.23133298568428 1.32859725086018 1.56123453238979 1.08433015295304 0.971411795122549 1.44646172318608 1.13475759723224 1.42545364843681 1.88047096412629 1.73070156993344 1.31797775859013 1.30928131891415 1.13724440592341 1.7692825444974 1.15757553838193 1.05029050400481 1.93065373599529 1.03891284880228 1.14817978395149 1.77441842481494
1.5821601585485 1.63122970541008 1.93790808576159 1.28754175594077 1.43171495757997 1.30119141354226 1.84643236477859 0 1.94129538652487 1.30859451577999 1.15318501763977 0.96455692499876 1.55258918553591 1.0572802789975 1.63960360409692 1.25881497724913 1.65921478974633 1.41858064429834 1.25786845711991 1.01474627503194 1.89051944599487 1.21859619719908 1.2478479235433 1.39618863211945 1.71833850746043 1.8039401397109 1.65080083138309 1.44873018469661 1.32165503082797 1.61882771062665
1.929200214101 1.0704937512055 1.43671992607415 1.43760866066441 1.48419858235866 1.9001915990375 1.85565033298917 1.94129538652487 0 1.42355181253515 1.70132678095251 1.25615535350516 0.958380291238427 1.16734802117571 1.44772018701769 1.78915112069808 1.47985387616791 1.88083000457846 1.83089213003404 1.65714953606948 1.30130929662846 1.7396499265451 1.29027984337881 1.75594147341326 1.60655593313277 1.57878836896271 1.69338125851937 1.11412420519628 1.10916264518164 1.35848139389418
1.81296784104779 1.94365579914302 1.06988458149135 1.61812302051112 1.22844991507009 1.17469766736031 1.94590317597613 1.30859451577999 1.42355181253515 0 1.33258211496286 1.03976140287705 1.07669834722765 1.4203855227679 1.56469285022467 1.65144029282965 1.2822014358826 1.19597397511825 1.11736812908202 1.25044807535596 1.95199089450762 1.86425834801048 1.47678506630473 1.05908494535834 1.37733238795772 1.67722599185072 1.11649481765926 1.45609535975382 1.00636482285336 1.39109510183334
1.8167937612161 1.08382195746526 1.42027765372768 1.33930585579947 1.85572474985383 1.46559484722093 1.23133298568428 1.15318501763977 1.70132678095251 1.33258211496286 0 1.35983163607307 1.12055926257744 1.08181050838903 1.24434290127829 1.5721128070727 1.34263314679265 1.39795696618967 1.64378577726893 1.87792149046436 1.36742938752286 1.40866477321833 1.88313871086575 1.56896218773909 1.59763418813236 1.51550144213252 1.21856071287766 1.70287945796736 1.31304285442457 1.35309590655379
1.3580643502064 1.62305688066408 1.64772102609277 1.15266281552613 0.967896440764889 0.995509764645249 1.32859725086018 0.96455692499876 1.25615535350516 1.03976140287705 1.35983163607307 0 1.87486267718486 1.95561366039328 1.81255088932812 1.52506921323948 1.77904296573251 1.30766083556227 1.1452790920157 1.51581547805108 0.997121215797961 1.59588880999945 1.34431799082085 1.6415118186269 1.59560499433428 1.07155349920504 1.4992560739629 1.28065027971752 1.75660432153381 1.76951494859532
1.81801579194143 1.60781738744117 1.14721866603941 1.34661137522198 1.31808445230126 1.29228749033064 1.56123453238979 1.55258918553591 0.958380291238427 1.07669834722765 1.12055926257744 1.87486267718486 0 1.34823581133969 1.71735153114423 1.64943031826988 1.38002987182699 1.72863684571348 1.81345199164934 1.43100001430139 1.32892263750546 1.55171016836539 1.79887311672792 1.35402814834379 1.21750107430853 1.26228356943466 1.62781473668292 1.75687258504331 1.46036591054872 1.35216003470123
1.47626293916255 1.00169099331833 1.14350602962077 1.13505361136049 1.21697695669718 1.93251891480759 1.08433015295304 1.0572802789975 1.16734802117571 1.4203855227679 1.08181050838903 1.95561366039328 1.34823581133969 0 1.49503557221033 1.1423807030078 1.35143733862787 1.84829814825207 1.06387757719494 1.41613190807402 1.51742464979179 1.82024015230127 1.41809550975449 1.11031320365146 1.60524886031635 1.68801379483193 1.89899373310618 1.3177779475227 1.8043039503973 0.96802686736919
1.65286511555314 1.09619934577495 1.19048905419186 1.30870356387459 1.19606558699161 1.62630626629107 0.971411795122549 1.63960360409692 1.44772018701769 1.56469285022467 1.24434290127829 1.81255088932812 1.71735153114423 1.49503557221033 0 0.975320582278073 1.81991487066261 0.973623695550486 1.95220109098591 1.1050325173419 1.92628168407828 1.63889752887189 1.20142698311247 1.77802427881397 1.84739221329801 1.65367730334401 1.10124446032569 1.52889179368503 1.86668311222456 1.72492243442684
1.44216607208364 1.86670919996686 1.34314358350821 1.24121188349091 1.81484337057918 1.29240212310106 1.44646172318608 1.25881497724913 1.78915112069808 1.65144029282965 1.5721128070727 1.52506921323948 1.64943031826988 1.1423807030078 0.975320582278073 0 1.6365837987978 1.94149303948507 1.24211281631142 1.36244160705246 1.17236417112872 1.34535006200895 1.63352873455733 1.80337758921087 1.70958746480756 1.89901785040274 1.12602780410089 1.00903676589951 1.12434632400982 1.40245925239287
1.7179755223915 1.38872064743191 1.17996241222136 1.13954510306939 1.87703309883364 1.80182180739939 1.13475759723224 1.65921478974633 1.47985387616791 1.2822014358826 1.34263314679265 1.77904296573251 1.38002987182699 1.35143733862787 1.81991487066261 1.6365837987978 0 1.65696328203194 0.969762421911582 1.12486148695461 1.43483074498363 1.52252592449076 1.43863991973922 1.28297559544444 1.55585351469927 1.12238913215697 1.92096547270194 1.89915347634815 1.46743559907191 1.90026477607898
1.71005704090931 1.43570802500471 1.43782227020711 1.62737679877318 1.1056389613077 1.09496188024059 1.42545364843681 1.41858064429834 1.88083000457846 1.19597397511825 1.39795696618967 1.30766083556227 1.72863684571348 1.84829814825207 0.973623695550486 1.94149303948507 1.65696328203194 0 1.64816304249689 1.77649463899434 1.6284540030174 1.47285967203788 1.0438568640966 1.33645803667605 1.42041670507751 1.78221338079311 1.51918341778219 1.06784771173261 1.70026358473115 1.82867801235989
1.8971910038963 1.23444754234515 1.21226398088038 1.05431007547304 1.0379403445404 1.2408831124194 1.88047096412629 1.25786845711991 1.83089213003404 1.11736812908202 1.64378577726893 1.1452790920157 1.81345199164934 1.06387757719494 1.95220109098591 1.24211281631142 0.969762421911582 1.64816304249689 0 1.89946390129626 1.09107667324133 1.22712470777333 1.38330502156168 1.74281877093017 1.77246659807861 1.76248750439845 1.68072398961522 1.34564478183165 1.20372663368471 1.45611695153639
1.69534172560088 1.12962211435661 1.627247819677 1.07705655228347 1.6920231024269 1.62234972626902 1.73070156993344 1.01474627503194 1.65714953606948 1.25044807535596 1.87792149046436 1.51581547805108 1.43100001430139 1.41613190807402 1.1050325173419 1.36244160705246 1.12486148695461 1.77649463899434 1.89946390129626 0 1.49999130424112 1.5424074572511 1.5204532686621 1.32603896176443 1.42950555076823 1.36077717319131 1.38838462694548 0.98957906360738 1.24430759227835 1.33681621798314
1.36191722052172 1.52288913633674 1.57573763490655 1.79113238654099 0.975097239483148 1.25734057603404 1.31797775859013 1.89051944599487 1.30130929662846 1.95199089450762 1.36742938752286 0.997121215797961 1.32892263750546 1.51742464979179 1.92628168407828 1.17236417112872 1.43483074498363 1.6284540030174 1.09107667324133 1.49999130424112 0 1.45488085760735 1.87907039676793 1.46125858509913 1.4703955068253 1.35215957392938 1.20823324564844 1.25801466777921 1.56803577509709 1.76028094626963
1.90674814255908 1.49223394575529 1.54025234514847 1.24480660795234 1.53675873507746 1.85472537879832 1.30928131891415 1.21859619719908 1.7396499265451 1.86425834801048 1.40866477321833 1.59588880999945 1.55171016836539 1.82024015230127 1.63889752887189 1.34535006200895 1.52252592449076 1.47285967203788 1.22712470777333 1.5424074572511 1.45488085760735 0 1.38011839962564 1.25105369579978 0.99779456644319 1.35104721551761 1.93561506830156 1.39135276130401 1.28808018309064 1.8031548531726
1.77624485455453 1.2911634366028 1.16884847613983 1.23592777247541 1.79893983574584 1.84364657313563 1.13724440592341 1.2478479235433 1.29027984337881 1.47678506630473 1.88313871086575 1.34431799082085 1.79887311672792 1.41809550975449 1.20142698311247 1.63352873455733 1.43863991973922 1.0438568640966 1.38330502156168 1.5204532686621 1.87907039676793 1.38011839962564 0 1.37911602016538 1.10295450151898 1.063544198405 1.59205538220704 1.1587337020319 1.60313846892677 1.25916154822335
1.78913683770224 1.76109564048238 1.08121250290424 1.32921470981091 1.32117342669517 1.60321328183636 1.7692825444974 1.39618863211945 1.75594147341326 1.05908494535834 1.56896218773909 1.6415118186269 1.35402814834379 1.11031320365146 1.77802427881397 1.80337758921087 1.28297559544444 1.33645803667605 1.74281877093017 1.32603896176443 1.46125858509913 1.25105369579978 1.37911602016538 0 1.03386410092935 1.64002120378427 1.0159776606597 1.20519339758903 1.9017936498858 1.15259372745641
1.05678897653706 1.35340855433606 1.08139243838377 1.78070905897766 1.36861711367965 1.95204081735574 1.15757553838193 1.71833850746043 1.60655593313277 1.37733238795772 1.59763418813236 1.59560499433428 1.21750107430853 1.60524886031635 1.84739221329801 1.70958746480756 1.55585351469927 1.42041670507751 1.77246659807861 1.42950555076823 1.4703955068253 0.99779456644319 1.10295450151898 1.03386410092935 0 1.59291042690165 1.03644558344968 1.58877351554111 1.08025690587237 1.59224915038794
1.79459098447114 1.03040987346321 1.83434619009495 1.22301686927676 1.13801093841903 1.39821673696861 1.05029050400481 1.8039401397109 1.57878836896271 1.67722599185072 1.51550144213252 1.07155349920504 1.26228356943466 1.68801379483193 1.65367730334401 1.89901785040274 1.12238913215697 1.78221338079311 1.76248750439845 1.36077717319131 1.35215957392938 1.35104721551761 1.063544198405 1.64002120378427 1.59291042690165 0 1.83807015535422 1.00626801489852 1.78701722621918 1.2373593323864
1.14212625497021 1.4254006172996 1.26432803901844 1.44641147484072 1.74857569555752 1.82261678483337 1.93065373599529 1.65080083138309 1.69338125851937 1.11649481765926 1.21856071287766 1.4992560739629 1.62781473668292 1.89899373310618 1.10124446032569 1.12602780410089 1.92096547270194 1.51918341778219 1.68072398961522 1.38838462694548 1.20823324564844 1.93561506830156 1.59205538220704 1.0159776606597 1.03644558344968 1.83807015535422 0 1.91661187401041 1.93331803102046 1.37088965740986
1.29552064253949 1.75367693603039 1.27521935594268 1.74243888817728 0.974946211790666 0.959542482392862 1.03891284880228 1.44873018469661 1.11412420519628 1.45609535975382 1.70287945796736 1.28065027971752 1.75687258504331 1.3177779475227 1.52889179368503 1.00903676589951 1.89915347634815 1.06784771173261 1.34564478183165 0.98957906360738 1.25801466777921 1.39135276130401 1.1587337020319 1.20519339758903 1.58877351554111 1.00626801489852 1.91661187401041 0 1.66036236588843 1.74069644720294
1.41733964928426 1.49176556593738 1.30264548165724 1.43359258235432 1.59670213726349 1.42207520618103 1.14817978395149 1.32165503082797 1.10916264518164 1.00636482285336 1.31304285442457 1.75660432153381 1.46036591054872 1.8043039503973 1.86668311222456 1.12434632400982 1.46743559907191 1.70026358473115 1.20372663368471 1.24430759227835 1.56803577509709 1.28808018309064 1.60313846892677 1.9017936498858 1.08025690587237 1.78701722621918 1.93331803102046 1.66036236588843 0 1.92688445630483
1.17320367856883 1.64180380292237 1.60298924986273 1.8945496911183 1.25692925811745 1.28029272099957 1.77441842481494 1.61882771062665 1.35848139389418 1.39109510183334 1.35309590655379 1.76951494859532 1.35216003470123 0.96802686736919 1.72492243442684 1.40245925239287 1.90026477607898 1.82867801235989 1.45611695153639 1.33681621798314 1.76028094626963 1.8031548531726 1.25916154822335 1.15259372745641 1.59224915038794 1.2373593323864 1.37088965740986 1.74069644720294 1.92688445630483 0
