0 1.01099197333679 1.78321835421957 1.62569740740582 1.23959684185684 1.19986087409779 1.88774648797698 1.44865066511557 0.9093109855894 1.50957718584687 1.01905093411915 1.63870408642106 1.27186099090613 1.05796136520803 1.66399576212279 1.77355332463048 1.01768272533081 1.59050636971369 1.43746711942367 0.928647699998692 1.07769518648274 0.975387889891863 1.80370021588169 1.56783091207035 1.08227723487653 0.973154414212331 1.06514489580877 1.27994258585386 1.28759439452551 1.36793501279317
1.01099197333679 0 1.65112174768001 1.50915372814052 1.2060336926952 1.04486466711387 1.89637198997661 1.8229192851577 0.930980092147365 1.66967620328069 1.46603777492419 1.60311477212235 0.964013773249462 1.66394745768048 1.71377592394128 1.06773335393518 1.17068454972468 1.32767321052961 1.32802650006488 0.969208829337731 1.59420485538431 1.87821320304647 1.07979159918614 0.931366885546595 1.5665432298556 1.40219910396263 1.06886094738729 1.57779179001227 1.37025950150564 1.46367481094785
1.78321835421957 1.65112174768001 0 1.05275473324582 1.87452048691921 1.01712782471441 1.13359262025915 1.11263429815881 1.13210998149589 1.85096527589485 1.29423797759227 1.72566126822494 1.89739182009362 1.74858663277701 1.8740863094572 1.85999561031349 1.05262334086001 1.26633201097138 1.0661194100976 0.988587140338495 1.54553150339052 1.56433690921403 1.34455551952124 1.02992639015429 1.69047616259195 1.46702846838161 1.39697908423841 1.01665311376564 1.72977537289262 1.1216114195995
1.62569740740582 1.50915372814052 1.05275473324582 0 1.81948386551812 1.07210958027281 1.58163286070339 1.89032882312313 1.31207950250246 1.89897336671129 1.060427949531 1.63513117283583 1.86823523952626 1.4478860499803 1.71704381587915 1.78479232941754 1.1773901048582 1.24845952703618 1.66552682546899 1.7148070037365 0.9943638863042 1.16083831526339 1.42498390492983 1.68642755062319 0.937179448781535 1.33950188616291 1.12922262586653 1.04697916610166 0.96228947583586 0.971912692766637
1.23959684185684 1.2060336926952 1.87452048691921 1.81948386551812 0 1.69243055791594 1.30968034104444 0.916615524794906 1.72078793589026 1.84760521701537 1.46147468616255 1.26868938677944 1.00112207815982 1.40875252825208 1.07452357467264 1.2738309467677 1.21536079142243 1.61783395288512 1.53334977151826 1.51601746329106 1.08419613819569 1.21040470711887 1.28882694127969 1.76212462829426 1.0091265453957 1.17745986557566 1.48305054195225 1.55287360865623 1.04540954227559 1.60788044659421
1.19986087409779 1.04486466711387 1.01712782471441 1.07210958027281 1.69243055791594 0 1.31012207339518 1.34432484791614 1.41042664833367 1.02768132300116 1.4346967805177 1.74061634158716 1.56553704710677 1.06993841403164 1.01564624044113 1.59126345859841 1.30247797607444 1.31849741702899 0.907752917148173 1.84245449933223 1.06246867007576 1.64782469137572 1.0617722934112 1.43227861332707 1.45272440230474 0.999520386802033 1.18504036846571 1.53150502126664 1.29485393315554 1.19937657169066
1.88774648797698 1.89637198997661 1.13359262025915 1.58163286070339 1.30968034104444 1.31012207339518 0 1.2046481417492 1.64960750611499 1.73513994948007 1.51251559122466 1.55765904462896 1.44401182606816 1.11830293782987 1.55091825919226 1.44365556002595 1.71923646447249 1.81130649964325 0.976751482114196 1.86755641642958 1.46855448791757 1.24054775596596 1.56002797069959 1.65830365126021 1.51485035335645 1.60028600669466 1.90189984464087 1.56752865109593 1.01405948749743 1.37790611106902
1.44865066511557 1.8229192851577 1.11263429815881 1.89032882312313 0.916615524794906 1.34432484791614 1.2046481417492 0 1.44509391649626 1.75735704181716 1.5543041517958 1.45201967447065 0.916482249973342 1.21659007901326 1.72914294269867 0.938632562290877 1.04779345262796 1.54959144513123 1.37949610967189 0.985229033278301 1.59646727074869 0.99285525130108 0.908113806974143 1.33705101953819 1.77293805079535 1.51032349909656 1.20790234487504 1.03293144586496 1.08712941571139 1.03742605424486
0.9093109855894 0.930980092147365 1.13210998149589 1.31207950250246 1.72078793589026 1.41042664833367 1.64960750611499 1.44509391649626 0 1.31141711701639 1.28312517772429 1.59990945318714 1.74301164783537 1.17354535800405 1.48896662751213 1.23900534329005 1.60539529751986 1.77314442954957 1.33982301293872 1.74662731937133 1.75711779878475 1.09297866770066 0.996561054605991 0.945057335775346 1.46081150555983 1.66125246579759 1.55236322712153 1.35652224323712 1.36276580370031 1.69915515184402
1.50957718584687 1.66967620328069 1.85096527589485 1.89897336671129 1.84760521701537 1.02768132300116 1.73513994948007 1.75735704181716 1.31141711701639 0 1.45330930501223 1.55847384873778 1.13634228939191 1.85002596885897 1.38078465452418 1.28172641224228 0.909155606525019 1.70462107891217 1.52588871563785 0.958027238026261 1.0695584632922 1.26330782868899 1.23660215758719 1.43103670165874 1.69416155177169 1.54078833432868 1.08219208964147 1.6211798612494 1.11316699394956 1.50654255808331
1.01905093411915 1.46603777492419 1.29423797759227 1.060427949531 1.46147468616255 1.4346967805177 1.51251559122466 1.5543041517958 1.28312517772429 1.45330930501223 0 0.959392076358199 1.06083589303307 1.3289633099921 1.88274457864463 1.41098166746087 1.14071285910904 1.47418205183931 1.25667053181678 1.88068963820115 1.1486224795226 1.79858854343183 1.89126840257086 1.18603076436557 1.46578836534172 1.14054421661422 1.07846336020157 1.25773895997554 1.5610580702778 1.56438871915452
1.63870408642106 1.60311477212235 1.72566126822494 1.63513117283583 1.26868938677944 1.74061634158716 1.55765904462896 1.45201967447065 1.59990945318714 1.55847384873778 0.959392076358199 0 1.79387334431522 1.88351985416375 1.02438010345213 1.80992845259607 1.09610423096456 1.24461142718792 1.73166469950229 1.35619689011946 1.71421424322762 1.10502826585434 1.39188487036154 1.43744357232936 1.07649556500837 1.02254112623632 1.68717701756395 1.14143088692799 1.50229566940106 1.84092654567212
1.27186099090613 0.964013773249462 1.89739182009362 1.86823523952626 1.00112207815982 1.56553704710677 1.44401182606816 0.916482249973342 1.74301164783537 1.13634228939191 1.06083589303307 1.79387334431522 0 1.2365997871384 1.87785684433766 1.85511481226422 1.83523568836972 1.48392228782177 1.37653289339505 1.495346092619 1.77094097645022 1.71338216518052 1.29967374587432 1.74311977648176 1.22945762984455 1.07121521187946 0.961417795391753 1.53879837947898 1.78496787790209 1.1079766782932
1.05796136520803 1.66394745768048 1.74858663277701 1.4478860499803 1.40875252825208 1.06993841403164 1.11830293782987 1.21659007901326 1.17354535800405 1.85002596885897 1.3289633099921 1.88351985416375 1.2365997871384 0 1.37852982291952 1.85017974581569 1.12772882753052 1.4882025711704 1.47833245899528 1.42826443584636 1.23220896325074 1.06257289228961 0.95707475556992 0.948064188938588 1.25489072152413 1.23249006294645 1.38741514296271 1.3054725297261 1.70540836756118 1.0118253454566
1.66399576212279 1.71377592394128 1.8740863094572 1.71704381587915 1.07452357467264 1.01564624044113 1.55091825919226 1.72914294269867 1.48896662751213 1.38078465452418 1.88274457864463 1.02438010345213 1.87785684433766 1.37852982291952 0 1.70641026087105 1.89442313998006 1.14307360863313 1.44632935896516 1.62633812311105 1.48154272790998 1.36041485122405 1.60807651281357 1.02319585811347 0.927929024212062 1.14189776405692 1.83939412678592 1.26825420279056 1.63822643342428 1.03756819944829
1.77355332463048 1.06773335393518 1.85999561031349 1.78479232941754 1.2738309467677 1.59126345859841 1.44365556002595 0.938632562290877 1.23900534329005 1.28172641224228 1.41098166746087 1.80992845259607 1.85511481226422 1.85017974581569 1.70641026087105 0 1.1914261856582 1.79274407331832 1.10897946334444 1.45807048981078 0.956563549349084 1.05701693450101 0.9248754135333 1.35448729223572 1.74339256132953 1.28574738511816 1.72054201620631 0.943005360197276 1.75456768530421 1.06333473837003
1.01768272533081 1.17068454972468 1.05262334086001 1.1773901048582 1.21536079142243 1.30247797607444 1.71923646447249 1.04779345262796 1.60539529751986 0.909155606525019 1.14071285910904 1.09610423096456 1.83523568836972 1.12772882753052 1.89442313998006 1.1914261856582 0 1.58459636033513 1.25971701974049 1.71865981468 1.03940657316707 1.45431521511637 1.10630717896856 1.83587948675267 1.32125005451962 1.1999831921421 1.60594393010251 1.86936974315904 1.16673949710093 1.65032623009756
1.59050636971369 1.32767321052961 1.26633201097138 1.24845952703618 1.61783395288512 1.31849741702899 1.81130649964325 1.54959144513123 1.77314442954957 1.70462107891217 1.47418205183931 1.24461142718792 1.48392228782177 1.4882025711704 1.14307360863313 1.79274407331832 1.58459636033513 0 1.80524700391106 0.913548110052943 1.21832445845939 1.74337601079606 1.57643192191608 0.977672494249418 1.51703227078542 1.43288704100996 1.54129674192518 1.31551483669318 1.60223463922739 1.8308327854611
1.43746711942367 1.32802650006488 1.0661194100976 1.66552682546899 1.53334977151826 0.907752917148173 0.976751482114196 1.37949610967189 1.33982301293872 1.52588871563785 1.25667053181678 1.73166469950229 1.37653289339505 1.47833245899528 1.44632935896516 1.10897946334444 1.25971701974049 1.80524700391106 0 1.73704332555644 0.974231825442985 1.88507108180784 1.6220800220035 1.51441285945475 1.85918370936997 1.19510412705131 1.07099632057361 1.25810806103982 1.47898200224154 1.20739307254553
0.928647699998692 0.969208829337731 0.988587140338495 1.7148070037365 1.51601746329106 1.84245449933223 1.86755641642958 0.985229033278301 1.74662731937133 0.958027238026261 1.88068963820115 1.35619689011946 1.495346092619 1.42826443584636 1.62633812311105 1.45807048981078 1.71865981468 0.913548110052943 1.73704332555644 0 1.05249721580185 1.61951673752628 1.10030156304128 1.37373418454081 1.29317650850862 1.82270797807723 1.68128583999351 1.224988036789 1.35598147427663 1.66028792620637
1.07769518648274 1.59420485538431 1.54553150339052 0.9943638863042 1.08419613819569 1.06246867007576 1.46855448791757 1.59646727074869 1.75711779878475 1.0695584632922 1.1486224795226 1.71421424322762 1.77094097645022 1.23220896325074 1.48154272790998 0.956563549349084 1.03940657316707 1.21832445845939 0.974231825442985 1.05249721580185 0 1.21553979744203 1.32842331472784 1.74539032694884 1.70777364633977 1.11160379531793 0.921082860557362 1.67519856919535 1.31515846448019 1.37749180640094
0.975387889891863 1.87821320304647 1.56433690921403 1.16083831526339 1.21040470711887 1.64782469137572 1.24054775596596 0.99285525130108 1.09297866770066 1.26330782868899 1.79858854343183 1.10502826585434 1.71338216518052 1.06257289228961 1.36041485122405 1.05701693450101 1.45431521511637 1.74337601079606 1.88507108180784 1.61951673752628 1.21553979744203 0 1.34032989200205 1.86754849762656 1.77953563234769 1.87135393498465 1.40153902512975 1.08742919377983 1.23236290388741 1.8841079461854
1.80370021588169 1.07979159918614 1.34455551952124 1.42498390492983 1.28882694127969 1.0617722934112 1.56002797069959 0.908113806974143 0.996561054605991 1.23660215758719 1.89126840257086 1.39188487036154 1.29967374587432 0.95707475556992 1.60807651281357 0.9248754135333 1.10630717896856 1.57643192191608 1.6220800220035 1.10030156304128 1.32842331472784 1.34032989200205 0 1.60783189465292 1.6975480215624 1.03231001202948 1.30572215071879 1.81791094737127 1.83484882558696 1.83630844671279
1.56783091207035 0.931366885546595 1.02992639015429 1.68642755062319 1.76212462829426 1.43227861332707 1.65830365126021 1.33705101953819 0.945057335775346 1.43103670165874 1.18603076436557 1.43744357232936 1.74311977648176 0.948064188938588 1.02319585811347 1.35448729223572 1.83587948675267 0.977672494249418 1.51441285945475 1.37373418454081 1.74539032694884 1.86754849762656 1.60783189465292 0 1.87128695566207 1.37539476086386 1.62574896239676 1.03182113682851 1.24960458697751 1.43674541520886
1.08227723487653 1.5665432298556 1.69047616259195 0.937179448781535 1.0091265453957 1.45272440230474 1.51485035335645 1.77293805079535 1.46081150555983 1.69416155177169 1.46578836534172 1.07649556500837 1.22945762984455 1.25489072152413 0.927929024212062 1.74339256132953 1.32125005451962 1.51703227078542 1.85918370936997 1.29317650850862 1.70777364633977 1.77953563234769 1.6975480215624 1.87128695566207 0 1.35454981680959 1.43659252393991 1.36809575022198 1.39447169122286 1.1587270507589
0.973154414212331 1.40219910396263 1.46702846838161 1.33950188616291 1.17745986557566 0.999520386802033 1.60028600669466 1.51032349909656 1.66125246579759 1.54078833432868 1.14054421661422 1.02254112623632 1.07121521187946 1.23249006294645 1.14189776405692 1.28574738511816 1.1999831921421 1.43288704100996 1.19510412705131 1.82270797807723 1.11160379531793 1.87135393498465 1.03231001202948 1.37539476086386 1.35454981680959 0 1.72237267368473 1.17248729802668 1.89616920659319 1.65831930283457
1.06514489580877 1.06886094738729 1.39697908423841 1.12922262586653 1.48305054195225 1.18504036846571 1.90189984464087 1.20790234487504 1.55236322712153 1.08219208964147 1.07846336020157 1.68717701756395 0.961417795391753 1.38741514296271 1.83939412678592 1.72054201620631 1.60594393010251 1.54129674192518 1.07099632057361 1.68128583999351 0.921082860557362 1.40153902512975 1.30572215071879 1.62574896239676 1.43659252393991 1.72237267368473 0 1.79035940417089 1.5591804345604 1.39666999853216
1.27994258585386 1.57779179001227 1.01665311376564 1.04697916610166 1.55287360865623 1.53150502126664 1.56752865109593 1.03293144586496 1.35652224323712 1.6211798612494 1.25773895997554 1.14143088692799 1.53879837947898 1.3054725297261 1.26825420279056 0.943005360197276 1.86936974315904 1.31551483669318 1.25810806103982 1.224988036789 1.67519856919535 1.08742919377983 1.81791094737127 1.03182113682851 1.36809575022198 1.17248729802668 1.79035940417089 0 1.41248185490258 1.62095320643857
1.28759439452551 1.37025950150564 1.72977537289262 0.96228947583586 1.04540954227559 1.29485393315554 1.01405948749743 1.08712941571139 1.36276580370031 1.11316699394956 1.5610580702778 1.50229566940106 1.78496787790209 1.70540836756118 1.63822643342428 1.75456768530421 1.16673949710093 1.60223463922739 1.47898200224154 1.35598147427663 1.31515846448019 1.23236290388741 1.83484882558696 1.24960458697751 1.39447169122286 1.89616920659319 1.5591804345604 1.41248185490258 0 1.49738344247453
1.36793501279317 1.46367481094785 1.1216114195995 0.971912692766637 1.60788044659421 1.19937657169066 1.37790611106902 1.03742605424486 1.69915515184402 1.50654255808331 1.56438871915452 1.84092654567212 1.1079766782932 1.0118253454566 1.03756819944829 1.06333473837003 1.65032623009756 1.8308327854611 1.20739307254553 1.66028792620637 1.37749180640094 1.8841079461854 1.83630844671279 1.43674541520886 1.1587270507589 1.65831930283457 1.39666999853216 1.62095320643857 1.49738344247453 0
