0 1.62760240375064 1.72385006421246 1.62877637962811 1.34539270028472 1.79882834898308 1.36529348208569 1.67436898569576 0.971520637627691 1.03734762524255 1.82089007343166 1.55434549297206 1.38762945192866 1.21271982393228 1.15199303929694 1.06528286356479 1.01416193554178 1.54131274553947 1.06625380204059 1.48583918437362 1.12407966027968 1.79246928589419 1.08737787697464 1.23101659445092 1.77978525403887 1.90304541192017 0.969820572994649 1.55005569220521 1.34496086998843 1.6202517026104
1.62760240375064 0 1.09565686411224 1.29920671065338 1.34592426498421 1.16279821400531 1.3674995044712 1.86541737359948 1.74150529433973 1.47139903483912 1.31063494621776 1.29921333026141 1.22182058799081 1.21970227709971 1.35934822191484 1.89623699360527 1.41682558809407 1.70009287912399 1.60077008558437 0.986117971828207 1.47692003939301 1.08774023526348 0.956617208663374 1.3137146809604 1.79069036291912 1.80197039991617 1.14217152260244 1.35016139829531 1.24663672712632 1.02309954445809
1.72385006421246 1.09565686411224 0 1.43263568426482 1.32969278097153 1.37057820800692 1.04033847083338 1.68520232895389 1.46376682328992 1.1705958165694 1.49779166141525 1.49401070130989 1.29518246813677 1.43449056777172 1.57537365471944 1.13084465172142 1.49496494652703 1.24137833807617 1.46856774995103 1.70203905878589 1.15742393722758 1.54429227672517 1.83071928331628 1.40238268859684 1.76895805611275 1.29714375990443 1.59169517061673 1.77432711329311 1.66397618409246 1.21833828091621
1.62877637962811 1.29920671065338 1.43263568426482 0 1.58888280391693 1.24811290064827 1.81345179537311 1.14341636188328 1.20615643006749 1.68226229026914 1.40330553846434 1.43969076592475 1.29553532670252 1.38371913041919 1.77211453695782 1.7882504852023 1.35907017230056 1.09730157093145 0.963721030624583 1.36530417948961 1.82842985680327 1.30708359810524 1.7833835366182 1.26485436502844 1.20471664727665 1.89835736295208 1.84723676485009 1.79552259529009 1.43213782273233 1.67845047474839
1.34539270028472 1.34592426498421 1.32969278097153 1.58888280391693 0 1.18372367252596 1.08896248182282 1.27999722934328 1.33943454222754 1.85738484770991 1.0799866928719 1.0323957556393 1.63078742404468 0.989379434846342 1.19439703924581 0.945737177506089 1.56865948089398 1.42921090871096 1.89455925114453 1.7625005019363 1.60951769724488 1.6228706415277 1.28963240445592 1.30933605227619 1.59427794581279 1.71287044580095 1.58917159121484 1.0731223593466 1.52374015771784 1.56507779099047
1.79882834898308 1.16279821400531 1.37057820800692 1.24811290064827 1.18372367252596 0 1.38021292886697 1.34431897336617 1.5422085353639 1.18819233472459 1.35789225855842 1.35648886114359 1.29307248373516 1.4223605801817 1.81708113383502 1.14237300492823 1.20449755806476 1.82802366581745 1.69306354806758 1.05025093513541 0.931096695130691 1.04128539841622 1.41521289991215 1.10626277630217 1.32753653847612 1.76827705511823 1.46411627111956 1.05938339000568 1.77410509716719 1.64466316904873
1.36529348208569 1.3674995044712 1.04033847083338 1.81345179537311 1.08896248182282 1.38021292886697 0 1.11402218020521 0.973409667843953 1.45976641168818 1.47194705042057 1.85201670089737 0.966791955055669 1.90276946173981 0.958223751513287 1.85440148133785 1.30446608690545 1.42957734223455 1.40559070301242 1.81395861273631 1.03359170374461 1.07038892502896 1.36136582517065 1.76990712224506 1.33822876866907 1.84369464614429 1.77476028469391 1.01489853463136 1.05156277259812 0.925961249740794
1.67436898569576 1.86541737359948 1.68520232895389 1.14341636188328 1.27999722934328 1.34431897336617 1.11402218020521 0 0.921355651691556 1.20093183359131 1.3648063170258 1.01051754574291 1.49735330510885 1.11466468754224 0.958492526551709 1.18455328512937 1.04137850971892 1.72043092083186 1.85631053638645 1.7678378096316 1.11184626654722 1.61152307782322 1.33535077190027 1.87233623093925 1.12688463088125 0.91804107138887 1.2358110351488 1.40332875167951 1.74270059377886 1.26966151269153
0.971520637627691 1.74150529433973 1.46376682328992 1.20615643006749 1.33943454222754 1.5422085353639 0.973409667843953 0.921355651691556 0 0.904149227542803 1.80208522733301 1.40637561492622 0.976142378756776 1.44163315044716 1.40731162298471 1.67396253999323 1.0358491842635 1.67767972568981 1.26942292763852 1.20075706602074 1.70446401042864 1.09577128756791 1.6788742786739 1.57386987120844 1.09050602908246 1.04230274702422 1.58595688757487 1.35132550308481 1.45073730149306 0.903807115741074
1.03734762524255 1.47139903483912 1.1705958165694 1.68226229026914 1.85738484770991 1.18819233472459 1.45976641168818 1.20093183359131 0.904149227542803 0 1.45415649260394 1.51952492492273 1.85356236156076 1.77445201505907 1.55567017220892 1.85569833125919 1.10998978721909 1.07098263967782 1.13509957445785 1.12159060244448 1.29481857968494 1.0470550309401 1.50964527972974 1.13786433055066 1.26795249409042 1.64815426920541 1.25557476258837 1.02201270707883 1.79373553092591 1.20932382857427
1.82089007343166 1.31063494621776 1.49779166141525 1.40330553846434 1.0799866928719 1.35789225855842 1.47194705042057 1.3648063170258 1.80208522733301 1.45415649260394 0 1.07335065794177 1.66058990568854 1.80803286912851 1.11882281326689 1.35936477012001 1.82441426068544 1.07792008854449 1.53876486886293 1.85095709539019 1.59654469788074 1.70444232807495 1.43757072626613 1.16617519012652 1.05586273688823 0.945329223992303 1.65413012658246 1.67461146321148 1.75357368844561 1.75150326639414
1.55434549297206 1.29921333026141 1.49401070130989 1.43969076592475 1.0323957556393 1.35648886114359 1.85201670089737 1.01051754574291 1.40637561492622 1.51952492492273 1.07335065794177 0 1.82522227568552 1.57421500282362 1.65607012738474 1.55694566178136 1.50145288230851 1.36876677861437 1.79345664661378 1.74415736971423 0.961641834117472 1.42731431266293 0.969945782562718 1.31451857858337 1.37374695949256 1.41735738213174 1.77963677141815 1.64363889186643 1.38408260280266 1.26289803162217
1.38762945192866 1.22182058799081 1.29518246813677 1.29553532670252 1.63078742404468 1.29307248373516 0.966791955055669 1.49735330510885 0.976142378756776 1.85356236156076 1.66058990568854 1.82522227568552 0 1.49471076088957 1.37927556736395 1.67999705928378 1.71647266624495 1.4921571330633 1.1701169796288 0.963194195879623 1.80162859079428 0.986953428713605 1.38809057092294 1.02691625524312 1.22501374827698 1.17728424794041 1.28421456203796 1.83095035725273 1.62601636699401 1.40219822991639
1.21271982393228 1.21970227709971 1.43449056777172 1.38371913041919 0.989379434846342 1.4223605801817 1.90276946173981 1.11466468754224 1.44163315044716 1.77445201505907 1.80803286912851 1.57421500282362 1.49471076088957 0 1.37287109810859 1.34920064662583 1.34151272010058 1.71205587498844 1.22784390952438 1.33949320367537 0.948765857843682 1.7850464519579 1.51266160630621 1.21472672163509 1.45849029463716 1.29755890043452 1.50548561685719 1.12118174089119 1.52838648925535 1.56084992899559
1.15199303929694 1.35934822191484 1.57537365471944 1.77211453695782 1.19439703924581 1.81708113383502 0.958223751513287 0.958492526551709 1.40731162298471 1.55567017220892 1.11882281326689 1.65607012738474 1.37927556736395 1.37287109810859 0 1.78308831690811 1.57319442648441 1.00293224886991 1.05179142626002 0.986341620329767 1.16639182926156 1.03806085186079 1.1630131280981 1.52415135595948 1.406559035182 1.33017884078436 0.99892346910201 1.17601547762752 1.11426061065868 1.2623296007514
1.06528286356479 1.89623699360527 1.13084465172142 1.7882504852023 0.945737177506089 1.14237300492823 1.85440148133785 1.18455328512937 1.67396253999323 1.85569833125919 1.35936477012001 1.55694566178136 1.67999705928378 1.34920064662583 1.78308831690811 0 1.12249510665424 1.43633153731935 0.948822073638439 1.08982134261169 1.52034361707047 1.74454391747713 1.47856311360374 1.45345368748531 1.68682360928506 1.50400604936294 1.67539603146724 1.71938378293999 1.8057116412092 1.50275869225152
1.01416193554178 1.41682558809407 1.49496494652703 1.35907017230056 1.56865948089398 1.20449755806476 1.30446608690545 1.04137850971892 1.0358491842635 1.10998978721909 1.82441426068544 1.50145288230851 1.71647266624495 1.34151272010058 1.57319442648441 1.12249510665424 0 1.66094048134983 1.89502573758364 1.55665515246801 1.79170760931447 1.29046683688648 1.45776181854308 1.80031811981462 0.982265725266188 1.07491770852357 1.82105094008148 1.22137767006643 1.15758172771893 1.8839058035519
1.54131274553947 1.70009287912399 1.24137833807617 1.09730157093145 1.42921090871096 1.82802366581745 1.42957734223455 1.72043092083186 1.67767972568981 1.07098263967782 1.07792008854449 1.36876677861437 1.4921571330633 1.71205587498844 1.00293224886991 1.43633153731935 1.66094048134983 0 1.80698232958093 1.6020575184375 1.43720587622374 1.74940338963643 1.06815425329842 1.32378570945002 1.41659524128772 1.49301616474986 1.71870517428033 1.23518848023377 1.53752607200295 1.55156052974053
1.06625380204059 1.60077008558437 1.46856774995103 0.963721030624583 1.89455925114453 1.69306354806758 1.40559070301242 1.85631053638645 1.26942292763852 1.13509957445785 1.53876486886293 1.79345664661378 1.1701169796288 1.22784390952438 1.05179142626002 0.948822073638439 1.89502573758364 1.80698232958093 0 1.2225144894328 1.14801831939258 1.2071610589046 1.8091482790187 1.22420028969646 1.68983582011424 1.48829920357093 0.973002070793882 1.47435687854886 1.56620031339116 1.06275830767117
1.48583918437362 0.986117971828207 1.70203905878589 1.36530417948961 1.7625005019363 1.05025093513541 1.81395861273631 1.7678378096316 1.20075706602074 1.12159060244448 1.85095709539019 1.74415736971423 0.963194195879623 1.33949320367537 0.986341620329767 1.08982134261169 1.55665515246801 1.6020575184375 1.2225144894328 0 1.50819078786299 1.45934326807037 1.59048806596547 1.51626475318335 1.66862571449019 1.54640828585252 1.87187910242938 1.78736430616118 1.3541168961674 1.2408316261135
1.12407966027968 1.47692003939301 1.15742393722758 1.82842985680327 1.60951769724488 0.931096695130691 1.03359170374461 1.11184626654722 1.70446401042864 1.29481857968494 1.59654469788074 0.961641834117472 1.80162859079428 0.948765857843682 1.16639182926156 1.52034361707047 1.79170760931447 1.43720587622374 1.14801831939258 1.50819078786299 0 1.89796672435477 0.99406954087317 1.4135380955413 1.4609600554686 1.0895659995731 1.63982171029784 1.87195005407557 1.47830429207534 1.14544146182016
1.79246928589419 1.08774023526348 1.54429227672517 1.30708359810524 1.6228706415277 1.04128539841622 1.07038892502896 1.61152307782322 1.09577128756791 1.0470550309401 1.70444232807495 1.42731431266293 0.986953428713605 1.7850464519579 1.03806085186079 1.74454391747713 1.29046683688648 1.74940338963643 1.2071610589046 1.45934326807037 1.89796672435477 0 0.966918216785416 1.18442551861517 1.75281913368963 1.4203301332891 1.06199145200662 1.68865523929708 1.01018091733567 1.49187759286724
1.08737787697464 0.956617208663374 1.83071928331628 1.7833835366182 1.28963240445592 1.41521289991215 1.36136582517065 1.33535077190027 1.6788742786739 1.50964527972974 1.43757072626613 0.969945782562718 1.38809057092294 1.51266160630621 1.1630131280981 1.47856311360374 1.45776181854308 1.06815425329842 1.8091482790187 1.59048806596547 0.99406954087317 0.966918216785416 0 1.82489536493085 1.28141124267131 0.975589093053713 0.990700169699267 1.23297981196083 1.18065373855643 1.62426738720387
1.23101659445092 1.3137146809604 1.40238268859684 1.26485436502844 1.30933605227619 1.10626277630217 1.76990712224506 1.87233623093925 1.57386987120844 1.13786433055066 1.16617519012652 1.31451857858337 1.02691625524312 1.21472672163509 1.52415135595948 1.45345368748531 1.80031811981462 1.32378570945002 1.22420028969646 1.51626475318335 1.4135380955413 1.18442551861517 1.82489536493085 0 0.932107616215944 1.83139731758274 1.15211145929061 1.3457133253105 1.62383905868046 1.83759551565163
1.77978525403887 1.79069036291912 1.76895805611275 1.20471664727665 1.59427794581279 1.32753653847612 1.33822876866907 1.12688463088125 1.09050602908246 1.26795249409042 1.05586273688823 1.37374695949256 1.22501374827698 1.45849029463716 1.406559035182 1.68682360928506 0.982265725266188 1.41659524128772 1.68983582011424 1.66862571449019 1.4609600554686 1.75281913368963 1.28141124267131 0.932107616215944 0 0.938110671238974 1.59067103429697 1.76772951777093 1.10319945472293 1.37747360439971
1.90304541192017 1.80197039991617 1.29714375990443 1.89835736295208 1.71287044580095 1.76827705511823 1.84369464614429 0.91804107138887 1.04230274702422 1.64815426920541 0.945329223992303 1.41735738213174 1.17728424794041 1.29755890043452 1.33017884078436 1.50400604936294 1.07491770852357 1.49301616474986 1.48829920357093 1.54640828585252 1.0895659995731 1.4203301332891 0.975589093053713 1.83139731758274 0.938110671238974 0 1.44043735368177 1.44946968881413 1.89845833182335 1.83646113984287
0.969820572994649 1.14217152260244 1.59169517061673 1.84723676485009 1.58917159121484 1.46411627111956 1.77476028469391 1.2358110351488 1.58595688757487 1.25557476258837 1.65413012658246 1.77963677141815 1.28421456203796 1.50548561685719 0.99892346910201 1.67539603146724 1.82105094008148 1.71870517428033 0.973002070793882 1.87187910242938 1.63982171029784 1.06199145200662 0.990700169699267 1.15211145929061 1.59067103429697 1.44043735368177 0 1.5526393041946 1.15994322416373 1.5364679871127
1.55005569220521 1.35016139829531 1.77432711329311 1.79552259529009 1.0731223593466 1.05938339000568 1.01489853463136 1.40332875167951 1.35132550308481 1.02201270707883 1.67461146321148 1.64363889186643 1.83095035725273 1.12118174089119 1.17601547762752 1.71938378293999 1.22137767006643 1.23518848023377 1.47435687854886 1.78736430616118 1.87195005407557 1.68865523929708 1.23297981196083 1.3457133253105 1.76772951777093 1.44946968881413 1.5526393041946 0 1.64341598795727 0.957903817063197
1.34496086998843 1.24663672712632 1.66397618409246 1.43213782273233 1.52374015771784 1.77410509716719 1.05156277259812 1.74270059377886 1.45073730149306 1.79373553092591 1.75357368844561 1.38408260280266 1.62601636699401 1.52838648925535 1.11426061065868 1.8057116412092 1.15758172771893 1.53752607200295 1.56620031339116 1.3541168961674 1.47830429207534 1.01018091733567 1.18065373855643 1.62383905868046 1.10319945472293 1.89845833182335 1.15994322416373 1.64341598795727 0 1.58500062674284
1.6202517026104 1.02309954445809 1.21833828091621 1.67845047474839 1.56507779099047 1.64466316904873 0.925961249740794 1.26966151269153 0.903807115741074 1.20932382857427 1.75150326639414 1.26289803162217 1.40219822991639 1.56084992899559 1.2623296007514 1.50275869225152 1.8839058035519 1.55156052974053 1.06275830767117 1.2408316261135 1.14544146182016 1.49187759286724 1.62426738720387 1.83759551565163 1.37747360439971 1.83646113984287 1.5364679871127 0.957903817063197 1.58500062674284 0
