0 1.73779240436852 1.48860338446684 1.5266811652109 1.06160760554485 1.93394353543408 1.53485058806837 1.85542947985232 1.7161547828 1.20086687291041 1.64489087462425 1.70589732099324 1.2092384614516 1.14974009641446 1.74267617915757 1.81374588538893 1.03892935975455 1.21382624399848 1.08839807868935 1.61739241355099 1.06013177381828 1.07705039344728 1.04005926754326 1.60053121089004 1.7197370075155 1.1076402827166 1.24193583615124 1.23510280181654 1.72066238382831 1.63967519882135
1.73779240436852 0 1.49883805401623 1.93413038831204 0.966246666619554 1.38863431895152 1.1509510090109 1.19871263462119 1.82697664666921 1.05866080429405 1.33906243601814 1.91985095129348 1.89201209601015 1.81794472155161 1.37288218247704 1.42300124443136 1.12741446937434 1.8204272238072 1.32215989544056 1.1101946963463 1.24508676957339 0.979452355066314 1.83741353731602 1.33592205145396 1.55429513542913 1.03372707637027 1.82726241298951 1.14025999675505 1.26755894930102 1.49330090777948
1.48860338446684 1.49883805401623 0 1.58738259039819 1.01751050399616 1.03728353767656 1.88912056130357 1.64041390968487 1.71473829215392 1.35077282320708 1.59278639475815 1.79777151485905 1.79277025884949 1.65279154782183 1.66961981984787 1.56093170261011 1.48655641474761 0.948856767034158 1.07997166714631 1.40960005251691 1.21206624526531 1.21068734372966 1.53373783058487 1.74976648879237 1.50906077679247 1.26034810650162 1.5180201320909 1.52798935165629 1.51654250337742 1.20308055309579
1.5266811652109 1.93413038831204 1.58738259039819 0 1.4969078337308 1.41449132421985 1.02789658727124 1.15998671017587 1.6225582298357 1.82962525356561 1.66137852729298 1.80739574064501 1.3867024499923 0.947150934720412 1.49761794134974 1.48009176668711 1.59034830168821 0.973130394006148 1.57346021314152 1.09475522465073 1.38558388873935 1.91968364268541 1.69258735934272 1.1932295113802 1.17219968396239 1.14592369133607 1.3707899232395 1.66065226495266 1.02784827188589 1.4484688078519
1.06160760554485 0.966246666619554 1.01751050399616 1.4969078337308 0 1.2983997031115 1.72273549041711 1.25104125216603 1.38848280184902 1.34410541947 1.40671265032142 1.81338036130182 1.80873838812113 1.78964261198416 1.54532425734214 1.86723533808254 1.11489853542298 1.08512905123644 1.73466266435571 1.03317509242333 1.6734134585131 1.80888543720357 1.2407510895282 1.03765739779919 1.31888191611506 1.38848228147253 1.11702221329324 1.26013454981148 1.82671620207839 1.70453277952038
1.93394353543408 1.38863431895152 1.03728353767656 1.41449132421985 1.2983997031115 0 1.48005831963383 1.8306939995382 1.01205145288259 1.19832536112517 1.3652617612388 1.74063941417262 1.17491099936888 1.57180635049008 1.89569319901057 1.55152984289452 1.63097719009966 1.73162159905769 1.91646190267056 1.73281095991842 1.06649437779561 1.85423443140462 1.60291217057966 1.80240457737818 1.59792930237018 0.955458815675229 1.27102472982369 1.66513898316771 1.41172023583204 1.48045230074786
1.53485058806837 1.1509510090109 1.88912056130357 1.02789658727124 1.72273549041711 1.48005831963383 0 1.31886180653237 1.04955822392367 1.35718560428359 0.967990474309772 1.33361081848852 1.2342636231333 1.39488985878415 1.36245701974258 1.90203006844968 1.82770897448063 1.58600368187763 1.7869246606715 1.9318311905954 1.76540256477892 0.998433518456295 1.6912524397485 1.3654026305303 0.952650518622249 1.83125361986458 1.63218814274296 1.07860728446394 1.25056205876172 1.89029754488729
1.85542947985232 1.19871263462119 1.64041390968487 1.15998671017587 1.25104125216603 1.8306939995382 1.31886180653237 0 1.85989785753191 0.971665369113907 1.4314574347809 1.23183415015228 1.01198119949549 1.11104810493998 1.50099631026387 0.959647977491841 1.11626520240679 1.08094120537862 1.87397700874135 1.14711136859842 1.32274567312561 1.51919409562834 1.26172629045323 1.17831680364907 1.86554837203585 1.76098205847666 1.88538154005073 1.00494347140193 1.61203922261484 1.14185445033945
1.7161547828 1.82697664666921 1.71473829215392 1.6225582298357 1.38848280184902 1.01205145288259 1.04955822392367 1.85989785753191 0 1.80279013910331 1.10770844109356 1.00477809901349 1.82941237278283 1.14074445632286 1.09778845566325 1.33161096065305 1.15196971036494 1.07777819200419 1.04816885851324 0.976712815463543 1.59935738914646 1.52493724948727 1.36343467747793 1.62913933885284 1.52636516629718 0.952145271003246 1.19249522616155 1.79151930869557 1.90597145841457 1.50680325319991
1.20086687291041 1.05866080429405 1.35077282320708 1.82962525356561 1.34410541947 1.19832536112517 1.35718560428359 0.971665369113907 1.80279013910331 0 1.70755157549866 1.6301260527689 1.01081107975915 1.18502472224645 1.24108399311081 1.3589271036908 1.23650227882899 1.46181265381165 1.62868811632507 1.45683719124645 1.79112578183413 1.88143483339809 1.78209444554523 1.50678085628897 1.71296371240169 1.78451937111095 1.32892817095853 1.11845061881468 0.989783602533862 1.45179594750516
1.64489087462425 1.33906243601814 1.59278639475815 1.66137852729298 1.40671265032142 1.3652617612388 0.967990474309772 1.4314574347809 1.10770844109356 1.70755157549866 0 1.65676837251522 1.57088166452013 1.46692883293144 1.45085357804783 1.25017184508033 1.89096921985038 1.31371888308786 0.975641375640407 1.80366561934352 1.59475689334795 1.64407825260423 1.85751664149575 1.89508095919155 1.0346191204153 1.84110675449483 1.39279895438813 1.62211587955244 1.26587465591729 1.3635257827118
1.70589732099324 1.91985095129348 1.79777151485905 1.80739574064501 1.81338036130182 1.74063941417262 1.33361081848852 1.23183415015228 1.00477809901349 1.6301260527689 1.65676837251522 0 1.20880371564999 1.8414310044609 1.73208695231006 1.43189703579992 1.27190931723453 1.01703038951382 1.11103201285005 1.10252140439115 1.0392807633616 1.68640260840766 1.64154518861324 1.10907552484423 0.96256975736469 0.984361398266628 1.91851199697703 1.42413919372484 1.31374873709865 1.03598169563338
1.2092384614516 1.89201209601015 1.79277025884949 1.3867024499923 1.80873838812113 1.17491099936888 1.2342636231333 1.01198119949549 1.82941237278283 1.01081107975915 1.57088166452013 1.20880371564999 0 1.67755053611472 1.33411900885403 1.30814594239928 1.74632129515521 1.90833945991471 1.88275164109655 1.31941104470752 1.87592063006014 1.64006157987751 1.30620950157754 1.03844076395035 1.23656949703582 1.15154566802084 1.34268664335832 1.14649734669365 1.41338265128434 0.998026696033776
1.14974009641446 1.81794472155161 1.65279154782183 0.947150934720412 1.78964261198416 1.57180635049008 1.39488985878415 1.11104810493998 1.14074445632286 1.18502472224645 1.46692883293144 1.8414310044609 1.67755053611472 0 1.70941289444454 1.2255040789023 1.55569654190913 1.3816533931531 1.88825301267207 1.10642324830405 1.52580649685115 1.07884638989344 1.252124493476 1.4966710973531 1.01522473897785 1.51520362403244 1.40495528234169 1.46545093064196 1.73960170242935 1.6763616213575
1.74267617915757 1.37288218247704 1.66961981984787 1.49761794134974 1.54532425734214 1.89569319901057 1.36245701974258 1.50099631026387 1.09778845566325 1.24108399311081 1.45085357804783 1.73208695231006 1.33411900885403 1.70941289444454 0 1.43569200183265 1.61996791069396 1.12548195431009 1.15087403473444 1.45702962414362 1.30261527909897 1.15723197371699 1.03768304362893 1.26923769456334 1.42663450189866 1.80172449047677 1.69960341928527 1.47518629627302 1.37237170035951 1.71716515207663
1.81374588538893 1.42300124443136 1.56093170261011 1.48009176668711 1.86723533808254 1.55152984289452 1.90203006844968 0.959647977491841 1.33161096065305 1.3589271036908 1.25017184508033 1.43189703579992 1.30814594239928 1.2255040789023 1.43569200183265 0 1.4146277345717 0.961616760818288 1.11100764153525 1.09496028255671 1.15645289630629 1.36099792458117 1.19915572437458 1.89016252406873 1.13918513595127 1.62403322383761 1.5875509486068 1.90849817474373 1.93733742740005 1.24668748676777
1.03892935975455 1.12741446937434 1.48655641474761 1.59034830168821 1.11489853542298 1.63097719009966 1.82770897448063 1.11626520240679 1.15196971036494 1.23650227882899 1.89096921985038 1.27190931723453 1.74632129515521 1.55569654190913 1.61996791069396 1.4146277345717 0 1.50625722273253 0.957210779190063 0.973993519786745 1.86474544089288 1.78985767927952 1.80279681342654 1.84110282897018 1.3453665364068 1.76144643733278 1.49036661442369 1.38746750121936 1.49553485796787 1.2494856135454
1.21382624399848 1.8204272238072 0.948856767034158 0.973130394006148 1.08512905123644 1.73162159905769 1.58600368187763 1.08094120537862 1.07777819200419 1.46181265381165 1.31371888308786 1.01703038951382 1.90833945991471 1.3816533931531 1.12548195431009 0.961616760818288 1.50625722273253 0 1.70643529552035 1.46781656891108 1.76970321545377 0.946553248679265 1.16250961017795 1.10378624894656 1.32373929675668 1.10547413909808 1.76383124897256 1.08396976906806 1.70279517234303 1.62706965650432
1.08839807868935 1.32215989544056 1.07997166714631 1.57346021314152 1.73466266435571 1.91646190267056 1.7869246606715 1.87397700874135 1.04816885851324 1.62868811632507 0.975641375640407 1.11103201285005 1.88275164109655 1.88825301267207 1.15087403473444 1.11100764153525 0.957210779190063 1.70643529552035 0 1.29243465489708 1.74589084088802 1.23155253869481 1.17342215613462 1.83409530878998 1.43054636358283 1.08494489593431 1.62668026960455 0.989526641787961 1.38010909268633 1.70937085174955
1.61739241355099 1.1101946963463 1.40960005251691 1.09475522465073 1.03317509242333 1.73281095991842 1.9318311905954 1.14711136859842 0.976712815463543 1.45683719124645 1.80366561934352 1.10252140439115 1.31941104470752 1.10642324830405 1.45702962414362 1.09496028255671 0.973993519786745 1.46781656891108 1.29243465489708 0 1.71393739432096 1.81336427130736 1.41732997749932 1.76928930706345 1.27384735876694 1.14553139195777 1.04146612645127 1.80447784275748 1.52840597066097 1.7195431124419
1.06013177381828 1.24508676957339 1.21206624526531 1.38558388873935 1.6734134585131 1.06649437779561 1.76540256477892 1.32274567312561 1.59935738914646 1.79112578183413 1.59475689334795 1.0392807633616 1.87592063006014 1.52580649685115 1.30261527909897 1.15645289630629 1.86474544089288 1.76970321545377 1.74589084088802 1.71393739432096 0 1.07108323625289 1.64899096102454 1.09952163230628 1.58113147341646 0.96752461977303 1.61781330406666 1.67279989039525 1.33286551758647 1.48246717918664
1.07705039344728 0.979452355066314 1.21068734372966 1.91968364268541 1.80888543720357 1.85423443140462 0.998433518456295 1.51919409562834 1.52493724948727 1.88143483339809 1.64407825260423 1.68640260840766 1.64006157987751 1.07884638989344 1.15723197371699 1.36099792458117 1.78985767927952 0.946553248679265 1.23155253869481 1.81336427130736 1.07108323625289 0 1.71542898355983 1.88132101879455 1.33713857200928 1.36881483858451 1.7272664536722 1.01050157891586 1.75440658209845 1.64884552918375
1.04005926754326 1.83741353731602 1.53373783058487 1.69258735934272 1.2407510895282 1.60291217057966 1.6912524397485 1.26172629045323 1.36343467747793 1.78209444554523 1.85751664149575 1.64154518861324 1.30620950157754 1.252124493476 1.03768304362893 1.19915572437458 1.80279681342654 1.16250961017795 1.17342215613462 1.41732997749932 1.64899096102454 1.71542898355983 0 1.90371059603058 1.25342239858583 1.1454315118026 1.29613091400824 1.20999540644698 1.24367275158875 1.17640801658854
1.60053121089004 1.33592205145396 1.74976648879237 1.1932295113802 1.03765739779919 1.80240457737818 1.3654026305303 1.17831680364907 1.62913933885284 1.50678085628897 1.89508095919155 1.10907552484423 1.03844076395035 1.4966710973531 1.26923769456334 1.89016252406873 1.84110282897018 1.10378624894656 1.83409530878998 1.76928930706345 1.09952163230628 1.88132101879455 1.90371059603058 0 1.27182827913202 1.36305863480084 1.48839549324475 1.83851812430657 1.11595599516295 1.89569524978288
1.7197370075155 1.55429513542913 1.50906077679247 1.17219968396239 1.31888191611506 1.59792930237018 0.952650518622249 1.86554837203585 1.52636516629718 1.71296371240169 1.0346191204153 0.96256975736469 1.23656949703582 1.01522473897785 1.42663450189866 1.13918513595127 1.3453665364068 1.32373929675668 1.43054636358283 1.27384735876694 1.58113147341646 1.33713857200928 1.25342239858583 1.27182827913202 0 1.70759220002219 1.58830241765827 1.40423611202277 1.87139690876938 1.65758226974867
1.1076402827166 1.03372707637027 1.26034810650162 1.14592369133607 1.38848228147253 0.955458815675229 1.83125361986458 1.76098205847666 0.952145271003246 1.78451937111095 1.84110675449483 0.984361398266628 1.15154566802084 1.51520362403244 1.80172449047677 1.62403322383761 1.76144643733278 1.10547413909808 1.08494489593431 1.14553139195777 0.96752461977303 1.36881483858451 1.1454315118026 1.36305863480084 1.70759220002219 0 1.33853927836753 1.25999108492397 1.19877192378044 1.90354742994532
1.24193583615124 1.82726241298951 1.5180201320909 1.3707899232395 1.11702221329324 1.27102472982369 1.63218814274296 1.88538154005073 1.19249522616155 1.32892817095853 1.39279895438813 1.91851199697703 1.34268664335832 1.40495528234169 1.69960341928527 1.5875509486068 1.49036661442369 1.76383124897256 1.62668026960455 1.04146612645127 1.61781330406666 1.7272664536722 1.29613091400824 1.48839549324475 1.58830241765827 1.33853927836753 0 1.48476600716822 1.3400896799285 1.32988580479287
1.23510280181654 1.14025999675505 1.52798935165629 1.66065226495266 1.26013454981148 1.66513898316771 1.07860728446394 1.00494347140193 1.79151930869557 1.11845061881468 1.62211587955244 1.42413919372484 1.14649734669365 1.46545093064196 1.47518629627302 1.90849817474373 1.38746750121936 1.08396976906806 0.989526641787961 1.80447784275748 1.67279989039525 1.01050157891586 1.20999540644698 1.83851812430657 1.40423611202277 1.25999108492397 1.48476600716822 0 1.9167225046549 1.86594326421618
1.72066238382831 1.26755894930102 1.51654250337742 1.02784827188589 1.82671620207839 1.41172023583204 1.25056205876172 1.61203922261484 1.90597145841457 0.989783602533862 1.26587465591729 1.31374873709865 1.41338265128434 1.73960170242935 1.37237170035951 1.93733742740005 1.49553485796787 1.70279517234303 1.38010909268633 1.52840597066097 1.33286551758647 1.75440658209845 1.24367275158875 1.11595599516295 1.87139690876938 1.19877192378044 1.3400896799285 1.9167225046549 0 1.0338122015819
1.63967519882135 1.49330090777948 1.20308055309579 1.4484688078519 1.70453277952038 1.48045230074786 1.89029754488729 1.14185445033945 1.50680325319991 1.45179594750516 1.3635257827118 1.03598169563338 0.998026696033776 1.6763616213575 1.71716515207663 1.24668748676777 1.2494856135454 1.62706965650432 1.70937085174955 1.7195431124419 1.48246717918664 1.64884552918375 1.17640801658854 1.89569524978288 1.65758226974867 1.90354742994532 1.32988580479287 1.86594326421618 1.0338122015819 0
