0 1.45767165464349 1.52556773810647 1.32337272539735 1.91529284394346 1.16823348822072 1.20407423609868 1.36736514628865 0.951329592382535 1.57315984158777 1.77034043963067 1.9176390292123 1.91720682522282 1.38172655273229 1.2658740519546 1.83187914662994 1.74053097772412 1.7844229680486 1.7212936016731 1.69030414801091 1.27631261595525 1.29830414801836 1.18415623297915 1.10118417884223 1.64811240765266 1.58177581988275 1.79608396184631 1.76594498869963 1.58671124302782 0.992664833087474
1.45767165464349 0 1.70839468576014 1.16117152106017 1.92455775104463 1.29592241323553 1.1933540890459 0.954337425297126 1.44573291484267 1.34327619336545 1.46594433742575 1.66430713306181 1.3119870594237 1.57310560019687 1.44803065317683 1.45155893731862 1.11856672889553 0.959827919490635 1.15709098172374 1.44747688621283 1.10341633995995 1.52853399841115 1.93204629304819 1.39280425617471 1.05325791495852 1.93444496509619 1.22148239100352 1.62491264217533 1.62401849846356 1.72426058235578
1.52556773810647 1.70839468576014 0 1.68666409724392 1.47072157729417 1.71275893528946 1.51583108026534 1.72061393619515 1.76284037646838 1.2317481613718 1.17726352019235 1.58307997160591 1.6715012092609 1.45994295109995 1.85356576764025 1.58798055513762 1.84498742036521 1.15710918209516 1.73385358299129 1.2476711878553 1.51151439198293 1.47893028287217 1.60299882106483 1.83561739651486 1.7957197080832 1.44868818460964 1.84065143205225 1.06960433674976 1.76443966012448 1.01116069639102
1.32337272539735 1.16117152106017 1.68666409724392 0 1.0219816910103 0.953808822203428 1.80204954440705 1.45724144484848 1.40801651403308 1.22995322244242 1.04994639847428 1.66647176980041 1.82347621885128 1.41286314022727 1.69490212295204 1.61867837724276 1.50506078475155 1.58361630886793 1.82478846353479 1.44721788121387 1.36817283253185 1.03924652701244 1.5573141197674 1.80952720530331 1.19282033992931 1.31993828783743 1.4250375633128 0.97971421526745 1.91388570936397 1.70418510143645
1.91529284394346 1.92455775104463 1.47072157729417 1.0219816910103 0 1.02468628506176 1.69340207055211 1.23228771821596 1.23222360992804 1.46882244059816 1.76292761834338 1.32719951379113 1.53293221513741 1.27960247034207 1.88796034501866 1.03752438421361 1.66901823971421 1.79076982010156 1.43853219877928 0.973461927380413 0.949829725082964 1.26098230690695 1.20586493355222 1.58884223969653 1.30772441648878 1.10780420899391 1.5053539078217 1.80087705818005 1.52696936414577 1.50054731103592
1.16823348822072 1.29592241323553 1.71275893528946 0.953808822203428 1.02468628506176 0 1.78848922322504 1.52785110729747 1.48715361300856 1.93169111735187 1.33859471906908 1.02463451074436 1.6898251993116 1.23343006451614 1.2753644597251 1.4682860521134 1.86967141064815 1.3948800379876 1.8673616789747 1.84241842385381 1.86050033592619 1.71185611817054 1.27349454793148 1.76431876257993 1.56264718226157 1.87906295643188 1.22825697623193 1.01009745686315 1.44260348635726 1.72899824962951
1.20407423609868 1.1933540890459 1.51583108026534 1.80204954440705 1.69340207055211 1.78848922322504 0 1.11964017292485 1.30698412912898 1.55729479552247 1.36099150381051 1.66776957735419 1.39831288810819 0.956735977903008 1.73099723714404 1.71951783564873 1.43905442859977 1.68086834787391 1.27348871179856 1.8371445867233 1.06123866024427 1.54513012967072 1.29518121154979 1.54587624268606 1.55893630394712 1.84073257469572 1.46036998531781 1.08981673046947 1.8142009943258 1.69487627199851
1.36736514628865 0.954337425297126 1.72061393619515 1.45724144484848 1.23228771821596 1.52785110729747 1.11964017292485 0 1.73310565692373 1.70617362204939 1.36580753419548 1.27127638249658 1.7362455970142 1.10796126094647 1.73925685114227 1.56735452637076 1.41947329021059 1.84978073858656 1.79551355075091 1.63749747374095 1.64030511933379 1.87064333120361 1.69086941913702 1.13777967286296 1.6837754517328 1.93898087413982 1.58435698365793 1.64586379914545 1.04510721820407 1.57789711561054
0.951329592382535 1.44573291484267 1.76284037646838 1.40801651403308 1.23222360992804 1.48715361300856 1.30698412912898 1.73310565692373 0 1.28174166684039 1.68929949728772 1.57237012893893 1.4932965808548 1.80911874910817 1.4320152294822 1.78871515858918 1.27113323844969 1.55446124263108 1.80645794514567 1.10447623813525 1.08620212250389 1.84612130187452 1.75523323845118 1.93812709185295 1.41609716787934 1.49609817634337 1.37741606635973 1.74046341376379 1.62807823508047 1.29675703775138
1.57315984158777 1.34327619336545 1.2317481613718 1.22995322244242 1.46882244059816 1.93169111735187 1.55729479552247 1.70617362204939 1.28174166684039 0 1.42308690515347 1.18816798902117 1.83424285124056 1.73153314972296 1.03773067216389 1.93939630524255 1.66563390102237 1.55892952554859 0.964086910011247 1.56352930609137 1.41823599627241 1.73496286035515 1.12028982536867 0.982439908664674 1.30333292647265 1.29242074931972 1.39735827525146 1.85529372585006 1.18200046941638 1.08501014625654
1.77034043963067 1.46594433742575 1.17726352019235 1.04994639847428 1.76292761834338 1.33859471906908 1.36099150381051 1.36580753419548 1.68929949728772 1.42308690515347 0 0.958129034843296 1.08962692576461 1.53528129588813 1.50564236775972 1.28895278228447 1.00122778699733 1.26789836701937 1.29920060862787 1.25623405794613 1.34454999305308 1.83072716649622 1.93983487086371 1.88845909992233 1.10903309611604 1.54726037499495 1.0988249364309 1.05720935831778 1.66165022761561 1.94020393537357
1.9176390292123 1.66430713306181 1.58307997160591 1.66647176980041 1.32719951379113 1.02463451074436 1.66776957735419 1.27127638249658 1.57237012893893 1.18816798902117 0.958129034843296 0 1.73760025971569 1.83985267975368 1.37742770486511 1.6497369678691 1.01800585584715 1.83339283312671 1.88092599436641 1.42119946191087 1.3082979908213 1.0494964113459 1.60464136116207 1.47908950946294 1.46368682431057 1.36202435079031 1.55841884575784 1.67585239838809 1.09829008509405 0.982074900530279
1.91720682522282 1.3119870594237 1.6715012092609 1.82347621885128 1.53293221513741 1.6898251993116 1.39831288810819 1.7362455970142 1.4932965808548 1.83424285124056 1.08962692576461 1.73760025971569 0 1.52936870371923 1.21915329108015 1.28307545208372 1.41969921602868 1.29250016738661 1.16576487361453 1.69851427245885 1.7886407324113 1.09962196438573 1.9267137022689 1.60263123456389 1.65160344867036 1.16793044516817 1.32439045165665 1.85166670940816 1.69439205667004 1.88436967716552
1.38172655273229 1.57310560019687 1.45994295109995 1.41286314022727 1.27960247034207 1.23343006451614 0.956735977903008 1.10796126094647 1.80911874910817 1.73153314972296 1.53528129588813 1.83985267975368 1.52936870371923 0 1.91009539645165 1.74267736007459 1.09250160399824 1.57639159169048 1.21053619938903 1.27681664819829 1.71394108515233 1.60091395908967 1.38277399749495 1.40495814336464 1.03549967729487 1.5771818163339 1.53556448663585 1.64060192019679 1.6844063217286 1.88666829140857
1.2658740519546 1.44803065317683 1.85356576764025 1.69490212295204 1.88796034501866 1.2753644597251 1.73099723714404 1.73925685114227 1.4320152294822 1.03773067216389 1.50564236775972 1.37742770486511 1.21915329108015 1.91009539645165 0 1.18262502574362 1.25257661030628 1.43653633305803 1.90559875802137 1.50966007681563 1.55316947516985 0.950235622934997 0.991713895229623 1.71627577231266 1.75441450788639 1.60745202959515 1.74628701340407 1.06874512834474 0.995407471433282 1.57198714581318
1.83187914662994 1.45155893731862 1.58798055513762 1.61867837724276 1.03752438421361 1.4682860521134 1.71951783564873 1.56735452637076 1.78871515858918 1.93939630524255 1.28895278228447 1.6497369678691 1.28307545208372 1.74267736007459 1.18262502574362 0 1.86647743638605 1.74528834200464 1.44398282212205 1.40510673075914 1.72842003428377 1.23344076541252 1.22218632977456 1.04548789002001 1.1708420640789 1.61889299750328 1.07913828548044 1.93214687937871 1.16780391149223 1.08917183848098
1.74053097772412 1.11856672889553 1.84498742036521 1.50506078475155 1.66901823971421 1.86967141064815 1.43905442859977 1.41947329021059 1.27113323844969 1.66563390102237 1.00122778699733 1.01800585584715 1.41969921602868 1.09250160399824 1.25257661030628 1.86647743638605 0 1.75992391048931 1.10758570302278 1.28187490161508 1.69071527407505 1.63866735389456 1.70154920546338 1.61434877663851 1.75252025551163 1.64474508003332 1.01516415644437 1.00145034072921 0.99784893495962 1.28274558205158
1.7844229680486 0.959827919490635 1.15710918209516 1.58361630886793 1.79076982010156 1.3948800379876 1.68086834787391 1.84978073858656 1.55446124263108 1.55892952554859 1.26789836701937 1.83339283312671 1.29250016738661 1.57639159169048 1.43653633305803 1.74528834200464 1.75992391048931 0 1.18713153316639 1.34414721932262 1.2739984979853 1.16573223145679 1.26417622622102 1.52277899952605 1.14539440581575 1.30492501379922 1.68734032474458 1.59083011560142 1.01897375867702 1.07990937726572
1.7212936016731 1.15709098172374 1.73385358299129 1.82478846353479 1.43853219877928 1.8673616789747 1.27348871179856 1.79551355075091 1.80645794514567 0.964086910011247 1.29920060862787 1.88092599436641 1.16576487361453 1.21053619938903 1.90559875802137 1.44398282212205 1.10758570302278 1.18713153316639 0 1.07835525879636 1.58904135623015 1.54873322206549 1.5573748589959 1.14881513337605 1.36967353196815 1.898596216226 1.5966838770546 1.37557867635041 1.10295890481211 1.00684774713591
1.69030414801091 1.44747688621283 1.2476711878553 1.44721788121387 0.973461927380413 1.84241842385381 1.8371445867233 1.63749747374095 1.10447623813525 1.56352930609137 1.25623405794613 1.42119946191087 1.69851427245885 1.27681664819829 1.50966007681563 1.40510673075914 1.28187490161508 1.34414721932262 1.07835525879636 0 1.87452291906811 1.91468629683368 1.37187976250425 1.21742441318929 1.90176005614921 1.43155814567581 1.29204757092521 1.14298693812452 1.80020820419304 0.978148976806551
1.27631261595525 1.10341633995995 1.51151439198293 1.36817283253185 0.949829725082964 1.86050033592619 1.06123866024427 1.64030511933379 1.08620212250389 1.41823599627241 1.34454999305308 1.3082979908213 1.7886407324113 1.71394108515233 1.55316947516985 1.72842003428377 1.69071527407505 1.2739984979853 1.58904135623015 1.87452291906811 0 1.38917858037166 1.50213958905078 1.13165248837322 1.45554500259459 1.83174426760525 1.44648606539704 1.26903451280668 1.83717751014046 1.03913077223115
1.29830414801836 1.52853399841115 1.47893028287217 1.03924652701244 1.26098230690695 1.71185611817054 1.54513012967072 1.87064333120361 1.84612130187452 1.73496286035515 1.83072716649622 1.0494964113459 1.09962196438573 1.60091395908967 0.950235622934997 1.23344076541252 1.63866735389456 1.16573223145679 1.54873322206549 1.91468629683368 1.38917858037166 0 1.0180979159195 1.69199227937497 1.62294686865062 1.80341692618094 1.22602182650007 1.0523518845439 1.74066092120484 1.39563398691826
1.18415623297915 1.93204629304819 1.60299882106483 1.5573141197674 1.20586493355222 1.27349454793148 1.29518121154979 1.69086941913702 1.75523323845118 1.12028982536867 1.93983487086371 1.60464136116207 1.9267137022689 1.38277399749495 0.991713895229623 1.22218632977456 1.70154920546338 1.26417622622102 1.5573748589959 1.37187976250425 1.50213958905078 1.0180979159195 0 1.55092573235743 1.35979995597154 1.76668591657653 1.2199082125444 1.48746052384377 1.09909461415373 1.40040073706768
1.10118417884223 1.39280425617471 1.83561739651486 1.80952720530331 1.58884223969653 1.76431876257993 1.54587624268606 1.13777967286296 1.93812709185295 0.982439908664674 1.88845909992233 1.47908950946294 1.60263123456389 1.40495814336464 1.71627577231266 1.04548789002001 1.61434877663851 1.52277899952605 1.14881513337605 1.21742441318929 1.13165248837322 1.69199227937497 1.55092573235743 0 1.50815371377394 1.9337940805126 1.67322121560574 1.36249092570506 0.960163548821583 1.67681274027564
1.64811240765266 1.05325791495852 1.7957197080832 1.19282033992931 1.30772441648878 1.56264718226157 1.55893630394712 1.6837754517328 1.41609716787934 1.30333292647265 1.10903309611604 1.46368682431057 1.65160344867036 1.03549967729487 1.75441450788639 1.1708420640789 1.75252025551163 1.14539440581575 1.36967353196815 1.90176005614921 1.45554500259459 1.62294686865062 1.35979995597154 1.50815371377394 0 1.15827972977422 1.56722445623018 1.75380139355548 1.22757909307256 1.47717338753864
1.58177581988275 1.93444496509619 1.44868818460964 1.31993828783743 1.10780420899391 1.87906295643188 1.84073257469572 1.93898087413982 1.49609817634337 1.29242074931972 1.54726037499495 1.36202435079031 1.16793044516817 1.5771818163339 1.60745202959515 1.61889299750328 1.64474508003332 1.30492501379922 1.898596216226 1.43155814567581 1.83174426760525 1.80341692618094 1.76668591657653 1.9337940805126 1.15827972977422 0 1.63207735144533 1.27998908096924 1.51969214365818 1.84360889857635
1.79608396184631 1.22148239100352 1.84065143205225 1.4250375633128 1.5053539078217 1.22825697623193 1.46036998531781 1.58435698365793 1.37741606635973 1.39735827525146 1.0988249364309 1.55841884575784 1.32439045165665 1.53556448663585 1.74628701340407 1.07913828548044 1.01516415644437 1.68734032474458 1.5966838770546 1.29204757092521 1.44648606539704 1.22602182650007 1.2199082125444 1.67322121560574 1.56722445623018 1.63207735144533 0 1.03747304319404 1.49204724375159 1.81383173074573
1.76594498869963 1.62491264217533 1.06960433674976 0.97971421526745 1.80087705818005 1.01009745686315 1.08981673046947 1.64586379914545 1.74046341376379 1.85529372585006 1.05720935831778 1.67585239838809 1.85166670940816 1.64060192019679 1.06874512834474 1.93214687937871 1.00145034072921 1.59083011560142 1.37557867635041 1.14298693812452 1.26903451280668 1.0523518845439 1.48746052384377 1.36249092570506 1.75380139355548 1.27998908096924 1.03747304319404 0 1.30292424373329 1.85397274582647
1.58671124302782 1.62401849846356 1.76443966012448 1.91388570936397 1.52696936414577 1.44260348635726 1.8142009943258 1.04510721820407 1.62807823508047 1.18200046941638 1.66165022761561 1.09829008509405 1.69439205667004 1.6844063217286 0.995407471433282 1.16780391149223 0.99784893495962 1.01897375867702 1.10295890481211 1.80020820419304 1.83717751014046 1.74066092120484 1.09909461415373 0.960163548821583 1.22757909307256 1.51969214365818 1.49204724375159 1.30292424373329 0 1.50082409824245
0.992664833087474 1.72426058235578 1.01116069639102 1.70418510143645 1.50054731103592 1.72899824962951 1.69487627199851 1.57789711561054 1.29675703775138 1.08501014625654 1.94020393537357 0.982074900530279 1.88436967716552 1.88666829140857 1.57198714581318 1.08917183848098 1.28274558205158 1.07990937726572 1.00684774713591 0.978148976806551 1.03913077223115 1.39563398691826 1.40040073706768 1.67681274027564 1.47717338753864 1.84360889857635 1.81383173074573 1.85397274582647 1.50082409824245 0
