0 1.63049827399664 1.64768569916487 1.89378006989136 1.00476456619799 1.8444781426806 1.21817483566701 1.30035831895657 1.38731985143386 1.47522807610221 1.56001553451642 1.6323474382516 1.24955789139494 1.57913799793459 1.25622711889446 1.10493022715673 1.02082543540746 1.39327271096408 1.5829928801395 1.32729674736038 1.32492891512811 1.73182756919414 1.27851973101497 1.20049523678608 1.88701476342976 1.58631451334804 1.18861865601502 1.16533529642038 1.21401754044928 1.42910394864157
1.63049827399664 0 1.18383017950691 1.17446399084292 1.74132888345048 1.7110570340883 1.46654891641811 1.83013810170814 1.36640175059438 1.58164980867878 1.01457415428013 1.40374113572761 1.4276363174431 1.80417197500356 1.89050866430625 1.89827291644178 1.12133795651607 1.45626642880961 1.33866329723969 1.39444610546343 1.6089956574142 1.06912886258215 1.18026731675491 1.26102244132198 1.89442025357857 1.39795497921295 0.976943579269573 1.54829466319643 1.55209625419229 0.956930739572272
1.64768569916487 1.18383017950691 0 1.89108499675058 1.84579235804267 0.995806231163442 1.43667278578505 1.16053058253601 1.8855687759351 0.972365217050537 1.51175891701132 1.81866813567467 1.37189444038086 1.02424022415653 1.58707579760812 1.06771108577959 1.11146530020051 1.61885980586521 1.90161754400469 1.44530602358282 1.29372505866922 1.20045779272914 1.86834240076132 1.15241670212708 1.05339243891649 1.67756255459972 1.49693701323122 1.15391460433602 1.14426409848966 1.3167272049468
1.89378006989136 1.17446399084292 1.89108499675058 0 1.62126339995302 1.18234743317589 1.01461036480032 1.8376558648888 1.49198200763203 1.39011194882914 1.15942902886309 1.79290630435571 1.04393796389922 1.17173034115694 1.91582418326288 1.35104691213928 1.21396080823615 1.34432248468511 1.74538877001032 1.70677579776384 1.02668341924436 1.20516378269531 1.0340935906861 1.14218192803673 1.65789395710453 1.30060753109865 0.987349871313199 1.41091821971349 1.07308862940408 0.965401369147003
1.00476456619799 1.74132888345048 1.84579235804267 1.62126339995302 0 1.84167813649401 1.67486799531616 1.74590966128744 1.85646426980384 0.965636307839304 0.977816766826436 1.6550687905401 1.26515462156385 1.11803950369358 1.61454597837292 1.55520518845879 1.33689112775028 1.53063830616884 1.19004893535748 1.35817686561495 1.69566888432018 1.16288649081253 1.62907201750204 1.07977706892416 1.47208263189532 1.69820835557766 1.39280589809641 1.17046564957127 1.718225433724 0.962753006489947
1.8444781426806 1.7110570340883 0.995806231163442 1.18234743317589 1.84167813649401 0 1.00989287253469 1.31627676659264 0.94089172873646 1.57732132892124 1.91611404111609 1.1241486503277 1.00925785629079 1.10946817533113 1.47834245138802 1.44947006297298 1.90123802889138 1.02469134610146 1.78175865719095 1.34213115694001 1.38069655606523 1.54468273557723 1.24053302593529 1.10152182728052 1.62765337666497 1.27453717659228 1.31215254985727 1.91121970745735 1.18582588620484 1.82742534554563
1.21817483566701 1.46654891641811 1.43667278578505 1.01461036480032 1.67486799531616 1.00989287253469 0 1.2754190012347 1.64281435729936 1.42754009482451 1.53286949172616 1.53385906037875 1.3448411966674 1.0363595879171 1.39597770664841 1.77588496496901 1.17516698664986 1.25725732604042 1.42373179993592 1.43522040895186 1.42207029438578 1.63932763785124 1.23053808067925 1.71629222645424 1.46778058982454 1.82301520742476 1.07143956166692 1.08703662175685 1.86369832674973 1.51910292333923
1.30035831895657 1.83013810170814 1.16053058253601 1.8376558648888 1.74590966128744 1.31627676659264 1.2754190012347 0 1.8766245492734 1.00546241365373 1.0712557961233 1.75869617564604 1.49390159337781 1.38619911018759 1.4525133529678 1.69924782728776 1.61273011495359 1.04170840722509 0.977644698461518 1.52039296273142 0.968778307083994 1.24160637101158 0.943384066224098 1.46014202781953 1.85137886251323 1.31302786478773 1.36251798504964 1.90537653630599 1.39457270922139 1.04500854434446
1.38731985143386 1.36640175059438 1.8855687759351 1.49198200763203 1.85646426980384 0.94089172873646 1.64281435729936 1.8766245492734 0 1.35421326477081 1.69742569606751 1.91244151652791 1.04503460088745 1.34069600212388 1.23572119721211 1.34356714296155 1.42605914687738 1.7627760854084 1.54662471008487 1.72903776913881 1.2125433916226 1.78081825631671 1.66760201868601 1.65065456461161 1.62872179783881 1.86159287928604 1.09730580588803 1.82764451042749 1.74835046171211 1.39978373935446
1.47522807610221 1.58164980867878 0.972365217050537 1.39011194882914 0.965636307839304 1.57732132892124 1.42754009482451 1.00546241365373 1.35421326477081 0 1.87244749278761 1.28025544527918 1.05194139154628 1.34886989719234 1.45090186875314 0.976790823042393 1.04125222819857 1.53811814216897 1.3445179190021 1.56661617313512 1.80284824548289 1.00566354813054 0.978992261691019 1.66799519187771 1.30431659566239 1.57860316894948 1.75263219512999 1.54052049573511 1.17952879774384 1.29947761422954
1.56001553451642 1.01457415428013 1.51175891701132 1.15942902886309 0.977816766826436 1.91611404111609 1.53286949172616 1.0712557961233 1.69742569606751 1.87244749278761 0 1.3936574710533 1.13875614455901 1.85190227115527 1.61517596757039 1.38185493345372 1.81859420449473 1.89328014198691 1.48143480019644 1.55879716505297 1.21960534481332 1.58568692905828 1.69268552958965 1.09892042749561 1.17522925138474 1.02456249366514 1.55431856540963 1.69929120014422 1.71076090610586 1.666477316292
1.6323474382516 1.40374113572761 1.81866813567467 1.79290630435571 1.6550687905401 1.1241486503277 1.53385906037875 1.75869617564604 1.91244151652791 1.28025544527918 1.3936574710533 0 1.78490302688442 1.08957190928049 1.15524566848762 1.04482248262502 1.71730134100653 1.92089217365719 0.956131946062669 1.46197571000084 1.09787825145759 1.541625529062 1.88482392649166 1.428895031102 1.83467914653011 1.78226859169081 1.91296858503483 1.2655071655754 1.03357485868037 1.14069333882071
1.24955789139494 1.4276363174431 1.37189444038086 1.04393796389922 1.26515462156385 1.00925785629079 1.3448411966674 1.49390159337781 1.04503460088745 1.05194139154628 1.13875614455901 1.78490302688442 0 1.50455577042885 1.1782351534348 1.78994210297242 1.05195673019625 0.972502223914489 1.334126874106 1.92182239959948 1.04621974797919 1.3641077845823 1.8148006722331 0.997419090010226 1.58887436869554 1.83148934855126 1.85843127733096 1.04922680184245 1.91441231314093 1.55225196969695
1.57913799793459 1.80417197500356 1.02424022415653 1.17173034115694 1.11803950369358 1.10946817533113 1.0363595879171 1.38619911018759 1.34069600212388 1.34886989719234 1.85190227115527 1.08957190928049 1.50455577042885 0 0.966275948332623 1.6247294053901 1.28168237116188 1.69410410174169 1.78255642508157 1.09562540380284 1.82767311460339 1.84781691757962 1.20135979214683 1.08111799065955 1.70697124302387 1.70551690715365 1.34885195526294 1.02671347744763 0.970594625687227 1.4137652986683
1.25622711889446 1.89050866430625 1.58707579760812 1.91582418326288 1.61454597837292 1.47834245138802 1.39597770664841 1.4525133529678 1.23572119721211 1.45090186875314 1.61517596757039 1.15524566848762 1.1782351534348 0.966275948332623 0 1.90604067291133 1.0966525611002 1.3467846410349 1.14583095931448 1.5423849336803 1.22338304831646 1.2199168195948 1.16780747217126 1.29639022657648 1.88843451067805 1.62440651236102 1.01334804715589 1.02321229572408 1.45631840615533 1.18411534000188
1.10493022715673 1.89827291644178 1.06771108577959 1.35104691213928 1.55520518845879 1.44947006297298 1.77588496496901 1.69924782728776 1.34356714296155 0.976790823042393 1.38185493345372 1.04482248262502 1.78994210297242 1.6247294053901 1.90604067291133 0 1.31809956976213 1.18044458050281 1.6379548991099 1.13593958830461 1.07311685825698 1.53290134039707 0.937630517873913 0.990390643943101 1.218254331965 1.68814729060978 1.70911743119359 1.17774156969972 1.5226166038774 1.76362041709945
1.02082543540746 1.12133795651607 1.11146530020051 1.21396080823615 1.33689112775028 1.90123802889138 1.17516698664986 1.61273011495359 1.42605914687738 1.04125222819857 1.81859420449473 1.71730134100653 1.05195673019625 1.28168237116188 1.0966525611002 1.31809956976213 0 1.65594297763892 1.11264041136019 1.25410775723867 1.35892420518212 1.41798896552064 1.51388113666326 1.37498633353971 1.65784182003699 1.50464638322592 1.55651054531336 1.26284954161383 1.64280118094757 1.10929614328779
1.39327271096408 1.45626642880961 1.61885980586521 1.34432248468511 1.53063830616884 1.02469134610146 1.25725732604042 1.04170840722509 1.7627760854084 1.53811814216897 1.89328014198691 1.92089217365719 0.972502223914489 1.69410410174169 1.3467846410349 1.18044458050281 1.65594297763892 0 1.45236209500581 1.04435833962634 1.9171021268703 1.67318688193336 0.934094799449667 1.55789426644333 1.68548483704217 1.05868215998635 1.35145834344439 1.12145348801278 1.47716750437394 1.28416714491323
1.5829928801395 1.33866329723969 1.90161754400469 1.74538877001032 1.19004893535748 1.78175865719095 1.42373179993592 0.977644698461518 1.54662471008487 1.3445179190021 1.48143480019644 0.956131946062669 1.334126874106 1.78255642508157 1.14583095931448 1.6379548991099 1.11264041136019 1.45236209500581 0 1.05421568499878 0.961086281109601 1.64533514017239 1.26204946776852 1.34880622779019 1.76505831233226 1.6533338392619 1.70167947304435 0.927731837844476 1.29322249395773 1.30336890183389
1.32729674736038 1.39444610546343 1.44530602358282 1.70677579776384 1.35817686561495 1.34213115694001 1.43522040895186 1.52039296273142 1.72903776913881 1.56661617313512 1.55879716505297 1.46197571000084 1.92182239959948 1.09562540380284 1.5423849336803 1.13593958830461 1.25410775723867 1.04435833962634 1.05421568499878 0 1.38166194967926 1.0540533226449 1.89988565305248 1.45280809048563 1.34007491567172 1.08838388696313 1.71816373011097 1.02016561920755 1.83108904445544 1.5491925443057
1.32492891512811 1.6089956574142 1.29372505866922 1.02668341924436 1.69566888432018 1.38069655606523 1.42207029438578 0.968778307083994 1.2125433916226 1.80284824548289 1.21960534481332 1.09787825145759 1.04621974797919 1.82767311460339 1.22338304831646 1.07311685825698 1.35892420518212 1.9171021268703 0.961086281109601 1.38166194967926 0 1.47427868540399 1.55879193497822 1.17366148578003 1.90283216582611 1.38271947251633 1.12251888262108 1.44150419253856 1.52119774487801 1.60004152194597
1.73182756919414 1.06912886258215 1.20045779272914 1.20516378269531 1.16288649081253 1.54468273557723 1.63932763785124 1.24160637101158 1.78081825631671 1.00566354813054 1.58568692905828 1.541625529062 1.3641077845823 1.84781691757962 1.2199168195948 1.53290134039707 1.41798896552064 1.67318688193336 1.64533514017239 1.0540533226449 1.47427868540399 0 0.988457832019776 1.74999646260403 1.36446259450167 1.63110013655387 1.41510217473842 1.39674264960922 1.31460675410926 1.17546946019866
1.27851973101497 1.18026731675491 1.86834240076132 1.0340935906861 1.62907201750204 1.24053302593529 1.23053808067925 0.943384066224098 1.66760201868601 0.978992261691019 1.69268552958965 1.88482392649166 1.8148006722331 1.20135979214683 1.16780747217126 0.937630517873913 1.51388113666326 0.934094799449667 1.26204946776852 1.89988565305248 1.55879193497822 0.988457832019776 0 1.34530946309678 0.999970687553287 0.996181492693722 1.87212676624767 1.6148095515091 1.5372231984511 1.87445152155124
1.20049523678608 1.26102244132198 1.15241670212708 1.14218192803673 1.07977706892416 1.10152182728052 1.71629222645424 1.46014202781953 1.65065456461161 1.66799519187771 1.09892042749561 1.428895031102 0.997419090010226 1.08111799065955 1.29639022657648 0.990390643943101 1.37498633353971 1.55789426644333 1.34880622779019 1.45280809048563 1.17366148578003 1.74999646260403 1.34530946309678 0 1.67106223618612 1.11436442728154 1.01011617109179 1.74609465058893 1.45134010096081 0.989294782746583
1.88701476342976 1.89442025357857 1.05339243891649 1.65789395710453 1.47208263189532 1.62765337666497 1.46778058982454 1.85137886251323 1.62872179783881 1.30431659566239 1.17522925138474 1.83467914653011 1.58887436869554 1.70697124302387 1.88843451067805 1.218254331965 1.65784182003699 1.68548483704217 1.76505831233226 1.34007491567172 1.90283216582611 1.36446259450167 0.999970687553287 1.67106223618612 0 1.01330850995146 1.38996938965283 1.4040697182063 1.6369729579892 1.55300224316306
1.58631451334804 1.39795497921295 1.67756255459972 1.30060753109865 1.69820835557766 1.27453717659228 1.82301520742476 1.31302786478773 1.86159287928604 1.57860316894948 1.02456249366514 1.78226859169081 1.83148934855126 1.70551690715365 1.62440651236102 1.68814729060978 1.50464638322592 1.05868215998635 1.6533338392619 1.08838388696313 1.38271947251633 1.63110013655387 0.996181492693722 1.11436442728154 1.01330850995146 0 1.47770980931818 1.14468266582116 1.11704095033929 1.83902628626674
1.18861865601502 0.976943579269573 1.49693701323122 0.987349871313199 1.39280589809641 1.31215254985727 1.07143956166692 1.36251798504964 1.09730580588803 1.75263219512999 1.55431856540963 1.91296858503483 1.85843127733096 1.34885195526294 1.01334804715589 1.70911743119359 1.55651054531336 1.35145834344439 1.70167947304435 1.71816373011097 1.12251888262108 1.41510217473842 1.87212676624767 1.01011617109179 1.38996938965283 1.47770980931818 0 1.10624904674478 1.2415170117747 1.21438074344769
1.16533529642038 1.54829466319643 1.15391460433602 1.41091821971349 1.17046564957127 1.91121970745735 1.08703662175685 1.90537653630599 1.82764451042749 1.54052049573511 1.69929120014422 1.2655071655754 1.04922680184245 1.02671347744763 1.02321229572408 1.17774156969972 1.26284954161383 1.12145348801278 0.927731837844476 1.02016561920755 1.44150419253856 1.39674264960922 1.6148095515091 1.74609465058893 1.4040697182063 1.14468266582116 1.10624904674478 0 1.25687482394278 1.70664736814797
1.21401754044928 1.55209625419229 1.14426409848966 1.07308862940408 1.718225433724 1.18582588620484 1.86369832674973 1.39457270922139 1.74835046171211 1.17952879774384 1.71076090610586 1.03357485868037 1.91441231314093 0.970594625687227 1.45631840615533 1.5226166038774 1.64280118094757 1.47716750437394 1.29322249395773 1.83108904445544 1.52119774487801 1.31460675410926 1.5372231984511 1.45134010096081 1.6369729579892 1.11704095033929 1.2415170117747 1.25687482394278 0 1.24337848206051
1.42910394864157 0.956930739572272 1.3167272049468 0.965401369147003 0.962753006489947 1.82742534554563 1.51910292333923 1.04500854434446 1.39978373935446 1.29947761422954 1.666477316292 1.14069333882071 1.55225196969695 1.4137652986683 1.18411534000188 1.76362041709945 1.10929614328779 1.28416714491323 1.30336890183389 1.5491925443057 1.60004152194597 1.17546946019866 1.87445152155124 0.989294782746583 1.55300224316306 1.83902628626674 1.21438074344769 1.70664736814797 1.24337848206051 0
