0 1.81660414952785 1.39577194885351 1.85423164395615 1.13252957095392 1.54262920259498 0.967291517416015 1.53295377781615 1.42004005121998 1.02679248922504 1.8115152399987 1.1474235043861 1.13025080855004 1.80085935071111 1.05162924621254 1.48726488323882 1.66315531963482 1.31794919865206 1.8381303101778 1.2771579043474 1.36101676337421 1.48139248648658 1.48782721115276 1.05163552728482 1.64587006880902 1.44131942931563 1.25579807069153 1.64281769725494 1.52588702947833 1.6595140886493
1.81660414952785 0 1.24978165677749 0.992659817449749 1.53599373577163 1.62443412235007 1.88260355987586 1.03703883709386 0.93468314432539 1.24952296353877 1.30267365276814 1.92388278362341 1.26719698240049 1.81496059568599 1.42781548132189 0.957086259499192 1.81226597470231 1.81963237398304 1.08205057797022 1.54929600050673 1.46919500804506 1.50269473367371 1.86239208071493 1.29574635904282 1.6566259409301 0.962522311368957 1.74493707716465 1.6278112619184 1.86484270310029 1.64733899151906
1.39577194885351 1.24978165677749 0 1.86328215966932 0.948403956834227 1.04784338618629 1.00022870744579 1.2816056360025 1.19429022842087 1.14871759153903 1.28516643657349 1.71474807080813 1.43206427781843 1.65344103006646 1.92785770446062 1.65637109894305 1.26228822558187 1.41608569631353 1.10876351082698 1.24072615522891 1.75452912249602 1.34719253866933 1.14220513869077 1.32249041344039 1.6848960602656 1.75012771459296 1.68329128180631 0.952136629028246 1.2621785835363 1.46766850026324
1.85423164395615 0.992659817449749 1.86328215966932 0 1.82257224153727 1.30046632932499 1.6797161444556 1.16241271793842 1.90242571383715 1.42451874399558 1.35838068975136 1.19341333513148 1.86555009149015 1.82819000282325 1.455883823568 0.979858104139566 1.41511156386696 1.17522223806009 1.63674835162237 1.33373321220279 1.23454175121151 1.62617165502161 1.48635378130712 1.04256100882776 0.996549089904875 1.21623249421827 1.39717509807087 1.61302909464575 1.54347814223729 1.56230841972865
1.13252957095392 1.53599373577163 0.948403956834227 1.82257224153727 0 1.19641429791227 1.79992298595607 1.78173388075083 1.33411065395921 1.45161689771339 1.23260369012132 1.64278008812107 1.75281132874079 1.29691657307558 1.1821315928828 1.46856264467351 1.8126966371201 1.11819719802588 1.44622101658024 1.00450098258443 1.46459012106061 1.30929885595106 1.41723918588832 1.833319069352 1.45687286159955 1.6313791135326 1.27328468789347 1.35745483753271 1.49161256896332 1.50882163736969
1.54262920259498 1.62443412235007 1.04784338618629 1.30046632932499 1.19641429791227 0 1.47716795303859 1.79800368775614 1.18052668496966 1.47898871544749 1.3109077741392 1.43825785745867 1.75366526283324 1.40977519750595 1.84411528101191 1.14122028998099 0.985639562364668 1.91847996157594 1.41974937613122 1.36967288865708 1.71452852827497 1.85899964999408 1.14729228592478 1.53096409677528 1.46916447067633 1.2031758246012 1.45657141506672 1.75751904002391 1.33308374276385 1.22664830368012
0.967291517416015 1.88260355987586 1.00022870744579 1.6797161444556 1.79992298595607 1.47716795303859 0 0.958403303753585 1.47679402586073 0.985635054297745 1.06608241680078 1.68781747552566 1.08293284592219 1.55911281355657 1.24416507035494 1.43153019621968 1.56625158293173 1.08069541817531 1.13596959295683 1.53294948488474 1.18434175499715 1.30334719223902 1.20181552879512 1.14112725178711 1.66439162916504 1.71581932064146 1.73927236883901 1.7263708114624 1.37119199428707 1.16464781039394
1.53295377781615 1.03703883709386 1.2816056360025 1.16241271793842 1.78173388075083 1.79800368775614 0.958403303753585 0 1.01148380758241 1.442209077999 1.72231445577927 1.20225255726837 1.38709674309939 1.26951001351699 1.23817382426932 0.977469483623281 1.89365537045524 1.02634399523959 1.54487868398428 1.26902101165615 1.37549008685164 1.07573018339463 1.57844336610287 1.12702447455376 1.63073136541061 1.07169170887209 1.66056435392238 1.10193834756501 1.77407880197279 1.4761471375823
1.42004005121998 0.93468314432539 1.19429022842087 1.90242571383715 1.33411065395921 1.18052668496966 1.47679402586073 1.01148380758241 0 1.30719866952859 1.81930371583439 1.68310430692509 1.65318610635586 1.76876430073753 1.79186384938657 1.63343544164672 1.29438546253368 1.80051328777336 1.53982675471343 1.61027726577595 1.67211171938106 1.53087373427115 1.65199846378528 1.1977330443915 1.06334688887 1.09906721604057 1.72381980973296 1.26759429718368 1.08217367273755 1.60502429492772
1.02679248922504 1.24952296353877 1.14871759153903 1.42451874399558 1.45161689771339 1.47898871544749 0.985635054297745 1.442209077999 1.30719866952859 0 1.34990241378546 1.08445133361965 1.56650491268374 1.30629320559092 1.19045288697816 1.58633140521124 1.63823420670815 1.3921976077836 1.05325208068825 1.34081151639111 1.43836269108579 1.8847444797866 1.51172829978168 1.53300129272975 1.57496773311868 1.24645131570287 1.28908989205956 1.70636385143735 1.66244081780314 1.46827590069734
1.8115152399987 1.30267365276814 1.28516643657349 1.35838068975136 1.23260369012132 1.3109077741392 1.06608241680078 1.72231445577927 1.81930371583439 1.34990241378546 0 1.86881845467724 1.59917877428234 1.02250463096425 1.33246674388647 1.88977929437533 1.67854445613921 1.21543011744507 0.986643693177029 1.19765908177942 1.51969077833928 1.65184457902797 1.43181582749821 1.20952676865272 1.78690870665014 1.6425328629557 1.89852969278581 1.76777684735134 0.970810640603304 0.946481719380245
1.1474235043861 1.92388278362341 1.71474807080813 1.19341333513148 1.64278008812107 1.43825785745867 1.68781747552566 1.20225255726837 1.68310430692509 1.08445133361965 1.86881845467724 0 1.28731701802462 1.09041992132552 1.35465388069861 1.40303853503428 1.75346049573272 0.948319013463333 1.83569195307791 1.41798352007754 1.60046265576966 1.90427181427367 1.60885067773052 1.0626498546917 1.8779855153989 1.2280938080512 0.935203225119039 1.39342476334423 1.09951747907326 1.76844108710065
1.13025080855004 1.26719698240049 1.43206427781843 1.86555009149015 1.75281132874079 1.75366526283324 1.08293284592219 1.38709674309939 1.65318610635586 1.56650491268374 1.59917877428234 1.28731701802462 0 1.61492322548293 1.06210301001556 0.933780662715435 1.07772733131424 1.40595152205788 1.68481292575598 1.12164689507335 1.03127765888348 1.30241247825325 1.35950691462494 1.52131535764784 1.12889921967871 1.86933764349669 1.3820824988652 1.20638246834278 1.90490314736962 1.03771565901116
1.80085935071111 1.81496059568599 1.65344103006646 1.82819000282325 1.29691657307558 1.40977519750595 1.55911281355657 1.26951001351699 1.76876430073753 1.30629320559092 1.02250463096425 1.09041992132552 1.61492322548293 0 1.73726508603431 1.29458275390789 1.86788825760596 1.17658757558092 1.85465554031543 1.36250154231675 1.54958278383128 1.91509950114414 1.22054090537131 1.15418636985123 1.14151122118346 1.92020956403576 1.51424577715807 1.07093535480089 1.32424214645289 1.37601613928564
1.05162924621254 1.42781548132189 1.92785770446062 1.455883823568 1.1821315928828 1.84411528101191 1.24416507035494 1.23817382426932 1.79186384938657 1.19045288697816 1.33246674388647 1.35465388069861 1.06210301001556 1.73726508603431 0 1.88451155484654 1.69383421447128 1.09389445139095 1.2511319576297 1.22129347664304 1.46644776803441 0.99013492744416 1.38978147739545 0.952010351000354 1.45499478606507 1.04373226035386 1.51447932678275 1.50217907782644 1.24719146592543 1.72547816042788
1.48726488323882 0.957086259499192 1.65637109894305 0.979858104139566 1.46856264467351 1.14122028998099 1.43153019621968 0.977469483623281 1.63343544164672 1.58633140521124 1.88977929437533 1.40303853503428 0.933780662715435 1.29458275390789 1.88451155484654 0 1.03043254837394 1.2437344181817 1.46730454871431 1.67919882526621 1.26425591250882 1.30358461872675 1.67141443607397 1.11842984822579 1.58782857004553 1.22248011408374 1.52818938251585 1.56010611145757 1.87924860347994 1.19082769518718
1.66315531963482 1.81226597470231 1.26228822558187 1.41511156386696 1.8126966371201 0.985639562364668 1.56625158293173 1.89365537045524 1.29438546253368 1.63823420670815 1.67854445613921 1.75346049573272 1.07772733131424 1.86788825760596 1.69383421447128 1.03043254837394 0 1.57704764092341 1.89863414340653 1.38289865804836 1.37833147635683 1.66728010564111 1.21208843891509 1.50830276007764 1.23913210909814 0.981958407443017 1.14541809493676 1.21488945255987 1.90176338143647 1.55360511387698
1.31794919865206 1.81963237398304 1.41608569631353 1.17522223806009 1.11819719802588 1.91847996157594 1.08069541817531 1.02634399523959 1.80051328777336 1.3921976077836 1.21543011744507 0.948319013463333 1.40595152205788 1.17658757558092 1.09389445139095 1.2437344181817 1.57704764092341 0 0.981193355517462 1.27478486648761 1.40880778874271 1.67743663163856 1.25641824188642 1.63676268304698 1.17888973513618 1.3040356002748 1.78787372866645 1.37726904614829 1.0250728293322 1.08514012163505
1.8381303101778 1.08205057797022 1.10876351082698 1.63674835162237 1.44622101658024 1.41974937613122 1.13596959295683 1.54487868398428 1.53982675471343 1.05325208068825 0.986643693177029 1.83569195307791 1.68481292575598 1.85465554031543 1.2511319576297 1.46730454871431 1.89863414340653 0.981193355517462 0 0.945160492090508 1.26010631071404 1.28565488546155 1.06813769089058 1.24147145659663 1.24696827749722 1.80439425748773 1.28352071973495 1.0510628647171 1.65006286557764 1.51979337562807
1.2771579043474 1.54929600050673 1.24072615522891 1.33373321220279 1.00450098258443 1.36967288865708 1.53294948488474 1.26902101165615 1.61027726577595 1.34081151639111 1.19765908177942 1.41798352007754 1.12164689507335 1.36250154231675 1.22129347664304 1.67919882526621 1.38289865804836 1.27478486648761 0.945160492090508 0 1.47707413975149 1.72123394557275 1.84260394005105 1.15701313246973 1.68527594115585 1.70463000540622 1.4924196600914 1.60662345541641 1.52353150444105 1.59723324351944
1.36101676337421 1.46919500804506 1.75452912249602 1.23454175121151 1.46459012106061 1.71452852827497 1.18434175499715 1.37549008685164 1.67211171938106 1.43836269108579 1.51969077833928 1.60046265576966 1.03127765888348 1.54958278383128 1.46644776803441 1.26425591250882 1.37833147635683 1.40880778874271 1.26010631071404 1.47707413975149 0 1.29880601260811 1.50175780430436 1.53097663191147 1.65277907182463 1.64597425074317 1.71026345156133 1.73300903080963 1.6741480785422 1.76920727198012
1.48139248648658 1.50269473367371 1.34719253866933 1.62617165502161 1.30929885595106 1.85899964999408 1.30334719223902 1.07573018339463 1.53087373427115 1.8847444797866 1.65184457902797 1.90427181427367 1.30241247825325 1.91509950114414 0.99013492744416 1.30358461872675 1.66728010564111 1.67743663163856 1.28565488546155 1.72123394557275 1.29880601260811 0 0.946952872211114 0.971494029974565 0.994185890769586 1.84933369606733 1.31821711198427 1.28181142220274 1.4157950298395 1.47755196550861
1.48782721115276 1.86239208071493 1.14220513869077 1.48635378130712 1.41723918588832 1.14729228592478 1.20181552879512 1.57844336610287 1.65199846378528 1.51172829978168 1.43181582749821 1.60885067773052 1.35950691462494 1.22054090537131 1.38978147739545 1.67141443607397 1.21208843891509 1.25641824188642 1.06813769089058 1.84260394005105 1.50175780430436 0.946952872211114 0 1.40499259997159 0.94446223997511 1.63904506783001 1.71532236528583 1.83194311964326 1.81353358202614 0.965224897488952
1.05163552728482 1.29574635904282 1.32249041344039 1.04256100882776 1.833319069352 1.53096409677528 1.14112725178711 1.12702447455376 1.1977330443915 1.53300129272975 1.20952676865272 1.0626498546917 1.52131535764784 1.15418636985123 0.952010351000354 1.11842984822579 1.50830276007764 1.63676268304698 1.24147145659663 1.15701313246973 1.53097663191147 0.971494029974565 1.40499259997159 0 1.48652693699114 1.41521665290929 0.964200626825914 1.08163788029924 1.55817324179225 1.56076925084926
1.64587006880902 1.6566259409301 1.6848960602656 0.996549089904875 1.45687286159955 1.46916447067633 1.66439162916504 1.63073136541061 1.06334688887 1.57496773311868 1.78690870665014 1.8779855153989 1.12889921967871 1.14151122118346 1.45499478606507 1.58782857004553 1.23913210909814 1.17888973513618 1.24696827749722 1.68527594115585 1.65277907182463 0.994185890769586 0.94446223997511 1.48652693699114 0 1.00639281142503 1.6542639976833 1.49679147382267 1.38392909732647 1.03487914521247
1.44131942931563 0.962522311368957 1.75012771459296 1.21623249421827 1.6313791135326 1.2031758246012 1.71581932064146 1.07169170887209 1.09906721604057 1.24645131570287 1.6425328629557 1.2280938080512 1.86933764349669 1.92020956403576 1.04373226035386 1.22248011408374 0.981958407443017 1.3040356002748 1.80439425748773 1.70463000540622 1.64597425074317 1.84933369606733 1.63904506783001 1.41521665290929 1.00639281142503 0 1.45433076214977 0.932944308267906 1.69963264721446 1.04884313279763
1.25579807069153 1.74493707716465 1.68329128180631 1.39717509807087 1.27328468789347 1.45657141506672 1.73927236883901 1.66056435392238 1.72381980973296 1.28908989205956 1.89852969278581 0.935203225119039 1.3820824988652 1.51424577715807 1.51447932678275 1.52818938251585 1.14541809493676 1.78787372866645 1.28352071973495 1.4924196600914 1.71026345156133 1.31821711198427 1.71532236528583 0.964200626825914 1.6542639976833 1.45433076214977 0 1.26480629947037 1.21689752070233 0.95204797340557
1.64281769725494 1.6278112619184 0.952136629028246 1.61302909464575 1.35745483753271 1.75751904002391 1.7263708114624 1.10193834756501 1.26759429718368 1.70636385143735 1.76777684735134 1.39342476334423 1.20638246834278 1.07093535480089 1.50217907782644 1.56010611145757 1.21488945255987 1.37726904614829 1.0510628647171 1.60662345541641 1.73300903080963 1.28181142220274 1.83194311964326 1.08163788029924 1.49679147382267 0.932944308267906 1.26480629947037 0 1.37797822593711 1.91399133275263
1.52588702947833 1.86484270310029 1.2621785835363 1.54347814223729 1.49161256896332 1.33308374276385 1.37119199428707 1.77407880197279 1.08217367273755 1.66244081780314 0.970810640603304 1.09951747907326 1.90490314736962 1.32424214645289 1.24719146592543 1.87924860347994 1.90176338143647 1.0250728293322 1.65006286557764 1.52353150444105 1.6741480785422 1.4157950298395 1.81353358202614 1.55817324179225 1.38392909732647 1.69963264721446 1.21689752070233 1.37797822593711 0 0.940895163454115
1.6595140886493 1.64733899151906 1.46766850026324 1.56230841972865 1.50882163736969 1.22664830368012 1.16464781039394 1.4761471375823 1.60502429492772 1.46827590069734 0.946481719380245 1.76844108710065 1.03771565901116 1.37601613928564 1.72547816042788 1.19082769518718 1.55360511387698 1.08514012163505 1.51979337562807 1.59723324351944 1.76920727198012 1.47755196550861 0.965224897488952 1.56076925084926 1.03487914521247 1.04884313279763 0.95204797340557 1.91399133275263 0.940895163454115 0
