0 1.01563694165088 1.1173736595083 1.09384960401803 1.41048886836506 1.7648755365517 1.37110271281563 1.67108271922916 1.47317973827012 1.15919659147039 1.07410828722641 1.4727877099067 1.25974528444931 1.38458746252581 1.42812733096071 1.11752524971962 1.46281330962665 1.3230995722115 1.11048275488429 1.42971219681203 0.96287754853256 1.31288305413909 1.49883746821433 1.24494460271671 1.25442541926168 1.82693258509971 1.26629687449895 1.55166158219799 1.73175195162185 1.31989577529021
1.01563694165088 0 1.17997691803612 1.07573581463657 1.45087001821958 1.29676418728195 1.06136633874848 1.6497325708624 1.38753994717263 1.85576165420935 0.909093194641173 1.40901833050884 1.47796361683868 1.08537812251598 1.45140783651732 1.83156436029822 1.15914570679888 1.24625696963631 1.78140515228733 1.40806315722875 1.6930245757103 1.04408341716044 1.77442928473465 1.55927187437192 1.03673676447943 1.84399974392727 1.40564156183973 1.12283534300514 1.13351594470441 1.47403556364588
1.1173736595083 1.17997691803612 0 1.26189890806563 1.11829786538146 1.33167386450805 1.39182251086459 1.63130638469011 1.45352902426384 1.61157704982907 1.782306548208 0.9935420115944 1.4200727075804 1.62654015608132 1.81988122058101 1.73196482378989 1.19328626501374 1.25548659521155 1.62700098450296 1.49200156098232 1.39133192854933 1.13042236911133 1.0577016393654 0.95949403452687 1.39995470666327 1.84059844794683 1.13210841757245 1.02509618038312 1.35903243371285 1.65779173537157
1.09384960401803 1.07573581463657 1.26189890806563 0 0.952100552152842 1.71248335205019 0.924973760498688 1.65577166061848 1.84120376547799 1.30911882291548 1.06831643218175 1.45994369708933 1.09893618174829 1.73834043298848 1.84774302202277 1.11820320039988 1.71302072610706 1.50442883837968 1.3184661520645 0.982135509606451 1.71934976195917 0.914632047060877 1.58891169959679 1.03453297959641 1.30996355274692 1.81150186480954 0.962807290954515 0.999269342981279 1.06484340061434 1.09837562753819
1.41048886836506 1.45087001821958 1.11829786538146 0.952100552152842 0 1.17394413193688 1.5710088328924 1.82890377682634 1.90357426018454 1.10353284608573 1.90791850117967 1.8455584787298 1.07497220858932 1.00487774400972 1.03525267308578 1.19346684683114 1.27266003610566 1.6853095383849 1.53684092266485 1.75986567768268 1.66582141700201 1.25115361018106 1.78520575212315 1.39571932354011 1.39042564132251 1.04558523627929 1.21294509479776 1.37414586497471 1.68412591679953 1.26143162837252
1.7648755365517 1.29676418728195 1.33167386450805 1.71248335205019 1.17394413193688 0 1.53073771274649 0.979065486928448 1.83484199247323 1.19614179572091 1.90214160270989 1.18767292960547 1.52522289939225 1.22060001688078 1.33117992151529 1.11953889974393 1.29823541012593 1.08281048643403 1.38486682903022 1.5643072607927 1.56902544409968 1.6416375071276 1.7748828525655 1.48936656094156 1.73318028636277 1.2496229277458 1.42950223828666 1.48931377776898 1.27107717073523 1.5625843568705
1.37110271281563 1.06136633874848 1.39182251086459 0.924973760498688 1.5710088328924 1.53073771274649 0 1.09441114636138 1.31579500017688 1.5844380739145 1.33019313309342 1.87201092066243 1.60826429445297 1.60437825322151 1.25582028320059 0.969747754279524 1.75603437260725 1.19607047620229 1.84627466020174 1.4118335286621 1.00953761837445 1.67365011479706 1.59663726994768 1.12283086264506 1.76291990838945 1.39604431926273 1.33903675340116 1.47163921338506 1.4938665702939 1.77567812521011
1.67108271922916 1.6497325708624 1.63130638469011 1.65577166061848 1.82890377682634 0.979065486928448 1.09441114636138 0 1.66611985606141 1.84719310840592 1.35524260555394 0.949500024784356 1.06750516709872 0.939218397485092 1.61109253927134 1.61152932606637 1.24630086775869 1.35114867030643 1.6443935399875 1.51434827921912 1.03194177011028 1.20940207201056 1.74542678822763 1.05224831285886 1.49025109107606 1.5559991854243 1.46680717542768 1.65230803261511 0.922364808851853 1.87636848981492
1.47317973827012 1.38753994717263 1.45352902426384 1.84120376547799 1.90357426018454 1.83484199247323 1.31579500017688 1.66611985606141 0 1.76170406350866 1.63163990154862 1.59050212264992 1.18606861354783 1.83517173398286 1.41179090552032 1.31650923541747 1.06627898453735 1.25128214689903 1.62367733404972 1.06547142425552 1.76763388235122 1.21594111458398 1.79953467124142 1.82723857508972 1.57386964326724 1.44490727921948 1.29576760064811 0.946097493637353 1.70671149017289 1.3175650711637
1.15919659147039 1.85576165420935 1.61157704982907 1.30911882291548 1.10353284608573 1.19614179572091 1.5844380739145 1.84719310840592 1.76170406350866 0 1.7468231881503 1.69738954654895 1.13196195778437 1.19040506402962 1.50778573541902 1.8047124336008 1.83094269083813 1.32546386751346 1.56177257490344 1.59165227133781 1.39567408501171 1.0069134561345 1.35732330032624 1.75712678744458 1.26187397586182 1.26789140608162 1.01182394730859 1.85635574697517 1.0204579308629 1.36043800157495
1.07410828722641 0.909093194641173 1.782306548208 1.06831643218175 1.90791850117967 1.90214160270989 1.33019313309342 1.35524260555394 1.63163990154862 1.7468231881503 0 1.5350227067247 1.717343976954 1.61476372601464 1.25039573432878 1.52240721019916 1.16874166205525 1.21436251536943 1.50748925679363 1.54262263979763 1.06613941118121 1.89841264649294 1.48507981095463 1.89173352858052 1.61941496166401 0.934906549286097 1.13265323266387 1.26221964857541 1.11742954654619 1.42096080677584
1.4727877099067 1.40901833050884 0.9935420115944 1.45994369708933 1.8455584787298 1.18767292960547 1.87201092066243 0.949500024784356 1.59050212264992 1.69738954654895 1.5350227067247 0 1.29943795292638 1.56309336703271 1.34831386338919 1.45967643987387 1.77187884715386 1.1632349989377 1.44271362083964 1.24062966392376 1.38936627889052 1.4178375066258 1.57340167788789 1.66892808047123 1.63335130899213 1.27383607835509 0.958801206666976 1.84494741610251 1.45113915088587 1.13089149515145
1.25974528444931 1.47796361683868 1.4200727075804 1.09893618174829 1.07497220858932 1.52522289939225 1.60826429445297 1.06750516709872 1.18606861354783 1.13196195778437 1.717343976954 1.29943795292638 0 1.68718100665137 1.05882340623066 0.995609368430451 1.45159985590726 0.996241551125422 1.19127076724544 1.50969764916226 1.84791896142997 1.36303348001093 1.24698360962793 1.34655095566995 1.18704500934109 1.48135158163495 1.20982667477801 1.01624601241201 1.43499446264468 1.88835085975006
1.38458746252581 1.08537812251598 1.62654015608132 1.73834043298848 1.00487774400972 1.22060001688078 1.60437825322151 0.939218397485092 1.83517173398286 1.19040506402962 1.61476372601464 1.56309336703271 1.68718100665137 0 1.28120512189344 1.76937852916308 1.22969570895657 1.40517909894697 0.947590875905007 1.55304877203889 1.79052715771832 1.56857129465789 1.20029365550727 0.924069575732574 1.47488818573765 1.31071442808025 1.23241056501865 1.15212168218568 1.18053785525262 1.31866886746138
1.42812733096071 1.45140783651732 1.81988122058101 1.84774302202277 1.03525267308578 1.33117992151529 1.25582028320059 1.61109253927134 1.41179090552032 1.50778573541902 1.25039573432878 1.34831386338919 1.05882340623066 1.28120512189344 0 1.27654905267991 1.89653429389 1.63937818678096 1.17066801548935 1.22824406973086 0.949702782090753 1.19534731400199 1.38800438563339 1.36154358345084 1.58017703378573 1.29875587834977 1.23522393079475 1.288612148026 1.47352282796055 1.38794385036454
1.11752524971962 1.83156436029822 1.73196482378989 1.11820320039988 1.19346684683114 1.11953889974393 0.969747754279524 1.61152932606637 1.31650923541747 1.8047124336008 1.52240721019916 1.45967643987387 0.995609368430451 1.76937852916308 1.27654905267991 0 1.24215155420825 1.05353521602228 1.19986825599335 0.973327640676871 1.36082006804645 0.926043070619926 1.81466768099926 1.73950163135305 0.953034040285274 1.08775890176184 1.37933011190034 1.4647543723695 1.78840957046486 1.49200502736494
1.46281330962665 1.15914570679888 1.19328626501374 1.71302072610706 1.27266003610566 1.29823541012593 1.75603437260725 1.24630086775869 1.06627898453735 1.83094269083813 1.16874166205525 1.77187884715386 1.45159985590726 1.22969570895657 1.89653429389 1.24215155420825 0 1.67951172264293 1.04279171139933 1.3510259075556 1.23695061728358 1.62438411917537 1.49966548895463 0.980323891853914 1.08847359544598 1.01292594429106 1.8120343440678 1.33824782492593 1.02474692766555 0.955662271240726
1.3230995722115 1.24625696963631 1.25548659521155 1.50442883837968 1.6853095383849 1.08281048643403 1.19607047620229 1.35114867030643 1.25128214689903 1.32546386751346 1.21436251536943 1.1632349989377 0.996241551125422 1.40517909894697 1.63937818678096 1.05353521602228 1.67951172264293 0 1.3292850186117 1.44348279619589 1.68597442680039 1.63334015896544 1.31051920983009 1.71549977385439 1.68327193264849 1.76608868362382 1.10582039109431 1.21413577650674 1.32398984231986 0.963526861742139
1.11048275488429 1.78140515228733 1.62700098450296 1.3184661520645 1.53684092266485 1.38486682903022 1.84627466020174 1.6443935399875 1.62367733404972 1.56177257490344 1.50748925679363 1.44271362083964 1.19127076724544 0.947590875905007 1.17066801548935 1.19986825599335 1.04279171139933 1.3292850186117 0 1.11044558929279 1.07998909032904 1.16396058769897 1.36977372202091 1.63105416786857 1.03528796765022 1.26505199191161 1.42167294886895 1.66116624325514 1.4399305798579 1.28994463663548
1.42971219681203 1.40806315722875 1.49200156098232 0.982135509606451 1.75986567768268 1.5643072607927 1.4118335286621 1.51434827921912 1.06547142425552 1.59165227133781 1.54262263979763 1.24062966392376 1.50969764916226 1.55304877203889 1.22824406973086 0.973327640676871 1.3510259075556 1.44348279619589 1.11044558929279 0 1.2917135823518 1.75638641347177 1.71928930934519 1.05719767464325 1.55727306613699 1.80630393372849 1.14518958842382 1.44337391690351 1.75285607320257 1.29066905402578
0.96287754853256 1.6930245757103 1.39133192854933 1.71934976195917 1.66582141700201 1.56902544409968 1.00953761837445 1.03194177011028 1.76763388235122 1.39567408501171 1.06613941118121 1.38936627889052 1.84791896142997 1.79052715771832 0.949702782090753 1.36082006804645 1.23695061728358 1.68597442680039 1.07998909032904 1.2917135823518 0 1.76631372072734 1.76381190936081 1.17279775883071 1.51911680819467 1.67856222204864 1.79327084147371 1.49893808248453 1.90074384678155 1.0363855289761
1.31288305413909 1.04408341716044 1.13042236911133 0.914632047060877 1.25115361018106 1.6416375071276 1.67365011479706 1.20940207201056 1.21594111458398 1.0069134561345 1.89841264649294 1.4178375066258 1.36303348001093 1.56857129465789 1.19534731400199 0.926043070619926 1.62438411917537 1.63334015896544 1.16396058769897 1.75638641347177 1.76631372072734 0 1.03182525211014 1.64182129572146 1.40636481274851 1.78273548628204 1.84758266387507 1.13566172681749 1.45637914654799 1.89827662659809
1.49883746821433 1.77442928473465 1.0577016393654 1.58891169959679 1.78520575212315 1.7748828525655 1.59663726994768 1.74542678822763 1.79953467124142 1.35732330032624 1.48507981095463 1.57340167788789 1.24698360962793 1.20029365550727 1.38800438563339 1.81466768099926 1.49966548895463 1.31051920983009 1.36977372202091 1.71928930934519 1.76381190936081 1.03182525211014 0 1.10631787427701 1.52021967316978 1.90735137485899 1.52391065214761 1.72194512165152 1.43666954198852 1.08837947109714
1.24494460271671 1.55927187437192 0.95949403452687 1.03453297959641 1.39571932354011 1.48936656094156 1.12283086264506 1.05224831285886 1.82723857508972 1.75712678744458 1.89173352858052 1.66892808047123 1.34655095566995 0.924069575732574 1.36154358345084 1.73950163135305 0.980323891853914 1.71549977385439 1.63105416786857 1.05719767464325 1.17279775883071 1.64182129572146 1.10631787427701 0 1.48882216960192 1.84359810198657 0.932097612181678 1.88774508819915 0.936864368151873 1.80982216773555
1.25442541926168 1.03673676447943 1.39995470666327 1.30996355274692 1.39042564132251 1.73318028636277 1.76291990838945 1.49025109107606 1.57386964326724 1.26187397586182 1.61941496166401 1.63335130899213 1.18704500934109 1.47488818573765 1.58017703378573 0.953034040285274 1.08847359544598 1.68327193264849 1.03528796765022 1.55727306613699 1.51911680819467 1.40636481274851 1.52021967316978 1.48882216960192 0 1.65699952468276 1.69206327572465 1.17431992734782 1.41492749890313 1.80794517649338
1.82693258509971 1.84399974392727 1.84059844794683 1.81150186480954 1.04558523627929 1.2496229277458 1.39604431926273 1.5559991854243 1.44490727921948 1.26789140608162 0.934906549286097 1.27383607835509 1.48135158163495 1.31071442808025 1.29875587834977 1.08775890176184 1.01292594429106 1.76608868362382 1.26505199191161 1.80630393372849 1.67856222204864 1.78273548628204 1.90735137485899 1.84359810198657 1.65699952468276 0 1.52115173265338 1.5761869144626 1.59854669705965 1.29599094390869
1.26629687449895 1.40564156183973 1.13210841757245 0.962807290954515 1.21294509479776 1.42950223828666 1.33903675340116 1.46680717542768 1.29576760064811 1.01182394730859 1.13265323266387 0.958801206666976 1.20982667477801 1.23241056501865 1.23522393079475 1.37933011190034 1.8120343440678 1.10582039109431 1.42167294886895 1.14518958842382 1.79327084147371 1.84758266387507 1.52391065214761 0.932097612181678 1.69206327572465 1.52115173265338 0 1.90185549296439 0.910025690216571 1.79340621340089
1.55166158219799 1.12283534300514 1.02509618038312 0.999269342981279 1.37414586497471 1.48931377776898 1.47163921338506 1.65230803261511 0.946097493637353 1.85635574697517 1.26221964857541 1.84494741610251 1.01624601241201 1.15212168218568 1.288612148026 1.4647543723695 1.33824782492593 1.21413577650674 1.66116624325514 1.44337391690351 1.49893808248453 1.13566172681749 1.72194512165152 1.88774508819915 1.17431992734782 1.5761869144626 1.90185549296439 0 1.14173677517101 1.32480378402397
1.73175195162185 1.13351594470441 1.35903243371285 1.06484340061434 1.68412591679953 1.27107717073523 1.4938665702939 0.922364808851853 1.70671149017289 1.0204579308629 1.11742954654619 1.45113915088587 1.43499446264468 1.18053785525262 1.47352282796055 1.78840957046486 1.02474692766555 1.32398984231986 1.4399305798579 1.75285607320257 1.90074384678155 1.45637914654799 1.43666954198852 0.936864368151873 1.41492749890313 1.59854669705965 0.910025690216571 1.14173677517101 0 1.61030037910677
1.31989577529021 1.47403556364588 1.65779173537157 1.09837562753819 1.26143162837252 1.5625843568705 1.77567812521011 1.87636848981492 1.3175650711637 1.36043800157495 1.42096080677584 1.13089149515145 1.88835085975006 1.31866886746138 1.38794385036454 1.49200502736494 0.955662271240726 0.963526861742139 1.28994463663548 1.29066905402578 1.0363855289761 1.89827662659809 1.08837947109714 1.80982216773555 1.80794517649338 1.29599094390869 1.79340621340089 1.32480378402397 1.61030037910677 0
