0 1.67335811443627 1.81471875077114 1.84537087427452 1.85759694152512 1.19045536336489 1.84980045305565 1.20530479983427 1.68601253302768 1.54910514620133 1.19742476544343 0.955180121120065 1.05252792080864 1.36657900922 1.21581186936237 1.4519462690223 1.27881769672967 1.24736724211834 1.49647116684355 1.00650658877566 1.32041698391549 0.969966091448441 1.28198182210326 1.57348189805634 1.46766197844408 1.03052014880814 1.5859849138651 1.40010006749071 1.13043541111983 1.10504361451603
1.67335811443627 0 1.01958865462802 1.05348921148106 1.17008525994606 1.19516161293723 1.87458517029881 1.35480454098433 1.12804441200569 1.88300407445058 1.77756150113419 1.4868477047421 1.42866399814375 1.87417327635922 1.4809486514423 1.05504871322773 1.38211374054663 1.04819576512091 1.38041902752593 1.22123915352859 1.88807857548818 1.67350318282843 1.62570274225436 1.73824103642255 1.4051538980566 1.79688285640441 1.75732437102124 0.967979139881209 1.04357112548314 1.00768512417562
1.81471875077114 1.01958865462802 0 1.65206168382429 1.52917694090866 1.32999458257109 1.445844279835 1.64412789489143 1.8804567346815 1.77143078530207 1.09397811023518 1.54940460156649 1.38814880861901 1.46669253800064 1.77857424807735 1.69947756640613 1.13674989459105 0.961036313557997 1.3531745527871 1.16558699333109 1.15950924437493 1.83739821030758 1.22098419046961 1.57281399751082 1.60295831575058 1.40313268941827 1.08050944586284 1.80064084101468 1.01401523756795 1.24478570278734
1.84537087427452 1.05348921148106 1.65206168382429 0 1.38678377564065 1.79045819328167 1.62461534561589 1.16169980913401 1.56977119459771 1.52814508718438 1.52550773136318 1.31556773977354 1.35029767011292 1.57569460547529 1.61889725807123 1.31041080737486 1.42775188875385 1.23577399668284 0.988256768323481 1.79487433563918 1.76049474067986 1.03848412423395 1.91075942339376 1.90795210120268 1.53442937228829 0.959856437752023 1.50363028165884 1.08459413028322 1.02365219616331 1.1911973580718
1.85759694152512 1.17008525994606 1.52917694090866 1.38678377564065 0 0.958248276263475 1.06907838536426 1.20001918566413 1.80845834943466 1.76411586254835 1.55272156232968 1.31801243266091 1.5236228427384 1.86013288283721 1.7754023403395 1.2788854977116 1.90774163138121 1.72497111558914 1.59482796792872 1.02000135928392 1.93314482457936 1.88531531859189 1.09801953565329 1.11986342491582 1.16956504853442 1.32830180879682 1.03465262753889 1.2692037941888 1.26563128340058 1.31259364308789
1.19045536336489 1.19516161293723 1.32999458257109 1.79045819328167 0.958248276263475 0 1.0814990894869 0.986558132106438 1.5578427806031 1.35750083415769 1.07706296397373 1.19382152007893 1.70243120426312 1.05972683406435 1.87067280616611 1.10202015237883 1.7123395986855 1.68576987460256 1.31848437711596 1.49480542773381 1.65332081797533 1.89469360793009 1.54662337480113 1.33001250890084 1.32591257803142 1.10721893445589 1.35417540022172 1.92480615363456 1.90197405591607 1.31540887895972
1.84980045305565 1.87458517029881 1.445844279835 1.62461534561589 1.06907838536426 1.0814990894869 0 1.79946840857156 1.59630647720769 1.79332295362838 1.04412214830518 1.73403644259088 1.25550167541951 0.986270320834592 1.62462478713132 1.0349611970596 1.72927180188708 1.53268357669003 1.1004740842618 1.22831061063334 1.6859609328676 1.17977352859452 1.31426492263563 1.3622390315868 0.952392031438649 1.29513213271275 1.88960724300705 1.05736401095055 1.91364069329575 1.06649257731624
1.20530479983427 1.35480454098433 1.64412789489143 1.16169980913401 1.20001918566413 0.986558132106438 1.79946840857156 0 0.947998382849619 1.41451083309948 1.57315524760634 1.21580350096337 1.58309284062125 1.08434291998856 1.83518115920015 1.71429141494446 1.26310862810351 1.59913823474199 1.46879237960093 1.81143209920265 1.53285740478896 1.35540192853659 0.954837162280455 1.58436962217093 1.31631421833299 1.84861662518233 1.46867497614585 1.81394125707448 1.27330201934092 1.84470002562739
1.68601253302768 1.12804441200569 1.8804567346815 1.56977119459771 1.80845834943466 1.5578427806031 1.59630647720769 0.947998382849619 0 1.02697197115049 1.66129542887211 1.05068654101342 1.11864296067506 1.53742374759167 1.81690872670151 1.54745133221149 0.950334474444389 1.67707052920014 0.971969354432076 0.957562030525878 1.0862655218225 1.74176310794428 1.20623724558391 1.10163981071673 1.26755035924725 0.953892040066421 1.2003450167831 1.67189065436833 1.34855258371681 0.945709216175601
1.54910514620133 1.88300407445058 1.77143078530207 1.52814508718438 1.76411586254835 1.35750083415769 1.79332295362838 1.41451083309948 1.02697197115049 0 0.957753623370081 1.83723540697247 1.01329567306675 1.51013383641839 1.02360958070494 1.59481940069236 1.46015405561775 1.257679609349 1.33900794177316 1.36337137408555 1.50353696383536 1.51064405380748 1.19198105600663 1.6147899844218 1.02233465272002 1.77714234008454 1.9240470926743 1.49623753665946 1.80694284499623 1.07618445320986
1.19742476544343 1.77756150113419 1.09397811023518 1.52550773136318 1.55272156232968 1.07706296397373 1.04412214830518 1.57315524760634 1.66129542887211 0.957753623370081 0 1.05618711630814 1.72841318999417 1.29082122724503 1.01855195662938 1.02948583592661 1.40727192908525 1.39561151340604 1.57795719755813 1.08430609363131 1.00324960891157 1.93268796987832 0.969438349828124 1.34028066974133 1.76764070708305 1.88025007862598 1.81607362721115 1.39797122753225 1.65863008634187 1.68504201713949
0.955180121120065 1.4868477047421 1.54940460156649 1.31556773977354 1.31801243266091 1.19382152007893 1.73403644259088 1.21580350096337 1.05068654101342 1.83723540697247 1.05618711630814 0 1.01109983888455 1.89582667127252 1.72867411607876 1.42517990269698 1.32147629209794 1.27349174162373 1.38462167559192 1.29568934743293 1.56636010413058 1.57570407586172 1.61515980795957 1.86803724709898 1.25096912612207 1.09851890802383 1.51540927402675 1.90015324996784 1.07995235431008 1.87469434598461
1.05252792080864 1.42866399814375 1.38814880861901 1.35029767011292 1.5236228427384 1.70243120426312 1.25550167541951 1.58309284062125 1.11864296067506 1.01329567306675 1.72841318999417 1.01109983888455 0 1.05837224121206 1.66120262909681 1.79333036090247 1.0734833588358 1.25966013595462 1.80322200758383 1.49763695173897 1.65360159450211 1.10383988474496 1.53554672840983 1.78341743536294 1.60050840466283 1.48590162326582 1.3853839749936 1.24447802384384 1.12461773375981 1.80320616904646
1.36657900922 1.87417327635922 1.46669253800064 1.57569460547529 1.86013288283721 1.05972683406435 0.986270320834592 1.08434291998856 1.53742374759167 1.51013383641839 1.29082122724503 1.89582667127252 1.05837224121206 0 1.05310122692026 1.70776626653969 1.75993439392187 1.21135297650471 1.84718181588687 1.05622010701336 1.70968544250354 1.1055658897385 1.42840570560656 0.940622718539089 1.80937711754814 1.66409909818321 1.6891594552435 1.69899250427261 1.3554244057741 1.9139822027646
1.21581186936237 1.4809486514423 1.77857424807735 1.61889725807123 1.7754023403395 1.87067280616611 1.62462478713132 1.83518115920015 1.81690872670151 1.02360958070494 1.01855195662938 1.72867411607876 1.66120262909681 1.05310122692026 0 1.59839074243791 1.17190047632903 1.20616773539223 1.4084865571931 1.17204600735568 1.91410862701014 1.30960096279159 1.88129817624576 1.69162450404838 1.312977157766 1.12556604808196 1.91755127045326 1.14187234826386 1.82486558030359 1.88516570744105
1.4519462690223 1.05504871322773 1.69947756640613 1.31041080737486 1.2788854977116 1.10202015237883 1.0349611970596 1.71429141494446 1.54745133221149 1.59481940069236 1.02948583592661 1.42517990269698 1.79333036090247 1.70776626653969 1.59839074243791 0 1.28313233400695 1.67385177547112 1.00110670807771 1.01742856693454 0.993893475970253 1.44354568095878 1.17752021132037 1.51049340958707 1.73979378002696 1.83074334310368 1.25078363902867 1.36040839063935 1.71697660116479 1.40425323322415
1.27881769672967 1.38211374054663 1.13674989459105 1.42775188875385 1.90774163138121 1.7123395986855 1.72927180188708 1.26310862810351 0.950334474444389 1.46015405561775 1.40727192908525 1.32147629209794 1.0734833588358 1.75993439392187 1.17190047632903 1.28313233400695 0 1.19706353032961 1.06701149744913 1.52160712797195 1.41555898124352 1.62383481301367 1.31964227557182 1.48296210705303 1.09200656926259 1.58239784836769 1.66315242904238 1.0680872106459 1.74837209843099 1.48539668577723
1.24736724211834 1.04819576512091 0.961036313557997 1.23577399668284 1.72497111558914 1.68576987460256 1.53268357669003 1.59913823474199 1.67707052920014 1.257679609349 1.39561151340604 1.27349174162373 1.25966013595462 1.21135297650471 1.20616773539223 1.67385177547112 1.19706353032961 0 1.43076146184467 1.5295378183946 0.983502378221601 1.04043777147308 1.80630436167121 1.46758104441687 1.79860485554673 1.75464864401147 1.49679002026096 1.8593832901679 1.24797120201401 1.13960395404138
1.49647116684355 1.38041902752593 1.3531745527871 0.988256768323481 1.59482796792872 1.31848437711596 1.1004740842618 1.46879237960093 0.971969354432076 1.33900794177316 1.57795719755813 1.38462167559192 1.80322200758383 1.84718181588687 1.4084865571931 1.00110670807771 1.06701149744913 1.43076146184467 0 1.5620295163244 1.08814324974082 1.6702642000746 1.4477174882777 1.03279554634355 1.60465762624517 1.09744773921557 1.55108464648947 1.85657736798748 1.15273062116466 0.989144097082317
1.00650658877566 1.22123915352859 1.16558699333109 1.79487433563918 1.02000135928392 1.49480542773381 1.22831061063334 1.81143209920265 0.957562030525878 1.36337137408555 1.08430609363131 1.29568934743293 1.49763695173897 1.05622010701336 1.17204600735568 1.01742856693454 1.52160712797195 1.5295378183946 1.5620295163244 0 1.80407385667786 1.91343585914001 1.36626304569654 1.24582980992272 1.64249987713993 0.939885586267337 1.82357683614828 1.85613932809792 1.40141362720169 1.35424294741824
1.32041698391549 1.88807857548818 1.15950924437493 1.76049474067986 1.93314482457936 1.65332081797533 1.6859609328676 1.53285740478896 1.0862655218225 1.50353696383536 1.00324960891157 1.56636010413058 1.65360159450211 1.70968544250354 1.91410862701014 0.993893475970253 1.41555898124352 0.983502378221601 1.08814324974082 1.80407385667786 0 1.26204760815017 1.05793250352144 1.51852821698412 1.47305587865412 1.70456230221316 1.44431840023026 1.12934014154598 1.52632205490954 1.43231514492072
0.969966091448441 1.67350318282843 1.83739821030758 1.03848412423395 1.88531531859189 1.89469360793009 1.17977352859452 1.35540192853659 1.74176310794428 1.51064405380748 1.93268796987832 1.57570407586172 1.10383988474496 1.1055658897385 1.30960096279159 1.44354568095878 1.62383481301367 1.04043777147308 1.6702642000746 1.91343585914001 1.26204760815017 0 1.63697497709654 1.70493279257789 1.40669485135004 1.86025051330216 1.57092856173404 1.50559274433181 1.31509524956346 1.37417295831256
1.28198182210326 1.62570274225436 1.22098419046961 1.91075942339376 1.09801953565329 1.54662337480113 1.31426492263563 0.954837162280455 1.20623724558391 1.19198105600663 0.969438349828124 1.61515980795957 1.53554672840983 1.42840570560656 1.88129817624576 1.17752021132037 1.31964227557182 1.80630436167121 1.4477174882777 1.36626304569654 1.05793250352144 1.63697497709654 0 1.56854014843702 1.86291568307206 1.81201363028958 1.54083552537486 1.17402911139652 1.04919437342323 1.00849765422754
1.57348189805634 1.73824103642255 1.57281399751082 1.90795210120268 1.11986342491582 1.33001250890084 1.3622390315868 1.58436962217093 1.10163981071673 1.6147899844218 1.34028066974133 1.86803724709898 1.78341743536294 0.940622718539089 1.69162450404838 1.51049340958707 1.48296210705303 1.46758104441687 1.03279554634355 1.24582980992272 1.51852821698412 1.70493279257789 1.56854014843702 0 1.93309731176123 1.86856514378451 1.64584863465279 1.76851817197166 1.83356628846377 1.77616059989668
1.46766197844408 1.4051538980566 1.60295831575058 1.53442937228829 1.16956504853442 1.32591257803142 0.952392031438649 1.31631421833299 1.26755035924725 1.02233465272002 1.76764070708305 1.25096912612207 1.60050840466283 1.80937711754814 1.312977157766 1.73979378002696 1.09200656926259 1.79860485554673 1.60465762624517 1.64249987713993 1.47305587865412 1.40669485135004 1.86291568307206 1.93309731176123 0 1.0175184418913 0.9372152115684 0.959660262102261 1.3334936297033 1.83800853393041
1.03052014880814 1.79688285640441 1.40313268941827 0.959856437752023 1.32830180879682 1.10721893445589 1.29513213271275 1.84861662518233 0.953892040066421 1.77714234008454 1.88025007862598 1.09851890802383 1.48590162326582 1.66409909818321 1.12556604808196 1.83074334310368 1.58239784836769 1.75464864401147 1.09744773921557 0.939885586267337 1.70456230221316 1.86025051330216 1.81201363028958 1.86856514378451 1.0175184418913 0 0.949630360817537 1.57372650085017 1.49088380555622 1.59153486532159
1.5859849138651 1.75732437102124 1.08050944586284 1.50363028165884 1.03465262753889 1.35417540022172 1.88960724300705 1.46867497614585 1.2003450167831 1.9240470926743 1.81607362721115 1.51540927402675 1.3853839749936 1.6891594552435 1.91755127045326 1.25078363902867 1.66315242904238 1.49679002026096 1.55108464648947 1.82357683614828 1.44431840023026 1.57092856173404 1.54083552537486 1.64584863465279 0.9372152115684 0.949630360817537 0 1.59461797121912 1.383668839233 1.69679945660755
1.40010006749071 0.967979139881209 1.80064084101468 1.08459413028322 1.2692037941888 1.92480615363456 1.05736401095055 1.81394125707448 1.67189065436833 1.49623753665946 1.39797122753225 1.90015324996784 1.24447802384384 1.69899250427261 1.14187234826386 1.36040839063935 1.0680872106459 1.8593832901679 1.85657736798748 1.85613932809792 1.12934014154598 1.50559274433181 1.17402911139652 1.76851817197166 0.959660262102261 1.57372650085017 1.59461797121912 0 1.40598761895671 1.6139388338197
1.13043541111983 1.04357112548314 1.01401523756795 1.02365219616331 1.26563128340058 1.90197405591607 1.91364069329575 1.27330201934092 1.34855258371681 1.80694284499623 1.65863008634187 1.07995235431008 1.12461773375981 1.3554244057741 1.82486558030359 1.71697660116479 1.74837209843099 1.24797120201401 1.15273062116466 1.40141362720169 1.52632205490954 1.31509524956346 1.04919437342323 1.83356628846377 1.3334936297033 1.49088380555622 1.383668839233 1.40598761895671 0 1.58806845103391
1.10504361451603 1.00768512417562 1.24478570278734 1.1911973580718 1.31259364308789 1.31540887895972 1.06649257731624 1.84470002562739 0.945709216175601 1.07618445320986 1.68504201713949 1.87469434598461 1.80320616904646 1.9139822027646 1.88516570744105 1.40425323322415 1.48539668577723 1.13960395404138 0.989144097082317 1.35424294741824 1.43231514492072 1.37417295831256 1.00849765422754 1.77616059989668 1.83800853393041 1.59153486532159 1.69679945660755 1.6139388338197 1.58806845103391 0
