0 1.003374641 0.885264091 0.878787391 0.800476641 1.021875141 1.008723741 1.014111141 1.019148641 1.020705441 0.677267011 1.053353941 0.662381241 0.803970511 1.021095141 1.000714471 1.023828841 1.016044641 0.990915341 1.003374641 1.000335211 0.792387241 1.009874941 0.790951841 1.019537541 1.044856441 0.998063681 1.019148641 0.682957281 0.779848941
1.003374641 0 1.009107241 1.002613641 1.025395341 0.231840341 0.224392411 0.689692741 0.690695741 0.683702701 1.006044541 0.696236441 1.005280741 1.006426641 0.478581391 0.509071841 0.476504081 0.476315521 0.504555541 0.509662941 0.508874891 1.015270641 0.618734241 1.012182641 0.696489211 0.494637041 0.424068271 0.336063241 1.004136541 1.011412641
0.885264091 1.009107241 0 0.215551441 0.879109841 1.011797541 0.996930441 1.000714471 0.998820041 1.007574341 0.899050041 1.016819341 0.878464991 0.888196941 0.982722641 0.992039491 0.999198611 0.989419101 0.984948141 0.987552991 0.987925841 0.891141341 0.993916841 0.890486041 1.009874941 1.002613641 1.015270641 0.989045491 0.887544211 0.891469241
0.878787391 1.002613641 0.215551441 0 0.885589441 1.012953441 0.981612341 1.009874941 1.023437741 1.015270641 0.904702901 1.029720441 0.900044491 0.886566141 0.993916841 0.991289911 0.996553041 0.992039491 0.984948141 0.988672071 0.987925841 0.884289041 0.989792881 0.883964241 0.992789941 1.015657541 1.026572441 1.000714471 0.906039241 0.881371371
0.800476641 1.025395341 0.879109841 0.885589441 0 1.017983041 1.002233541 1.013339141 1.015270641 1.017983041 0.786376891 1.028538341 0.787232571 0.203268001 1.021485041 1.008340341 1.029326241 1.026179941 0.995045541 1.003755541 1.000714471 0.205366991 0.989045491 0.203661111 1.007191541 1.025787641 0.996930441 1.011412641 0.788660881 0.304971481
1.021875141 0.231840341 1.011797541 1.012953441 1.017983041 0 0.167205821 0.691448841 0.687440841 0.689943341 1.018371441 0.693712841 1.014883841 1.002994141 0.486757391 0.513417341 0.482183061 0.479906311 0.503186341 0.509860041 0.507104841 1.015657541 0.619646641 1.010643341 0.705136291 0.495023541 0.428123771 0.347249241 1.013725041 1.005662541
1.008723741 0.224392411 0.996930441 0.981612341 1.002233541 0.167205821 0 0.681468741 0.684697681 0.686691741 1.001853441 0.692202801 1.002613641 0.997685741 0.482183061 0.513219291 0.479527541 0.477258791 0.506319541 0.513021281 0.511439041 1.006808941 0.609220381 1.002233541 0.679735741 0.491744641 0.419684841 0.336376061 0.987552991 0.993165341
1.014111141 0.689692741 1.000714471 1.009874941 1.013339141 0.691448841 0.681468741 0 0.164961791 0.159875341 1.006808941 0.628139491 1.001853441 1.010643341 0.694469041 0.686941381 0.699275901 0.690444881 0.688440841 0.690444881 0.692202801 1.012567841 0.680477971 1.010259041 0.585078291 0.679488471 0.684200041 0.679488471 1.006044541 0.991289911
1.019148641 0.690695741 0.998820041 1.023437741 1.015270641 0.687440841 0.684697681 0.164961791 0 0.165335341 1.016431941 0.623995841 1.006808941 1.003374641 0.691951391 0.692202801 0.693712841 0.687940711 0.686941381 0.688691071 0.691197741 1.011797541 0.679983071 1.008340341 0.589669541 0.687440841 0.691448841 0.685444841 1.006808941 0.990915341
1.020705441 0.683702701 1.007574341 1.015270641 1.017983041 0.689943341 0.686691741 0.159875341 0.165335341 0 1.021875141 0.624914641 1.012953441 1.006044541 0.691951391 0.686941381 0.695731041 0.691700091 0.691448841 0.690194041 0.692454271 1.013339141 0.677267011 1.011412641 0.587042501 0.681716641 0.682708971 0.680725511 1.010259041 0.985691481
0.677267011 1.006044541 0.899050041 0.904702901 0.786376891 1.018371441 1.001853441 1.006808941 1.016431941 1.021875141 0 1.025395341 0.159751721 0.792674641 1.011027941 1.007957241 1.017595041 1.001853441 1.001853441 1.002233541 0.998063681 0.789805441 0.990915341 0.788660881 1.013725041 1.026965241 1.009107241 0.999198611 0.326893081 0.779001641
1.053353941 0.696236441 1.016819341 1.029720441 1.028538341 0.693712841 0.692202801 0.628139491 0.623995841 0.624914641 1.025395341 0 1.028538341 1.025003441 0.709497541 0.695983641 0.707698701 0.702073041 0.683454141 0.696236441 0.698261371 1.038845041 0.700800291 1.036454041 0.630219941 0.711300741 0.699275901 0.685943341 1.022265541 1.006808941
0.662381241 1.005280741 0.878464991 0.900044491 0.787232571 1.014883841 1.002613641 1.001853441 1.006808941 1.012953441 0.159751721 1.028538341 0 0.797577541 0.994292911 1.007574341 1.009490941 0.996930441 0.993165341 0.998063681 0.994292911 0.792099941 1.004517741 0.792099941 1.006426641 1.020705441 1.001853441 0.987552991 0.316613701 0.772817191
0.803970511 1.006426641 0.888196941 0.886566141 0.203268001 1.002994141 0.997685741 1.010643341 1.003374641 1.006044541 0.792674641 1.025003441 0.797577541 0 1.009874941 1.004899141 1.021875141 1.019537541 0.993165341 1.000714471 0.999577281 0.131368641 1.005280741 0.129704081 1.007191541 1.028932241 0.996930441 1.004899141 0.791238741 0.310392101
1.021095141 0.478581391 0.982722641 0.993916841 1.021485041 0.486757391 0.482183061 0.694469041 0.691951391 0.691951391 1.011027941 0.709497541 0.994292911 1.009874941 0 0.508481201 0.105859161 0.102988451 0.502405101 0.506123301 0.506515791 1.022265541 0.619418441 1.016819341 0.699022141 0.455307841 0.491167481 0.471054961 0.997685741 1.002613641
1.000714471 0.509071841 0.992039491 0.991289911 1.008340341 0.513417341 0.513219291 0.686941381 0.692202801 0.686941381 1.007957241 0.695983641 1.007574341 1.004899141 0.508481201 0 0.509860041 0.506908441 0.108163661 0.112213665 0.110822627 1.013339141 0.613735741 1.005280741 0.700037741 0.500066211 0.506908441 0.502209901 1.005662541 0.985691481
1.023828841 0.476504081 0.999198611 0.996553041 1.029326241 0.482183061 0.479527541 0.699275901 0.693712841 0.695731041 1.017595041 0.707698701 1.009490941 1.021875141 0.105859161 0.509860041 0 0.0633675550000001 0.501819741 0.505927141 0.505731041 1.034467341 0.617595311 1.029720441 0.699529741 0.458799211 0.484848041 0.475185141 1.012567841 1.017595041
1.016044641 0.476315521 0.989419101 0.992039491 1.026179941 0.479906311 0.477258791 0.690444881 0.687940711 0.691700091 1.001853441 0.702073041 0.996930441 1.019537541 0.102988451 0.506908441 0.0633675550000001 0 0.496959021 0.501819741 0.501819741 1.027751441 0.612378241 1.023437741 0.697248241 0.457878841 0.481233561 0.475750111 0.992789941 1.005280741
0.990915341 0.504555541 0.984948141 0.984948141 0.995045541 0.503186341 0.506319541 0.688440841 0.686941381 0.691448841 1.001853441 0.683454141 0.993165341 0.993165341 0.502405101 0.108163661 0.501819741 0.496959021 0 0.0570886450000001 0.0559037270000001 0.998441741 0.600270381 0.993916841 0.688941341 0.495216871 0.502209901 0.500066211 0.992789941 0.984576741
1.003374641 0.509662941 0.987552991 0.988672071 1.003755541 0.509860041 0.513021281 0.690444881 0.688691071 0.690194041 1.002233541 0.696236441 0.998063681 1.000714471 0.506123301 0.112213665 0.505927141 0.501819741 0.0570886450000001 0 0.00947349500000008 1.013725041 0.605627541 1.007574341 0.688941341 0.500650241 0.506319541 0.505339041 1.005280741 0.990166841
1.000335211 0.508874891 0.987925841 0.987925841 1.000714471 0.507104841 0.511439041 0.692202801 0.691197741 0.692454271 0.998063681 0.698261371 0.994292911 0.999577281 0.506515791 0.110822627 0.505731041 0.501819741 0.0559037270000001 0.00947349500000008 0 1.014497441 0.605627541 1.007957241 0.691197741 0.499093841 0.505339041 0.506515791 1.002994141 0.987180291
0.792387241 1.015270641 0.891141341 0.884289041 0.205366991 1.015657541 1.006808941 1.012567841 1.011797541 1.013339141 0.789805441 1.038845041 0.792099941 0.131368641 1.022265541 1.013339141 1.034467341 1.027751441 0.998441741 1.013725041 1.014497441 0 1.006426641 0.00805840000000008 1.005662541 1.041243741 1.009107241 1.021875141 0.788660881 0.307074841
1.009874941 0.618734241 0.993916841 0.989792881 0.989045491 0.619646641 0.609220381 0.680477971 0.679983071 0.677267011 0.990915341 0.700800291 1.004517741 1.005280741 0.619418441 0.613735741 0.617595311 0.612378241 0.600270381 0.605627541 0.605627541 1.006426641 0 1.001093941 0.697754641 0.605403541 0.621703641 0.616458041 0.993165341 0.993541001
0.790951841 1.012182641 0.890486041 0.883964241 0.203661111 1.010643341 1.002233541 1.010259041 1.008340341 1.011412641 0.788660881 1.036454041 0.792099941 0.129704081 1.016819341 1.005280741 1.029720441 1.023437741 0.993916841 1.007574341 1.007957241 0.00805840000000008 1.001093941 0 1.003374641 1.036852041 1.004136541 1.020705441 0.786376891 0.306022441
1.019537541 0.696489211 1.009874941 0.992789941 1.007191541 0.705136291 0.679735741 0.585078291 0.589669541 0.587042501 1.013725041 0.630219941 1.006426641 1.007191541 0.699022141 0.700037741 0.699529741 0.697248241 0.688941341 0.688941341 0.691197741 1.005662541 0.697754641 1.003374641 0 0.701309141 0.704369301 0.690194041 1.002233541 0.998441741
1.044856441 0.494637041 1.002613641 1.015657541 1.025787641 0.495023541 0.491744641 0.679488471 0.687440841 0.681716641 1.026965241 0.711300741 1.020705441 1.028932241 0.455307841 0.500066211 0.458799211 0.457878841 0.495216871 0.500650241 0.499093841 1.041243741 0.605403541 1.036852041 0.701309141 0 0.489822541 0.484466741 1.024220141 1.034070641
0.998063681 0.424068271 1.015270641 1.026572441 0.996930441 0.428123771 0.419684841 0.684200041 0.691448841 0.682708971 1.009107241 0.699275901 1.001853441 0.996930441 0.491167481 0.506908441 0.484848041 0.481233561 0.502209901 0.506319541 0.505339041 1.009107241 0.621703641 1.004136541 0.704369301 0.489822541 0 0.419335301 1.012182641 0.992039491
1.019148641 0.336063241 0.989045491 1.000714471 1.011412641 0.347249241 0.336376061 0.679488471 0.685444841 0.680725511 0.999198611 0.685943341 0.987552991 1.004899141 0.471054961 0.502209901 0.475185141 0.475750111 0.500066211 0.505339041 0.506515791 1.021875141 0.616458041 1.020705441 0.690194041 0.484466741 0.419335301 0 0.993165341 1.011412641
0.682957281 1.004136541 0.887544211 0.906039241 0.788660881 1.013725041 0.987552991 1.006044541 1.006808941 1.010259041 0.326893081 1.022265541 0.316613701 0.791238741 0.997685741 1.005662541 1.012567841 0.992789941 0.992789941 1.005280741 1.002994141 0.788660881 0.993165341 0.786376891 1.002233541 1.024220141 1.012182641 0.993165341 0 0.781829711
0.779848941 1.011412641 0.891469241 0.881371371 0.304971481 1.005662541 0.993165341 0.991289911 0.990915341 0.985691481 0.779001641 1.006808941 0.772817191 0.310392101 1.002613641 0.985691481 1.017595041 1.005280741 0.984576741 0.990166841 0.987180291 0.307074841 0.993541001 0.306022441 0.998441741 1.034070641 0.992039491 1.011412641 0.781829711 0
