0 0.9992182795 0.5292784395 0.4875463795 0.4649145195 0.5176285395 0.8450054395 0.4812542095 0.9890600995 0.9909309095 0.9969490095 0.4664022395 0.9977046795 0.4789791895 0.4803054595 0.5190249395 0.5164336395 0.8391688395 0.8413138895 0.4906161895 0.4886960895 0.9864488395 1.0007349395 0.9879398895 1.0079813395 0.9924309395 0.6001338395 0.6019158395 0.8403938395 0.9894338795
0.9992182795 0 0.9831047395 0.9883130695 0.9790376895 0.9676932395 1.0141384395 0.9842177395 0.2777923395 0.2855041195 0.2754797595 0.9637086895 0.2785164895 0.9823636395 0.9886864895 0.9691474395 0.9575920395 1.0172360395 1.0187896395 0.9764609895 0.9794065395 0.2786613895 0.4720076395 0.2798217195 0.4744497395 0.4675199895 0.9999762095 0.9995971795 1.0305452395 0.1931474695
0.5292784395 0.9831047395 0 0.5300885995 0.5168316895 0.1821084195 0.8410070395 0.5290760395 0.9720643095 0.9864488395 0.9819933395 0.5216253395 0.9973267395 0.5240336395 0.5282670395 0.1810897395 0.1800724495 0.8258243695 0.8339848395 0.5331345395 0.5323210895 0.9831047395 0.9905563395 0.9886864895 1.0056855395 1.0033965395 0.6030317395 0.6133767395 0.8456224695 0.9834755395
0.4875463795 0.9883130695 0.5300885995 0 0.1687219695 0.5268532395 0.8502664395 0.2544197395 1.0014944395 0.9973267395 1.0018745395 0.2773581995 1.0075982395 0.2531579395 0.2541391795 0.5252407695 0.5218257395 0.8388628895 0.8428498395 0.4835361795 0.4841077395 0.9883130695 1.0168481395 0.9901820395 1.0254286395 1.0056855395 0.6001338395 0.5990221995 0.8440808395 0.9958168795
0.4649145195 0.9790376895 0.5168316895 0.1687219695 0 0.5110800395 0.8249230895 0.2406553395 0.9771962395 0.9775642095 0.9853324795 0.2634543095 0.9883130695 0.2412066095 0.2420342795 0.5077286895 0.5061567895 0.8168601395 0.8210300695 0.4652861895 0.4658439995 0.9768285395 0.9857044395 0.9790376895 0.9977046795 0.9864488395 0.5827602095 0.5855916395 0.8315576395 0.9935578395
0.5176285395 0.9676932395 0.1821084195 0.5268532395 0.5110800395 0 0.8186443995 0.5218257395 0.9608240395 0.9676932395 0.9593859395 0.5098954995 0.9673301395 0.5218257395 0.5260465395 0.1534823195 0.1526242695 0.8082953395 0.8156729395 0.5166326095 0.5178278395 0.9680564895 0.9790376895 0.9720643095 0.9853324795 0.9808835895 0.5943713695 0.6070628095 0.8186443995 0.9669672395
0.8450054395 1.0141384395 0.8410070395 0.8502664395 0.8249230895 0.8186443995 0 0.8312547695 1.0125944395 1.0230787395 1.0011146395 0.8315576395 1.0106689395 0.8255238395 0.8243228695 0.8279315395 0.8210300695 0.1196690595 0.1239017095 0.8379458395 0.8388628895 1.0099000395 1.0041587395 1.0091319395 1.0277858395 1.0049217395 0.8336809795 0.8416207895 0.2116055095 1.0156856395
0.4812542095 0.9842177395 0.5290760395 0.2544197395 0.2406553395 0.5218257395 0.8312547695 0 0.9857044395 0.9950631395 1.0022546395 0.2790962995 1.0083647395 0.0986288295 0.1010266495 0.5196242795 0.5178278395 0.8261250395 0.8297423395 0.4753911095 0.4755795395 0.9849607395 1.0087482395 0.9864488395 1.0203464395 1.0026351395 0.5921667695 0.5961397395 0.8339848395 0.9961940395
0.9890600995 0.2777923395 0.9720643095 1.0014944395 0.9771962395 0.9608240395 1.0125944395 0.9857044395 0 0.0958978395 0.2738939695 0.9713340395 0.2750469395 0.9868212895 0.9890600995 0.9684199395 0.9568757395 1.0160729395 1.0156856395 0.9760936395 0.9797754795 0.0915939895 0.4673335795 0.0919328695 0.4729459795 0.4606536795 0.9920555895 0.9950631395 1.0285732395 0.2801120795
0.9909309095 0.2855041195 0.9864488395 0.9973267395 0.9775642095 0.9676932395 1.0230787395 0.9950631395 0.0958978395 0 0.2747585395 0.9845891395 0.2780819195 0.9924309395 0.9920555895 0.9764609895 0.9680564895 1.0293614395 1.0289672395 0.9827340795 0.9842177395 0.0883260135 0.4682660595 0.0884384655 0.4789791895 0.4621329395 0.9871939895 0.9980827395 1.0384860395 0.2850654595
0.9969490095 0.2754797595 0.9819933395 1.0018745395 0.9853324795 0.9593859395 1.0011146395 1.0022546395 0.2738939695 0.2747585395 0 0.9783005395 0.0566218495 0.9961940395 0.9946865395 0.9753593695 0.9680564895 0.9969490095 0.9946865395 0.9680564895 0.9713340395 0.2710192995 0.4597305895 0.2721678395 0.4673335795 0.4573359095 1.0011146395 0.9901820395 1.0242527395 0.2822933695
0.4664022395 0.9637086895 0.5216253395 0.2773581995 0.2634543095 0.5098954995 0.8315576395 0.2790962995 0.9713340395 0.9845891395 0.9783005395 0 0.9805140395 0.2789513095 0.2782267595 0.5049800395 0.5067458395 0.8135998795 0.8165631395 0.4664022395 0.4682660595 0.9735270095 0.9849607395 0.9753593695 1.0152985395 0.9860765395 0.5877769395 0.5886528995 0.8183467395 0.9794065395
0.9977046795 0.2785164895 0.9973267395 1.0075982395 0.9883130695 0.9673301395 1.0106689395 1.0083647395 0.2750469395 0.2780819195 0.0566218495 0.9805140395 0 1.0014944395 1.0007349395 0.9871939895 0.9805140395 1.0026351395 1.0018745395 0.9757264395 0.9790376895 0.2730304195 0.4651003395 0.2743261395 0.4714452195 0.4654720595 1.0176240395 1.0014944395 1.0187896395 0.2836052095
0.4789791895 0.9823636395 0.5240336395 0.2531579395 0.2412066095 0.5218257395 0.8255238395 0.0986288295 0.9868212895 0.9924309395 0.9961940395 0.2789513095 1.0014944395 0 0.0481544465 0.5176285395 0.5164336395 0.8225250395 0.8246229395 0.4738854695 0.4729459795 0.9831047395 1.0075982395 0.9845891395 1.0172360395 0.9958168795 0.5893105395 0.5917266395 0.8279315395 0.9977046795
0.4803054595 0.9886864895 0.5282670395 0.2541391795 0.2420342795 0.5260465395 0.8243228695 0.1010266495 0.9890600995 0.9920555895 0.9946865395 0.2782267595 1.0007349395 0.0481544465 0 0.5210244395 0.5200240395 0.8192401395 0.8234233795 0.4772774395 0.4763336995 0.9842177395 1.0033965395 0.9860765395 1.0207361395 0.9969490095 0.5930478395 0.5963610895 0.8249230895 0.9984610395
0.5190249395 0.9691474395 0.1810897395 0.5252407695 0.5077286895 0.1534823195 0.8279315395 0.5196242795 0.9684199395 0.9764609895 0.9753593695 0.5049800395 0.9871939895 0.5176285395 0.5210244395 0 0.0460258825 0.8144876395 0.8222257995 0.5204240395 0.5210244395 0.9775642095 0.9738930995 0.9797754795 0.9871939895 0.9768285395 0.5904077795 0.6014699395 0.8306494895 0.9842177395
0.5164336395 0.9575920395 0.1800724495 0.5218257395 0.5061567895 0.1526242695 0.8210300695 0.5178278395 0.9568757395 0.9680564895 0.9680564895 0.5067458395 0.9805140395 0.5164336395 0.5200240395 0.0460258825 0 0.8097650395 0.8153764395 0.5218257395 0.5222266795 0.9666044395 0.9673301395 0.9680564895 0.9801446695 0.9738930995 0.5860282395 0.5961397395 0.8246229395 0.9702399395
0.8391688395 1.0172360395 0.8258243695 0.8388628895 0.8168601395 0.8082953395 0.1196690595 0.8261250395 1.0160729395 1.0293614395 0.9969490095 0.8135998795 1.0026351395 0.8225250395 0.8192401395 0.8144876395 0.8097650395 0 0.0351584195 0.8249230895 0.8261250395 1.0195676395 1.0045401395 1.0187896395 1.0266062395 1.0072153395 0.8261250395 0.8379458395 0.2052707895 1.0219065395
0.8413138895 1.0187896395 0.8339848395 0.8428498395 0.8210300695 0.8156729395 0.1239017095 0.8297423395 1.0156856395 1.0289672395 0.9946865395 0.8165631395 1.0018745395 0.8246229395 0.8234233795 0.8222257995 0.8153764395 0.0351584195 0 0.8379458395 0.8376403995 1.0234698395 1.0102843395 1.0226877395 1.0266062395 1.0075982395 0.8297423395 0.8462399795 0.2096201495 1.0246444395
0.4906161895 0.9764609895 0.5331345395 0.4835361795 0.4652861895 0.5166326095 0.8379458395 0.4753911095 0.9760936395 0.9827340795 0.9680564895 0.4664022395 0.9757264395 0.4738854695 0.4772774395 0.5204240395 0.5218257395 0.8249230895 0.8379458395 0 0.0148017235 0.9775642095 0.9961940395 0.9797754795 1.0156856395 0.9879398895 0.6023619395 0.6090865095 0.8345928695 0.9950631395
0.4886960895 0.9794065395 0.5323210895 0.4841077395 0.4658439995 0.5178278395 0.8388628895 0.4755795395 0.9797754795 0.9842177395 0.9713340395 0.4682660595 0.9790376895 0.4729459795 0.4763336995 0.5210244395 0.5222266795 0.8261250395 0.8376403995 0.0148017235 0 0.9819933395 0.9995971795 0.9842177395 1.0172360395 0.9886864895 0.6030317395 0.6120192395 0.8336809795 0.9958168795
0.9864488395 0.2786613895 0.9831047395 0.9883130695 0.9768285395 0.9680564895 1.0099000395 0.9849607395 0.0915939895 0.0883260135 0.2710192995 0.9735270095 0.2730304195 0.9831047395 0.9842177395 0.9775642095 0.9666044395 1.0195676395 1.0234698395 0.9775642095 0.9819933395 0 0.4680794695 0.00558174999999996 0.4772774395 0.4600996895 1.0014944395 0.9958168795 1.0325226395 0.2793863895
1.0007349395 0.4720076395 0.9905563395 1.0168481395 0.9857044395 0.9790376895 1.0041587395 1.0087482395 0.4673335795 0.4682660595 0.4597305895 0.9849607395 0.4651003395 1.0075982395 1.0033965395 0.9738930995 0.9673301395 1.0045401395 1.0102843395 0.9961940395 0.9995971795 0.4680794695 0 0.4688261095 0.2780819195 0.2705890395 1.0281793395 1.0141384395 1.0102843395 0.4727582395
0.9879398895 0.2798217195 0.9886864895 0.9901820395 0.9790376895 0.9720643095 1.0091319395 0.9864488395 0.0919328695 0.0884384655 0.2721678395 0.9753593695 0.2743261395 0.9845891395 0.9860765395 0.9797754795 0.9680564895 1.0187896395 1.0226877395 0.9797754795 0.9842177395 0.00558174999999996 0.4688261095 0 0.4778442595 0.4613929595 1.0030156395 0.9961940395 1.0321268395 0.2793863895
1.0079813395 0.4744497395 1.0056855395 1.0254286395 0.9977046795 0.9853324795 1.0277858395 1.0203464395 0.4729459795 0.4789791895 0.4673335795 1.0152985395 0.4714452195 1.0172360395 1.0207361395 0.9871939895 0.9801446695 1.0266062395 1.0266062395 1.0156856395 1.0172360395 0.4772774395 0.2780819195 0.4778442595 0 0.2623190195 1.0072153395 1.0145248395 1.0313356395 0.4784115195
0.9924309395 0.4675199895 1.0033965395 1.0056855395 0.9864488395 0.9808835895 1.0049217395 1.0026351395 0.4606536795 0.4621329395 0.4573359095 0.9860765395 0.4654720595 0.9958168795 0.9969490095 0.9768285395 0.9738930995 1.0072153395 1.0075982395 0.9879398895 0.9886864895 0.4600996895 0.2705890395 0.4613929595 0.2623190195 0 1.0230787395 1.0238611395 1.0164603395 0.4778442595
0.6001338395 0.9999762095 0.6030317395 0.6001338395 0.5827602095 0.5943713695 0.8336809795 0.5921667695 0.9920555895 0.9871939895 1.0011146395 0.5877769395 1.0176240395 0.5893105395 0.5930478395 0.5904077795 0.5860282395 0.8261250395 0.8297423395 0.6023619395 0.6030317395 1.0014944395 1.0281793395 1.0030156395 1.0072153395 1.0230787395 0 0.2325708595 0.8324668895 0.9995971795
0.6019158395 0.9995971795 0.6133767395 0.5990221995 0.5855916395 0.6070628095 0.8416207895 0.5961397395 0.9950631395 0.9980827395 0.9901820395 0.5886528995 1.0014944395 0.5917266395 0.5963610895 0.6014699395 0.5961397395 0.8379458395 0.8462399795 0.6090865095 0.6120192395 0.9958168795 1.0141384395 0.9961940395 1.0145248395 1.0238611395 0.2325708595 0 0.8410070395 1.0053035395
0.8403938395 1.0305452395 0.8456224695 0.8440808395 0.8315576395 0.8186443995 0.2116055095 0.8339848395 1.0285732395 1.0384860395 1.0242527395 0.8183467395 1.0187896395 0.8279315395 0.8249230895 0.8306494895 0.8246229395 0.2052707895 0.2096201495 0.8345928695 0.8336809795 1.0325226395 1.0102843395 1.0321268395 1.0313356395 1.0164603395 0.8324668895 0.8410070395 0 1.0222969395
0.9894338795 0.1931474695 0.9834755395 0.9958168795 0.9935578395 0.9669672395 1.0156856395 0.9961940395 0.2801120795 0.2850654595 0.2822933695 0.9794065395 0.2836052095 0.9977046795 0.9984610395 0.9842177395 0.9702399395 1.0219065395 1.0246444395 0.9950631395 0.9958168795 0.2793863895 0.4727582395 0.2793863895 0.4784115195 0.4778442595 0.9995971795 1.0053035395 1.0222969395 0
