0 0.9842255 0.9943229 1.0091523 1.0176488 1.0141612 1.0083846 1.018426 1.0041765 0.9924427 0.9946995 1.019204 0.99131685 1.0160967 1.0137748 0.97352946 0.9779369 0.9838541 0.9894442 0.98645765 0.99131685 0.98869646 1.0176488 0.9860852 0.99734104 1.0037951 0.9845971 1.0168724 0.9872032 1.001891
0.9842255 0 0.1622501 0.5307389 0.5421895 0.5454935 0.5419835 0.56054413 0.5529811 0.36111194 0.52427334 0.98869646 0.53094184 0.5607553 0.5546552 0.30755678 0.31421676 0.5344004 0.3562722 0.35595062 0.35578993 0.531551 0.5450797 0.53094184 0.36696118 0.53664684 0.32601598 0.54673624 0.549644 0.20517004
0.9943229 0.1622501 0 0.5287124 0.5368514 0.537056 0.5393104 0.5575939 0.5440462 0.35130367 0.51806253 0.97024083 0.53033316 0.5506852 0.54611456 0.29737902 0.30394885 0.531551 0.34605056 0.3463679 0.3454163 0.5307389 0.5344004 0.5291173 0.3635436 0.52749914 0.3189448 0.5386949 0.5471509 0.19615345
1.0091523 0.5307389 0.5287124 0 0.16411468 0.4956552 0.4943009 0.41582194 0.40579182 0.5344004 0.5339927 0.94867724 0.54013187 0.41599607 0.41079012 0.5156721 0.51886106 0.44928738 0.5250785 0.5283078 0.5264896 0.44656178 0.4461991 0.44601783 0.5352165 0.5419835 0.53033316 0.21843298 0.4628807 0.532364
1.0176488 0.5421895 0.5368514 0.16411468 0 0.49973288 0.4975942 0.41234812 0.40441883 0.5426017 0.5358292 0.932902 0.5399264 0.4120016 0.4095806 0.5182621 0.5212617 0.4522057 0.53114486 0.53195745 0.5331779 0.44928738 0.44837776 0.44874147 0.54632175 0.5430141 0.53297436 0.22245803 0.4578924 0.5384899
1.0141612 0.5454935 0.537056 0.4956552 0.49973288 0 0.13017003 0.49914902 0.4881407 0.5331779 0.5380799 0.9831119 0.54611456 0.5079554 0.502073 0.5170656 0.52487713 0.49546158 0.5246758 0.5287124 0.52729714 0.48967603 0.497206 0.48852423 0.5266914 0.5531901 0.5419835 0.50992644 0.50285465 0.5448729
1.0083846 0.5419835 0.5393104 0.4943009 0.4975942 0.13017003 0 0.5024637 0.48679987 0.5327709 0.5279034 0.96479154 0.537056 0.5065787 0.50129217 0.5184617 0.5256829 0.4939144 0.5266914 0.52972496 0.5279034 0.493142 0.4946876 0.491407 0.52729714 0.5419835 0.53951573 0.5044204 0.49526802 0.5415716
1.018426 0.56054413 0.5575939 0.41582194 0.41234812 0.49914902 0.5024637 0 0.10697956 0.5494359 0.53951573 0.94903165 0.5481887 0.23919038 0.23466444 0.5317542 0.5352165 0.46084443 0.53114486 0.5327709 0.5344004 0.4575242 0.46977088 0.45568597 0.5454935 0.5454935 0.55172795 0.41564786 0.46399376 0.55906755
1.0041765 0.5529811 0.5440462 0.40579182 0.40441883 0.4881407 0.48679987 0.10697956 0 0.5352165 0.5354207 0.94514287 0.5399264 0.23452772 0.2311177 0.5184617 0.52346903 0.45476854 0.5190608 0.5214621 0.5232681 0.45165765 0.46380812 0.44983372 0.5346044 0.5376702 0.5450797 0.40647927 0.46436512 0.5473584
0.9924427 0.36111194 0.35130367 0.5344004 0.5426017 0.5331779 0.5327709 0.5494359 0.5352165 0 0.5174642 0.9666036 0.52367 0.5450797 0.5386949 0.34494096 0.35114396 0.5285101 0.10605747 0.10674893 0.10674893 0.5232681 0.5403374 0.520861 0.32231835 0.52608615 0.37072223 0.54116 0.53480834 0.3628944
0.9946995 0.52427334 0.51806253 0.5339927 0.5358292 0.5380799 0.5279034 0.53951573 0.5354207 0.5174642 0 0.97316337 0.10387206 0.5419835 0.5376702 0.5061858 0.50953186 0.52346903 0.50992644 0.50953186 0.51091397 0.5264896 0.53195745 0.5240722 0.5152744 0.26280668 0.5279034 0.54095423 0.5356249 0.5212617
1.019204 0.98869646 0.97024083 0.94867724 0.932902 0.9831119 0.96479154 0.94903165 0.94514287 0.9666036 0.97316337 0 0.9753628 0.9779369 0.9626228 0.9644296 0.9593815 0.97243166 0.9590223 0.95294064 0.9479691 0.96298385 0.9483231 0.9611805 0.94479036 0.9540103 0.97316337 0.9479691 0.9808897 0.9746289
0.99131685 0.53094184 0.53033316 0.54013187 0.5399264 0.54611456 0.537056 0.5481887 0.5399264 0.52367 0.10387206 0.9753628 0 0.5419835 0.5358292 0.5190608 0.52106136 0.5317542 0.51607 0.5168664 0.5168664 0.531551 0.54116 0.5299277 0.5214621 0.26408544 0.5321607 0.54095423 0.5434268 0.532364
1.0160967 0.5607553 0.5506852 0.41599607 0.4120016 0.5079554 0.5065787 0.23919038 0.23452772 0.5450797 0.5419835 0.9779369 0.5419835 0 0.10031999 0.520861 0.52447456 0.45992067 0.530536 0.53256744 0.5346044 0.458445 0.4630661 0.45623696 0.53951573 0.5473584 0.5502686 0.4207125 0.46195444 0.556543
1.0137748 0.5546552 0.54611456 0.41079012 0.4095806 0.502073 0.50129217 0.23466444 0.2311177 0.5386949 0.5376702 0.9626228 0.5358292 0.10031999 0 0.5198604 0.5190608 0.45257127 0.5228664 0.5240722 0.52527994 0.45056275 0.45955148 0.44874147 0.5337889 0.54116 0.5454935 0.41948688 0.45936695 0.5481887
0.97352946 0.30755678 0.29737902 0.5156721 0.5182621 0.5170656 0.5184617 0.5317542 0.5184617 0.34494096 0.5061858 0.9644296 0.5190608 0.520861 0.5198604 0 0.06525853 0.5182621 0.34193748 0.34020412 0.34146434 0.5150757 0.51886106 0.5134875 0.35338324 0.5202605 0.24084297 0.52346903 0.5291173 0.31012297
0.9779369 0.31421676 0.30394885 0.51886106 0.5212617 0.52487713 0.5256829 0.5352165 0.52346903 0.35114396 0.50953186 0.9593815 0.52106136 0.52447456 0.5190608 0.06525853 0 0.52226424 0.3462092 0.34351677 0.34383303 0.5204606 0.5198604 0.51886106 0.35691568 0.520861 0.24485183 0.5258845 0.5362379 0.31558636
0.9838541 0.5344004 0.531551 0.44928738 0.4522057 0.49546158 0.4939144 0.46084443 0.45476854 0.5285101 0.52346903 0.97243166 0.5317542 0.45992067 0.45257127 0.5182621 0.52226424 0 0.5176636 0.5186613 0.5190608 0.063297465 0.40820062 0.063188665 0.5291173 0.5403374 0.5413658 0.44983372 0.20162888 0.5360335
0.9894442 0.3562722 0.34605056 0.5250785 0.53114486 0.5246758 0.5266914 0.53114486 0.5190608 0.10605747 0.50992644 0.9590223 0.51607 0.530536 0.5228664 0.34193748 0.3462092 0.5176636 0 0.036577623 0.036787648 0.51289284 0.53134793 0.5105188 0.32201102 0.513091 0.36159766 0.5362379 0.52709514 0.356433
0.98645765 0.35595062 0.3463679 0.5283078 0.53195745 0.5287124 0.52972496 0.5327709 0.5214621 0.10674893 0.50953186 0.95294064 0.5168664 0.53256744 0.5240722 0.34020412 0.34351677 0.5186613 0.036577623 0 0.019450037 0.5150757 0.532364 0.5134875 0.32093644 0.5115071 0.35917228 0.5368514 0.52689326 0.35739866
0.99131685 0.35578993 0.3454163 0.5264896 0.5331779 0.52729714 0.5279034 0.5344004 0.5232681 0.10674893 0.51091397 0.9479691 0.5168664 0.5346044 0.52527994 0.34146434 0.34383303 0.5190608 0.036787648 0.019450037 0 0.51547325 0.531551 0.5132893 0.32124332 0.5140827 0.36127383 0.5374654 0.5287124 0.35804313
0.98869646 0.531551 0.5307389 0.44656178 0.44928738 0.48967603 0.493142 0.4575242 0.45165765 0.5232681 0.5264896 0.96298385 0.531551 0.458445 0.45056275 0.5150757 0.5204606 0.063297465 0.51289284 0.5150757 0.51547325 0 0.40407598 0.009155657 0.52427334 0.5335852 0.53644234 0.45111 0.1968032 0.5307389
1.0176488 0.5450797 0.5344004 0.4461991 0.44837776 0.497206 0.4946876 0.46977088 0.46380812 0.5403374 0.53195745 0.9483231 0.54116 0.4630661 0.45955148 0.51886106 0.5198604 0.40820062 0.53134793 0.532364 0.531551 0.40407598 0 0.40407598 0.5356249 0.53828484 0.5331779 0.4463804 0.4161702 0.54013187
0.9860852 0.53094184 0.5291173 0.44601783 0.44874147 0.48852423 0.491407 0.45568597 0.44983372 0.520861 0.5240722 0.9611805 0.5299277 0.45623696 0.44874147 0.5134875 0.51886106 0.063188665 0.5105188 0.5134875 0.5132893 0.009155657 0.40407598 0 0.52166253 0.5337889 0.5354207 0.45147505 0.19641328 0.5287124
0.99734104 0.36696118 0.3635436 0.5352165 0.54632175 0.5266914 0.52729714 0.5454935 0.5346044 0.32231835 0.5152744 0.94479036 0.5214621 0.53951573 0.5337889 0.35338324 0.35691568 0.5291173 0.32201102 0.32093644 0.32124332 0.52427334 0.5356249 0.52166253 0 0.52186304 0.36810386 0.5426017 0.5407486 0.37154236
1.0037951 0.53664684 0.52749914 0.5419835 0.5430141 0.5531901 0.5419835 0.5454935 0.5376702 0.52608615 0.26280668 0.9540103 0.26408544 0.5473584 0.54116 0.5202605 0.520861 0.5403374 0.513091 0.5115071 0.5140827 0.5335852 0.53828484 0.5337889 0.52186304 0 0.5339927 0.54673624 0.5488121 0.52952236
0.9845971 0.32601598 0.3189448 0.53033316 0.53297436 0.5419835 0.53951573 0.55172795 0.5450797 0.37072223 0.5279034 0.97316337 0.5321607 0.5502686 0.5454935 0.24084297 0.24485183 0.5413658 0.36159766 0.35917228 0.36127383 0.53644234 0.5331779 0.5354207 0.36810386 0.5339927 0 0.5393104 0.5529811 0.32926643
1.0168724 0.54673624 0.5386949 0.21843298 0.22245803 0.50992644 0.5044204 0.41564786 0.40647927 0.54116 0.54095423 0.9479691 0.54095423 0.4207125 0.41948688 0.52346903 0.5258845 0.44983372 0.5362379 0.5368514 0.5374654 0.45111 0.4463804 0.45147505 0.5426017 0.54673624 0.5393104 0 0.46269536 0.547981
0.9872032 0.549644 0.5471509 0.4628807 0.4578924 0.50285465 0.49526802 0.46399376 0.46436512 0.53480834 0.5356249 0.9808897 0.5434268 0.46195444 0.45936695 0.5291173 0.5362379 0.20162888 0.52709514 0.52689326 0.5287124 0.1968032 0.4161702 0.19641328 0.5407486 0.5488121 0.5529811 0.46269536 0 0.54570043
1.001891 0.20517004 0.19615345 0.532364 0.5384899 0.5448729 0.5415716 0.55906755 0.5473584 0.3628944 0.5212617 0.9746289 0.532364 0.556543 0.5481887 0.31012297 0.31558636 0.5360335 0.356433 0.35739866 0.35804313 0.5307389 0.54013187 0.5287124 0.37154236 0.52952236 0.32926643 0.547981 0.54570043 0
