0 0.99734104 0.74433905 0.7459595 0.7397667 0.74110866 0.7307048 0.51806253 0.51249665 1.0037951 0.7400349 1.036926 1.0246727 1.0199828 1.0160967 1.0180373 0.99885464 1.0157093 1.0103053 0.7368229 0.7400349 1.0231062 1.0188149 1.0246727 0.74057156 1.015322 1.0172604 1.0076177 1.0133885 1.0064689
0.99734104 0 0.9713354 0.98125964 0.9658782 0.98237044 0.97426224 0.99131685 0.99056727 0.31802738 0.97426224 0.5065787 0.49294904 0.48833245 0.4829821 0.48871607 0.3189448 0.32201102 0.32170385 0.9783054 0.9783054 0.3685941 0.3832859 0.3677772 0.9943229 0.3731853 0.37466702 0.32001656 0.48450688 0.19602357
0.74433905 0.9713354 0 0.19175006 0.18981557 0.5649914 0.5544457 0.7408401 0.7354886 0.9666036 0.36062655 0.9768326 0.98683035 0.97867405 0.9680563 0.98832285 0.9790429 0.99281836 0.98683035 0.35788196 0.3551474 0.9698763 0.9831119 0.97499573 0.25884217 0.99169195 0.98645765 0.98125964 0.99357027 0.9801504
0.7459595 0.98125964 0.19175006 0 0.14518856 0.56456673 0.56096655 0.7437997 0.74650043 0.98125964 0.35482633 0.9901927 0.9783054 0.9669665 0.9746289 0.99056727 0.9901927 1.0015109 0.9969631 0.35050538 0.3501863 0.97206604 0.98496884 0.9738958 0.26068023 0.99885464 1.0041765 0.9842255 1.0053219 0.99056727
0.7397667 0.9658782 0.18981557 0.14518856 0 0.5613892 0.5557034 0.7312348 0.72568804 0.96769285 0.35595062 0.9853408 0.9783054 0.97024083 0.96190137 0.9764649 0.9808897 0.99131685 0.98794943 0.3501863 0.3481156 0.96190137 0.9746289 0.9637064 0.25377554 0.98869646 0.9860852 0.97573 0.99131685 0.9775687
0.74110866 0.98237044 0.5649914 0.56456673 0.5613892 0 0.15103655 0.7437997 0.7354886 0.9790429 0.57289183 0.9958304 0.9709704 0.9669665 0.97867405 0.9924427 0.9943229 1.0034139 1.0030329 0.5707484 0.567971 0.97573 0.9768326 0.97941184 0.5578042 1.0049399 0.99131685 0.9872032 0.9857129 0.9860852
0.7307048 0.97426224 0.5544457 0.56096655 0.5557034 0.15103655 0 0.7408401 0.73923063 0.97499573 0.5698927 0.9838541 0.9901927 0.97867405 0.97941184 0.99281836 0.98757625 1.0003713 1.0003713 0.56647974 0.568611 0.9816297 0.97206604 0.9808897 0.5550743 0.99131685 0.98907024 0.98869646 0.9857129 0.9738958
0.51806253 0.99131685 0.7408401 0.7437997 0.7312348 0.7437997 0.7408401 0 0.13602151 0.9924427 0.7532952 1.0195932 1.018426 1.01146 0.99658537 0.99999183 0.99056727 0.99999183 0.9969631 0.74975425 0.7494826 1.0037951 1.0203725 1.0076177 0.7344229 0.99923354 1.002652 0.98907024 0.9901927 1.0072346
0.51249665 0.99056727 0.7354886 0.74650043 0.72568804 0.7354886 0.73923063 0.13602151 0 0.98683035 0.74677104 1.0231062 1.0087683 1.0037951 1.0041765 1.0037951 0.9872032 0.99131685 0.9962078 0.74541897 0.7473126 1.0195932 1.0266355 1.0215429 0.7309697 1.0203725 1.019204 0.9931942 0.99131685 1.0068517
1.0037951 0.31802738 0.9666036 0.98125964 0.96769285 0.9790429 0.97499573 0.9924427 0.98683035 0 0.9801504 0.5005121 0.4927561 0.48679987 0.48393473 0.48852423 0.09917775 0.10375721 0.101922065 0.982 0.9842255 0.3731853 0.3700668 0.37302083 0.97243166 0.37598658 0.36892113 0.21522841 0.47748062 0.32632494
0.7400349 0.97426224 0.36062655 0.35482633 0.35595062 0.57289183 0.5698927 0.7532952 0.74677104 0.9801504 0 0.9838541 0.9801504 0.9651536 0.97573 0.9845971 0.9931942 0.9958304 0.99545324 0.097239904 0.096216016 0.97316337 0.97978103 0.9746289 0.35595062 0.99961257 0.9939465 0.98832285 1.000751 0.98907024
1.036926 0.5065787 0.9768326 0.9901927 0.9853408 0.9958304 0.9838541 1.0195932 1.0231062 0.5005121 0.9838541 0 0.38696238 0.37830138 0.50579315 0.5089403 0.49973288 0.50481236 0.5083492 0.99056727 0.9853408 0.5083492 0.5063822 0.5091374 0.98832285 0.50481236 0.4923704 0.51210064 0.5061858 0.513091
1.0246727 0.49294904 0.98683035 0.9783054 0.9783054 0.9709704 0.9901927 1.018426 1.0087683 0.4927561 0.9801504 0.38696238 0 0.09145626 0.4915996 0.49507448 0.493142 0.49934357 0.49856558 0.97243166 0.97352946 0.48833245 0.4841254 0.48833245 0.9853408 0.49526802 0.4837441 0.49294904 0.4999276 0.496818
1.0199828 0.48833245 0.97867405 0.9669665 0.97024083 0.9669665 0.97867405 1.01146 1.0037951 0.48679987 0.9651536 0.37830138 0.09145626 0 0.491022 0.4935281 0.48679987 0.49372122 0.4935281 0.959741 0.9615409 0.48127043 0.48317254 0.47994182 0.98125964 0.49507448 0.48127043 0.4919849 0.49333504 0.49044484
1.0160967 0.4829821 0.9680563 0.9746289 0.96190137 0.97867405 0.97941184 0.99658537 1.0041765 0.48393473 0.97573 0.50579315 0.4915996 0.491022 0 0.085941106 0.4843161 0.49082956 0.4919849 0.9662408 0.9698763 0.47540435 0.4829821 0.4740861 0.9816297 0.4921776 0.47899425 0.4935281 0.20477574 0.4890999
1.0180373 0.48871607 0.98832285 0.99056727 0.9764649 0.9924427 0.99281836 0.99999183 1.0037951 0.48852423 0.9845971 0.5089403 0.49507448 0.4935281 0.085941106 0 0.48890796 0.49449423 0.4958489 0.9783054 0.9801504 0.47937313 0.48679987 0.47766966 0.99169195 0.4921776 0.4829821 0.5030502 0.20595923 0.4946876
0.99885464 0.3189448 0.9790429 0.9901927 0.9808897 0.9943229 0.98757625 0.99056727 0.9872032 0.09917775 0.9931942 0.49973288 0.493142 0.48679987 0.4843161 0.48890796 0 0.06362395 0.060907543 0.98832285 0.98832285 0.36712432 0.36810386 0.3677772 0.9898184 0.37417278 0.3672875 0.21336539 0.47653615 0.32431898
1.0157093 0.32201102 0.99281836 1.0015109 0.99131685 1.0034139 1.0003713 0.99999183 0.99131685 0.10375721 0.9958304 0.50481236 0.49934357 0.49372122 0.49082956 0.49449423 0.06362395 0 0.050780986 0.9939465 0.9924427 0.37219912 0.3738435 0.3717065 0.99658537 0.383953 0.37400812 0.21829918 0.4837441 0.3267886
1.0103053 0.32170385 0.98683035 0.9969631 0.98794943 1.0030329 1.0003713 0.9969631 0.9962078 0.101922065 0.99545324 0.5083492 0.49856558 0.4935281 0.4919849 0.4958489 0.060907543 0.050780986 0 0.9924427 0.99131685 0.36990303 0.37137827 0.36843067 0.9920673 0.37962735 0.3708862 0.21669547 0.48718274 0.3284912
0.7368229 0.9783054 0.35788196 0.35050538 0.3501863 0.5707484 0.56647974 0.74975425 0.74541897 0.982 0.097239904 0.99056727 0.97243166 0.959741 0.9662408 0.9783054 0.98832285 0.9939465 0.9924427 0 0.033016164 0.9611805 0.9857129 0.96226203 0.35691568 1.0037951 0.99357027 0.98794943 0.9931942 0.9872032
0.7400349 0.9783054 0.3551474 0.3501863 0.3481156 0.567971 0.568611 0.7494826 0.7473126 0.9842255 0.096216016 0.9853408 0.97352946 0.9615409 0.9698763 0.9801504 0.98832285 0.9924427 0.99131685 0.033016164 0 0.9658782 0.98683035 0.96841997 0.35370368 1.0068517 0.99545324 0.98832285 0.9939465 0.9924427
1.0231062 0.3685941 0.9698763 0.97206604 0.96190137 0.97573 0.9816297 1.0037951 1.0195932 0.3731853 0.97316337 0.5083492 0.48833245 0.48127043 0.47540435 0.47937313 0.36712432 0.37219912 0.36990303 0.9611805 0.9658782 0 0.37549147 0.025115883 0.97426224 0.36990303 0.36582026 0.37302083 0.4744625 0.3736789
1.0188149 0.3832859 0.9831119 0.98496884 0.9746289 0.9768326 0.97206604 1.0203725 1.0266355 0.3700668 0.97978103 0.5063822 0.4841254 0.48317254 0.4829821 0.48679987 0.36810386 0.3738435 0.37137827 0.9857129 0.98683035 0.37549147 0 0.37483186 0.9801504 0.31239453 0.30394885 0.3781358 0.48108047 0.3821199
1.0246727 0.3677772 0.97499573 0.9738958 0.9637064 0.97941184 0.9808897 1.0076177 1.0215429 0.37302083 0.9746289 0.5091374 0.48833245 0.47994182 0.4740861 0.47766966 0.3677772 0.3717065 0.36843067 0.96226203 0.96841997 0.025115883 0.37483186 0 0.9768326 0.36990303 0.36663502 0.3712142 0.47427428 0.3736789
0.74057156 0.9943229 0.25884217 0.26068023 0.25377554 0.5578042 0.5550743 0.7344229 0.7309697 0.97243166 0.35595062 0.98832285 0.9853408 0.98125964 0.9816297 0.99169195 0.9898184 0.99658537 0.9920673 0.35691568 0.35370368 0.97426224 0.9801504 0.9768326 0 0.99169195 0.9838541 0.97978103 1.0053219 0.98794943
1.015322 0.3731853 0.99169195 0.99885464 0.98869646 1.0049399 0.99131685 0.99923354 1.0203725 0.37598658 0.99961257 0.50481236 0.49526802 0.49507448 0.4921776 0.4921776 0.37417278 0.383953 0.37962735 1.0037951 1.0068517 0.36990303 0.31239453 0.36990303 0.99169195 0 0.26223904 0.37830138 0.48737422 0.38830376
1.0172604 0.37466702 0.98645765 1.0041765 0.9860852 0.99131685 0.98907024 1.002652 1.019204 0.36892113 0.9939465 0.4923704 0.4837441 0.48127043 0.47899425 0.4829821 0.3672875 0.37400812 0.3708862 0.99357027 0.99545324 0.36582026 0.30394885 0.36663502 0.9838541 0.26223904 0 0.37912986 0.48089057 0.37879837
1.0076177 0.32001656 0.98125964 0.9842255 0.97573 0.9872032 0.98869646 0.98907024 0.9931942 0.21522841 0.98832285 0.51210064 0.49294904 0.4919849 0.4935281 0.5030502 0.21336539 0.21829918 0.21669547 0.98794943 0.98832285 0.37302083 0.3781358 0.3712142 0.97978103 0.37830138 0.37912986 0 0.4858436 0.32694325
1.0133885 0.48450688 0.99357027 1.0053219 0.99131685 0.9857129 0.9857129 0.9901927 0.99131685 0.47748062 1.000751 0.5061858 0.4999276 0.49333504 0.20477574 0.20595923 0.47653615 0.4837441 0.48718274 0.9931942 0.9939465 0.4744625 0.48108047 0.47427428 1.0053219 0.48737422 0.48089057 0.4858436 0 0.49333504
1.0064689 0.19602357 0.9801504 0.99056727 0.9775687 0.9860852 0.9738958 1.0072346 1.0068517 0.32632494 0.98907024 0.513091 0.496818 0.49044484 0.4890999 0.4946876 0.32431898 0.3267886 0.3284912 0.9872032 0.9924427 0.3736789 0.3821199 0.3736789 0.98794943 0.38830376 0.37879837 0.32694325 0.49333504 0
