0 1.0305767 0.9764649 0.9943229 0.97720057 1.0203725 1.015322 1.0215429 1.0219333 1.0207624 0.97170067 0.9901927 0.9838541 0.9958304 0.99131685 1.0076177 1.000751 0.97243166 0.7072328 0.7082605 0.9790429 0.9768326 0.72018194 0.9790429 0.69399863 0.99357027 1.0195932 1.0080011 0.98683035 1.0053219
1.0305767 0 0.65372705 0.6515784 0.6439882 0.14896016 0.14761968 0.14373367 0.14421831 0.14179818 0.6522939 0.5784937 0.6532491 0.6677236 0.6662635 0.9259958 0.9229087 0.91169673 1.0011308 1.0049399 0.9174517 0.91915274 1.042526 0.92017525 0.9939465 0.27916783 0.39133066 0.40339074 0.9232511 0.6767909
0.9764649 0.65372705 0 0.44511214 0.43772647 0.65134007 0.65348804 0.654684 0.65110177 0.6532491 0.13482362 0.6520554 0.13136052 0.5767656 0.5765499 0.9019803 0.90398026 0.90264636 0.99658537 1.002652 0.9167723 0.91575444 1.0211525 0.9106857 0.97978103 0.65372705 0.6367077 0.6623838 0.90398026 0.5733213
0.9943229 0.6515784 0.44511214 0 0.09746763 0.65277135 0.65444463 0.6522939 0.6522939 0.6506254 0.44042012 0.65516293 0.43772647 0.5630822 0.56754464 0.89766514 0.8881276 0.90565103 1.0076177 1.0180373 0.91541547 0.9174517 1.0164845 0.9188122 0.9827411 0.6461152 0.6409265 0.6489606 0.8973342 0.5761186
0.97720057 0.6439882 0.43772647 0.09746763 0 0.64540553 0.64469653 0.6470625 0.6494359 0.64824826 0.43808508 0.64967364 0.43343666 0.55948913 0.5666926 0.91203403 0.90398026 0.92085767 0.99999183 1.0053219 0.9297863 0.93255514 1.0045581 0.9339434 0.97720057 0.63998693 0.6409265 0.64967364 0.90665525 0.57267725
1.0203725 0.14896016 0.65134007 0.65277135 0.64540553 0 0.10813376 0.10582713 0.14774145 0.1457956 0.65134007 0.5850098 0.65110177 0.6626257 0.66093403 0.9123715 0.91203403 0.9096761 0.9931942 0.99545324 0.91473794 0.91643286 1.0353336 0.9184719 0.9853408 0.28543305 0.39640284 0.4106172 0.9100125 0.67383814
1.015322 0.14761968 0.65348804 0.65444463 0.64469653 0.10813376 0 0.098037235 0.14822869 0.1457956 0.6606927 0.5769814 0.6573219 0.66577744 0.66383636 0.91711193 0.91203403 0.9063204 0.99131685 0.9931942 0.9123715 0.9123715 1.0429276 0.9133848 0.98907024 0.28207538 0.3967422 0.40889028 0.9188122 0.6723661
1.0215429 0.14373367 0.654684 0.6522939 0.6470625 0.10582713 0.098037235 0 0.14530993 0.14373367 0.6575622 0.5754721 0.65660155 0.66335183 0.6626257 0.90665525 0.903313 0.8943626 1.0041765 1.0041765 0.8989902 0.9013148 1.0389212 0.9036466 0.9939465 0.27902275 0.39453906 0.40219304 0.90498227 0.67065233
1.0219333 0.14421831 0.65110177 0.6522939 0.6494359 0.14774145 0.14822869 0.14530993 0 0.07425776 0.65277135 0.5793593 0.65110177 0.65540254 0.6542054 0.9013148 0.90164745 0.8910746 0.9939465 0.99734104 0.8970035 0.8973342 1.0389212 0.89766514 0.9853408 0.27713925 0.39725155 0.41148216 0.90264636 0.6606927
1.0207624 0.14179818 0.6532491 0.6506254 0.64824826 0.1457956 0.1457956 0.14373367 0.07425776 0 0.65348804 0.57590306 0.6515784 0.6592462 0.6582834 0.90264636 0.90098226 0.8927168 0.98683035 0.99131685 0.8999856 0.9019803 1.0305767 0.9043141 0.98683035 0.2768499 0.39844134 0.40716735 0.90766084 0.6662635
0.97170067 0.6522939 0.13482362 0.44042012 0.43808508 0.65134007 0.6606927 0.6575622 0.65277135 0.65348804 0 0.6449328 0.043221835 0.5698927 0.5698927 0.8953518 0.8940332 0.9059856 0.9827411 0.9872032 0.92017525 0.9205164 1.0122308 0.9184719 0.9658782 0.6501494 0.6336756 0.64919823 0.90766084 0.56967896
0.9901927 0.5784937 0.6520554 0.65516293 0.64967364 0.5850098 0.5769814 0.5754721 0.5793593 0.57590306 0.6449328 0 0.6470625 0.64729947 0.64872307 0.891731 0.8923881 0.8927168 0.9980974 1.0060863 0.9073255 0.9063204 1.01069 0.9036466 0.990942 0.57719725 0.57979244 0.5948914 0.9013148 0.661417
0.9838541 0.6532491 0.13136052 0.43772647 0.43343666 0.65110177 0.6573219 0.65660155 0.65110177 0.6515784 0.043221835 0.6470625 0 0.56903803 0.5711766 0.9006499 0.89865875 0.90398026 0.9845971 0.98869646 0.9184719 0.91983426 1.0195932 0.91711193 0.9709704 0.64919823 0.6350735 0.6539662 0.90766084 0.56733155
0.9958304 0.6677236 0.5767656 0.5630822 0.55948913 0.6626257 0.66577744 0.66335183 0.65540254 0.6592462 0.5698927 0.64729947 0.56903803 0 0.035423536 0.8832416 0.8871479 0.8943626 0.9898184 0.9962078 0.90031767 0.9043141 1.005704 0.9013148 0.98794943 0.6590054 0.64801097 0.65134007 0.8809723 0.20595923
0.99131685 0.6662635 0.5765499 0.56754464 0.5666926 0.66093403 0.66383636 0.6626257 0.6542054 0.6582834 0.5698927 0.64872307 0.5711766 0.035423536 0 0.8812961 0.8848668 0.8887815 0.9845971 0.99281836 0.89469224 0.8979962 1.0053219 0.8956819 0.98348296 0.6592462 0.64872307 0.6570817 0.8812961 0.20517004
1.0076177 0.9259958 0.9019803 0.89766514 0.91203403 0.9123715 0.91711193 0.90665525 0.9013148 0.90264636 0.8953518 0.891731 0.9006499 0.8832416 0.8812961 0 0.034166552 0.34193748 1.0003713 1.0045581 0.34827465 0.34747958 1.0286036 0.34795654 0.9845971 0.9029796 0.8989902 0.92017525 0.23726694 0.9069903
1.000751 0.9229087 0.90398026 0.8881276 0.90398026 0.91203403 0.91203403 0.903313 0.90164745 0.90098226 0.8940332 0.8923881 0.89865875 0.8871479 0.8848668 0.034166552 0 0.34304264 0.99545324 1.001891 0.3487521 0.3481156 1.0168724 0.3481156 0.9764649 0.9029796 0.89766514 0.91949344 0.23740417 0.9110226
0.97243166 0.91169673 0.90264636 0.90565103 0.92085767 0.9096761 0.9063204 0.8943626 0.8910746 0.8927168 0.9059856 0.8927168 0.90398026 0.8943626 0.8887815 0.34193748 0.34304264 0 0.9898184 0.9980974 0.033852633 0.033225194 1.0080011 0.033434283 0.9860852 0.90900373 0.89932185 0.92119914 0.35114396 0.9123715
0.7072328 1.0011308 0.99658537 1.0076177 0.99999183 0.9931942 0.99131685 1.0041765 0.9939465 0.98683035 0.9827411 0.9980974 0.9845971 0.9898184 0.9845971 1.0003713 0.99545324 0.9898184 0 0.031658888 0.9977191 0.99885464 0.48527044 0.99961257 0.42810866 0.9980974 1.0072346 1.0022715 0.97867405 0.9962078
0.7082605 1.0049399 1.002652 1.0180373 1.0053219 0.99545324 0.9931942 1.0041765 0.99734104 0.99131685 0.9872032 1.0060863 0.98869646 0.9962078 0.99281836 1.0045581 1.001891 0.9980974 0.031658888 0 1.0076177 1.0099207 0.48871607 1.0091523 0.42492995 0.9943229 1.0110749 1.0037951 0.9872032 1.0045581
0.9790429 0.9174517 0.9167723 0.91541547 0.9297863 0.91473794 0.9123715 0.8989902 0.8970035 0.8999856 0.92017525 0.9073255 0.9184719 0.90031767 0.89469224 0.34827465 0.3487521 0.033852633 0.9977191 1.0076177 0 0.020682575 1.0110749 0.020888196 0.9827411 0.9123715 0.9086678 0.9322085 0.35965672 0.9242792
0.9768326 0.91915274 0.91575444 0.9174517 0.93255514 0.91643286 0.9123715 0.9013148 0.8973342 0.9019803 0.9205164 0.9063204 0.91983426 0.9043141 0.8979962 0.34747958 0.3481156 0.033225194 0.99885464 1.0099207 0.020682575 0 1.0126165 0.011487528 0.98496884 0.9174517 0.90498227 0.929441 0.35772082 0.9256522
0.72018194 1.042526 1.0211525 1.0164845 1.0045581 1.0353336 1.0429276 1.0389212 1.0389212 1.0305767 1.0122308 1.01069 1.0195932 1.005704 1.0053219 1.0286036 1.0168724 1.0080011 0.48527044 0.48871607 1.0110749 1.0126165 0 1.01069 0.47804788 1.0188149 1.0126165 1.0172604 1.0072346 1.0099207
0.9790429 0.92017525 0.9106857 0.9188122 0.9339434 0.9184719 0.9133848 0.9036466 0.89766514 0.9043141 0.9184719 0.9036466 0.91711193 0.9013148 0.8956819 0.34795654 0.3481156 0.033434283 0.99961257 1.0091523 0.020888196 0.011487528 1.01069 0 0.9857129 0.91779155 0.90799636 0.9297863 0.35772082 0.92017525
0.69399863 0.9939465 0.97978103 0.9827411 0.97720057 0.9853408 0.98907024 0.9939465 0.9853408 0.98683035 0.9658782 0.990942 0.9709704 0.98794943 0.98348296 0.9845971 0.9764649 0.9860852 0.42810866 0.42492995 0.9827411 0.98496884 0.47804788 0.9857129 0 0.9977191 0.99056727 0.99131685 0.98757625 1.01069
0.99357027 0.27916783 0.65372705 0.6461152 0.63998693 0.28543305 0.28207538 0.27902275 0.27713925 0.2768499 0.6501494 0.57719725 0.64919823 0.6590054 0.6592462 0.9029796 0.9029796 0.90900373 0.9980974 0.9943229 0.9123715 0.9174517 1.0188149 0.91779155 0.9977191 0 0.39369342 0.40940794 0.90933985 0.671876
1.0195932 0.39133066 0.6367077 0.6409265 0.6409265 0.39640284 0.3967422 0.39453906 0.39725155 0.39844134 0.6336756 0.57979244 0.6350735 0.64801097 0.64872307 0.8989902 0.89766514 0.89932185 1.0072346 1.0110749 0.9086678 0.90498227 1.0126165 0.90799636 0.99056727 0.39369342 0 0.26195538 0.89304566 0.6606927
1.0080011 0.40339074 0.6623838 0.6489606 0.64967364 0.4106172 0.40889028 0.40219304 0.41148216 0.40716735 0.64919823 0.5948914 0.6539662 0.65134007 0.6570817 0.92017525 0.91949344 0.92119914 1.0022715 1.0037951 0.9322085 0.929441 1.0172604 0.9297863 0.99131685 0.40940794 0.26195538 0 0.92017525 0.66335183
0.98683035 0.9232511 0.90398026 0.8973342 0.90665525 0.9100125 0.9188122 0.90498227 0.90264636 0.90766084 0.90766084 0.9013148 0.90766084 0.8809723 0.8812961 0.23726694 0.23740417 0.35114396 0.97867405 0.9872032 0.35965672 0.35772082 1.0072346 0.35772082 0.98757625 0.90933985 0.89304566 0.92017525 0 0.9113596
1.0053219 0.6767909 0.5733213 0.5761186 0.57267725 0.67383814 0.6723661 0.67065233 0.6606927 0.6662635 0.56967896 0.661417 0.56733155 0.20595923 0.20517004 0.9069903 0.9110226 0.9123715 0.9962078 1.0045581 0.9242792 0.9256522 1.0099207 0.92017525 1.01069 0.671876 0.6606927 0.66335183 0.9113596 0
