0 1.0200684788 1.0157972788 0.9865604788 0.9993299188 1.0084763788 0.9981943788 0.9917921288 0.9974383788 1.0130917788 0.9974383788 1.0243643788 1.0251479788 1.0306568788 1.0115501788 1.0142500788 1.0031272788 1.0220181788 1.0165719788 1.0054151788 1.0100116788 0.9899194788 1.0088598788 0.9902936788 0.9993299188 0.9910425488 0.9791493288 1.0165719788 0.9802563088 1.0065615788
1.0200684788 0 0.2672675488 0.7277439188 0.5241452788 0.7277439188 0.7144136788 0.5822200088 0.5902998388 0.5163462788 0.5163462788 0.9769401788 0.9832163788 0.9873056288 0.5247486188 0.5203356788 1.0050333788 0.5239443088 0.5241452788 1.0031272788 1.0088598788 1.0023662788 0.9970606488 1.0008465788 0.5776725288 0.5233416788 0.5119823788 0.5263597788 0.9873056288 0.5153522388
1.0157972788 0.2672675488 0 0.7123440388 0.5141611788 0.7219645288 0.7033557188 0.5663168388 0.5722946488 0.5084306788 0.5123780288 0.9769401788 0.9828457188 0.9902936788 0.5229402088 0.5219373788 0.9876784788 0.5141611788 0.5102044288 0.9813649788 0.9821049788 0.9828457188 1.0069441788 0.9835871788 0.5591214788 0.5173416788 0.5000134788 0.5203356788 0.9609356788 0.4974872788
0.9865604788 0.7277439188 0.7123440388 0 0.7201349788 0.2608724188 0.2531294988 0.7356973188 0.7333023788 0.7245859788 0.7214413788 0.9817349188 1.0050333788 1.0096275788 0.7219645288 0.7209185288 0.9798871188 0.7128609288 0.7102800788 0.9813649788 0.9817349188 0.9828457188 1.0061792788 0.9850723788 0.7105377188 0.7146727788 0.7123440388 0.7066816788 0.9784121788 0.7048889288
0.9993299188 0.5241452788 0.5141611788 0.7201349788 0 0.7277439188 0.7107955088 0.5783204788 0.5785366188 0.2959241788 0.2913415388 0.9703515788 0.9769401788 0.9887981288 0.1624771088 0.1595043588 0.9876784788 0.3594861588 0.3577129188 0.9947981788 1.0023662788 0.9966830788 1.0142500788 0.9989512488 0.5669550188 0.4426965588 0.4229421788 0.3744833988 0.9921672288 0.3501832088
1.0084763788 0.7277439188 0.7219645288 0.2608724188 0.7277439188 0 0.1448148088 0.7314449788 0.7287995088 0.7264264788 0.7282715388 0.9929179788 1.0127060788 1.0169597788 0.7287995088 0.7335681788 0.9978163188 0.7264264788 0.7248486788 0.9959285188 0.9997088188 1.0096275788 1.0077098788 1.0107805788 0.7248486788 0.7151912788 0.7138957288 0.7214413788 0.9978163188 0.7180494788
0.9981943788 0.7144136788 0.7033557188 0.2531294988 0.7107955088 0.1448148088 0 0.7227499788 0.7190914788 0.7136369288 0.7118274788 0.9678048788 0.9951747788 0.9978163188 0.7113113288 0.7136369288 0.9707161088 0.7105377188 0.7095075188 0.9714456788 0.9765726288 0.9936694788 0.9989512488 0.9944217788 0.7115693788 0.7013162788 0.7046332288 0.7082217288 0.9776758488 0.7092501788
0.9917921288 0.5822200088 0.5663168388 0.7356973188 0.5783204788 0.7314449788 0.7227499788 0 0.1254295548 0.5705818488 0.5753015188 0.9936694788 0.9970606488 1.0115501788 0.5843951788 0.5835243388 0.9858160788 0.5791852788 0.5820028088 0.9754710088 0.9769401788 0.9891717388 1.0157972788 0.9895455188 0.4300010388 0.5802677188 0.5712236788 0.5881075188 0.9769401788 0.5763783388
0.9974383788 0.5902998388 0.5722946488 0.7333023788 0.5785366188 0.7287995088 0.7190914788 0.1254295548 0 0.5774566788 0.5815686788 1.0023662788 0.9989512488 1.0185125788 0.5843951788 0.5874510288 0.9936694788 0.5722946488 0.5729379788 0.9858160788 0.9861881788 1.0035081788 1.0192901788 1.0027467788 0.4396371488 0.5798345788 0.5678068288 0.5854850788 0.9839582388 0.5714376788
1.0130917788 0.5163462788 0.5084306788 0.7245859788 0.2959241788 0.7264264788 0.7136369288 0.5705818488 0.5774566788 0 0.1165050688 0.9817349188 0.9865604788 0.9795181788 0.3015800788 0.2987468188 0.9932936388 0.3614253788 0.3575519188 1.0065615788 1.0050333788 0.9966830788 1.0000878488 0.9974383788 0.5629221788 0.4407155088 0.4269929188 0.3744833988 0.9824752788 0.3493866288
0.9974383788 0.5163462788 0.5123780288 0.7214413788 0.2913415388 0.7282715388 0.7118274788 0.5753015188 0.5815686788 0.1165050688 0 0.9667160788 0.9850723788 0.9899194788 0.2993423788 0.2972598788 0.9944217788 0.3590021388 0.3549806788 0.9997088188 0.9981943788 0.9902936788 0.9936694788 0.9906679788 0.5701542388 0.4426965588 0.4231178388 0.3749775188 0.9828457188 0.3498644788
1.0243643788 0.9769401788 0.9769401788 0.9817349188 0.9703515788 0.9929179788 0.9678048788 0.9936694788 1.0023662788 0.9817349188 0.9667160788 0 0.5123780288 0.5175408788 0.9740047388 0.9828457188 0.5391701788 0.9784121788 0.9743710788 0.5436957388 0.5470042188 0.5338567788 0.5193363388 0.5336531788 0.9740047388 0.9758380788 0.9754710088 1.0004671088 0.5277724188 0.9751041788
1.0251479788 0.9832163788 0.9828457188 1.0050333788 0.9769401788 1.0127060788 0.9951747788 0.9970606488 0.9989512488 0.9865604788 0.9850723788 0.5123780288 0 0.1057268588 0.9936694788 0.9917921288 0.5422528288 0.9751041788 0.9688952488 0.5420468788 0.5428708788 0.5401963788 0.4475813788 0.5393752788 0.9776758488 0.9813649788 0.9887981288 0.9891717388 0.5207357788 0.9634591288
1.0306568788 0.9873056288 0.9902936788 1.0096275788 0.9887981288 1.0169597788 0.9978163188 1.0115501788 1.0185125788 0.9795181788 0.9899194788 0.5175408788 0.1057268588 0 0.9929179788 0.9917921288 0.5457618188 0.9765726288 0.9743710788 0.5445214788 0.5465898388 0.5441084788 0.4493986788 0.5434893788 0.9850723788 0.9873056288 0.9925425788 0.9910425488 0.5306056788 0.9634591288
1.0115501788 0.5247486188 0.5229402088 0.7219645288 0.1624771088 0.7287995088 0.7113113288 0.5843951788 0.5843951788 0.3015800788 0.2993423788 0.9740047388 0.9936694788 0.9929179788 0 0.0649705688 0.9821049788 0.3619109788 0.3573909588 0.9921672288 0.9981943788 0.9861881788 1.0080929788 0.9891717388 0.5763783388 0.4479444788 0.4257577588 0.3762967788 0.9917921288 0.3517789488
1.0142500788 0.5203356788 0.5219373788 0.7209185288 0.1595043588 0.7335681788 0.7136369288 0.5835243388 0.5874510288 0.2987468188 0.2972598788 0.9828457188 0.9917921288 0.9917921288 0.0649705688 0 0.9876784788 0.3588408488 0.3553016088 0.9974383788 1.0016060788 0.9914172788 1.0038891788 0.9947981788 0.5722946488 0.4410753188 0.4220644788 0.3713614788 0.9940455488 0.3450995288
1.0031272788 1.0050333788 0.9876784788 0.9798871188 0.9876784788 0.9978163188 0.9707161088 0.9858160788 0.9936694788 0.9932936388 0.9944217788 0.5391701788 0.5422528288 0.5457618188 0.9821049788 0.9876784788 0 0.9887981288 0.9951747788 0.0620338608 0.0637727438 0.3389499988 0.5484562788 0.3375380288 0.9696230788 0.9725413188 0.9809952288 0.9832163788 0.3289664788 0.9710807788
1.0220181788 0.5239443088 0.5141611788 0.7128609288 0.3594861588 0.7264264788 0.7105377188 0.5791852788 0.5722946488 0.3614253788 0.3590021388 0.9784121788 0.9751041788 0.9765726288 0.3619109788 0.3588408488 0.9887981288 0 0.0426385388 0.9940455488 0.9970606488 0.9791493288 0.9925425788 0.9806256788 0.5742262788 0.4398167788 0.4282300988 0.3723459488 0.9798871188 0.3020284388
1.0165719788 0.5241452788 0.5102044288 0.7102800788 0.3577129188 0.7248486788 0.7095075188 0.5820028088 0.5729379788 0.3575519188 0.3549806788 0.9743710788 0.9688952488 0.9743710788 0.3573909588 0.3553016088 0.9951747788 0.0426385388 0 0.9997088188 1.0000878488 0.9839582388 0.9906679788 0.9854441188 0.5761628788 0.4355177488 0.4227665588 0.3716894788 0.9791493288 0.2981516788
1.0054151788 1.0031272788 0.9813649788 0.9813649788 0.9947981788 0.9959285188 0.9714456788 0.9754710088 0.9858160788 1.0065615788 0.9997088188 0.5436957388 0.5420468788 0.5445214788 0.9921672288 0.9974383788 0.0620338608 0.9940455488 0.9997088188 0 0.0224953948 0.3389499988 0.5461757088 0.3378515788 0.9732726788 0.9769401788 0.9858160788 0.9902936788 0.3289664788 0.9769401788
1.0100116788 1.0088598788 0.9821049788 0.9817349188 1.0023662788 0.9997088188 0.9765726288 0.9769401788 0.9861881788 1.0050333788 0.9981943788 0.5470042188 0.5428708788 0.5465898388 0.9981943788 1.0016060788 0.0637727438 0.9970606488 1.0000878488 0.0224953948 0 0.3405220088 0.5499111788 0.3394212588 0.9743710788 0.9791493288 0.9869329288 0.9895455188 0.3297417088 0.9721759488
0.9899194788 1.0023662788 0.9828457188 0.9828457188 0.9966830788 1.0096275788 0.9936694788 0.9891717388 1.0035081788 0.9966830788 0.9902936788 0.5338567788 0.5401963788 0.5441084788 0.9861881788 0.9914172788 0.3389499988 0.9791493288 0.9839582388 0.3389499988 0.3405220088 0 0.5432831788 0.00338089999999998 0.9891717388 0.9910425488 0.9861881788 1.0000878488 0.3072789788 0.9751041788
1.0088598788 0.9970606488 1.0069441788 1.0061792788 1.0142500788 1.0077098788 0.9989512488 1.0157972788 1.0192901788 1.0000878488 0.9936694788 0.5193363388 0.4475813788 0.4493986788 1.0080929788 1.0038891788 0.5484562788 0.9925425788 0.9906679788 0.5461757088 0.5499111788 0.5432831788 0 0.5424587788 0.9850723788 1.0016060788 0.9899194788 1.0031272788 0.5348756788 0.9858160788
0.9902936788 1.0008465788 0.9835871788 0.9850723788 0.9989512488 1.0107805788 0.9944217788 0.9895455188 1.0027467788 0.9974383788 0.9906679788 0.5336531788 0.5393752788 0.5434893788 0.9891717388 0.9947981788 0.3375380288 0.9806256788 0.9854441188 0.3378515788 0.3394212588 0.00338089999999998 0.5424587788 0 0.9906679788 0.9921672288 0.9891717388 1.0019861788 0.3063762788 0.9754710088
0.9993299188 0.5776725288 0.5591214788 0.7105377188 0.5669550188 0.7248486788 0.7115693788 0.4300010388 0.4396371488 0.5629221788 0.5701542388 0.9740047388 0.9776758488 0.9850723788 0.5763783388 0.5722946488 0.9696230788 0.5742262788 0.5761628788 0.9732726788 0.9743710788 0.9891717388 0.9850723788 0.9906679788 0 0.5729379788 0.5680199188 0.5828718488 0.9725413188 0.5688729188
0.9910425488 0.5233416788 0.5173416788 0.7146727788 0.4426965588 0.7151912788 0.7013162788 0.5802677188 0.5798345788 0.4407155088 0.4426965588 0.9758380788 0.9813649788 0.9873056288 0.4479444788 0.4410753188 0.9725413188 0.4398167788 0.4355177488 0.9769401788 0.9791493288 0.9910425488 1.0016060788 0.9921672288 0.5729379788 0 0.4262868788 0.4532294188 0.9839582388 0.4305331588
0.9791493288 0.5119823788 0.5000134788 0.7123440388 0.4229421788 0.7138957288 0.7046332288 0.5712236788 0.5678068288 0.4269929188 0.4231178388 0.9754710088 0.9887981288 0.9925425788 0.4257577588 0.4220644788 0.9809952288 0.4282300988 0.4227665588 0.9858160788 0.9869329288 0.9861881788 0.9899194788 0.9891717388 0.5680199188 0.4262868788 0 0.4349820788 0.9740047388 0.4169939388
1.0165719788 0.5263597788 0.5203356788 0.7066816788 0.3744833988 0.7214413788 0.7082217288 0.5881075188 0.5854850788 0.3744833988 0.3749775188 1.0004671088 0.9891717388 0.9910425488 0.3762967788 0.3713614788 0.9832163788 0.3723459488 0.3716894788 0.9902936788 0.9895455188 1.0000878488 1.0031272788 1.0019861788 0.5828718488 0.4532294188 0.4349820788 0 0.9780439788 0.3645061488
0.9802563088 0.9873056288 0.9609356788 0.9784121788 0.9921672288 0.9978163188 0.9776758488 0.9769401788 0.9839582388 0.9824752788 0.9828457188 0.5277724188 0.5207357788 0.5306056788 0.9917921288 0.9940455488 0.3289664788 0.9798871188 0.9791493288 0.3289664788 0.3297417088 0.3072789788 0.5348756788 0.3063762788 0.9725413188 0.9839582388 0.9740047388 0.9780439788 0 0.9577036788
1.0065615788 0.5153522388 0.4974872788 0.7048889288 0.3501832088 0.7180494788 0.7092501788 0.5763783388 0.5714376788 0.3493866288 0.3498644788 0.9751041788 0.9634591288 0.9634591288 0.3517789488 0.3450995288 0.9710807788 0.3020284388 0.2981516788 0.9769401788 0.9721759488 0.9751041788 0.9858160788 0.9754710088 0.5688729188 0.4305331588 0.4169939388 0.3645061488 0.9577036788 0
