0 0.57482624 0.9950763 1.0141612 0.9608204 0.953297 0.582614 0.9666036 0.97170067 0.573751 0.5839199 1.0341415 1.0080011 1.0164845 0.95794547 0.9568702 1.0110749 0.99885464 1.0030329 0.9969631 1.0060863 0.58065945 0.9872032 0.57827747 0.94903165 0.944438 1.0137748 0.5929046 0.5761186 0.5698927
0.57482624 0 1.0037951 1.0037951 0.93987226 0.94162506 0.5492279 0.9497408 0.93777436 0.54985213 0.5571734 1.019204 1.0045581 1.0037951 0.93847305 0.94514287 1.0076177 1.0176488 1.0215429 1.0099207 1.0118452 0.54632175 0.9977191 0.54673624 0.9253087 0.9301319 1.0015109 0.55402696 0.24388221 0.2424992
0.9950763 1.0037951 0 0.17717159 0.9977191 0.99169195 1.0091523 0.9958304 0.99131685 1.0003713 1.0168724 0.98645765 0.9779369 0.9673296 0.98907024 0.99885464 0.48108047 0.9831119 0.98125964 0.47899425 0.47899425 0.9958304 0.931862 0.9977191 0.9939465 1.0045581 0.47051957 1.0099207 1.0095364 1.0164845
1.0141612 1.0037951 0.17717159 0 1.0149349 1.0126165 1.0126165 1.01069 0.99847597 1.0087683 1.0258498 0.98869646 0.9626228 0.9568702 1.01146 1.0141612 0.48622596 0.99545324 0.9920673 0.4829821 0.4843161 1.0041765 0.93812364 1.0122308 1.0110749 1.0126165 0.47559288 1.0274222 1.001891 1.0180373
0.9608204 0.93987226 0.9977191 1.0149349 0 0.10801826 0.9853408 0.2679349 0.2649392 0.9695119 0.97978103 1.0297868 0.99357027 1.0011308 0.26565138 0.26593643 1.0160967 0.9924427 1.005704 1.0203725 1.0278157 0.9698763 1.0037951 0.9687838 0.41321507 0.414083 0.99885464 0.99545324 0.9554389 0.9713354
0.953297 0.94162506 0.99169195 1.0126165 0.10801826 0 0.9831119 0.2679349 0.26550886 0.9655158 0.9753628 1.019204 1.0049399 1.0083846 0.26864994 0.26850688 1.0095364 0.9962078 1.0133885 1.0149349 1.0223241 0.96479154 0.9977191 0.9662408 0.41686726 0.42176464 0.9898184 0.99357027 0.9644296 0.98237044
0.582614 0.5492279 1.0091523 1.0126165 0.9853408 0.9831119 0 0.98683035 0.9816297 0.11160706 0.11369879 1.0341415 1.0274222 1.0353336 0.9713354 0.97206604 1.0345387 1.0219333 1.0164845 1.0266355 1.0325551 0.55006033 1.0133885 0.5552839 0.9593815 0.9651536 1.0254573 0.28382534 0.56350607 0.5613892
0.9666036 0.9497408 0.9958304 1.01069 0.2679349 0.2679349 0.98683035 0 0.08965093 0.96769285 0.97352946 1.0231062 1.0083846 1.0141612 0.14228158 0.14022927 1.0149349 0.99169195 1.0045581 1.0242808 1.0317632 0.9764649 1.0030329 0.9801504 0.4205373 0.420187 1.018426 1.0126165 0.9565121 0.97243166
0.97170067 0.93777436 0.99131685 0.99847597 0.2649392 0.26550886 0.9816297 0.08965093 0 0.96406794 0.9687838 1.0231062 1.0003713 1.0022715 0.13878395 0.13842306 1.0099207 0.9831119 0.99734104 1.0180373 1.0242808 0.96298385 1.001891 0.9655158 0.42141378 0.41878742 1.000751 1.0122308 0.94127417 0.96479154
0.573751 0.54985213 1.0003713 1.0087683 0.9695119 0.9655158 0.11160706 0.96769285 0.96406794 0 0.09247366 1.0361294 1.0227151 1.0262426 0.9522284 0.9536536 1.030972 1.0207624 1.0188149 1.0137748 1.025065 0.55089366 1.0080011 0.556333 0.94620144 0.9554389 1.0118452 0.27800795 0.5569632 0.55885684
0.5839199 0.5571734 1.0168724 1.0258498 0.97978103 0.9753628 0.11369879 0.97352946 0.9687838 0.09247366 0 1.0297868 1.0141612 1.0203725 0.9673296 0.96406794 1.0465518 1.0118452 1.0141612 1.0297868 1.0373245 0.5546552 1.0072346 0.56096655 0.9511613 0.9590223 1.0149349 0.28382534 0.5666926 0.5660542
1.0341415 1.019204 0.98645765 0.98869646 1.0297868 1.019204 1.0341415 1.0231062 1.0231062 1.0361294 1.0297868 0 0.7330929 0.732296 1.014548 1.0188149 0.9775687 0.72122765 0.7227989 0.97426224 0.9709704 1.0219333 0.36663502 1.0199828 0.98907024 0.99056727 0.9698763 1.0505993 1.0341415 1.0489776
1.0080011 1.0045581 0.9779369 0.9626228 0.99357027 1.0049399 1.0274222 1.0083846 1.0003713 1.0227151 1.0141612 0.7330929 0 0.07514155 0.9857129 0.9946995 0.9713354 0.55089366 0.5515193 0.9626228 0.96010065 1.01146 0.70697606 1.0141612 0.97243166 0.97941184 0.9673296 1.0211525 1.0103053 1.0076177
1.0164845 1.0037951 0.9673296 0.9568702 1.0011308 1.0083846 1.0353336 1.0141612 1.0022715 1.0262426 1.0203725 0.732296 0.07514155 0 0.9931942 1.0003713 0.96190137 0.5473584 0.547981 0.95794547 0.953297 1.0246727 0.70774645 1.0231062 0.97316337 0.98869646 0.9651536 1.0349361 1.0099207 1.0034139
0.95794547 0.93847305 0.98907024 1.01146 0.26565138 0.26864994 0.9713354 0.14228158 0.13878395 0.9522284 0.9673296 1.014548 0.9857129 0.9931942 0 0.07293404 0.99923354 0.9831119 0.99357027 1.0037951 1.0099207 0.9615409 0.9898184 0.9655158 0.4207125 0.41756493 0.99961257 0.99923354 0.94479036 0.95866317
0.9568702 0.94514287 0.99885464 1.0141612 0.26593643 0.26850688 0.97206604 0.14022927 0.13842306 0.9536536 0.96406794 1.0188149 0.9946995 1.0003713 0.07293404 0 1.0030329 0.97573 0.98683035 1.0068517 1.0122308 0.9637064 0.9931942 0.9687838 0.41564786 0.41948688 1.005704 1.0003713 0.94620144 0.9608204
1.0110749 1.0076177 0.48108047 0.48622596 1.0160967 1.0095364 1.0345387 1.0149349 1.0099207 1.030972 1.0465518 0.9775687 0.9713354 0.96190137 0.99923354 1.0030329 0 0.9493862 0.9575869 0.06831931 0.06842886 1.0199828 0.93672764 1.0270288 1.0022715 1.005704 0.2950042 1.0401208 1.032159 1.025065
0.99885464 1.0176488 0.9831119 0.99545324 0.9924427 0.9962078 1.0219333 0.99169195 0.9831119 1.0207624 1.0118452 0.72122765 0.55089366 0.5473584 0.9831119 0.97573 0.9493862 0 0.053246155 0.953297 0.9522284 0.9872032 0.70903224 0.99357027 0.97170067 0.9666036 0.98683035 1.0207624 1.0076177 1.0176488
1.0030329 1.0215429 0.98125964 0.9920673 1.005704 1.0133885 1.0164845 1.0045581 0.99734104 1.0188149 1.0141612 0.7227989 0.5515193 0.547981 0.99357027 0.98683035 0.9575869 0.053246155 0 0.96010065 0.959741 0.99658537 0.70646286 1.0022715 0.9801504 0.9709704 0.9901927 1.0149349 1.0130024 1.0207624
0.9969631 1.0099207 0.47899425 0.4829821 1.0203725 1.0149349 1.0266355 1.0242808 1.0180373 1.0137748 1.0297868 0.97426224 0.9626228 0.95794547 1.0037951 1.0068517 0.06831931 0.953297 0.96010065 0 0.041000552 1.0203725 0.93812364 1.0270288 1.0041765 1.0157093 0.29604226 1.0242808 1.0329514 1.0282096
1.0060863 1.0118452 0.47899425 0.4843161 1.0278157 1.0223241 1.0325551 1.0317632 1.0242808 1.025065 1.0373245 0.9709704 0.96010065 0.953297 1.0099207 1.0122308 0.06842886 0.9522284 0.959741 0.041000552 0 1.0231062 0.9353342 1.0301816 1.002652 1.0246727 0.29633912 1.032159 1.0353336 1.0337447
0.58065945 0.54632175 0.9958304 1.0041765 0.9698763 0.96479154 0.55006033 0.9764649 0.96298385 0.55089366 0.5546552 1.0219333 1.01146 1.0246727 0.9615409 0.9637064 1.0199828 0.9872032 0.99658537 1.0203725 1.0231062 0 0.99545324 0.034690037 0.92909575 0.94867724 1.0122308 0.5573836 0.5488121 0.5471509
0.9872032 0.9977191 0.931862 0.93812364 1.0037951 0.9977191 1.0133885 1.0030329 1.001891 1.0080011 1.0072346 0.36663502 0.70697606 0.70774645 0.9898184 0.9931942 0.93672764 0.70903224 0.70646286 0.93812364 0.9353342 0.99545324 0 0.99658537 0.97024083 0.95794547 0.9504507 1.018426 1.0254573 1.0137748
0.57827747 0.54673624 0.9977191 1.0122308 0.9687838 0.9662408 0.5552839 0.9801504 0.9655158 0.556333 0.56096655 1.0199828 1.0141612 1.0231062 0.9655158 0.9687838 1.0270288 0.99357027 1.0022715 1.0270288 1.0301816 0.034690037 0.99658537 0 0.93116945 0.9536536 1.014548 0.5607553 0.5519366 0.55006033
0.94903165 0.9253087 0.9939465 1.0110749 0.41321507 0.41686726 0.9593815 0.4205373 0.42141378 0.94620144 0.9511613 0.98907024 0.97243166 0.97316337 0.4207125 0.41564786 1.0022715 0.97170067 0.9801504 1.0041765 1.002652 0.92909575 0.97024083 0.93116945 0 0.34605056 0.98757625 0.9783054 0.93812364 0.944438
0.944438 0.9301319 1.0045581 1.0126165 0.414083 0.42176464 0.9651536 0.420187 0.41878742 0.9554389 0.9590223 0.99056727 0.97941184 0.98869646 0.41756493 0.41948688 1.005704 0.9666036 0.9709704 1.0157093 1.0246727 0.94867724 0.95794547 0.9536536 0.34605056 0 0.9958304 0.9860852 0.9391723 0.9483231
1.0137748 1.0015109 0.47051957 0.47559288 0.99885464 0.9898184 1.0254573 1.018426 1.000751 1.0118452 1.0149349 0.9698763 0.9673296 0.9651536 0.99961257 1.005704 0.2950042 0.98683035 0.9901927 0.29604226 0.29633912 1.0122308 0.9504507 1.014548 0.98757625 0.9958304 0 1.0223241 1.01146 1.0199828
0.5929046 0.55402696 1.0099207 1.0274222 0.99545324 0.99357027 0.28382534 1.0126165 1.0122308 0.27800795 0.28382534 1.0505993 1.0211525 1.0349361 0.99923354 1.0003713 1.0401208 1.0207624 1.0149349 1.0242808 1.032159 0.5573836 1.018426 0.5607553 0.9783054 0.9860852 1.0223241 0 0.56711847 0.5666926
0.5761186 0.24388221 1.0095364 1.001891 0.9554389 0.9644296 0.56350607 0.9565121 0.94127417 0.5569632 0.5666926 1.0341415 1.0103053 1.0099207 0.94479036 0.94620144 1.032159 1.0076177 1.0130024 1.0329514 1.0353336 0.5488121 1.0254573 0.5519366 0.93812364 0.9391723 1.01146 0.56711847 0 0.2427756
0.5698927 0.2424992 1.0164845 1.0180373 0.9713354 0.98237044 0.5613892 0.97243166 0.96479154 0.55885684 0.5660542 1.0489776 1.0076177 1.0034139 0.95866317 0.9608204 1.025065 1.0176488 1.0207624 1.0282096 1.0337447 0.5471509 1.0137748 0.55006033 0.944438 0.9483231 1.0199828 0.5666926 0.2427756 0
