0 1.01458333313 0.51968277313 0.51430638313 0.74395228313 0.74368283313 0.75180859313 0.75153633313 0.98799838313 0.97872753313 0.99625253313 0.99776317313 0.99061483313 0.99549843313 0.99286483313 1.01923703313 1.01884813313 0.72505827313 0.72742708313 0.51529909313 0.51410803313 0.51629313313 0.97285379313 0.51669110313 0.73511133313 0.72427029313 1.01226733313 1.00269363313 0.74773473313 0.98205183313
1.01458333313 0 1.00231313313 1.01884813313 1.00536203313 1.01149703313 1.01419693313 1.01149703313 0.50562663313 0.50288583313 0.51768703313 0.50641156313 0.51450483313 0.51808573313 0.51689018313 0.40965749313 0.40983007313 1.00269363313 1.00574403313 1.00231313313 1.00155293313 1.01111213313 0.51708933313 1.01188213313 1.00880673313 1.00193303313 0.41415785313 0.40398411313 1.01962613313 0.16752983313
0.51968277313 1.00231313313 0 0.15513695313 0.74719317313 0.74206818313 0.73139183313 0.73831416313 0.99587537313 1.00193303313 0.97835903313 1.00880673313 0.97983397313 0.97578493313 0.97431793313 1.00269363313 1.00574403313 0.72611017313 0.72901047313 0.15562877313 0.15538282313 0.12043133313 0.97212280313 0.12054870313 0.73218733313 0.72164978313 0.99738523313 0.98837156313 0.73724503313 0.97872753313
0.51430638313 1.01884813313 0.15513695313 0 0.72980343313 0.72927470313 0.73271813313 0.74045703313 0.99625253313 1.00079343313 0.98911859313 1.01072743313 0.98949237313 0.98986633313 0.98576293313 1.01845943313 1.02040493313 0.73112693313 0.73378083313 0.11168113913 0.11144919313 0.15452265313 0.98501923313 0.15489117313 0.72769077313 0.71177433313 1.01226733313 1.01807093313 0.72584703313 1.00231313313
0.74395228313 1.00536203313 0.74719317313 0.72980343313 0 0.0808883591300001 0.49202173313 0.48531068313 0.98725248313 0.98799838313 0.98501923313 1.00269363313 0.98242213313 0.98057253313 0.97983397313 1.01034283313 1.00957443313 0.72690003313 0.72637333313 0.72532106313 0.72532106313 0.72663663313 0.99098940313 0.72584703313 0.48875458313 0.72138823313 1.01188213313 1.00003470313 0.19631585313 0.99136413313
0.74368283313 1.01149703313 0.74206818313 0.72927470313 0.0808883591300001 0 0.48302353313 0.47865919313 0.98242213313 0.98464763313 0.97688703313 0.98687978313 0.97651948313 0.97066296313 0.96956993313 1.01807093313 1.01613143313 0.72558403313 0.72558403313 0.71929909313 0.71877767313 0.72690003313 0.97505103313 0.72611017313 0.47639219313 0.72584703313 1.00957443313 0.99061483313 0.18702460313 0.99814123313
0.75180859313 1.01419693313 0.73139183313 0.73271813313 0.49202173313 0.48302353313 0 0.0703863031300001 0.99965567313 0.99700750313 0.98020316313 0.98949237313 0.97835903313 0.97615213313 0.97541786313 1.00995853313 1.00880673313 0.72479553313 0.72584703313 0.72374548313 0.72348313313 0.72191138313 0.99324049313 0.72243493313 0.37922050313 0.72821839313 1.01497013313 0.99024053313 0.48245283313 1.00536203313
0.75153633313 1.01149703313 0.73831416313 0.74045703313 0.48531068313 0.47865919313 0.0703863031300001 0 1.00574403313 1.00345503313 0.98390509313 0.98427623313 0.98279257313 0.97946503313 0.97799083313 1.02118453313 1.02001533313 0.72532106313 0.72637333313 0.73271813313 0.73298363313 0.72427029313 0.98279257313 0.72479553313 0.38004948313 0.72795453313 1.01807093313 0.99211408313 0.47922703313 1.00842323313
0.98799838313 0.50562663313 0.99587537313 0.99625253313 0.98725248313 0.98242213313 0.99965567313 1.00574403313 0 0.0517383381300001 0.42570461313 0.40501243313 0.42394363313 0.42148520313 0.42095943313 0.50464667313 0.50405927313 0.97725473313 0.98020316313 0.98799838313 0.98874498313 0.98501923313 0.40965749313 0.98613503313 0.97946503313 0.97541786313 0.50132419313 0.49317823313 0.98762533313 0.49182913313
0.97872753313 0.50288583313 1.00193303313 1.00079343313 0.98799838313 0.98464763313 0.99700750313 1.00345503313 0.0517383381300001 0 0.42853079313 0.40587048313 0.42535208313 0.42411953313 0.42394363313 0.50621528313 0.50562663313 0.97835903313 0.98057253313 0.99512163313 0.99587537313 0.98949237313 0.41103933313 0.99061483313 0.97541786313 0.97835903313 0.50327678313 0.49472303313 0.98762533313 0.49163661313
0.99625253313 0.51768703313 0.97835903313 0.98911859313 0.98501923313 0.97688703313 0.98020316313 0.98390509313 0.42570461313 0.42853079313 0 0.41121225313 0.0210019201300001 0.0646994931300001 0.0637195981300001 0.50719733313 0.50484253313 0.99248943313 0.99549843313 0.98427623313 0.98279257313 0.99361633313 0.40005515313 0.99324049313 0.97688703313 0.98242213313 0.50975669313 0.49762813313 0.98020316313 0.50464667313
0.99776317313 0.50641156313 1.00880673313 1.01072743313 1.00269363313 0.98687978313 0.98949237313 0.98427623313 0.40501243313 0.40587048313 0.41121225313 0 0.41017539313 0.41485260313 0.41398425313 0.51272077313 0.51173143313 0.99324049313 0.99474503313 1.00995853313 1.01188213313 1.01188213313 0.41052083313 1.01149703313 0.98799838313 0.98242213313 0.50621528313 0.49549661313 0.99776317313 0.49086697313
0.99061483313 0.51450483313 0.97983397313 0.98949237313 0.98242213313 0.97651948313 0.97835903313 0.98279257313 0.42394363313 0.42535208313 0.0210019201300001 0.41017539313 0 0.0652444271300001 0.0642638231300001 0.50269043313 0.50034973313 0.99361633313 0.99700750313 0.98390509313 0.98279257313 0.98949237313 0.39886347313 0.98911859313 0.97395159313 0.98242213313 0.50503853313 0.49549661313 0.97578493313 0.50210459313
0.99549843313 0.51808573313 0.97578493313 0.98986633313 0.98057253313 0.97066296313 0.97615213313 0.97946503313 0.42148520313 0.42411953313 0.0646994931300001 0.41485260313 0.0652444271300001 0 0.00795988513000006 0.50759053313 0.50621528313 0.98911859313 0.99286483313 0.98464763313 0.98353403313 0.99136413313 0.40176086313 0.99098940313 0.97212280313 0.98242213313 0.51192923313 0.50132419313 0.97505103313 0.50445083313
0.99286483313 0.51689018313 0.97431793313 0.98576293313 0.97983397313 0.96956993313 0.97541786313 0.97799083313 0.42095943313 0.42394363313 0.0637195981300001 0.41398425313 0.0642638231300001 0.00795988513000006 0 0.50700083313 0.50562663313 0.98316323313 0.98725248313 0.98131183313 0.98020316313 0.98762533313 0.40124873313 0.98725248313 0.96884210313 0.97651948313 0.51113853313 0.50034973313 0.97395159313 0.50249513313
1.01923703313 0.40965749313 1.00269363313 1.01845943313 1.01034283313 1.01807093313 1.00995853313 1.02118453313 0.50464667313 0.50621528313 0.50719733313 0.51272077313 0.50269043313 0.50759053313 0.50700083313 0 0.00775789213000006 1.00803983313 1.00957443313 1.01419693313 1.01574413313 1.00957443313 0.50210459313 1.01034283313 1.00650843313 1.01574413313 0.29958723313 0.28162406313 1.01651883313 0.39835333313
1.01884813313 0.40983007313 1.00574403313 1.02040493313 1.00957443313 1.01613143313 1.00880673313 1.02001533313 0.50405927313 0.50562663313 0.50484253313 0.51173143313 0.50034973313 0.50621528313 0.50562663313 0.00775789213000006 0 1.00919043313 1.01072743313 1.01574413313 1.01729453313 1.00842323313 0.50269043313 1.00919043313 1.00459863313 1.01768253313 0.29928923313 0.28191508313 1.01574413313 0.39835333313
0.72505827313 1.00269363313 0.72611017313 0.73112693313 0.72690003313 0.72558403313 0.72479553313 0.72532106313 0.97725473313 0.97835903313 0.99248943313 0.99324049313 0.99361633313 0.98911859313 0.98316323313 1.00803983313 1.00919043313 0 0.00453338073000006 0.72086538313 0.71929909313 0.72060407313 0.96847843313 0.72060407313 0.71877767313 0.32289420313 1.00079343313 0.98725248313 0.72690003313 1.00117313313
0.72742708313 1.00574403313 0.72901047313 0.73378083313 0.72637333313 0.72558403313 0.72584703313 0.72637333313 0.98020316313 0.98057253313 0.99549843313 0.99474503313 0.99700750313 0.99286483313 0.98725248313 1.00957443313 1.01072743313 0.00453338073000006 0 0.72348313313 0.72191138313 0.72217313313 0.96920593313 0.72217313313 0.71877767313 0.32427893313 1.00231313313 0.98986633313 0.72716353313 1.00269363313
0.51529909313 1.00231313313 0.15562877313 0.11168113913 0.72532106313 0.71929909313 0.72374548313 0.73271813313 0.98799838313 0.99512163313 0.98427623313 1.00995853313 0.98390509313 0.98464763313 0.98131183313 1.01419693313 1.01574413313 0.72086538313 0.72348313313 0 0.00352855753000006 0.15121410313 0.97468437313 0.15158100313 0.71306633313 0.71669580313 0.99512163313 1.00269363313 0.71721573313 0.97909618313
0.51410803313 1.00155293313 0.15538282313 0.11144919313 0.72532106313 0.71877767313 0.72348313313 0.73298363313 0.98874498313 0.99587537313 0.98279257313 1.01188213313 0.98279257313 0.98353403313 0.98020316313 1.01574413313 1.01729453313 0.71929909313 0.72191138313 0.00352855753000006 0 0.15121410313 0.97578493313 0.15158100313 0.71332503313 0.71539753313 0.99587537313 1.00536203313 0.71721573313 0.97835903313
0.51629313313 1.01111213313 0.12043133313 0.15452265313 0.72663663313 0.72690003313 0.72191138313 0.72427029313 0.98501923313 0.98949237313 0.99361633313 1.01188213313 0.98949237313 0.99136413313 0.98762533313 1.00957443313 1.00842323313 0.72060407313 0.72217313313 0.15121410313 0.15121410313 0 0.98020316313 0.00112246000000006 0.72217313313 0.71721573313 1.00079343313 0.99136413313 0.72295887313 0.97983397313
0.97285379313 0.51708933313 0.97212280313 0.98501923313 0.99098940313 0.97505103313 0.99324049313 0.98279257313 0.40965749313 0.41103933313 0.40005515313 0.41052083313 0.39886347313 0.40176086313 0.40124873313 0.50210459313 0.50269043313 0.96847843313 0.96920593313 0.97468437313 0.97578493313 0.98020316313 0 0.98131183313 0.98131183313 0.97175753313 0.51311683313 0.49510973313 0.98464763313 0.50190939313
0.51669110313 1.01188213313 0.12054870313 0.15489117313 0.72584703313 0.72611017313 0.72243493313 0.72479553313 0.98613503313 0.99061483313 0.99324049313 1.01149703313 0.98911859313 0.99098940313 0.98725248313 1.01034283313 1.00919043313 0.72060407313 0.72217313313 0.15158100313 0.15158100313 0.00112246000000006 0.98131183313 0 0.72164978313 0.71747583313 1.00117313313 0.99173898313 0.72217313313 0.98057253313
0.73511133313 1.00880673313 0.73218733313 0.72769077313 0.48875458313 0.47639219313 0.37922050313 0.38004948313 0.97946503313 0.97541786313 0.97688703313 0.98799838313 0.97395159313 0.97212280313 0.96884210313 1.00650843313 1.00459863313 0.71877767313 0.71877767313 0.71306633313 0.71332503313 0.72217313313 0.98131183313 0.72164978313 0 0.73139183313 1.00536203313 0.97872753313 0.47865919313 1.00536203313
0.72427029313 1.00193303313 0.72164978313 0.71177433313 0.72138823313 0.72584703313 0.72821839313 0.72795453313 0.97541786313 0.97835903313 0.98242213313 0.98242213313 0.98242213313 0.98242213313 0.97651948313 1.01574413313 1.01768253313 0.32289420313 0.32427893313 0.71669580313 0.71539753313 0.71721573313 0.97175753313 0.71747583313 0.73139183313 0 1.01845943313 1.00803983313 0.72611017313 0.99211408313
1.01226733313 0.41415785313 0.99738523313 1.01226733313 1.01188213313 1.00957443313 1.01497013313 1.01807093313 0.50132419313 0.50327678313 0.50975669313 0.50621528313 0.50503853313 0.51192923313 0.51113853313 0.29958723313 0.29928923313 1.00079343313 1.00231313313 0.99512163313 0.99587537313 1.00079343313 0.51311683313 1.00117313313 1.00536203313 1.01845943313 0 0.29572276313 1.01034283313 0.40244425313
1.00269363313 0.40398411313 0.98837156313 1.01807093313 1.00003470313 0.99061483313 0.99024053313 0.99211408313 0.49317823313 0.49472303313 0.49762813313 0.49549661313 0.49549661313 0.50132419313 0.50034973313 0.28162406313 0.28191508313 0.98725248313 0.98986633313 1.00269363313 1.00536203313 0.99136413313 0.49510973313 0.99173898313 0.97872753313 1.00803983313 0.29572276313 0 1.00193303313 0.39699463313
0.74773473313 1.01962613313 0.73724503313 0.72584703313 0.19631585313 0.18702460313 0.48245283313 0.47922703313 0.98762533313 0.98762533313 0.98020316313 0.99776317313 0.97578493313 0.97505103313 0.97395159313 1.01651883313 1.01574413313 0.72690003313 0.72716353313 0.71721573313 0.71721573313 0.72295887313 0.98464763313 0.72217313313 0.47865919313 0.72611017313 1.01034283313 1.00193303313 0 0.99738523313
0.98205183313 0.16752983313 0.97872753313 1.00231313313 0.99136413313 0.99814123313 1.00536203313 1.00842323313 0.49182913313 0.49163661313 0.50464667313 0.49086697313 0.50210459313 0.50445083313 0.50249513313 0.39835333313 0.39835333313 1.00117313313 1.00269363313 0.97909618313 0.97835903313 0.97983397313 0.50190939313 0.98057253313 1.00536203313 0.99211408313 0.40244425313 0.39699463313 0.99738523313 0
