0 0.9764649 0.98832285 0.9713354 0.98051995 0.99357027 0.98496884 0.9894442 0.99923354 0.5546552 0.5575939 0.9662408 0.36614606 0.36403087 0.5666926 0.5677578 0.9779369 0.9845971 0.98757625 0.99658537 0.9980974 0.9727974 0.56477904 0.9753628 0.9827411 0.98683035 0.4826014 0.48184055 0.9779369 0.9790429
0.9764649 0 0.4761587 0.4752159 0.47258234 0.72779626 0.47389796 0.4720192 0.7191378 0.9504507 0.9568702 0.32478142 0.9593815 0.9727974 0.9691478 0.96406794 0.4746508 0.48450688 0.48488855 0.72253674 0.72384816 0.4744625 0.96769285 0.4746508 0.7475835 0.7307048 0.9969631 1.0003713 0.4797522 0.17805864
0.98832285 0.4761587 0 0.17375991 0.18276484 0.7139384 0.18085337 0.1798359 0.7157541 0.9687838 0.97206604 0.487949 0.96334505 0.9713354 0.9695119 0.9658782 0.2265048 0.23002975 0.23084556 0.71601385 0.7167936 0.22501844 0.97243166 0.2255586 0.7280602 0.714716 0.9831119 0.95508146 0.23070954 0.48146042
0.9713354 0.4752159 0.17375991 0 0.18148997 0.71006244 0.18365853 0.18085337 0.7129029 0.9518725 0.9583042 0.48718274 0.9522284 0.9593815 0.95866317 0.95080596 0.22596397 0.22704603 0.22826521 0.71367943 0.714716 0.22461359 0.9604604 0.2243438 0.71627367 0.72018194 0.9872032 0.95615417 0.2326162 0.4837441
0.98051995 0.47258234 0.18276484 0.18148997 0 0.7165336 0.16773276 0.16773276 0.7139384 0.97352946 0.9775687 0.48165047 0.9662408 0.97206604 0.9753628 0.9687838 0.22826521 0.22691068 0.22826521 0.7167936 0.71783453 0.22812964 0.9857129 0.22812964 0.7328271 0.72858834 1.0064689 0.96226203 0.23329833 0.47823706
0.99357027 0.72779626 0.7139384 0.71006244 0.7165336 0 0.71601385 0.714716 0.16349263 0.9768326 0.9727974 0.7419149 0.9816297 0.9783054 0.9958304 0.9898184 0.70928967 0.70954716 0.7062064 0.16001868 0.16100961 0.7105781 1.0045581 0.7113522 0.684224 0.6785187 0.98869646 0.97720057 0.7196597 0.742453
0.98496884 0.47389796 0.18085337 0.18365853 0.16773276 0.71601385 0 0.109405436 0.70928967 0.9673296 0.9713354 0.48948392 0.96406794 0.9713354 0.97426224 0.9669665 0.22812964 0.22962219 0.22989386 0.7152349 0.7165336 0.22718139 0.9727974 0.2277231 0.7259512 0.7141975 1.0049399 0.97426224 0.2365812 0.48929188
0.9894442 0.4720192 0.1798359 0.18085337 0.16773276 0.714716 0.109405436 0 0.70646286 0.9727974 0.9779369 0.4822209 0.9687838 0.9768326 0.97426224 0.9709704 0.2256937 0.23084556 0.23166226 0.7129029 0.7141975 0.22596397 0.9775687 0.2256937 0.7296458 0.7170537 1.0110749 0.9753628 0.23425435 0.4820307
0.99923354 0.7191378 0.7157541 0.7129029 0.7139384 0.16349263 0.70928967 0.70646286 0 0.9920673 0.982 0.7309697 0.98645765 0.9842255 1.0053219 0.99999183 0.7105781 0.71083605 0.70954716 0.06427736 0.06504038 0.71367943 1.01146 0.71342045 0.68397504 0.6775309 0.99357027 0.9775687 0.7186162 0.7259512
0.5546552 0.9504507 0.9687838 0.9518725 0.97352946 0.9768326 0.9673296 0.9727974 0.9920673 0 0.068647996 0.9476152 0.5632941 0.56054413 0.25027704 0.250696 0.9543672 0.96334505 0.9655158 0.9898184 0.99281836 0.9522284 0.29263687 0.95258445 0.97720057 0.9746289 0.5592783 0.5529811 0.9673296 0.96226203
0.5575939 0.9568702 0.97206604 0.9583042 0.9775687 0.9727974 0.9713354 0.9779369 0.982 0.068647996 0 0.9543672 0.56903803 0.56754464 0.2551795 0.2548985 0.9593815 0.97024083 0.97352946 0.982 0.98645765 0.95794547 0.2950042 0.9583042 0.9709704 0.9698763 0.56202364 0.5571734 0.9779369 0.9626228
0.9662408 0.32478142 0.487949 0.48718274 0.48165047 0.7419149 0.48948392 0.4822209 0.7309697 0.9476152 0.9543672 0 0.9590223 0.9651536 0.97352946 0.9655158 0.47899425 0.4881407 0.4890999 0.7344229 0.7368229 0.4761587 0.9536536 0.4761587 0.7427221 0.7341567 0.98237044 0.9753628 0.49006033 0.33081922
0.36614606 0.9593815 0.96334505 0.9522284 0.9662408 0.9816297 0.96406794 0.9687838 0.98645765 0.5632941 0.56903803 0.9590223 0 0.037207875 0.56733155 0.5707484 0.95794547 0.9753628 0.9783054 0.98794943 0.98907024 0.9565121 0.56626695 0.9575869 0.97978103 0.97867405 0.48546144 0.4846977 0.96226203 0.97426224
0.36403087 0.9727974 0.9713354 0.9593815 0.97206604 0.9783054 0.9713354 0.9768326 0.9842255 0.56054413 0.56754464 0.9651536 0.037207875 0 0.56541634 0.56903803 0.96190137 0.9790429 0.98237044 0.9831119 0.9842255 0.9611805 0.5618121 0.9626228 0.9779369 0.97573 0.48622596 0.4869913 0.96406794 0.9808897
0.5666926 0.9691478 0.9695119 0.95866317 0.9753628 0.9958304 0.97426224 0.97426224 1.0053219 0.25027704 0.2551795 0.97352946 0.56733155 0.56541634 0 0.031033278 0.9583042 0.97978103 0.9816297 1.0049399 1.0068517 0.95615417 0.28924686 0.9575869 0.99169195 0.9860852 0.5632941 0.5519366 0.97243166 0.98051995
0.5677578 0.96406794 0.9658782 0.95080596 0.9687838 0.9898184 0.9669665 0.9709704 0.99999183 0.250696 0.2548985 0.9655158 0.5707484 0.56903803 0.031033278 0 0.9540103 0.97316337 0.97426224 1.0015109 1.0034139 0.95080596 0.29101366 0.9518725 0.98869646 0.98348296 0.5618121 0.5552839 0.9644296 0.9713354
0.9779369 0.4746508 0.2265048 0.22596397 0.22826521 0.70928967 0.22812964 0.2256937 0.7105781 0.9543672 0.9593815 0.47899425 0.95794547 0.96190137 0.9583042 0.9540103 0 0.22623433 0.2265048 0.70697606 0.7087749 0.016377522 0.96190137 0.016684206 0.7264779 0.714716 0.97426224 0.96479154 0.23452772 0.47729164
0.9845971 0.48450688 0.23002975 0.22704603 0.22691068 0.70954716 0.22962219 0.23084556 0.71083605 0.96334505 0.97024083 0.4881407 0.9753628 0.9790429 0.97978103 0.97316337 0.22623433 0 0.006831014 0.71083605 0.71186876 0.22420895 0.9615409 0.22447868 0.7227989 0.71783453 1.0015109 0.98051995 0.19953829 0.48488855
0.98757625 0.48488855 0.23084556 0.22826521 0.22826521 0.7062064 0.22989386 0.23166226 0.70954716 0.9655158 0.97352946 0.4890999 0.9783054 0.98237044 0.9816297 0.97426224 0.2265048 0.006831014 0 0.70903224 0.71006244 0.22447868 0.96226203 0.22474852 0.7196597 0.71445674 1.005704 0.9831119 0.19940782 0.4856525
0.99658537 0.72253674 0.71601385 0.71367943 0.7167936 0.16001868 0.7152349 0.7129029 0.06427736 0.9898184 0.982 0.7344229 0.98794943 0.9831119 1.0049399 1.0015109 0.70697606 0.71083605 0.70903224 0 0.0048154257 0.7098048 1.0103053 0.7098048 0.6864684 0.6767909 0.99961257 0.9808897 0.71601385 0.72832423
0.9980974 0.72384816 0.7167936 0.714716 0.71783453 0.16100961 0.7165336 0.7141975 0.06504038 0.99281836 0.98645765 0.7368229 0.98907024 0.9842255 1.0068517 1.0034139 0.7087749 0.71186876 0.71006244 0.0048154257 0 0.7113522 1.0137748 0.7113522 0.68972224 0.67876583 0.99961257 0.9816297 0.71835554 0.7307048
0.9727974 0.4744625 0.22501844 0.22461359 0.22812964 0.7105781 0.22718139 0.22596397 0.71367943 0.9522284 0.95794547 0.4761587 0.9565121 0.9611805 0.95615417 0.95080596 0.016377522 0.22420895 0.22447868 0.7098048 0.7113522 0 0.95794547 0.0033072813 0.7293813 0.71601385 0.97024083 0.9611805 0.23357135 0.47861555
0.56477904 0.96769285 0.97243166 0.9604604 0.9857129 1.0045581 0.9727974 0.9775687 1.01146 0.29263687 0.2950042 0.9536536 0.56626695 0.5618121 0.28924686 0.29101366 0.96190137 0.9615409 0.96226203 1.0103053 1.0137748 0.95794547 0 0.9604604 0.9872032 0.97573 0.56520385 0.5597 0.97609735 0.9644296
0.9753628 0.4746508 0.2255586 0.2243438 0.22812964 0.7113522 0.2277231 0.2256937 0.71342045 0.95258445 0.9583042 0.4761587 0.9575869 0.9626228 0.9575869 0.9518725 0.016684206 0.22447868 0.22474852 0.7098048 0.7113522 0.0033072813 0.9604604 0 0.72726864 0.7141975 0.97024083 0.9615409 0.23343483 0.47899425
0.9827411 0.7475835 0.7280602 0.71627367 0.7328271 0.684224 0.7259512 0.7296458 0.68397504 0.97720057 0.9709704 0.7427221 0.97978103 0.9779369 0.99169195 0.98869646 0.7264779 0.7227989 0.7196597 0.6864684 0.68972224 0.7293813 0.9872032 0.72726864 0 0.28983533 1.0064689 0.98757625 0.72044325 0.74541897
0.98683035 0.7307048 0.714716 0.72018194 0.72858834 0.6785187 0.7141975 0.7170537 0.6775309 0.9746289 0.9698763 0.7341567 0.97867405 0.97573 0.9860852 0.98348296 0.714716 0.71783453 0.71445674 0.6767909 0.67876583 0.71601385 0.97573 0.7141975 0.28983533 0 0.99131685 0.98051995 0.70928967 0.7227989
0.4826014 0.9969631 0.9831119 0.9872032 1.0064689 0.98869646 1.0049399 1.0110749 0.99357027 0.5592783 0.56202364 0.98237044 0.48546144 0.48622596 0.5632941 0.5618121 0.97426224 1.0015109 1.005704 0.99961257 0.99961257 0.97024083 0.56520385 0.97024083 1.0064689 0.99131685 0 0.24346703 0.9901927 0.99169195
0.48184055 1.0003713 0.95508146 0.95615417 0.96226203 0.97720057 0.97426224 0.9753628 0.9775687 0.5529811 0.5571734 0.9753628 0.4846977 0.4869913 0.5519366 0.5552839 0.96479154 0.98051995 0.9831119 0.9808897 0.9816297 0.9611805 0.5597 0.9615409 0.98757625 0.98051995 0.24346703 0 0.9669665 1.0030329
0.9779369 0.4797522 0.23070954 0.2326162 0.23329833 0.7196597 0.2365812 0.23425435 0.7186162 0.9673296 0.9779369 0.49006033 0.96226203 0.96406794 0.97243166 0.9644296 0.23452772 0.19953829 0.19940782 0.71601385 0.71835554 0.23357135 0.97609735 0.23343483 0.72044325 0.70928967 0.9901927 0.9669665 0 0.4837441
0.9790429 0.17805864 0.48146042 0.4837441 0.47823706 0.742453 0.48929188 0.4820307 0.7259512 0.96226203 0.9626228 0.33081922 0.97426224 0.9808897 0.98051995 0.9713354 0.47729164 0.48488855 0.4856525 0.72832423 0.7307048 0.47861555 0.9644296 0.47899425 0.74541897 0.7227989 0.99169195 1.0030329 0.4837441 0
