0 0.6965256001 0.6947558001 0.9928183601 1.0049399001 0.9958304001 1.0110749001 1.0184260001 1.0153220001 1.0122308001 0.6155082001 1.0130024001 0.6164175001 0.9883228501 1.0180373001 1.0022715001 1.0110749001 1.0022715001 1.0030329001 1.0053219001 1.0095364001 0.6288031301 0.6237324501 0.6288031301 1.0060863001 0.9823704401 0.6977922301 0.9988546401 1.0022715001 1.0003713001
0.6965256001 0 0.1408323001 0.9901927001 0.9894442001 0.9786740501 0.9946995001 0.9962078001 0.9920673001 0.9946995001 0.7005865001 0.9842255001 0.6904751001 0.9760973501 0.9735294601 0.9720660401 0.9746289001 0.9827411001 0.9790429001 0.9875762501 0.9909420001 0.7062064001 0.6842240001 0.7062064001 0.9772005701 0.9746289001 0.3056003501 0.9954532401 0.9746289001 0.9845971001
0.6947558001 0.1408323001 0 0.9913168501 0.9831119001 0.9879494301 0.9988546401 1.0053219001 1.0068517001 1.0068517001 0.7023701001 0.9875762501 0.6955138001 0.9794118401 0.9790429001 0.9808897001 0.9764649001 0.9916919501 0.9924427001 0.9879494301 0.9924427001 0.7054375401 0.6797553301 0.7054375401 0.9805199501 0.9709704001 0.3037988801 0.9816297001 0.9820000001 0.9920673001
0.9928183601 0.9901927001 0.9913168501 0 0.1299321701 0.5918031301 0.8706850001 0.8659109501 0.5993253601 0.5948914001 0.9698763001 0.4921776001 0.9633450501 0.5997702001 0.5971051001 0.5977705001 0.6049049001 0.5984365001 0.5999927001 0.5968834001 0.5959974501 0.9713354001 0.9928183601 0.9713354001 0.5871945001 0.3140647401 1.0254573001 0.2322072201 0.5922435501 0.5861013501
1.0049399001 0.9894442001 0.9831119001 0.1299321701 0 0.5924638501 0.8783872001 0.8719632001 0.6060258001 0.5966618001 0.9775687001 0.4997328801 0.9669665001 0.6011063001 0.5979924001 0.6013292001 0.6078228001 0.6033384001 0.6037857001 0.6004379401 0.6004379401 0.9691478001 1.0007510001 0.9691478001 0.5946704001 0.3122429001 1.0091523001 0.2372669401 0.5966618001 0.5900441401
0.9958304001 0.9786740501 0.9879494301 0.5918031301 0.5924638501 0 0.8716434001 0.8732436301 0.1256633801 0.1211836501 0.9875762501 0.5946704001 0.9790429001 0.1775516301 0.1818722001 0.1793276801 0.1828924401 0.1808533701 0.1780586401 0.5307389001 0.5307389001 0.9935702701 0.9958304001 0.9935702701 0.3506649701 0.5800091001 1.0053219001 0.5973268001 0.2303015901 0.5311448601
1.0110749001 0.9946995001 0.9988546401 0.8706850001 0.8783872001 0.8716434001 0 0.1208311201 0.8842163001 0.8738847001 0.9860852001 0.8874743001 0.9939465001 0.8617978701 0.8630610001 0.8697277301 0.8790327001 0.8659109501 0.8681350401 0.8914027001 0.8927168001 0.9849688401 1.0118452001 0.9849688401 0.8665457401 0.8678169001 1.0114600001 0.8710043401 0.8665457401 0.8819440601
1.0184260001 0.9962078001 1.0053219001 0.8659109501 0.8719632001 0.8732436301 0.1208311201 0 0.8871479001 0.8722831001 0.9984759701 0.8848668001 1.0049399001 0.8595924401 0.8659109501 0.8662283001 0.8738847001 0.8614824401 0.8646430001 0.8900910001 0.8910746001 0.9977191001 1.0130024001 0.9977191001 0.8573935001 0.8690902601 1.0176488001 0.8605368001 0.8761325501 0.8825925601
1.0153220001 0.9920673001 1.0068517001 0.5993253601 0.6060258001 0.1256633801 0.8842163001 0.8871479001 0 0.1162632901 0.9849688401 0.6033384001 0.9757300001 0.1849370901 0.1877576001 0.1854491201 0.1911046801 0.1887858801 0.1882715701 0.5372606501 0.5362379001 0.9958304001 1.0049399001 0.9958304001 0.3567547501 0.5889469001 1.0068517001 0.6037857001 0.2372669401 0.5346044001
1.0122308001 0.9946995001 1.0068517001 0.5948914001 0.5966618001 0.1211836501 0.8738847001 0.8722831001 0.1162632901 0 0.9834829601 0.5993253601 0.9794118401 0.1795817501 0.1822546401 0.1797088101 0.1872440001 0.1827648401 0.1814899701 0.5389000001 0.5389000001 0.9860852001 0.9946995001 0.9860852001 0.3500268201 0.5834843501 1.0211525001 0.6035620001 0.2337079001 0.5348083401
0.6155082001 0.7005865001 0.7023701001 0.9698763001 0.9775687001 0.9875762501 0.9860852001 0.9984759701 0.9849688401 0.9834829601 0 0.9805199501 0.1027243901 0.9662408001 0.9735294601 0.9698763001 0.9816297001 0.9760973501 0.9753628001 0.9831119001 0.9857129001 0.1550836401 0.4705195701 0.1550836401 0.9764649001 0.9554389001 0.6919831601 0.9601006501 0.9724316601 0.9894442001
1.0130024001 0.9842255001 0.9875762501 0.4921776001 0.4997328801 0.5946704001 0.8874743001 0.8848668001 0.6033384001 0.5993253601 0.9805199501 0 0.9757300001 0.5887276001 0.5880701501 0.5926842001 0.5937870001 0.5911431001 0.5913630001 0.6075979001 0.6082727001 0.9797810301 1.0003713001 0.9797810301 0.5929046001 0.4889079601 1.0026520001 0.4935281001 0.5935663001 0.6051289401
0.6164175001 0.6904751001 0.6955138001 0.9633450501 0.9669665001 0.9790429001 0.9939465001 1.0049399001 0.9757300001 0.9794118401 0.1027243901 0.9757300001 0 0.9655158001 0.9772005701 0.9673296001 0.9772005701 0.9775687001 0.9727974001 0.9731633701 0.9742622401 0.1548377401 0.4701451401 0.1548377401 0.9684199701 0.9476152001 0.6907262001 0.9522284001 0.9669665001 0.9746289001
0.9883228501 0.9760973501 0.9794118401 0.5997702001 0.6011063001 0.1775516301 0.8617978701 0.8595924401 0.1849370901 0.1795817501 0.9662408001 0.5887276001 0.9655158001 0 0.1651110401 0.1637414001 0.1693603401 0.0854926801 0.0844846901 0.5287124001 0.5274991401 0.9753628001 0.9783054001 0.9753628001 0.3417797401 0.5761186001 1.0007510001 0.6022215501 0.2262343301 0.5236700001
1.0180373001 0.9735294601 0.9790429001 0.5971051001 0.5979924001 0.1818722001 0.8630610001 0.8659109501 0.1877576001 0.1822546401 0.9735294601 0.5880701501 0.9772005701 0.1651110401 0 0.0710627501 0.0746995201 0.1689844301 0.1659839201 0.5274991401 0.5274991401 0.9920673001 1.0015109001 0.9920673001 0.3503458201 0.5791428001 0.9977191001 0.5920233001 0.2286720401 0.5250785001
1.0022715001 0.9720660401 0.9808897001 0.5977705001 0.6013292001 0.1793276801 0.8697277301 0.8662283001 0.1854491201 0.1797088101 0.9698763001 0.5926842001 0.9673296001 0.1637414001 0.0710627501 0 0.0695251901 0.1668578201 0.1638658001 0.5224649301 0.5220636001 0.9868303501 0.9935702701 0.9868303501 0.3492298701 0.5789264001 0.9984759701 0.5955548001 0.2258288301 0.5218630401
1.0110749001 0.9746289001 0.9764649001 0.6049049001 0.6078228001 0.1828924401 0.8790327001 0.8738847001 0.1911046801 0.1872440001 0.9816297001 0.5937870001 0.9772005701 0.1693603401 0.0746995201 0.0695251901 0 0.1719969801 0.1693603401 0.5272971401 0.5279034001 0.9898184001 0.9969631001 0.9898184001 0.3538639501 0.5856646001 1.0072346001 0.6028915001 0.2317984601 0.5281055601
1.0022715001 0.9827411001 0.9916919501 0.5984365001 0.6033384001 0.1808533701 0.8659109501 0.8614824401 0.1887858801 0.1827648401 0.9760973501 0.5911431001 0.9775687001 0.0854926801 0.1689844301 0.1668578201 0.1719969801 0 0.0535682961 0.5297249601 0.5281055601 0.9872032001 0.9931942001 0.9872032001 0.3444659401 0.5793593001 1.0041765001 0.6008834001 0.2289434001 0.5285101001
1.0030329001 0.9790429001 0.9924427001 0.5999927001 0.6037857001 0.1780586401 0.8681350401 0.8646430001 0.1882715701 0.1814899701 0.9753628001 0.5913630001 0.9727974001 0.0844846901 0.1659839201 0.1638658001 0.1693603401 0.0535682961 0 0.5323640001 0.5313479301 0.9898184001 0.9924427001 0.9898184001 0.3425688001 0.5793593001 1.0057040001 0.6022215501 0.2297580101 0.5299277001
1.0053219001 0.9875762501 0.9879494301 0.5968834001 0.6004379401 0.5307389001 0.8914027001 0.8900910001 0.5372606501 0.5389000001 0.9831119001 0.6075979001 0.9731633701 0.5287124001 0.5274991401 0.5224649301 0.5272971401 0.5297249601 0.5323640001 0 0.0103713811 0.9931942001 0.9879494301 0.9931942001 0.5313479301 0.5986585601 0.9924427001 0.6055772301 0.5281055601 0.1591527001
1.0095364001 0.9909420001 0.9924427001 0.5959974501 0.6004379401 0.5307389001 0.8927168001 0.8910746001 0.5362379001 0.5389000001 0.9857129001 0.6082727001 0.9742622401 0.5274991401 0.5274991401 0.5220636001 0.5279034001 0.5281055601 0.5313479301 0.0103713811 0 0.9943229001 0.9935702701 0.9943229001 0.5315510001 0.5975486001 0.9965853701 0.6058015001 0.5295223601 0.1592763501
0.6288031301 0.7062064001 0.7054375401 0.9713354001 0.9691478001 0.9935702701 0.9849688401 0.9977191001 0.9958304001 0.9860852001 0.1550836401 0.9797810301 0.1548377401 0.9753628001 0.9920673001 0.9868303501 0.9898184001 0.9872032001 0.9898184001 0.9931942001 0.9943229001 0 0.4808905701 1e-10 0.9805199501 0.9658782001 0.7039022401 0.9579454701 0.9713354001 0.9860852001
0.6237324501 0.6842240001 0.6797553301 0.9928183601 1.0007510001 0.9958304001 1.0118452001 1.0130024001 1.0049399001 0.9946995001 0.4705195701 1.0003713001 0.4701451401 0.9783054001 1.0015109001 0.9935702701 0.9969631001 0.9931942001 0.9924427001 0.9879494301 0.9935702701 0.4808905701 0 0.4808905701 0.9790429001 0.9797810301 0.6842240001 0.9958304001 0.9954532401 0.9764649001
0.6288031301 0.7062064001 0.7054375401 0.9713354001 0.9691478001 0.9935702701 0.9849688401 0.9977191001 0.9958304001 0.9860852001 0.1550836401 0.9797810301 0.1548377401 0.9753628001 0.9920673001 0.9868303501 0.9898184001 0.9872032001 0.9898184001 0.9931942001 0.9943229001 1e-10 0.4808905701 0 0.9805199501 0.9658782001 0.7039022401 0.9579454701 0.9713354001 0.9860852001
1.0060863001 0.9772005701 0.9805199501 0.5871945001 0.5946704001 0.3506649701 0.8665457401 0.8573935001 0.3567547501 0.3500268201 0.9764649001 0.5929046001 0.9684199701 0.3417797401 0.3503458201 0.3492298701 0.3538639501 0.3444659401 0.3425688001 0.5313479301 0.5315510001 0.9805199501 0.9790429001 0.9805199501 0 0.5771972501 1.0072346001 0.5874133001 0.3428846601 0.5281055601
0.9823704401 0.9746289001 0.9709704001 0.3140647401 0.3122429001 0.5800091001 0.8678169001 0.8690902601 0.5889469001 0.5834843501 0.9554389001 0.4889079601 0.9476152001 0.5761186001 0.5791428001 0.5789264001 0.5856646001 0.5793593001 0.5793593001 0.5986585601 0.5975486001 0.9658782001 0.9797810301 0.9658782001 0.5771972501 0 0.9996125701 0.3120912601 0.5817447301 0.5876322401
0.6977922301 0.3056003501 0.3037988801 1.0254573001 1.0091523001 1.0053219001 1.0114600001 1.0176488001 1.0068517001 1.0211525001 0.6919831601 1.0026520001 0.6907262001 1.0007510001 0.9977191001 0.9984759701 1.0072346001 1.0041765001 1.0057040001 0.9924427001 0.9965853701 0.7039022401 0.6842240001 0.7039022401 1.0072346001 0.9996125701 0 1.0168724001 0.9939465001 0.9999918301
0.9988546401 0.9954532401 0.9816297001 0.2322072201 0.2372669401 0.5973268001 0.8710043401 0.8605368001 0.6037857001 0.6035620001 0.9601006501 0.4935281001 0.9522284001 0.6022215501 0.5920233001 0.5955548001 0.6028915001 0.6008834001 0.6022215501 0.6055772301 0.6058015001 0.9579454701 0.9958304001 0.9579454701 0.5874133001 0.3120912601 1.0168724001 0 0.5918031301 0.5995477401
1.0022715001 0.9746289001 0.9820000001 0.5922435501 0.5966618001 0.2303015901 0.8665457401 0.8761325501 0.2372669401 0.2337079001 0.9724316601 0.5935663001 0.9669665001 0.2262343301 0.2286720401 0.2258288301 0.2317984601 0.2289434001 0.2297580101 0.5281055601 0.5295223601 0.9713354001 0.9954532401 0.9713354001 0.3428846601 0.5817447301 0.9939465001 0.5918031301 0 0.5285101001
1.0003713001 0.9845971001 0.9920673001 0.5861013501 0.5900441401 0.5311448601 0.8819440601 0.8825925601 0.5346044001 0.5348083401 0.9894442001 0.6051289401 0.9746289001 0.5236700001 0.5250785001 0.5218630401 0.5281055601 0.5285101001 0.5299277001 0.1591527001 0.1592763501 0.9860852001 0.9764649001 0.9860852001 0.5281055601 0.5876322401 0.9999918301 0.5995477401 0.5285101001 0
