0 1.0164845 0.959741 0.97426224 0.5536084 0.56202364 0.5731065 0.97499573 1.0110749 1.0060863 0.57482624 0.97316337 0.57806134 1.0049399 1.0034139 0.72991043 0.72832423 0.7275324 0.9713354 0.9695119 0.97316337 0.71887696 0.7346892 0.7186162 0.7275324 0.721751 0.7067194 0.5692516 0.70774645 0.71342045
1.0164845 0 1.0041765 1.0011308 1.0301816 1.0289978 1.0126165 0.9939465 0.76457363 0.76540554 1.0149349 1.0030329 1.0095364 0.15446904 0.15520664 1.0289978 1.0238891 1.0258498 1.0080011 1.0110749 1.0099207 1.0211525 1.0091523 1.0278157 1.0199828 1.0195932 1.01146 1.0234975 1.0274222 1.0246727
0.959741 1.0041765 0 0.16411468 0.9853408 0.9768326 0.97941184 0.2657939 1.0064689 1.0118452 0.9920673 0.5331779 0.98683035 0.9924427 0.99545324 0.97170067 0.96010065 0.96406794 0.26451218 0.27094263 0.27008206 0.97316337 0.9768326 0.9783054 0.97941184 0.97609735 0.95294064 0.9860852 0.9695119 0.97867405
0.97426224 1.0011308 0.16411468 0 1.0003713 0.9857129 0.9746289 0.26936567 0.99961257 1.0045581 0.9939465 0.5358292 0.9950763 0.9969631 0.99734104 0.97978103 0.9662408 0.9691478 0.2712297 0.27829775 0.27612698 0.97170067 0.9655158 0.9706055 0.97352946 0.9808897 0.9472615 0.9901927 0.9575869 0.9727974
0.5536084 1.0301816 0.9853408 1.0003713 0 0.16723268 0.45165765 0.9901927 1.0041765 1.0053219 0.46139923 0.9783054 0.4623248 1.0266355 1.0157093 0.7307048 0.72991043 0.7293813 0.99169195 0.99056727 0.9901927 0.7186162 0.7309697 0.7157541 0.7304399 0.72568804 0.7023701 0.4474692 0.7113522 0.71342045
0.56202364 1.0289978 0.9768326 0.9857129 0.16723268 0 0.45623696 0.98051995 1.0087683 1.0095364 0.46195444 0.9816297 0.46269536 1.0313674 1.0207624 0.7344229 0.7325615 0.7333587 0.9845971 0.982 0.9801504 0.7275324 0.7235857 0.7267414 0.7275324 0.7293813 0.7023701 0.44874147 0.7186162 0.7220128
0.5731065 1.0126165 0.97941184 0.9746289 0.45165765 0.45623696 0 0.9842255 1.0060863 0.99885464 0.15643755 0.9977191 0.15668398 1.0274222 1.0087683 0.72885257 0.72148925 0.72044325 0.98348296 0.982 0.97978103 0.71887696 0.7149754 0.71783453 0.7167936 0.72122765 0.7085177 0.22731678 0.7072328 0.71212715
0.97499573 0.9939465 0.2657939 0.26936567 0.9901927 0.98051995 0.9842255 0 1.0080011 1.0180373 1.0011308 0.5360335 1.0011308 0.990942 0.98832285 0.9687838 0.9604604 0.9604604 0.12566338 0.12803192 0.12755762 0.9838541 0.9779369 0.98794943 0.9980974 0.9920673 0.95151687 0.98869646 0.9673296 0.9838541
1.0110749 0.76457363 1.0064689 0.99961257 1.0041765 1.0087683 1.0060863 1.0080011 0 0.113233455 1.0130024 0.98832285 1.0172604 0.7706961 0.77489936 1.0060863 1.0037951 1.0091523 1.025065 1.0289978 1.0258498 1.0246727 1.0011308 1.0227151 1.002652 1.0219333 0.9779369 1.0095364 1.0087683 1.0207624
1.0060863 0.76540554 1.0118452 1.0045581 1.0053219 1.0095364 0.99885464 1.0180373 0.113233455 0 1.0041765 0.9977191 1.0133885 0.76485085 0.7667942 1.005704 1.0015109 1.0049399 1.0270288 1.0270288 1.0254573 1.0122308 0.99281836 1.01069 0.9831119 1.0149349 0.97206604 1.0053219 0.99281836 1.000751
0.57482624 1.0149349 0.9920673 0.9939465 0.46139923 0.46195444 0.15643755 1.0011308 1.0130024 1.0041765 0 1.0176488 0.10089177 1.015322 1.0003713 0.72858834 0.721751 0.72122765 1.0087683 1.0049399 1.002652 0.71992075 0.7186162 0.71835554 0.718095 0.72332335 0.6982995 0.23057352 0.71367943 0.7129029
0.97316337 1.0030329 0.5331779 0.5358292 0.9783054 0.9816297 0.9977191 0.5360335 0.98832285 0.9977191 1.0176488 0 1.0095364 1.0164845 1.0095364 0.9709704 0.97499573 0.97352946 0.53419656 0.5376702 0.5380799 0.9779369 0.95794547 0.9845971 0.98832285 0.97426224 0.9536536 0.99131685 0.97499573 0.9783054
0.57806134 1.0095364 0.98683035 0.9950763 0.4623248 0.46269536 0.15668398 1.0011308 1.0172604 1.0133885 0.10089177 1.0095364 0 1.0160967 1.0080011 0.73789203 0.73149997 0.7293813 1.0053219 1.0015109 0.99885464 0.72463614 0.72568804 0.7220128 0.72832423 0.7243734 0.702115 0.23057352 0.7209661 0.7209661
1.0049399 0.15446904 0.9924427 0.9969631 1.0266355 1.0313674 1.0274222 0.990942 0.7706961 0.76485085 1.015322 1.0164845 1.0160967 0 0.074920505 1.0188149 1.0172604 1.0164845 1.01069 1.0137748 1.0126165 1.0180373 1.0126165 1.0231062 1.0195932 1.0199828 1.0172604 1.0211525 1.0164845 1.0180373
1.0034139 0.15520664 0.99545324 0.99734104 1.0157093 1.0207624 1.0087683 0.98832285 0.77489936 0.7667942 1.0003713 1.0095364 1.0080011 0.074920505 0 1.0122308 1.015322 1.0126165 1.0103053 1.0103053 1.0103053 1.0076177 1.0015109 1.0130024 1.0087683 1.0083846 1.0091523 1.0195932 1.0087683 1.01069
0.72991043 1.0289978 0.97170067 0.97978103 0.7307048 0.7344229 0.72885257 0.9687838 1.0060863 1.005704 0.72858834 0.9709704 0.73789203 1.0188149 1.0122308 0 0.0489641 0.04661935 0.9746289 0.97978103 0.97352946 0.6849714 0.68173814 0.6849714 0.58152753 0.58763224 0.31482518 0.7220128 0.6807461 0.6854701
0.72832423 1.0238891 0.96010065 0.9662408 0.72991043 0.7325615 0.72148925 0.9604604 1.0037951 1.0015109 0.721751 0.97499573 0.73149997 1.0172604 1.015322 0.0489641 0 0.041528832 0.9673296 0.9727974 0.9662408 0.6852207 0.68796843 0.6849714 0.5763342 0.5847917 0.31589106 0.71627367 0.68173814 0.68149
0.7275324 1.0258498 0.96406794 0.9691478 0.7293813 0.7333587 0.72044325 0.9604604 1.0091523 1.0049399 0.72122765 0.97352946 0.7293813 1.0164845 1.0126165 0.04661935 0.041528832 0 0.9666036 0.9706055 0.96334505 0.6867182 0.6834774 0.6867182 0.57806134 0.5839199 0.3133051 0.7170537 0.6802505 0.68149
0.9713354 1.0080011 0.26451218 0.2712297 0.99169195 0.9845971 0.98348296 0.12566338 1.025065 1.0270288 1.0087683 0.53419656 1.0053219 1.01069 1.0103053 0.9746289 0.9673296 0.9666036 0 0.031346016 0.031450294 0.98794943 0.9790429 0.9920673 0.98869646 0.99281836 0.9458484 0.99885464 0.9706055 0.9838541
0.9695119 1.0110749 0.27094263 0.27829775 0.99056727 0.982 0.982 0.12803192 1.0289978 1.0270288 1.0049399 0.5376702 1.0015109 1.0137748 1.0103053 0.97978103 0.9727974 0.9706055 0.031346016 0 0.02408254 0.9920673 0.98051995 0.99658537 0.98757625 0.99923354 0.94867724 0.99545324 0.9746289 0.98757625
0.97316337 1.0099207 0.27008206 0.27612698 0.9901927 0.9801504 0.97978103 0.12755762 1.0258498 1.0254573 1.002652 0.5380799 0.99885464 1.0126165 1.0103053 0.97352946 0.9662408 0.96334505 0.031450294 0.02408254 0 0.98869646 0.97867405 0.9939465 0.9860852 0.9939465 0.9479691 0.9977191 0.97352946 0.9853408
0.71887696 1.0211525 0.97316337 0.97170067 0.7186162 0.7275324 0.71887696 0.9838541 1.0246727 1.0122308 0.71992075 0.9779369 0.72463614 1.0180373 1.0076177 0.6849714 0.6852207 0.6867182 0.98794943 0.9920673 0.98869646 0 0.44204095 0.016581964 0.6904751 0.68571955 0.662142 0.71161044 0.19719331 0.18570527
0.7346892 1.0091523 0.9768326 0.9655158 0.7309697 0.7235857 0.7149754 0.9779369 1.0011308 0.99281836 0.7186162 0.95794547 0.72568804 1.0126165 1.0015109 0.68173814 0.68796843 0.6834774 0.9790429 0.98051995 0.97867405 0.44204095 0 0.44042012 0.6785187 0.6802505 0.65564215 0.71238565 0.43504247 0.43076792
0.7186162 1.0278157 0.9783054 0.9706055 0.7157541 0.7267414 0.71783453 0.98794943 1.0227151 1.01069 0.71835554 0.9845971 0.7220128 1.0231062 1.0130024 0.6849714 0.6849714 0.6867182 0.9920673 0.99658537 0.9939465 0.016581964 0.44042012 0 0.69148016 0.68571955 0.6611755 0.7085177 0.19654323 0.18711564
0.7275324 1.0199828 0.97941184 0.97352946 0.7304399 0.7275324 0.7167936 0.9980974 1.002652 0.9831119 0.718095 0.98832285 0.72832423 1.0195932 1.0087683 0.58152753 0.5763342 0.57806134 0.98869646 0.98757625 0.9860852 0.6904751 0.6785187 0.69148016 0 0.35290283 0.55885684 0.7220128 0.6844731 0.6864684
0.721751 1.0195932 0.97609735 0.9808897 0.72568804 0.7293813 0.72122765 0.9920673 1.0219333 1.0149349 0.72332335 0.97426224 0.7243734 1.0199828 1.0083846 0.58763224 0.5847917 0.5839199 0.99281836 0.99923354 0.9939465 0.68571955 0.6802505 0.68571955 0.35290283 0 0.5630822 0.72858834 0.6782716 0.6785187
0.7067194 1.01146 0.95294064 0.9472615 0.7023701 0.7023701 0.7085177 0.95151687 0.9779369 0.97206604 0.6982995 0.9536536 0.702115 1.0172604 1.0091523 0.31482518 0.31589106 0.3133051 0.9458484 0.94867724 0.9479691 0.662142 0.65564215 0.6611755 0.55885684 0.5630822 0 0.6998234 0.6575622 0.6570817
0.5692516 1.0234975 0.9860852 0.9901927 0.4474692 0.44874147 0.22731678 0.98869646 1.0095364 1.0053219 0.23057352 0.99131685 0.23057352 1.0211525 1.0195932 0.7220128 0.71627367 0.7170537 0.99885464 0.99545324 0.9977191 0.71161044 0.71238565 0.7085177 0.7220128 0.72858834 0.6998234 0 0.70954716 0.71342045
0.70774645 1.0274222 0.9695119 0.9575869 0.7113522 0.7186162 0.7072328 0.9673296 1.0087683 0.99281836 0.71367943 0.97499573 0.7209661 1.0164845 1.0087683 0.6807461 0.68173814 0.6802505 0.9706055 0.9746289 0.97352946 0.19719331 0.43504247 0.19654323 0.6844731 0.6782716 0.6575622 0.70954716 0 0.1900732
0.71342045 1.0246727 0.97867405 0.9727974 0.71342045 0.7220128 0.71212715 0.9838541 1.0207624 1.000751 0.7129029 0.9783054 0.7209661 1.0180373 1.01069 0.6854701 0.68149 0.68149 0.9838541 0.98757625 0.9853408 0.18570527 0.43076792 0.18711564 0.6864684 0.6785187 0.6570817 0.71342045 0.1900732 0
