0 0.99202720986 1.01141015986 0.86181769986 1.01953925986 1.00146605986 1.02031805986 0.86592898986 0.86688099986 0.85553620986 0.85459855986 1.02500795986 0.98977945986 0.99881122986 1.01411005986 1.02265935986 1.03249425986 0.98493235986 0.98270569986 1.03289035986 1.03289035986 0.99956879986 0.99616565986 0.99994782986 1.00603925986 0.87775535986 0.86974415986 1.01333765986 1.02109765986 1.00680415986
0.99202720986 0 0.62314945986 1.01295175986 0.49039558986 0.48656121986 0.62983255986 0.99767629986 1.00987165986 1.01218045986 1.00565715986 0.67098758986 0.15210601986 0.15652645986 0.62314945986 0.62406770986 0.62844488986 0.15333130986 0.15235091986 0.62775210986 0.62936971986 0.48179567986 0.64149681986 0.48141572986 0.67368235986 1.01141015986 1.01141015986 0.28182820986 0.63284782986 0.20655772986
1.01141015986 0.62314945986 0 1.00527515986 0.62960109986 0.62844488986 0.14213343986 0.98977945986 1.01295175986 1.00642155986 1.00298725986 0.67984305986 0.62544719986 0.63029561986 0.13719643986 0.14116755986 0.62017275986 0.61561625986 0.61971585986 0.61971585986 0.61675275986 0.63891510986 0.66465635986 0.63891510986 0.68306675986 1.02187815986 1.02265935986 0.62498710986 0.61811892986 0.62752125986
0.86181769986 1.01295175986 1.00527515986 0 1.01256605986 1.00108625986 1.01102525986 0.18017115986 0.17978995986 0.11648179486 0.11438323386 0.99578849986 1.01218045986 1.00910355986 1.00910355986 1.00833635986 1.01179525986 0.99918989986 1.00146605986 1.01527015986 1.01333765986 0.99843265986 0.96875522986 0.99767629986 1.00565715986 0.61903105986 0.60770835986 1.02815095986 1.00910355986 0.99729835986
1.01953925986 0.49039558986 0.62960109986 1.01256605986 0 0.0958694598599999 0.64338005986 1.01411005986 1.02775745986 1.01720765986 1.02148775986 0.67172155986 0.49270565986 0.49560327986 0.63634215986 0.63797845986 0.63680935986 0.49039558986 0.48847595986 0.63657575986 0.63657575986 0.43985641986 0.68058575986 0.43967675986 0.69660775986 1.03170265986 1.02226855986 0.49928972986 0.63284782986 0.50123731986
1.00146605986 0.48656121986 0.62844488986 1.00108625986 0.0958694598599999 0 0.63938385986 1.00756985986 1.01915015986 1.01179525986 1.00795295986 0.67614058986 0.48694379986 0.49078009986 0.63470945986 0.63610875986 0.62429741986 0.48217580986 0.48084617986 0.62200315986 0.62269071986 0.43412847986 0.67540225986 0.43377191986 0.69483855986 1.01218045986 1.01218045986 0.49424965986 0.62292001986 0.49309135986
1.02031805986 0.62983255986 0.14213343986 1.01102525986 0.64338005986 0.63938385986 0 0.99352945986 1.01295175986 1.00833635986 1.00833635986 0.68281825986 0.63006405986 0.63540875986 0.0902116138599999 0.0921304958599999 0.62314945986 0.62108741986 0.62498710986 0.62452725986 0.62085865986 0.63634215986 0.65934065986 0.63610875986 0.68182525986 1.03527135986 1.02540025986 0.62567738986 0.61584345986 0.63052729986
0.86592898986 0.99767629986 0.98977945986 0.18017115986 1.01411005986 1.00756985986 0.99352945986 0 0.0870617698599999 0.18335532986 0.17978995986 1.00451175986 1.00603925986 1.00642155986 0.98940549986 0.99729835986 1.00489335986 0.99315361986 0.99578849986 1.01025595986 1.00680415986 0.99202720986 0.98940549986 0.99202720986 1.01681975986 0.61834685986 0.60658542986 1.01025595986 0.99881122986 0.99881122986
0.86688099986 1.00987165986 1.01295175986 0.17978995986 1.02775745986 1.01915015986 1.01295175986 0.0870617698599999 0 0.18322769986 0.18067971986 1.01565725986 1.01720765986 1.01295175986 1.00756985986 1.01643195986 1.01681975986 1.00374915986 1.00680415986 1.02187815986 1.01759565986 1.01141015986 0.99240255986 1.01141015986 1.02540025986 0.61312190986 0.61289558986 1.02657785986 1.00718695986 1.00451175986
0.85553620986 1.01218045986 1.00642155986 0.11648179486 1.01720765986 1.01179525986 1.00833635986 0.18335532986 0.18322769986 0 0.0605923258599999 1.01064055986 1.01179525986 1.01141015986 1.00642155986 1.00871985986 1.01837255986 1.00413035986 1.00260675986 1.01798405986 1.01604455986 0.99805435986 0.97864065986 0.99805435986 1.02148775986 0.62682930986 0.61493515986 1.03051685986 1.00603925986 1.00070655986
0.85459855986 1.00565715986 1.00298725986 0.11438323386 1.02148775986 1.00795295986 1.00833635986 0.17978995986 0.18067971986 0.0605923258599999 0 1.00871985986 1.00565715986 1.00451175986 1.00260675986 1.00451175986 1.01604455986 0.99390552986 0.99465815986 1.01720765986 1.01643195986 0.99240255986 0.98085520986 0.99240255986 1.02031805986 0.62154515986 0.60524015986 1.02187815986 1.00336815986 0.99503475986
1.02500795986 0.67098758986 0.67984305986 0.99578849986 0.67172155986 0.67614058986 0.68281825986 1.00451175986 1.01565725986 1.01064055986 1.00871985986 0 0.67074308986 0.67564831986 0.67025435986 0.67147681986 0.67098758986 0.66903385986 0.66805885986 0.67270135986 0.66903385986 0.68108135986 0.62200315986 0.68108135986 0.64055695986 1.01256605986 1.03686285986 0.66417161986 0.67835990986 0.67147681986
0.98977945986 0.15210601986 0.62544719986 1.01218045986 0.49270565986 0.48694379986 0.63006405986 1.00603925986 1.01720765986 1.01179525986 1.00565715986 0.67074308986 0 0.0570247498599999 0.62406770986 0.62452725986 0.62360845986 0.11484907386 0.11415042586 0.62246145986 0.62269071986 0.47498605986 0.64574078986 0.47442135986 0.67959568986 1.02109765986 1.01876125986 0.28037417986 0.62844488986 0.20419179986
0.99881122986 0.15652645986 0.63029561986 1.00910355986 0.49560327986 0.49078009986 0.63540875986 1.00642155986 1.01295175986 1.01141015986 1.00451175986 0.67564831986 0.0570247498599999 0 0.62775210986 0.62960109986 0.63052729986 0.11776713986 0.11718261986 0.62960109986 0.62983255986 0.47857231986 0.65143702986 0.47800491986 0.68780335986 1.02500795986 1.02226855986 0.28328509986 0.63424365986 0.20879910986
1.01411005986 0.62314945986 0.13719643986 1.00910355986 0.63634215986 0.63470945986 0.0902116138599999 0.98940549986 1.00756985986 1.00642155986 1.00260675986 0.67025435986 0.62406770986 0.62775210986 0 0.0482326548599999 0.61131305986 0.61470825986 0.61652535986 0.61380139986 0.60905812986 0.63821245986 0.66102795986 0.63821245986 0.67959568986 1.02344145986 1.01295175986 0.61448145986 0.60928330986 0.62567738986
1.02265935986 0.62406770986 0.14116755986 1.00833635986 0.63797845986 0.63610875986 0.0921304958599999 0.99729835986 1.01643195986 1.00871985986 1.00451175986 0.67147681986 0.62452725986 0.62960109986 0.0482326548599999 0 0.61903105986 0.61561625986 0.61743555986 0.61971585986 0.61538915986 0.63938385986 0.66151075986 0.63938385986 0.68132925986 1.03368325986 1.02109765986 0.61675275986 0.61334835986 0.62590765986
1.03249425986 0.62844488986 0.62017275986 1.01179525986 0.63680935986 0.62429741986 0.62314945986 1.00489335986 1.01681975986 1.01837255986 1.01604455986 0.67098758986 0.62360845986 0.63052729986 0.61131305986 0.61903105986 0 0.62844488986 0.62752125986 0.0379635978599999 0.0364930098599999 0.63797845986 0.66344495986 0.63704295986 0.68605480986 1.03606665986 1.04205875986 0.63284782986 0.20288061986 0.64196721986
0.98493235986 0.15333130986 0.61561625986 0.99918989986 0.49039558986 0.48217580986 0.62108741986 0.99315361986 1.00374915986 1.00413035986 0.99390552986 0.66903385986 0.11484907386 0.11776713986 0.61470825986 0.61561625986 0.62844488986 0 0.0300148418599999 0.62775210986 0.62613795986 0.47010613986 0.64079181986 0.46991909986 0.67712615986 1.00910355986 1.01643195986 0.28037417986 0.62498710986 0.20222587986
0.98270569986 0.15235091986 0.61971585986 1.00146605986 0.48847595986 0.48084617986 0.62498710986 0.99578849986 1.00680415986 1.00260675986 0.99465815986 0.66805885986 0.11415042586 0.11718261986 0.61652535986 0.61743555986 0.62752125986 0.0300148418599999 0 0.62729055986 0.62567738986 0.46935821986 0.64220245986 0.46917132986 0.68108135986 1.01372375986 1.01449645986 0.28051943986 0.62429741986 0.20235677986
1.03289035986 0.62775210986 0.61971585986 1.01527015986 0.63657575986 0.62200315986 0.62452725986 1.01025595986 1.02187815986 1.01798405986 1.01720765986 0.67270135986 0.62246145986 0.62960109986 0.61380139986 0.61971585986 0.0379635978599999 0.62775210986 0.62729055986 0 0.0157934748599999 0.63704295986 0.66199385986 0.63610875986 0.68705345986 1.03845765986 1.03845765986 0.63447652986 0.20274961986 0.63914940986
1.03289035986 0.62936971986 0.61675275986 1.01333765986 0.63657575986 0.62269071986 0.62085865986 1.00680415986 1.01759565986 1.01604455986 1.01643195986 0.66903385986 0.62269071986 0.62983255986 0.60905812986 0.61538915986 0.0364930098599999 0.62613795986 0.62567738986 0.0157934748599999 0 0.63540875986 0.66151075986 0.63447652986 0.68431029986 1.03805865986 1.03328665986 0.63354535986 0.20144093986 0.63844660986
0.99956879986 0.48179567986 0.63891510986 0.99843265986 0.43985641986 0.43412847986 0.63634215986 0.99202720986 1.01141015986 0.99805435986 0.99240255986 0.68108135986 0.47498605986 0.47857231986 0.63821245986 0.63938385986 0.63797845986 0.47010613986 0.46935821986 0.63704295986 0.63540875986 0 0.65669685986 0.000935499999999937 0.68655399986 1.00718695986 1.00910355986 0.48274637986 0.63564205986 0.48981917986
0.99616565986 0.64149681986 0.66465635986 0.96875522986 0.68058575986 0.67540225986 0.65934065986 0.98940549986 0.99240255986 0.97864065986 0.98085520986 0.62200315986 0.64574078986 0.65143702986 0.66102795986 0.66151075986 0.66344495986 0.64079181986 0.64220245986 0.66199385986 0.66151075986 0.65669685986 0 0.65645698986 0.35068107986 1.00336815986 1.01759565986 0.64503178986 0.64526805986 0.65477988986
0.99994782986 0.48141572986 0.63891510986 0.99767629986 0.43967675986 0.43377191986 0.63610875986 0.99202720986 1.01141015986 0.99805435986 0.99240255986 0.68108135986 0.47442135986 0.47800491986 0.63821245986 0.63938385986 0.63704295986 0.46991909986 0.46917132986 0.63610875986 0.63447652986 0.000935499999999937 0.65645698986 0 0.68580535986 1.00718695986 1.00948755986 0.48255615986 0.63517555986 0.48924321986
1.00603925986 0.67368235986 0.68306675986 1.00565715986 0.69660775986 0.69483855986 0.68182525986 1.01681975986 1.02540025986 1.02148775986 1.02031805986 0.64055695986 0.67959568986 0.68780335986 0.67959568986 0.68132925986 0.68605480986 0.67712615986 0.68108135986 0.68705345986 0.68431029986 0.68655399986 0.35068107986 0.68580535986 0 1.01798405986 1.02972745986 0.68009058986 0.68356395986 0.67959568986
0.87775535986 1.01141015986 1.02187815986 0.61903105986 1.03170265986 1.01218045986 1.03527135986 0.61834685986 0.61312190986 0.62682930986 0.62154515986 1.01256605986 1.02109765986 1.02500795986 1.02344145986 1.03368325986 1.03606665986 1.00910355986 1.01372375986 1.03845765986 1.03805865986 1.00718695986 1.00336815986 1.00718695986 1.01798405986 0 0.29120151986 1.02461605986 1.03646465986 1.02461605986
0.86974415986 1.01141015986 1.02265935986 0.60770835986 1.02226855986 1.01218045986 1.02540025986 0.60658542986 0.61289558986 0.61493515986 0.60524015986 1.03686285986 1.01876125986 1.02226855986 1.01295175986 1.02109765986 1.04205875986 1.01643195986 1.01449645986 1.03845765986 1.03328665986 1.00910355986 1.01759565986 1.00948755986 1.02972745986 0.29120151986 0 1.02383275986 1.03527135986 1.02265935986
1.01333765986 0.28182820986 0.62498710986 1.02815095986 0.49928972986 0.49424965986 0.62567738986 1.01025595986 1.02657785986 1.03051685986 1.02187815986 0.66417161986 0.28037417986 0.28328509986 0.61448145986 0.61675275986 0.63284782986 0.28037417986 0.28051943986 0.63447652986 0.63354535986 0.48274637986 0.64503178986 0.48255615986 0.68009058986 1.02461605986 1.02383275986 0 0.63284782986 0.28693971986
1.02109765986 0.63284782986 0.61811892986 1.00910355986 0.63284782986 0.62292001986 0.61584345986 0.99881122986 1.00718695986 1.00603925986 1.00336815986 0.67835990986 0.62844488986 0.63424365986 0.60928330986 0.61334835986 0.20288061986 0.62498710986 0.62429741986 0.20274961986 0.20144093986 0.63564205986 0.64526805986 0.63517555986 0.68356395986 1.03646465986 1.03527135986 0.63284782986 0 0.64055695986
1.00680415986 0.20655772986 0.62752125986 0.99729835986 0.50123731986 0.49309135986 0.63052729986 0.99881122986 1.00451175986 1.00070655986 0.99503475986 0.67147681986 0.20419179986 0.20879910986 0.62567738986 0.62590765986 0.64196721986 0.20222587986 0.20235677986 0.63914940986 0.63844660986 0.48981917986 0.65477988986 0.48924321986 0.67959568986 1.02461605986 1.02265935986 0.28693971986 0.64055695986 0
