0 1.0049399 1.0099207 1.0060863 1.0022715 0.99734104 0.99545324 0.9853408 0.9931942 0.97426224 1.0130024 0.98907024 1.01146 1.0060863 1.0064689 0.9943229 0.9853408 1.0049399 1.01069 1.0041765 0.9977191 0.97941184 0.99999183 0.98237044 1.0091523 0.9977191 1.01146 1.0022715 0.99847597 1.0087683
1.0049399 0 0.8023729 0.79483217 0.173886 0.1723744 0.80353975 0.78650993 1.0015109 1.0003713 0.80441606 0.80295604 0.8082254 0.7956984 0.79483217 0.8073446 0.7994636 0.79743385 0.7968549 0.93116945 0.932902 0.90665525 0.7905161 0.9086678 0.30560035 0.91779155 0.79483217 0.7945437 0.7994636 0.16311966
1.0099207 0.8023729 0 0.6937464 0.8114639 0.80091685 0.15902908 0.15606806 0.97978103 0.9727974 0.70007765 0.7397667 0.7018601 0.69425094 0.6965256 0.7408401 0.72832423 0.761531 0.75138646 0.92840576 0.92840576 0.91406107 0.72122765 0.9123715 0.80529344 0.9440858 0.7459595 0.7519313 0.74704176 0.79830307
1.0060863 0.79483217 0.6937464 0 0.8047084 0.8020814 0.6889701 0.6904751 0.98832285 0.9753628 0.20438166 0.74110866 0.2089922 0.14810686 0.15030305 0.7328271 0.7254249 0.74353015 0.74110866 0.9127091 0.9133848 0.9063204 0.72384816 0.908332 0.79223955 0.9402225 0.7333587 0.73575526 0.7336246 0.8076381
1.0022715 0.173886 0.8114639 0.8047084 0 0.15508364 0.811759 0.7945437 0.9980974 0.9950763 0.80646485 0.80705124 0.8114639 0.80705124 0.80705124 0.80441606 0.8003352 0.80851924 0.8102846 0.93672764 0.9419761 0.90799636 0.80324787 0.9127091 0.31012297 0.9335961 0.8017901 0.81323624 0.8079317 0.1740121
0.99734104 0.1723744 0.80091685 0.8020814 0.15508364 0 0.80529344 0.78879654 1.01069 1.0083846 0.8079317 0.79917336 0.81353205 0.80587894 0.80295604 0.80500084 0.79540956 0.80646485 0.80441606 0.94549555 0.9493862 0.9150766 0.8026644 0.9205164 0.31284967 0.93987226 0.8023729 0.8023729 0.8038317 0.17439054
0.99545324 0.80353975 0.15902908 0.6889701 0.811759 0.80529344 0 0.1258999 0.98348296 0.98125964 0.6877182 0.7386949 0.69804585 0.6892207 0.6929902 0.73815954 0.7267414 0.7486681 0.7397667 0.92909575 0.9287507 0.9174517 0.7196597 0.91406107 0.80500084 0.9270277 0.7389627 0.7481256 0.74057156 0.8038317
0.9853408 0.78650993 0.15606806 0.6904751 0.7945437 0.78879654 0.1258999 0 0.9775687 0.97426224 0.69349426 0.74164605 0.7023701 0.6960195 0.69804585 0.7365559 0.72332335 0.7429914 0.7397667 0.91711193 0.9174517 0.9127091 0.71445674 0.9113596 0.79223955 0.9167723 0.73522204 0.7419149 0.74433905 0.7853693
0.9931942 1.0015109 0.97978103 0.98832285 0.9980974 1.01069 0.98348296 0.9775687 0 0.11369879 0.99281836 0.9831119 0.99169195 0.97720057 0.98237044 1.005704 0.9962078 1.0011308 1.0034139 1.0133885 1.0045581 1.0091523 0.9816297 1.0110749 1.0080011 0.9977191 1.0030329 0.99281836 0.9838541 1.0076177
0.97426224 1.0003713 0.9727974 0.9753628 0.9950763 1.0083846 0.98125964 0.97426224 0.11369879 0 0.9816297 0.97024083 0.97867405 0.9637064 0.96334505 1.0053219 1.0011308 1.0003713 0.9958304 0.99847597 0.98869646 1.0060863 0.9655158 1.0072346 1.005704 0.9943229 1.0160967 0.99923354 0.98869646 1.001891
1.0130024 0.80441606 0.70007765 0.20438166 0.80646485 0.8079317 0.6877182 0.69349426 0.99281836 0.9816297 0 0.74110866 0.10952115 0.20372532 0.20569606 0.73815954 0.72858834 0.7362889 0.7328271 0.93568236 0.9342909 0.9222244 0.7207046 0.9287507 0.79627645 0.93812364 0.7368229 0.7320306 0.7344229 0.800626
0.98907024 0.80295604 0.7397667 0.74110866 0.80705124 0.79917336 0.7386949 0.74164605 0.9831119 0.97024083 0.74110866 0 0.7502979 0.7368229 0.7344229 0.7186162 0.70928967 0.7264779 0.72726864 0.9335961 0.9349863 0.90933985 0.37137827 0.9086678 0.8047084 0.9229087 0.7251619 0.7325615 0.71445674 0.8014989
1.01146 0.8082254 0.7018601 0.2089922 0.8114639 0.81353205 0.69804585 0.7023701 0.99169195 0.97867405 0.10952115 0.7502979 0 0.20833181 0.20886007 0.7446089 0.7389627 0.7394986 0.7341567 0.9370764 0.93777436 0.9222244 0.7338906 0.927372 0.8047084 0.93812364 0.732296 0.7408401 0.73575526 0.81679356
1.0060863 0.7956984 0.69425094 0.14810686 0.80705124 0.80587894 0.6892207 0.6960195 0.97720057 0.9637064 0.20372532 0.7368229 0.20833181 0 0.080466226 0.7354886 0.72885257 0.74164605 0.73789203 0.9225665 0.92154074 0.9046481 0.72832423 0.9113596 0.799754 0.9346385 0.7307048 0.7389627 0.7429914 0.812645
1.0064689 0.79483217 0.6965256 0.15030305 0.80705124 0.80295604 0.6929902 0.69804585 0.98237044 0.96334505 0.20569606 0.7344229 0.20886007 0.080466226 0 0.74057156 0.73575526 0.7446089 0.74110866 0.91203403 0.9123715 0.9043141 0.7220128 0.90933985 0.8020814 0.932902 0.7408401 0.7432607 0.7432607 0.811759
0.9943229 0.8073446 0.7408401 0.7328271 0.80441606 0.80500084 0.73815954 0.7365559 1.005704 1.0053219 0.73815954 0.7186162 0.7446089 0.7354886 0.74057156 0 0.073595606 0.335497 0.33284268 0.9150766 0.9110226 0.9133848 0.7259512 0.91439945 0.8105793 0.92085767 0.3358099 0.3358099 0.33471534 0.812645
0.9853408 0.7994636 0.72832423 0.7254249 0.8003352 0.79540956 0.7267414 0.72332335 0.9962078 1.0011308 0.72858834 0.70928967 0.7389627 0.72885257 0.73575526 0.073595606 0 0.33471534 0.3305084 0.9174517 0.9110226 0.9130469 0.71367943 0.9127091 0.8041238 0.92154074 0.33455908 0.3326868 0.32833627 0.80120784
1.0049399 0.79743385 0.761531 0.74353015 0.80851924 0.80646485 0.7486681 0.7429914 1.0011308 1.0003713 0.7362889 0.7264779 0.7394986 0.74164605 0.7446089 0.335497 0.33471534 0 0.049391206 0.93672764 0.9374253 0.92909575 0.7341567 0.929441 0.81977093 0.94549555 0.21562824 0.27612698 0.27670524 0.8120542
1.01069 0.7968549 0.75138646 0.74110866 0.8102846 0.80441606 0.7397667 0.7397667 1.0034139 0.9958304 0.7328271 0.72726864 0.7341567 0.73789203 0.74110866 0.33284268 0.3305084 0.049391206 0 0.93812364 0.93812364 0.93082345 0.7336246 0.93116945 0.82276016 0.93672764 0.21256836 0.2743949 0.27482754 0.81738806
1.0041765 0.93116945 0.92840576 0.9127091 0.93672764 0.94549555 0.92909575 0.91711193 1.0133885 0.99847597 0.93568236 0.9335961 0.9370764 0.9225665 0.91203403 0.9150766 0.9174517 0.93672764 0.93812364 0 0.022123104 0.5190608 0.94127417 0.51926064 0.9472615 0.308009 0.94903165 0.9249654 0.9297863 0.927372
0.9977191 0.932902 0.92840576 0.9133848 0.9419761 0.9493862 0.9287507 0.9174517 1.0045581 0.98869646 0.9342909 0.9349863 0.93777436 0.92154074 0.9123715 0.9110226 0.9110226 0.9374253 0.93812364 0.022123104 0 0.5146783 0.9374253 0.51487696 0.9518725 0.30710486 0.946908 0.92462224 0.92771643 0.9335961
0.97941184 0.90665525 0.91406107 0.9063204 0.90799636 0.9150766 0.9174517 0.9127091 1.0091523 1.0060863 0.9222244 0.90933985 0.9222244 0.9046481 0.9043141 0.9133848 0.9130469 0.92909575 0.93082345 0.5190608 0.5146783 0 0.927372 0.012910485 0.910349 0.5132893 0.92909575 0.927372 0.92085767 0.91915274
0.99999183 0.7905161 0.72122765 0.72384816 0.80324787 0.8026644 0.7196597 0.71445674 0.9816297 0.9655158 0.7207046 0.37137827 0.7338906 0.72832423 0.7220128 0.7259512 0.71367943 0.7341567 0.7336246 0.94127417 0.9374253 0.927372 0 0.93255514 0.7928149 0.927372 0.7157541 0.72463614 0.7157541 0.8003352
0.98237044 0.9086678 0.9123715 0.908332 0.9127091 0.9205164 0.91406107 0.9113596 1.0110749 1.0072346 0.9287507 0.9086678 0.927372 0.9113596 0.90933985 0.91439945 0.9127091 0.929441 0.93116945 0.51926064 0.51487696 0.012910485 0.93255514 0 0.9110226 0.51487696 0.9297863 0.9263396 0.92119914 0.9222244
1.0091523 0.30560035 0.80529344 0.79223955 0.31012297 0.31284967 0.80500084 0.79223955 1.0080011 1.005704 0.79627645 0.8047084 0.8047084 0.799754 0.8020814 0.8105793 0.8041238 0.81977093 0.82276016 0.9472615 0.9518725 0.910349 0.7928149 0.9110226 0 0.9395222 0.80910724 0.8147164 0.81828076 0.30155316
0.9977191 0.91779155 0.9440858 0.9402225 0.9335961 0.93987226 0.9270277 0.9167723 0.9977191 0.9943229 0.93812364 0.9229087 0.93812364 0.9346385 0.932902 0.92085767 0.92154074 0.94549555 0.93672764 0.308009 0.30710486 0.5132893 0.927372 0.51487696 0.9395222 0 0.9511613 0.94092345 0.9353342 0.91949344
1.01146 0.79483217 0.7459595 0.7333587 0.8017901 0.8023729 0.7389627 0.73522204 1.0030329 1.0160967 0.7368229 0.7251619 0.732296 0.7307048 0.7408401 0.3358099 0.33455908 0.21562824 0.21256836 0.94903165 0.946908 0.92909575 0.7157541 0.9297863 0.80910724 0.9511613 0 0.282804 0.27902275 0.8102846
1.0022715 0.7945437 0.7519313 0.73575526 0.81323624 0.8023729 0.7481256 0.7419149 0.99281836 0.99923354 0.7320306 0.7325615 0.7408401 0.7389627 0.7432607 0.3358099 0.3326868 0.27612698 0.2743949 0.9249654 0.92462224 0.927372 0.72463614 0.9263396 0.8147164 0.94092345 0.282804 0 0.20556453 0.8082254
0.99847597 0.7994636 0.74704176 0.7336246 0.8079317 0.8038317 0.74057156 0.74433905 0.9838541 0.98869646 0.7344229 0.71445674 0.73575526 0.7429914 0.7432607 0.33471534 0.32833627 0.27670524 0.27482754 0.9297863 0.92771643 0.92085767 0.7157541 0.92119914 0.81828076 0.9353342 0.27902275 0.20556453 0 0.8120542
1.0087683 0.16311966 0.79830307 0.8076381 0.1740121 0.17439054 0.8038317 0.7853693 1.0076177 1.001891 0.800626 0.8014989 0.81679356 0.812645 0.811759 0.812645 0.80120784 0.8120542 0.81738806 0.927372 0.9335961 0.91915274 0.8003352 0.9222244 0.30155316 0.91949344 0.8102846 0.8082254 0.8120542 0
