0 0.9698763 0.9680563 0.98125964 0.791952 0.9691478 0.9687838 1.0080011 0.9969631 0.96226203 0.96406794 0.98794943 0.9827411 0.99169195 0.9939465 0.9838541 0.99281836 0.99169195 0.7825251 0.7845149 0.7867954 1.0049399 0.99357027 1.0045581 0.9611805 0.99961257 0.82156307 0.99056727 0.5975486 0.61346614
0.9698763 0 0.9669665 0.98683035 0.99131685 0.990942 0.96334505 0.9980974 0.9838541 0.15816425 0.16237426 0.9604604 0.9783054 0.97609735 0.99169195 0.97573 0.98496884 0.97941184 0.9709704 0.9790429 0.9768326 1.002652 0.9816297 1.001891 0.97024083 0.9779369 0.99734104 0.9827411 0.97609735 0.98645765
0.9680563 0.9669665 0 0.15890548 0.9853408 0.36159766 0.354345 0.8000446 0.7859394 0.9687838 0.9695119 0.80646485 0.79888314 0.80500084 0.21403022 0.21270114 0.80500084 0.79859304 0.9713354 0.9764649 0.9783054 0.8020814 0.7945437 0.8017901 0.7687426 0.80295604 0.9790429 0.8023729 0.95258445 0.96479154
0.98125964 0.98683035 0.15890548 0 1.0091523 0.37137827 0.36078832 0.8147164 0.80353975 0.9775687 0.9838541 0.81828076 0.81353205 0.8164965 0.22962219 0.2256937 0.82066643 0.81738806 1.0034139 1.005704 1.0099207 0.81234956 0.81234956 0.81234956 0.79859304 0.81234956 1.0168724 0.8120542 0.959741 0.9738958
0.791952 0.99131685 0.9853408 1.0091523 0 0.97941184 0.97170067 1.0231062 0.98496884 0.97206604 0.9845971 0.9775687 0.9764649 0.97499573 0.9939465 0.9775687 0.98832285 0.98869646 0.15226063 0.15422334 0.1525057 1.0231062 1.0118452 1.0238891 0.9783054 1.0087683 0.33284268 0.99961257 0.7968549 0.80851924
0.9691478 0.990942 0.36159766 0.37137827 0.97941184 0 0.14312829 0.80587894 0.7893693 0.99658537 0.9946995 0.81382793 0.7928149 0.7977235 0.36696118 0.36111194 0.79483217 0.79656565 0.97941184 0.9831119 0.9872032 0.8082254 0.81590265 0.8088132 0.7822413 0.8000446 0.97867405 0.80091685 0.95151687 0.9557965
0.9687838 0.96334505 0.354345 0.36078832 0.97170067 0.14312829 0 0.7977235 0.776869 0.97243166 0.9709704 0.80851924 0.7913773 0.7928149 0.35997987 0.35402426 0.78736657 0.78793824 0.9644296 0.97024083 0.9738958 0.8047084 0.81234956 0.80500084 0.7723746 0.79540956 0.96298385 0.79252714 0.9483231 0.9504507
1.0080011 0.9980974 0.8000446 0.8147164 1.0231062 0.80587894 0.7977235 0 0.34747958 1.0091523 0.99847597 0.49817687 0.46399376 0.46010533 0.80324787 0.8000446 0.34827465 0.3501863 0.99961257 1.0060863 1.0064689 0.13470393 0.47729164 0.13518278 0.46977088 0.45056275 1.0157093 0.471644 1.0011308 1.0286036
0.9969631 0.9838541 0.7859394 0.80353975 0.98496884 0.7893693 0.776869 0.34747958 0 0.99281836 0.98348296 0.4943009 0.46325153 0.45642072 0.80441606 0.7905161 0.122830965 0.123184435 0.96479154 0.9695119 0.9709704 0.35788196 0.46492255 0.35836557 0.45605326 0.4471061 0.9713354 0.4628807 0.99961257 1.0215429
0.96226203 0.15816425 0.9687838 0.9775687 0.97206604 0.99658537 0.97243166 1.0091523 0.99281836 0 0.10813376 0.96479154 0.97867405 0.97720057 0.99885464 0.9816297 0.99357027 0.99658537 0.96841997 0.9753628 0.9746289 1.0110749 0.98869646 1.0110749 0.97352946 0.99357027 1.0068517 0.9827411 0.95615417 0.97609735
0.96406794 0.16237426 0.9695119 0.9838541 0.9845971 0.9946995 0.9709704 0.99847597 0.98348296 0.10813376 0 0.9687838 0.9753628 0.97206604 0.99885464 0.9779369 0.98125964 0.9816297 0.98125964 0.98645765 0.9853408 1.0072346 0.9860852 1.0080011 0.9651536 0.9872032 1.0041765 0.9775687 0.98051995 0.98832285
0.98794943 0.9604604 0.80646485 0.81828076 0.9775687 0.81382793 0.80851924 0.49817687 0.4943009 0.96479154 0.9687838 0 0.49740008 0.48929188 0.8194727 0.8038317 0.497206 0.49662408 0.9768326 0.98645765 0.98496884 0.5030502 0.48929188 0.50344145 0.49025255 0.49856558 0.97609735 0.50265914 0.9931942 1.0080011
0.9827411 0.9783054 0.79888314 0.81353205 0.9764649 0.7928149 0.7913773 0.46399376 0.46325153 0.97867405 0.9753628 0.49740008 0 0.10341278 0.81590265 0.8099901 0.46902296 0.46939683 0.9666036 0.97024083 0.9738958 0.4731459 0.48184055 0.4740861 0.45238847 0.469958 0.9816297 0.23043755 0.9943229 1.0076177
0.99169195 0.97609735 0.80500084 0.8164965 0.97499573 0.7977235 0.7928149 0.46010533 0.45642072 0.97720057 0.97206604 0.48929188 0.10341278 0 0.8209652 0.8111689 0.46102932 0.4621396 0.9669665 0.97243166 0.97499573 0.4647367 0.47597006 0.4656664 0.45568597 0.4652944 0.9845971 0.22962219 0.98496884 0.99545324
0.9939465 0.99169195 0.21403022 0.22962219 0.9939465 0.36696118 0.35997987 0.80324787 0.80441606 0.99885464 0.99885464 0.8194727 0.81590265 0.8209652 0 0.10031999 0.81353205 0.8200693 0.98794943 0.9901927 0.99169195 0.81294054 0.81977093 0.812645 0.799754 0.8120542 0.9931942 0.811759 0.96190137 0.9816297
0.9838541 0.97573 0.21270114 0.2256937 0.9775687 0.36111194 0.35402426 0.8000446 0.7905161 0.9816297 0.9779369 0.8038317 0.8099901 0.8111689 0.10031999 0 0.80851924 0.8105793 0.9680563 0.9698763 0.9709704 0.8076381 0.8055861 0.8076381 0.7845149 0.812645 0.9775687 0.80587894 0.93777436 0.9568702
0.99281836 0.98496884 0.80500084 0.82066643 0.98832285 0.79483217 0.78736657 0.34827465 0.122830965 0.99357027 0.98125964 0.497206 0.46902296 0.46102932 0.81353205 0.80851924 0 0.060257066 0.97206604 0.9783054 0.9779369 0.35852686 0.47070688 0.35901088 0.45568597 0.44928738 0.99056727 0.47108158 1.01146 1.0325551
0.99169195 0.97941184 0.79859304 0.81738806 0.98869646 0.79656565 0.78793824 0.3501863 0.123184435 0.99658537 0.9816297 0.49662408 0.46939683 0.4621396 0.8200693 0.8105793 0.060257066 0 0.97316337 0.97978103 0.98051995 0.35836557 0.4630661 0.3588495 0.45348603 0.44601783 0.9901927 0.46678358 1.0076177 1.033348
0.7825251 0.9709704 0.9713354 1.0034139 0.15226063 0.97941184 0.9644296 0.99961257 0.96479154 0.96841997 0.98125964 0.9768326 0.9666036 0.9669665 0.98794943 0.9680563 0.97206604 0.97316337 0 0.020477012 0.019757982 1.0060863 0.9939465 1.0072346 0.97024083 0.9943229 0.32555276 0.98757625 0.7885103 0.7994636
0.7845149 0.9790429 0.9764649 1.005704 0.15422334 0.9831119 0.97024083 1.0060863 0.9695119 0.9753628 0.98645765 0.98645765 0.97024083 0.97243166 0.9901927 0.9698763 0.9783054 0.97978103 0.020477012 0 0.008346268 1.0122308 0.99658537 1.0133885 0.9768326 1.0003713 0.32787165 0.99999183 0.7905161 0.7994636
0.7867954 0.9768326 0.9783054 1.0099207 0.1525057 0.9872032 0.9738958 1.0064689 0.9709704 0.9746289 0.9853408 0.98496884 0.9738958 0.97499573 0.99169195 0.9709704 0.9779369 0.98051995 0.019757982 0.008346268 0 1.0126165 1.0003713 1.0137748 0.9775687 1.0011308 0.3281814 1.000751 0.7885103 0.79859304
1.0049399 1.002652 0.8020814 0.81234956 1.0231062 0.8082254 0.8047084 0.13470393 0.35788196 1.0110749 1.0072346 0.5030502 0.4731459 0.4647367 0.81294054 0.8076381 0.35852686 0.35836557 1.0060863 1.0122308 1.0126165 0 0.47748062 0.0014013083 0.471269 0.45257127 1.0278157 0.4820307 0.99923354 1.025065
0.99357027 0.9816297 0.7945437 0.81234956 1.0118452 0.81590265 0.81234956 0.47729164 0.46492255 0.98869646 0.9860852 0.48929188 0.48184055 0.47597006 0.81977093 0.8055861 0.47070688 0.4630661 0.9939465 0.99658537 1.0003713 0.47748062 0 0.47823706 0.46808907 0.47333384 1.0037951 0.48641723 0.9790429 0.9898184
1.0045581 1.001891 0.8017901 0.81234956 1.0238891 0.8088132 0.80500084 0.13518278 0.35836557 1.0110749 1.0080011 0.50344145 0.4740861 0.4656664 0.812645 0.8076381 0.35901088 0.3588495 1.0072346 1.0133885 1.0137748 0.0014013083 0.47823706 0 0.4720192 0.45257127 1.0286036 0.4829821 0.99999183 1.0258498
0.9611805 0.97024083 0.7687426 0.79859304 0.9783054 0.7822413 0.7723746 0.46977088 0.45605326 0.97352946 0.9651536 0.49025255 0.45238847 0.45568597 0.799754 0.7845149 0.45568597 0.45348603 0.97024083 0.9768326 0.9775687 0.471269 0.46808907 0.4720192 0 0.4647367 0.9706055 0.45992067 0.9962078 1.0045581
0.99961257 0.9779369 0.80295604 0.81234956 1.0087683 0.8000446 0.79540956 0.45056275 0.4471061 0.99357027 0.9872032 0.49856558 0.469958 0.4652944 0.8120542 0.812645 0.44928738 0.44601783 0.9943229 1.0003713 1.0011308 0.45257127 0.47333384 0.45257127 0.4647367 0 1.0160967 0.45642072 1.0015109 1.0137748
0.82156307 0.99734104 0.9790429 1.0168724 0.33284268 0.97867405 0.96298385 1.0157093 0.9713354 1.0068517 1.0041765 0.97609735 0.9816297 0.9845971 0.9931942 0.9775687 0.99056727 0.9901927 0.32555276 0.32787165 0.3281814 1.0278157 1.0037951 1.0286036 0.9706055 1.0160967 0 1.0072346 0.7893693 0.8026644
0.99056727 0.9827411 0.8023729 0.8120542 0.99961257 0.80091685 0.79252714 0.471644 0.4628807 0.9827411 0.9775687 0.50265914 0.23043755 0.22962219 0.811759 0.80587894 0.47108158 0.46678358 0.98757625 0.99999183 1.000751 0.4820307 0.48641723 0.4829821 0.45992067 0.45642072 1.0072346 0 1.0068517 1.0176488
0.5975486 0.97609735 0.95258445 0.959741 0.7968549 0.95151687 0.9483231 1.0011308 0.99961257 0.95615417 0.98051995 0.9931942 0.9943229 0.98496884 0.96190137 0.93777436 1.01146 1.0076177 0.7885103 0.7905161 0.7885103 0.99923354 0.9790429 0.99999183 0.9962078 1.0015109 0.7893693 1.0068517 0 0.22393931
0.61346614 0.98645765 0.96479154 0.9738958 0.80851924 0.9557965 0.9504507 1.0286036 1.0215429 0.97609735 0.98832285 1.0080011 1.0076177 0.99545324 0.9816297 0.9568702 1.0325551 1.033348 0.7994636 0.7994636 0.79859304 1.025065 0.9898184 1.0258498 1.0045581 1.0137748 0.8026644 1.0176488 0.22393931 0
