0 0.4166929 0.4236974 0.99545324 0.6262635 0.6283408 0.62511194 0.6221262 0.6186958 0.62741685 0.9727974 0.6262635 0.97316337 0.62488186 0.6216679 0.4170416 0.4130416 0.990942 0.98757625 0.84711295 0.84711295 0.6255724 0.6232732 0.62787867 0.86749893 0.86813504 0.8599071 0.63088745 0.6336756 0.62304366
0.4166929 0 0.22962219 1.0080011 0.6418672 0.6444604 0.6421026 0.6336756 0.6442242 0.64280915 1.000751 0.6390486 0.9946995 0.6444604 0.6439882 0.28222105 0.28426346 0.9962078 0.9920673 0.8871479 0.8884545 0.6494359 0.64233804 0.65110177 0.8842163 0.8783872 0.87806475 0.63811135 0.64872307 0.6406915
0.4236974 0.22962219 0 1.0172604 0.64328057 0.65612173 0.6580429 0.65110177 0.6592462 0.64280915 1.0045581 0.6362405 1.0083846 0.64163196 0.6406915 0.28440955 0.28660446 1.0160967 1.01146 0.8881276 0.8874743 0.6604514 0.64540553 0.6611755 0.87967867 0.87100434 0.8716434 0.6374092 0.65253264 0.6506254
0.99545324 1.0080011 1.0172604 0 1.0099207 1.019204 1.019204 1.0072346 1.0118452 1.014548 0.5763342 1.014548 0.57719725 1.0049399 1.0003713 1.0126165 1.0254573 0.19136275 0.19136275 1.0254573 1.0203725 1.0126165 1.0160967 1.0141612 1.0095364 1.014548 1.0130024 1.0003713 0.9924427 0.9939465
0.6262635 0.6418672 0.64328057 1.0099207 0 0.5957761 0.59910303 0.59092313 0.5979924 0.1997993 0.98832285 0.31986335 0.982 0.19485565 0.19966878 0.6315835 0.6376432 1.0015109 0.99131685 0.8884545 0.88682157 0.6058015 0.31209126 0.60647464 0.8703658 0.87677604 0.8636934 0.2311177 0.5951125 0.60423315
0.6283408 0.6444604 0.65612173 1.019204 0.5957761 0 0.15878189 0.15890548 0.15742375 0.60244477 0.98869646 0.59312516 0.97941184 0.591363 0.5955548 0.64824826 0.6532491 0.99961257 0.9943229 0.87420535 0.87100434 0.38780046 0.57719725 0.38964754 0.8722831 0.8694089 0.8713238 0.58697575 0.38062337 0.38095567
0.62511194 0.6421026 0.6580429 1.019204 0.59910303 0.15878189 0 0.1577939 0.15902908 0.6082727 0.99847597 0.6002153 0.9842255 0.5955548 0.5979924 0.6530102 0.6542054 1.0072346 1.0011308 0.87581104 0.8722831 0.3911622 0.5874133 0.39318648 0.88162 0.88943595 0.88291705 0.5966618 0.39133066 0.38545617
0.6221262 0.6336756 0.65110177 1.0072346 0.59092313 0.15890548 0.1577939 0 0.134345 0.5951125 0.9753628 0.5964403 0.9655158 0.58588296 0.5946704 0.63998693 0.6409265 0.99885464 0.9898184 0.8652767 0.8592779 0.38178706 0.57482624 0.38345262 0.85959244 0.85959244 0.85864925 0.58152753 0.37797028 0.37697777
0.6186958 0.6442242 0.6592462 1.0118452 0.5979924 0.15742375 0.15902908 0.134345 0 0.60512894 0.9845971 0.6037857 0.97499573 0.5904835 0.5975486 0.64991146 0.6532491 1.002652 0.99961257 0.87324363 0.8716434 0.3866274 0.58131045 0.38796818 0.86179787 0.86559373 0.8703658 0.58828926 0.38278595 0.38228634
0.62741685 0.64280915 0.64280915 1.014548 0.1997993 0.60244477 0.6082727 0.5951125 0.60512894 0 0.990942 0.32401082 0.9977191 0.11719802 0.12083112 0.63975227 0.64587855 0.99885464 0.98794943 0.88194406 0.8787099 0.6008834 0.3087633 0.60222155 0.86654574 0.864643 0.8643263 0.23179846 0.59888077 0.6046809
0.9727974 1.000751 1.0045581 0.5763342 0.98832285 0.98869646 0.99847597 0.9753628 0.9845971 0.990942 0 0.99545324 0.11848517 0.9872032 1.0049399 1.0072346 1.01146 0.58065945 0.5784937 1.0011308 0.99734104 0.9801504 0.99357027 0.98348296 1.0130024 1.0149349 1.0022715 0.9920673 0.95866317 0.97499573
0.6262635 0.6390486 0.6362405 1.014548 0.31986335 0.59312516 0.6002153 0.5964403 0.6037857 0.32401082 0.99545324 0 0.9962078 0.3187918 0.32447308 0.64257354 0.64564204 1.001891 1.0003713 0.8745262 0.87324363 0.6011063 0.31925085 0.60423315 0.8694089 0.8871479 0.86877173 0.3172637 0.60512894 0.6091733
0.97316337 0.9946995 1.0083846 0.57719725 0.982 0.97941184 0.9842255 0.9655158 0.97499573 0.9977191 0.11848517 0.9962078 0 0.98832285 1.001891 1.0060863 1.0076177 0.5741809 0.5724627 0.99847597 0.99961257 0.9831119 0.9943229 0.98645765 1.0060863 1.0087683 0.99923354 0.99961257 0.959741 0.9713354
0.62488186 0.6444604 0.64163196 1.0049399 0.19485565 0.591363 0.5955548 0.58588296 0.5904835 0.11719802 0.9872032 0.3187918 0.98832285 0 0.09224745 0.6334428 0.6406915 0.98907024 0.97941184 0.8726031 0.86813504 0.59444946 0.30409884 0.59599745 0.84587634 0.847732 0.84649444 0.22677536 0.58828926 0.59533364
0.6216679 0.6439882 0.6406915 1.0003713 0.19966878 0.5955548 0.5979924 0.5946704 0.5975486 0.12083112 1.0049399 0.32447308 1.001891 0.09224745 0 0.6362405 0.64257354 0.98496884 0.9779369 0.8787099 0.8754896 0.5999927 0.30605137 0.6011063 0.85833514 0.8602219 0.8599071 0.23398107 0.5964403 0.6019983
0.4170416 0.28222105 0.28440955 1.0126165 0.6315835 0.64824826 0.6530102 0.63998693 0.64991146 0.63975227 1.0072346 0.64257354 1.0060863 0.6334428 0.6362405 0 0.07326475 1.0133885 1.0064689 0.88259256 0.8838912 0.64587855 0.6371753 0.64587855 0.877098 0.8790327 0.87100434 0.6367077 0.6442242 0.6378772
0.4130416 0.28426346 0.28660446 1.0254573 0.6376432 0.6532491 0.6542054 0.6409265 0.6532491 0.64587855 1.01146 0.64564204 1.0076177 0.6406915 0.64257354 0.07326475 0 1.0278157 1.0227151 0.8881276 0.8887815 0.6477737 0.64163196 0.6477737 0.88616943 0.8812961 0.87806475 0.64045656 0.6465887 0.64280915
0.990942 0.9962078 1.0160967 0.19136275 1.0015109 0.99961257 1.0072346 0.99885464 1.002652 0.99885464 0.58065945 1.001891 0.5741809 0.98907024 0.98496884 1.0133885 1.0278157 0 0.026979495 1.0133885 1.0087683 0.99961257 1.0037951 1.0015109 1.018426 1.0122308 1.0160967 0.99734104 0.97426224 0.97867405
0.98757625 0.9920673 1.01146 0.19136275 0.99131685 0.9943229 1.0011308 0.9898184 0.99961257 0.98794943 0.5784937 1.0003713 0.5724627 0.97941184 0.9779369 1.0064689 1.0227151 0.026979495 0 1.0160967 1.0110749 0.9950763 1.0022715 0.9969631 1.0211525 1.0137748 1.0160967 0.99056727 0.9727974 0.9783054
0.84711295 0.8871479 0.8881276 1.0254573 0.8884545 0.87420535 0.87581104 0.8652767 0.87324363 0.88194406 1.0011308 0.8745262 0.99847597 0.8726031 0.8787099 0.88259256 0.8881276 1.0133885 1.0160967 0 0.025012486 0.8864954 0.87100434 0.8832416 0.5828315 0.5911431 0.59246385 0.87420535 0.8858435 0.87100434
0.84711295 0.8884545 0.8874743 1.0203725 0.88682157 0.87100434 0.8722831 0.8592779 0.8716434 0.8787099 0.99734104 0.87324363 0.99961257 0.86813504 0.8754896 0.8838912 0.8887815 1.0087683 1.0110749 0.025012486 0 0.88194406 0.86972773 0.8800019 0.5733213 0.58763224 0.58588296 0.8745262 0.8835664 0.8662283
0.6255724 0.6494359 0.6604514 1.0126165 0.6058015 0.38780046 0.3911622 0.38178706 0.3866274 0.6008834 0.9801504 0.6011063 0.9831119 0.59444946 0.5999927 0.64587855 0.6477737 0.99961257 0.9950763 0.8864954 0.88194406 0 0.59888077 0.008750854 0.890091 0.87356406 0.87774235 0.60692376 0.24860357 0.24056728
0.6232732 0.64233804 0.64540553 1.0160967 0.31209126 0.57719725 0.5874133 0.57482624 0.58131045 0.3087633 0.99357027 0.31925085 0.9943229 0.30409884 0.30605137 0.6371753 0.64163196 1.0037951 1.0022715 0.87100434 0.86972773 0.59888077 0 0.6019983 0.8716434 0.87967867 0.8703658 0.30215135 0.59533364 0.5975486
0.62787867 0.65110177 0.6611755 1.0141612 0.60647464 0.38964754 0.39318648 0.38345262 0.38796818 0.60222155 0.98348296 0.60423315 0.98645765 0.59599745 0.6011063 0.64587855 0.6477737 1.0015109 0.9969631 0.8832416 0.8800019 0.008750854 0.6019983 0 0.8884545 0.8738847 0.87613255 0.6075979 0.24916099 0.24098085
0.86749893 0.8842163 0.87967867 1.0095364 0.8703658 0.8722831 0.88162 0.85959244 0.86179787 0.86654574 1.0130024 0.8694089 1.0060863 0.84587634 0.85833514 0.877098 0.88616943 1.018426 1.0211525 0.5828315 0.5733213 0.890091 0.8716434 0.8884545 0 0.29693317 0.2976764 0.86337715 0.864643 0.8649598
0.86813504 0.8783872 0.87100434 1.014548 0.87677604 0.8694089 0.88943595 0.85959244 0.86559373 0.864643 1.0149349 0.8871479 1.0087683 0.847732 0.8602219 0.8790327 0.8812961 1.0122308 1.0137748 0.5911431 0.58763224 0.87356406 0.87967867 0.8738847 0.29693317 0 0.26836383 0.86749893 0.85864925 0.85363877
0.8599071 0.87806475 0.8716434 1.0130024 0.8636934 0.8713238 0.88291705 0.85864925 0.8703658 0.8643263 1.0022715 0.86877173 0.99923354 0.84649444 0.8599071 0.87100434 0.87806475 1.0160967 1.0160967 0.59246385 0.58588296 0.87774235 0.8703658 0.87613255 0.2976764 0.26836383 0 0.8605368 0.8567664 0.85802114
0.63088745 0.63811135 0.6374092 1.0003713 0.2311177 0.58697575 0.5966618 0.58152753 0.58828926 0.23179846 0.9920673 0.3172637 0.99961257 0.22677536 0.23398107 0.6367077 0.64045656 0.99734104 0.99056727 0.87420535 0.8745262 0.60692376 0.30215135 0.6075979 0.86337715 0.86749893 0.8605368 0 0.59932536 0.6103006
0.6336756 0.64872307 0.65253264 0.9924427 0.5951125 0.38062337 0.39133066 0.37797028 0.38278595 0.59888077 0.95866317 0.60512894 0.959741 0.58828926 0.5964403 0.6442242 0.6465887 0.97426224 0.9727974 0.8858435 0.8835664 0.24860357 0.59533364 0.24916099 0.864643 0.85864925 0.8567664 0.59932536 0 0.23070954
0.62304366 0.6406915 0.6506254 0.9939465 0.60423315 0.38095567 0.38545617 0.37697777 0.38228634 0.6046809 0.97499573 0.6091733 0.9713354 0.59533364 0.6019983 0.6378772 0.64280915 0.97867405 0.9783054 0.87100434 0.8662283 0.24056728 0.5975486 0.24098085 0.8649598 0.85363877 0.85802114 0.6103006 0.23070954 0
