0 0.48948392 0.4983712 0.99357027 0.982 0.97499573 0.4923704 0.49934357 1.005704 0.99131685 0.98683035 0.97720057 0.99131685 0.98496884 0.98757625 0.4995382 0.5038329 1.01069 1.0122308 1.018426 1.0126165 0.9920673 1.0258498 0.99169195 1.0172604 0.50168246 1.0262426 1.0034139 0.5071684 0.5113093
0.48948392 0 0.50540066 1.0003713 0.99281836 0.9962078 0.17552699 0.1788198 1.0270288 1.0095364 1.0064689 1.0080011 1.0137748 0.99885464 1.0015109 0.5052045 0.5055969 1.0122308 1.0122308 1.0345387 1.0329514 1.0041765 1.0413225 1.0034139 1.032159 0.49662408 1.0441338 1.0188149 0.5063822 0.4927561
0.4983712 0.50540066 0 0.97867405 0.98757625 0.96479154 0.51249665 0.5194605 1.005704 0.9958304 0.9775687 0.9658782 0.97720057 0.9768326 0.97426224 0.14179818 0.14179818 0.99961257 0.9950763 1.0034139 1.0022715 0.96190137 1.0083846 0.96190137 1.0110749 0.51388425 1.0305767 0.99885464 0.5283078 0.5266914
0.99357027 1.0003713 0.97867405 0 0.13674116 0.13794214 1.0176488 1.0172604 0.71367943 0.7110941 0.26550886 0.4293485 0.26053867 0.2638011 0.26664954 0.9698763 0.97316337 0.72332335 0.723061 0.7173139 0.71367943 0.8105793 0.718095 0.8099901 0.72779626 1.0080011 0.7432607 0.7193987 1.0199828 1.0083846
0.982 0.99281836 0.98757625 0.13674116 0 0.10020569 1.0099207 1.0099207 0.7165336 0.7170537 0.26822084 0.43005788 0.26394325 0.2643699 0.26722056 0.9764649 0.9808897 0.7191378 0.72044325 0.72018194 0.7175742 0.8111689 0.71549445 0.8105793 0.7301751 0.9980974 0.7437997 0.7296458 1.0037951 0.9950763
0.97499573 0.9962078 0.96479154 0.13794214 0.10020569 0 1.0060863 1.0015109 0.7186162 0.71887696 0.2657939 0.43272406 0.26195538 0.26309067 0.26408544 0.9615409 0.9644296 0.7196597 0.7209661 0.70954716 0.70748955 0.80646485 0.71006244 0.80617183 0.72858834 0.99847597 0.73815954 0.7227989 1.0034139 0.9894442
0.4923704 0.17552699 0.51249665 1.0176488 1.0099207 1.0060863 0 0.07702305 1.033348 1.019204 1.025065 0.99999183 1.0203725 1.015322 1.0211525 0.515871 0.5156721 1.0172604 1.0172604 1.0493827 1.0453417 1.0037951 1.0530384 1.0037951 1.0401208 0.49507448 1.0604033 1.032159 0.50540066 0.49662408
0.49934357 0.1788198 0.5194605 1.0172604 1.0099207 1.0015109 0.07702305 0 1.0317632 1.0219333 1.0262426 1.0103053 1.0231062 1.0172604 1.0234975 0.5240722 0.5250785 1.0180373 1.0176488 1.0429276 1.0357314 1.01146 1.0546688 1.0087683 1.0433295 0.497012 1.0620499 1.0234975 0.5079554 0.5003172
1.005704 1.0270288 1.005704 0.71367943 0.7165336 0.7186162 1.033348 1.0317632 0 0.07216294 0.7259512 0.72700495 0.72122765 0.7262145 0.7341567 1.0053219 1.0064689 0.34083396 0.33894598 0.59092313 0.5874133 0.7876524 0.58763224 0.78879654 0.591363 0.9872032 0.5997702 0.22609913 1.0176488 1.0034139
0.99131685 1.0095364 0.9958304 0.7110941 0.7170537 0.71887696 1.019204 1.0219333 0.07216294 0 0.7259512 0.72148925 0.72463614 0.72463614 0.7301751 0.98907024 0.9894442 0.33894598 0.33753312 0.59180313 0.5887276 0.78793824 0.58588296 0.78736657 0.58960503 0.97720057 0.6013292 0.22596397 1.0133885 0.99545324
0.98683035 1.0064689 0.9775687 0.26550886 0.26822084 0.2657939 1.025065 1.0262426 0.7259512 0.7259512 0 0.43880278 0.06996417 0.16249844 0.16660804 0.9783054 0.9783054 0.7346892 0.7341567 0.72991043 0.72991043 0.8120542 0.718095 0.811759 0.7275324 1.0015109 0.7565787 0.7262145 1.0215429 1.0080011
0.97720057 1.0080011 0.9658782 0.4293485 0.43005788 0.43272406 0.99999183 1.0103053 0.72700495 0.72148925 0.43880278 0 0.43432835 0.4242254 0.43254602 0.9709704 0.97024083 0.7301751 0.7293813 0.7220128 0.7165336 0.8099901 0.72122765 0.80910724 0.718095 0.99961257 0.73709005 0.7227989 1.0180373 1.0195932
0.99131685 1.0137748 0.97720057 0.26053867 0.26394325 0.26195538 1.0203725 1.0231062 0.72122765 0.72463614 0.06996417 0.43432835 0 0.1591527 0.1646127 0.9827411 0.98237044 0.7320306 0.7328271 0.7267414 0.72489893 0.814124 0.71549445 0.81353205 0.72700495 1.0072346 0.75822586 0.72832423 1.0227151 1.0130024
0.98496884 0.99885464 0.9768326 0.2638011 0.2643699 0.26309067 1.015322 1.0172604 0.7262145 0.72463614 0.16249844 0.4242254 0.1591527 0 0.07106275 0.9838541 0.98237044 0.73735726 0.73842716 0.7254249 0.72463614 0.8105793 0.7170537 0.8099901 0.72991043 1.0011308 0.750842 0.73149997 1.0022715 0.9931942
0.98757625 1.0015109 0.97426224 0.26664954 0.26722056 0.26408544 1.0211525 1.0234975 0.7341567 0.7301751 0.16660804 0.43254602 0.1646127 0.07106275 0 0.97941184 0.9783054 0.73575526 0.7346892 0.7341567 0.7338906 0.8212641 0.7235857 0.8203678 0.74110866 0.99281836 0.7607034 0.7365559 1.001891 0.99131685
0.4995382 0.5052045 0.14179818 0.9698763 0.9764649 0.9615409 0.515871 0.5240722 1.0053219 0.98907024 0.9783054 0.9709704 0.9827411 0.9838541 0.97941184 0 0.01955267 1.0034139 1.0034139 1.0188149 1.0172604 0.9698763 1.0118452 0.9698763 1.0103053 0.5172649 1.0401208 0.99999183 0.5352165 0.5321607
0.5038329 0.5055969 0.14179818 0.97316337 0.9808897 0.9644296 0.5156721 0.5250785 1.0064689 0.9894442 0.9783054 0.97024083 0.98237044 0.98237044 0.9783054 0.01955267 0 1.005704 1.0049399 1.0180373 1.0168724 0.9746289 1.0122308 0.9753628 1.01069 0.51607 1.0413225 0.99999183 0.53664684 0.53134793
1.01069 1.0122308 0.99961257 0.72332335 0.7191378 0.7196597 1.0172604 1.0180373 0.34083396 0.33894598 0.7346892 0.7301751 0.7320306 0.73735726 0.73575526 1.0034139 1.005704 0 0.017195629 0.5946704 0.5907033 0.7980132 0.5977705 0.7994636 0.593787 0.98496884 0.5979924 0.33706275 1.0137748 1.0091523
1.0122308 1.0122308 0.9950763 0.723061 0.72044325 0.7209661 1.0172604 1.0176488 0.33894598 0.33753312 0.7341567 0.7293813 0.7328271 0.73842716 0.7346892 1.0034139 1.0049399 0.017195629 0 0.59444946 0.5902638 0.79598737 0.59888077 0.79743385 0.59246385 0.9894442 0.5968834 0.3348716 1.0172604 1.0080011
1.018426 1.0345387 1.0034139 0.7173139 0.72018194 0.70954716 1.0493827 1.0429276 0.59092313 0.59180313 0.72991043 0.7220128 0.7267414 0.7254249 0.7341567 1.0188149 1.0180373 0.5946704 0.59444946 0 0.012401977 0.8088132 0.28998253 0.8079317 0.26408544 1.01069 0.25997275 0.5926842 1.0405211 1.0461482
1.0126165 1.0329514 1.0022715 0.71367943 0.7175742 0.70748955 1.0453417 1.0357314 0.5874133 0.5887276 0.72991043 0.7165336 0.72489893 0.72463614 0.7338906 1.0172604 1.0168724 0.5907033 0.5902638 0.012401977 0 0.8088132 0.28631145 0.8079317 0.26053867 1.0072346 0.25644532 0.5907033 1.0361294 1.0413225
0.9920673 1.0041765 0.96190137 0.8105793 0.8111689 0.80646485 1.0037951 1.01146 0.7876524 0.78793824 0.8120542 0.8099901 0.814124 0.8105793 0.8212641 0.9698763 0.9746289 0.7980132 0.79598737 0.8088132 0.8088132 0 0.8099901 0.0031064244 0.80529344 0.98757625 0.8164965 0.790803 1.0041765 1.0037951
1.0258498 1.0413225 1.0083846 0.718095 0.71549445 0.71006244 1.0530384 1.0546688 0.58763224 0.58588296 0.718095 0.72122765 0.71549445 0.7170537 0.7235857 1.0118452 1.0122308 0.5977705 0.59888077 0.28998253 0.28631145 0.8099901 0 0.8096957 0.28470182 1.0270288 0.30140367 0.591363 1.0357314 1.0413225
0.99169195 1.0034139 0.96190137 0.8099901 0.8105793 0.80617183 1.0037951 1.0087683 0.78879654 0.78736657 0.811759 0.80910724 0.81353205 0.8099901 0.8203678 0.9698763 0.9753628 0.7994636 0.79743385 0.8079317 0.8079317 0.0031064244 0.8096957 0 0.8047084 0.98869646 0.8156059 0.78994244 1.0034139 1.001891
1.0172604 1.032159 1.0110749 0.72779626 0.7301751 0.72858834 1.0401208 1.0433295 0.591363 0.58960503 0.7275324 0.718095 0.72700495 0.72991043 0.74110866 1.0103053 1.01069 0.593787 0.59246385 0.26408544 0.26053867 0.80529344 0.28470182 0.8047084 0 1.0211525 0.2702254 0.59400773 1.030972 1.030972
0.50168246 0.49662408 0.51388425 1.0080011 0.9980974 0.99847597 0.49507448 0.497012 0.9872032 0.97720057 1.0015109 0.99961257 1.0072346 1.0011308 0.99281836 0.5172649 0.51607 0.98496884 0.9894442 1.01069 1.0072346 0.98757625 1.0270288 0.98869646 1.0211525 0 1.032159 0.99357027 0.27079913 0.2649392
1.0262426 1.0441338 1.0305767 0.7432607 0.7437997 0.73815954 1.0604033 1.0620499 0.5997702 0.6013292 0.7565787 0.73709005 0.75822586 0.750842 0.7607034 1.0401208 1.0413225 0.5979924 0.5968834 0.25997275 0.25644532 0.8164965 0.30140367 0.8156059 0.2702254 1.032159 0 0.59932536 1.0575305 1.0530384
1.0034139 1.0188149 0.99885464 0.7193987 0.7296458 0.7227989 1.032159 1.0234975 0.22609913 0.22596397 0.7262145 0.7227989 0.72832423 0.73149997 0.7365559 0.99999183 0.99999183 0.33706275 0.3348716 0.5926842 0.5907033 0.790803 0.591363 0.78994244 0.59400773 0.99357027 0.59932536 0 1.0278157 1.0083846
0.5071684 0.5063822 0.5283078 1.0199828 1.0037951 1.0034139 0.50540066 0.5079554 1.0176488 1.0133885 1.0215429 1.0180373 1.0227151 1.0022715 1.001891 0.5352165 0.53664684 1.0137748 1.0172604 1.0405211 1.0361294 1.0041765 1.0357314 1.0034139 1.030972 0.27079913 1.0575305 1.0278157 0 0.22004041
0.5113093 0.4927561 0.5266914 1.0083846 0.9950763 0.9894442 0.49662408 0.5003172 1.0034139 0.99545324 1.0080011 1.0195932 1.0130024 0.9931942 0.99131685 0.5321607 0.53134793 1.0091523 1.0080011 1.0461482 1.0413225 1.0037951 1.0413225 1.001891 1.030972 0.2649392 1.0530384 1.0083846 0.22004041 0
