0 0.50775856 0.354345 0.49740008 0.50168246 0.50363714 0.49778837 0.3551474 0.3551474 0.354345 0.99961257 0.35578993 0.98683035 0.6611755 0.6539662 0.36273217 0.36159766 0.3609501 0.35852686 0.4946876 0.4983712 0.4979826 1.0122308 0.49817687 0.65540254 0.36451846 0.3635436 0.50265914 0.4983712 0.5022683
0.50775856 0 0.5107164 0.22596397 0.22664008 0.28660446 0.28411737 0.51447976 0.5055969 0.5107164 0.99885464 0.5107164 0.99357027 0.6662635 0.66480625 0.50933456 0.51170486 0.5246758 0.51926064 0.41913706 0.4236974 0.22758764 1.0064689 0.2284008 0.6640787 0.5198604 0.5202605 0.2265048 0.22111394 0.11021581
0.354345 0.5107164 0 0.493142 0.50168246 0.49914902 0.49546158 0.10628789 0.1369812 0.13710125 0.99545324 0.3462092 0.982 0.6604514 0.662142 0.14749794 0.14859433 0.11056338 0.107325636 0.48488855 0.4869913 0.49662408 0.9943229 0.4958489 0.66335183 0.1500587 0.14993657 0.4983712 0.4975942 0.50579315
0.49740008 0.22596397 0.493142 0 0.096216016 0.27858767 0.27786312 0.49914902 0.49294904 0.49449423 0.99734104 0.49449423 0.9924427 0.6532491 0.6484856 0.50090206 0.5022683 0.50579315 0.50090206 0.41390935 0.41843793 0.11288465 1.0049399 0.113582425 0.6501494 0.5044204 0.5075618 0.1258999 0.11160706 0.22623433
0.50168246 0.22664008 0.50168246 0.096216016 0 0.28338745 0.2807656 0.50736505 0.50148726 0.50363714 1.0060863 0.4995382 0.99734104 0.66093403 0.65852404 0.50815225 0.50992644 0.5142812 0.5103213 0.4102715 0.4147781 0.11743188 1.0037951 0.11801686 0.6568416 0.51229864 0.5140827 0.12945665 0.11591307 0.22542353
0.50363714 0.28660446 0.49914902 0.27858767 0.28338745 0 0.07857607 0.50168246 0.49294904 0.4943009 0.99281836 0.50363714 0.9901927 0.6631097 0.6604514 0.50265914 0.5040287 0.51170486 0.50736505 0.4102715 0.41252142 0.27974844 0.99545324 0.27974844 0.6575622 0.50953186 0.50874317 0.2803295 0.2784427 0.28514048
0.49778837 0.28411737 0.49546158 0.27786312 0.2807656 0.07857607 0 0.50090206 0.49082956 0.493142 0.9920673 0.49449423 0.9872032 0.66553456 0.6623838 0.50090206 0.5024637 0.5105188 0.5065787 0.40665123 0.41044435 0.27800795 0.99885464 0.2784427 0.6616586 0.5032458 0.5050084 0.27916783 0.2784427 0.28134742
0.3551474 0.51447976 0.10628789 0.49914902 0.50736505 0.50168246 0.50090206 0 0.14059103 0.13902465 0.99999183 0.34795654 0.98645765 0.6578025 0.6573219 0.15091425 0.15152594 0.06853842 0.06580418 0.49025255 0.49410763 0.5050084 0.9969631 0.5050084 0.6570817 0.15213813 0.15336403 0.50363714 0.5050084 0.50874317
0.3551474 0.5055969 0.1369812 0.49294904 0.50148726 0.49294904 0.49082956 0.14059103 0 0.05593491 1.0037951 0.34351677 0.9860852 0.66383636 0.66359407 0.14761968 0.14847244 0.14324932 0.1408323 0.4856525 0.4881407 0.4956552 0.990942 0.49488103 0.661417 0.15373218 0.15262826 0.4960426 0.497012 0.502073
0.354345 0.5107164 0.13710125 0.49449423 0.50363714 0.4943009 0.493142 0.13902465 0.05593491 0 0.9980974 0.3411491 0.9808897 0.6699191 0.6694307 0.1467679 0.14859433 0.14203984 0.13890429 0.48737422 0.48852423 0.496818 0.98496884 0.496818 0.6611755 0.15128121 0.15030305 0.49740008 0.497206 0.5065787
0.99961257 0.99885464 0.99545324 0.99734104 1.0060863 0.99281836 0.9920673 0.99999183 1.0037951 0.9980974 0 0.97978103 0.03794384 1.0015109 0.9950763 1.002652 1.005704 1.0126165 1.0087683 0.9845971 0.9808897 1.0034139 0.24222292 1.0015109 0.9958304 0.98757625 0.9980974 1.002652 1.005704 1.001891
0.35578993 0.5107164 0.3462092 0.49449423 0.4995382 0.50363714 0.49449423 0.34795654 0.34351677 0.3411491 0.97978103 0 0.9691478 0.6723661 0.6682109 0.34891135 0.3484338 0.35210282 0.3508246 0.4919849 0.4956552 0.49778837 0.99734104 0.49973288 0.6542054 0.3524227 0.35066497 0.49333504 0.49294904 0.50363714
0.98683035 0.99357027 0.982 0.9924427 0.99734104 0.9901927 0.9872032 0.98645765 0.9860852 0.9808897 0.03794384 0.9691478 0 0.98125964 0.97243166 0.98757625 0.9901927 1.0003713 0.9969631 0.97720057 0.97316337 0.99923354 0.23891531 0.99734104 0.98237044 0.97024083 0.98496884 0.9958304 1.000751 0.9950763
0.6611755 0.6662635 0.6604514 0.6532491 0.66093403 0.6631097 0.66553456 0.6578025 0.66383636 0.6699191 1.0015109 0.6723661 0.98125964 0 0.041317474 0.6599691 0.66335183 0.66504896 0.66577744 0.6439882 0.64163196 0.6623838 0.9939465 0.66286767 0.15373218 0.671876 0.6669932 0.65852404 0.6619002 0.6652917
0.6539662 0.66480625 0.662142 0.6484856 0.65852404 0.6604514 0.6623838 0.6573219 0.66359407 0.6694307 0.9950763 0.6682109 0.97243166 0.041317474 0 0.6619002 0.6640787 0.6631097 0.66553456 0.63998693 0.6376432 0.6582834 0.9845971 0.6590054 0.15287343 0.67089695 0.6667499 0.65516293 0.66093403 0.6643211
0.36273217 0.50933456 0.14749794 0.50090206 0.50815225 0.50265914 0.50090206 0.15091425 0.14761968 0.1467679 1.002652 0.34891135 0.98757625 0.6599691 0.6619002 0 0.033329733 0.15446904 0.15177076 0.49063718 0.4935281 0.5067752 1.0076177 0.5069718 0.6616586 0.15115887 0.14932616 0.5061858 0.50344145 0.5052045
0.36159766 0.51170486 0.14859433 0.5022683 0.50992644 0.5040287 0.5024637 0.15152594 0.14847244 0.14859433 1.005704 0.3484338 0.9901927 0.66335183 0.6640787 0.033329733 0 0.1555757 0.1525057 0.48871607 0.4915996 0.50815225 1.0099207 0.50775856 0.6616586 0.15226063 0.15018086 0.5061858 0.5040287 0.5083492
0.3609501 0.5246758 0.11056338 0.50579315 0.5142812 0.51170486 0.5105188 0.06853842 0.14324932 0.14203984 1.0126165 0.35210282 1.0003713 0.66504896 0.6631097 0.15446904 0.1555757 0 0.025840072 0.4975942 0.5010971 0.5113093 1.0080011 0.51091397 0.66650665 0.15373218 0.1576705 0.5075618 0.51190275 0.51886106
0.35852686 0.51926064 0.107325636 0.50090206 0.5103213 0.50736505 0.5065787 0.06580418 0.1408323 0.13890429 1.0087683 0.3508246 0.9969631 0.66577744 0.66553456 0.15177076 0.1525057 0.025840072 0 0.493142 0.497206 0.50598943 1.0022715 0.5055969 0.6669932 0.1518932 0.15483774 0.5032458 0.50598943 0.513091
0.4946876 0.41913706 0.48488855 0.41390935 0.4102715 0.4102715 0.40665123 0.49025255 0.4856525 0.48737422 0.9845971 0.4919849 0.97720057 0.6439882 0.63998693 0.49063718 0.48871607 0.4975942 0.493142 0 0.022123104 0.41756493 0.9768326 0.4170416 0.6395176 0.49623638 0.49643022 0.40975326 0.4106172 0.41547385
0.4983712 0.4236974 0.4869913 0.41843793 0.4147781 0.41252142 0.41044435 0.49410763 0.4881407 0.48852423 0.9808897 0.4956552 0.97316337 0.64163196 0.6376432 0.4935281 0.4915996 0.5010971 0.497206 0.022123104 0 0.42194015 0.97426224 0.4215892 0.6376432 0.4983712 0.49876 0.41321507 0.41495198 0.42088777
0.4979826 0.22758764 0.49662408 0.11288465 0.11743188 0.27974844 0.27800795 0.5050084 0.4956552 0.496818 1.0034139 0.49778837 0.99923354 0.6623838 0.6582834 0.5067752 0.50815225 0.5113093 0.50598943 0.41756493 0.42194015 0 1.0141612 0.006931936 0.6568416 0.5115071 0.5140827 0.13040799 0.1126522 0.22609913
1.0122308 1.0064689 0.9943229 1.0049399 1.0037951 0.99545324 0.99885464 0.9969631 0.990942 0.98496884 0.24222292 0.99734104 0.23891531 0.9939465 0.9845971 1.0076177 1.0099207 1.0080011 1.0022715 0.9768326 0.97426224 1.0141612 0 1.0141612 0.9827411 1.0034139 1.0133885 1.0034139 1.0087683 1.0053219
0.49817687 0.2284008 0.4958489 0.113582425 0.11801686 0.27974844 0.2784427 0.5050084 0.49488103 0.496818 1.0015109 0.49973288 0.99734104 0.66286767 0.6590054 0.5069718 0.50775856 0.51091397 0.5055969 0.4170416 0.4215892 0.006931936 1.0141612 0 0.6578025 0.5113093 0.51249665 0.13159883 0.11393157 0.22691068
0.65540254 0.6640787 0.66335183 0.6501494 0.6568416 0.6575622 0.6616586 0.6570817 0.661417 0.6611755 0.9958304 0.6542054 0.98237044 0.15373218 0.15287343 0.6616586 0.6616586 0.66650665 0.6669932 0.6395176 0.6376432 0.6568416 0.9827411 0.6578025 0 0.6623838 0.6623838 0.65253264 0.6582834 0.6662635
0.36451846 0.5198604 0.1500587 0.5044204 0.51229864 0.50953186 0.5032458 0.15213813 0.15373218 0.15128121 0.98757625 0.3524227 0.97024083 0.671876 0.67089695 0.15115887 0.15226063 0.15373218 0.1518932 0.49623638 0.4983712 0.5115071 1.0034139 0.5113093 0.6623838 0 0.15582183 0.50775856 0.50953186 0.5146783
0.3635436 0.5202605 0.14993657 0.5075618 0.5140827 0.50874317 0.5050084 0.15336403 0.15262826 0.15030305 0.9980974 0.35066497 0.98496884 0.6669932 0.6667499 0.14932616 0.15018086 0.1576705 0.15483774 0.49643022 0.49876 0.5140827 1.0133885 0.51249665 0.6623838 0.15582183 0 0.51170486 0.51289284 0.5126947
0.50265914 0.2265048 0.4983712 0.1258999 0.12945665 0.2803295 0.27916783 0.50363714 0.4960426 0.49740008 1.002652 0.49333504 0.9958304 0.65852404 0.65516293 0.5061858 0.5061858 0.5075618 0.5032458 0.40975326 0.41321507 0.13040799 1.0034139 0.13159883 0.65253264 0.50775856 0.51170486 0 0.12684672 0.22353503
0.4983712 0.22111394 0.4975942 0.11160706 0.11591307 0.2784427 0.2784427 0.5050084 0.497012 0.497206 1.005704 0.49294904 1.000751 0.6619002 0.66093403 0.50344145 0.5040287 0.51190275 0.50598943 0.4106172 0.41495198 0.1126522 1.0087683 0.11393157 0.6582834 0.50953186 0.51289284 0.12684672 0 0.22272713
0.5022683 0.11021581 0.50579315 0.22623433 0.22542353 0.28514048 0.28134742 0.50874317 0.502073 0.5065787 1.001891 0.50363714 0.9950763 0.6652917 0.6643211 0.5052045 0.5083492 0.51886106 0.513091 0.41547385 0.42088777 0.22609913 1.0053219 0.22691068 0.6662635 0.5146783 0.5126947 0.22353503 0.22272713 0
