0 0.9669665 0.96298385 0.9604604 0.9666036 0.6563616 0.6520554 0.97024083 0.9706055 0.96226203 0.9662408 0.6699191 0.97170067 0.64516914 0.64587855 0.9472615 0.9615409 0.97243166 0.9764649 0.9808897 0.9894442 0.64991146 1.0041765 0.65038735 0.94373375 0.5196604 0.51170486 0.98237044 0.9568702 0.9845971
0.9669665 0 0.086277604 0.4731459 0.47427428 0.9572284 0.9572284 0.472958 0.47258234 0.36159766 0.36208364 0.98348296 0.47089422 0.95258445 0.94867724 0.100548655 0.09963443 0.4746508 0.47672495 1.0172604 1.0227151 0.96190137 1.0137748 0.9575869 0.23589608 0.9540103 0.9572284 0.366472 0.36451846 1.0199828
0.96298385 0.086277604 0 0.4656664 0.46659726 0.95258445 0.95294064 0.4718316 0.47427428 0.3609501 0.36127383 0.97352946 0.46715635 0.9493862 0.94373375 0.099406056 0.09792328 0.4740861 0.47502747 1.0164845 1.0227151 0.95615417 1.0103053 0.9522284 0.23166226 0.95866317 0.9593815 0.36582026 0.36111194 1.0141612
0.9604604 0.4731459 0.4656664 0 0.06700602 0.9493862 0.94549555 0.27713925 0.27974844 0.46808907 0.4660386 0.9808897 0.2741066 0.9402225 0.9370764 0.46417943 0.46325153 0.27670524 0.27627152 1.000751 1.0034139 0.94620144 1.025065 0.94549555 0.46380812 0.9583042 0.9637064 0.4740861 0.4652944 1.0045581
0.9666036 0.47427428 0.46659726 0.06700602 0 0.9540103 0.94867724 0.27728397 0.2784427 0.47089422 0.471269 0.98869646 0.27815285 0.94549555 0.9402225 0.4660386 0.46510842 0.28105646 0.27916783 1.0122308 1.0149349 0.953297 1.0301816 0.95080596 0.46771583 0.9698763 0.9768326 0.47502747 0.47333384 1.0126165
0.6563616 0.9572284 0.95258445 0.9493862 0.9540103 0 0.0688672 0.9593815 0.9590223 0.9680563 0.9727974 0.4740861 0.946908 0.19875582 0.19914696 0.93812364 0.94162506 0.9536536 0.9493862 0.9801504 0.98645765 0.20241436 0.99056727 0.20019098 0.946908 0.63414127 0.6297288 0.96479154 0.9554389 0.98348296
0.6520554 0.9572284 0.95294064 0.94549555 0.94867724 0.0688672 0 0.9540103 0.95472425 0.9651536 0.9687838 0.4731459 0.94903165 0.19719331 0.19849518 0.93987226 0.94232726 0.95508146 0.95151687 0.9853408 0.9943229 0.2033318 0.99658537 0.20071353 0.9476152 0.6378772 0.63019204 0.9626228 0.9615409 0.98645765
0.97024083 0.472958 0.4718316 0.27713925 0.27728397 0.9593815 0.9540103 0 0.061992925 0.46902296 0.4723946 0.97978103 0.206881 0.9543672 0.95294064 0.46678358 0.46362254 0.21124187 0.21163957 0.99734104 1.0011308 0.9608204 1.0034139 0.9554389 0.47089422 0.9590223 0.9666036 0.46958384 0.47277015 1.0045581
0.9706055 0.47258234 0.47427428 0.27974844 0.2784427 0.9590223 0.95472425 0.061992925 0 0.4740861 0.47994182 0.9801504 0.2085959 0.9511613 0.94867724 0.4662248 0.46362254 0.21124187 0.2124356 1.0003713 1.0045581 0.9572284 1.002652 0.95080596 0.46958384 0.95794547 0.9680563 0.47540435 0.4771027 1.01146
0.96226203 0.36159766 0.3609501 0.46808907 0.47089422 0.9680563 0.9651536 0.46902296 0.4740861 0 0.058633335 0.97024083 0.46380812 0.9583042 0.9458484 0.35901088 0.3601415 0.46846247 0.46902296 0.9946995 0.9969631 0.9611805 1.0037951 0.9604604 0.35002682 0.96406794 0.9568702 0.28777772 0.29116106 0.99131685
0.9662408 0.36208364 0.36127383 0.4660386 0.471269 0.9727974 0.9687838 0.4723946 0.47994182 0.058633335 0 0.97426224 0.47014514 0.9604604 0.9500957 0.3601415 0.35868815 0.47427428 0.4731459 0.99281836 0.99658537 0.9666036 1.001891 0.96406794 0.3493892 0.96298385 0.96010065 0.28939393 0.2954489 0.9901927
0.6699191 0.98348296 0.97352946 0.9808897 0.98869646 0.4740861 0.4731459 0.97978103 0.9801504 0.97024083 0.97426224 0 0.97024083 0.46939683 0.4662248 0.9662408 0.9746289 0.9658782 0.96841997 0.9669665 0.9753628 0.4746508 0.990942 0.471269 0.9590223 0.6575622 0.6575622 0.98757625 0.9768326 0.9775687
0.97170067 0.47089422 0.46715635 0.2741066 0.27815285 0.946908 0.94903165 0.206881 0.2085959 0.46380812 0.47014514 0.97024083 0 0.9430302 0.9388226 0.46380812 0.46585247 0.055396385 0.055827174 1.0072346 1.0099207 0.9522284 1.0015109 0.9497408 0.45936695 0.9626228 0.959741 0.47108158 0.46696994 1.0049399
0.64516914 0.95258445 0.9493862 0.9402225 0.94549555 0.19875582 0.19719331 0.9543672 0.9511613 0.9583042 0.9604604 0.46939683 0.9430302 0 0.052924152 0.93672764 0.9395222 0.9430302 0.9472615 0.9872032 0.99281836 0.057660785 0.98757625 0.055827174 0.93812364 0.6369415 0.6369415 0.95294064 0.953297 0.9939465
0.64587855 0.94867724 0.94373375 0.9370764 0.9402225 0.19914696 0.19849518 0.95294064 0.94867724 0.9458484 0.9500957 0.4662248 0.9388226 0.052924152 0 0.929441 0.932902 0.94127417 0.94092345 0.9831119 0.98907024 0.04757768 0.9827411 0.046512943 0.9304776 0.63297755 0.6311194 0.9430302 0.9465546 0.9920673
0.9472615 0.100548655 0.099406056 0.46417943 0.4660386 0.93812364 0.93987226 0.46678358 0.4662248 0.35901088 0.3601415 0.9662408 0.46380812 0.93672764 0.929441 0 0.041951723 0.469958 0.47108158 1.0015109 1.0072346 0.94514287 1.000751 0.9374253 0.22691068 0.9405729 0.94479036 0.3617596 0.36224574 1.0011308
0.9615409 0.09963443 0.09792328 0.46325153 0.46510842 0.94162506 0.94232726 0.46362254 0.46362254 0.3601415 0.35868815 0.9746289 0.46585247 0.9395222 0.932902 0.041951723 0 0.471644 0.472958 1.0037951 1.0087683 0.9479691 0.9977191 0.9402225 0.22758764 0.9540103 0.9522284 0.3619216 0.36078832 1.0045581
0.97243166 0.4746508 0.4740861 0.27670524 0.28105646 0.9536536 0.95508146 0.21124187 0.21124187 0.46846247 0.47427428 0.9658782 0.055396385 0.9430302 0.94127417 0.469958 0.471644 0 0.03510909 1.0060863 1.0103053 0.9565121 1.0041765 0.953297 0.46510842 0.96298385 0.9615409 0.47352183 0.47370988 1.0099207
0.9764649 0.47672495 0.47502747 0.27627152 0.27916783 0.9493862 0.95151687 0.21163957 0.2124356 0.46902296 0.4731459 0.96841997 0.055827174 0.9472615 0.94092345 0.47108158 0.472958 0.03510909 0 1.0037951 1.0076177 0.95615417 0.9980974 0.9522284 0.4660386 0.96298385 0.9655158 0.4718316 0.47108158 1.0045581
0.9808897 1.0172604 1.0164845 1.000751 1.0122308 0.9801504 0.9853408 0.99734104 1.0003713 0.9946995 0.99281836 0.9669665 1.0072346 0.9872032 0.9831119 1.0015109 1.0037951 1.0060863 1.0037951 0 0.02656496 0.9898184 0.46121424 0.99131685 0.98645765 0.9808897 0.9924427 0.9969631 1.0034139 0.14203984
0.9894442 1.0227151 1.0227151 1.0034139 1.0149349 0.98645765 0.9943229 1.0011308 1.0045581 0.9969631 0.99658537 0.9753628 1.0099207 0.99281836 0.98907024 1.0072346 1.0087683 1.0103053 1.0076177 0.02656496 0 0.9924427 0.46417943 0.99545324 0.9901927 0.9898184 0.9980974 1.0072346 1.0053219 0.14203984
0.64991146 0.96190137 0.95615417 0.94620144 0.953297 0.20241436 0.2033318 0.9608204 0.9572284 0.9611805 0.9666036 0.4746508 0.9522284 0.057660785 0.04757768 0.94514287 0.9479691 0.9565121 0.95615417 0.9898184 0.9924427 0 0.9946995 0.020991027 0.94092345 0.6390486 0.6357735 0.9522284 0.953297 0.99999183
1.0041765 1.0137748 1.0103053 1.025065 1.0301816 0.99056727 0.99658537 1.0034139 1.002652 1.0037951 1.001891 0.990942 1.0015109 0.98757625 0.9827411 1.000751 0.9977191 1.0041765 0.9980974 0.46121424 0.46417943 0.9946995 0 0.99169195 0.990942 0.9808897 0.97573 0.99961257 1.0203725 0.47051957
0.65038735 0.9575869 0.9522284 0.94549555 0.95080596 0.20019098 0.20071353 0.9554389 0.95080596 0.9604604 0.96406794 0.471269 0.9497408 0.055827174 0.046512943 0.9374253 0.9402225 0.953297 0.9522284 0.99131685 0.99545324 0.020991027 0.99169195 0 0.93812364 0.63554007 0.6353068 0.9493862 0.95151687 1.0049399
0.94373375 0.23589608 0.23166226 0.46380812 0.46771583 0.946908 0.9476152 0.47089422 0.46958384 0.35002682 0.3493892 0.9590223 0.45936695 0.93812364 0.9304776 0.22691068 0.22758764 0.46510842 0.4660386 0.98645765 0.9901927 0.94092345 0.990942 0.93812364 0 0.9575869 0.9536536 0.35482633 0.35578993 0.9857129
0.5196604 0.9540103 0.95866317 0.9583042 0.9698763 0.63414127 0.6378772 0.9590223 0.95794547 0.96406794 0.96298385 0.6575622 0.9626228 0.6369415 0.63297755 0.9405729 0.9540103 0.96298385 0.96298385 0.9808897 0.9898184 0.6390486 0.9808897 0.63554007 0.9575869 0 0.21203749 0.99056727 0.9779369 0.9713354
0.51170486 0.9572284 0.9593815 0.9637064 0.9768326 0.6297288 0.63019204 0.9666036 0.9680563 0.9568702 0.96010065 0.6575622 0.959741 0.6369415 0.6311194 0.94479036 0.9522284 0.9615409 0.9655158 0.9924427 0.9980974 0.6357735 0.97573 0.6353068 0.9536536 0.21203749 0 0.9962078 0.9853408 0.982
0.98237044 0.366472 0.36582026 0.4740861 0.47502747 0.96479154 0.9626228 0.46958384 0.47540435 0.28777772 0.28939393 0.98757625 0.47108158 0.95294064 0.9430302 0.3617596 0.3619216 0.47352183 0.4718316 0.9969631 1.0072346 0.9522284 0.99961257 0.9493862 0.35482633 0.99056727 0.9962078 0 0.20622247 0.9958304
0.9568702 0.36451846 0.36111194 0.4652944 0.47333384 0.9554389 0.9615409 0.47277015 0.4771027 0.29116106 0.2954489 0.9768326 0.46696994 0.953297 0.9465546 0.36224574 0.36078832 0.47370988 0.47108158 1.0034139 1.0053219 0.953297 1.0203725 0.95151687 0.35578993 0.9779369 0.9853408 0.20622247 0 0.99923354
0.9845971 1.0199828 1.0141612 1.0045581 1.0126165 0.98348296 0.98645765 1.0045581 1.01146 0.99131685 0.9901927 0.9775687 1.0049399 0.9939465 0.9920673 1.0011308 1.0045581 1.0099207 1.0045581 0.14203984 0.14203984 0.99999183 0.47051957 1.0049399 0.9857129 0.9713354 0.982 0.9958304 0.99923354 0
