0 1.0037951 0.9924427 1.0015109 1.0389212 1.019204 1.0015109 0.9939465 0.9958304 0.97867405 1.0118452 0.9958304 1.002652 0.9838541 1.0122308 1.002652 1.0118452 1.0137748 1.0199828 1.0015109 0.99169195 0.9939465 1.002652 0.9943229 1.01146 1.0022715 1.0060863 1.0087683 1.015322 1.0053219
1.0037951 0 0.7341567 0.7427221 0.7701374 0.76042765 0.7448788 0.7376246 0.74622995 0.718095 0.1884001 0.7432607 0.1846812 0.18506506 0.1877576 0.74406934 0.7565787 0.26508155 0.26636422 0.4361149 0.43808508 0.7437997 0.74514884 0.7446089 0.43539977 0.43023533 0.26309067 0.44348466 0.45092753 0.7532952
0.9924427 0.7341567 0 0.17793186 0.7113522 0.7005865 0.6993151 0.6864684 0.6998234 0.6877182 0.74110866 0.7087749 0.7386949 0.7413773 0.73789203 0.6967787 0.7005865 0.74975425 0.7483968 0.74622995 0.74110866 0.7031358 0.695261 0.69956917 0.7325615 0.7408401 0.7448788 0.74406934 0.75603044 0.69753873
1.0015109 0.7427221 0.17793186 0 0.70646286 0.700841 0.6962725 0.680994 0.69753873 0.682483 0.74541897 0.71342045 0.7459595 0.7475835 0.74921095 0.6947558 0.6932422 0.7486681 0.7459595 0.7502979 0.74541897 0.6972853 0.69906104 0.6937464 0.7459595 0.7481256 0.7519313 0.756853 0.7676286 0.6929902
1.0389212 0.7701374 0.7113522 0.70646286 0 0.17869289 0.5559132 0.39082533 0.39895183 0.39032033 0.7673504 0.5763342 0.77041674 0.7695792 0.77321523 0.56541634 0.5703204 0.7607034 0.7593259 0.75138646 0.7519313 0.55948913 0.5767656 0.5630822 0.7535683 0.7607034 0.7763057 0.75822586 0.76985824 0.20215245
1.019204 0.76042765 0.7005865 0.700841 0.17869289 0 0.5502686 0.3816207 0.38378617 0.37797028 0.7631891 0.5692516 0.76485085 0.76374257 0.76457363 0.5561231 0.55948913 0.75603044 0.75520885 0.73602206 0.73735726 0.5529811 0.5607553 0.55381763 0.75138646 0.75384146 0.7737762 0.74622995 0.7623596 0.19330125
1.0015109 0.7448788 0.6993151 0.6962725 0.5559132 0.5502686 0 0.547981 0.5544457 0.5419835 0.7524766 0.483363 0.7427221 0.7563045 0.74975425 0.3614357 0.36111194 0.74704176 0.74622995 0.73923063 0.7448788 0.16423915 0.40253505 0.16237426 0.7362889 0.74514884 0.75520885 0.7446089 0.7408401 0.55110216
0.9939465 0.7376246 0.6864684 0.680994 0.39082533 0.3816207 0.547981 0 0.14822869 0.14179818 0.7459595 0.5607553 0.74406934 0.7478545 0.7429914 0.55131066 0.56054413 0.7320306 0.73709005 0.7376246 0.7338906 0.5473584 0.5519366 0.5436332 0.7320306 0.7413773 0.75603044 0.7330929 0.7432607 0.37830138
0.9958304 0.74622995 0.6998234 0.69753873 0.39895183 0.38378617 0.5544457 0.14822869 0 0.11989186 0.7522039 0.5713908 0.7511142 0.7527494 0.74677104 0.5641423 0.56818426 0.74030316 0.7397667 0.7437997 0.7413773 0.55906755 0.5597 0.5546552 0.73575526 0.7456892 0.7631891 0.7394986 0.7486681 0.38579065
0.97867405 0.718095 0.6877182 0.682483 0.39032033 0.37797028 0.5419835 0.14179818 0.11989186 0 0.7296458 0.5548647 0.7267414 0.7346892 0.7309697 0.54860425 0.55402696 0.7141975 0.7152349 0.72384816 0.71992075 0.54611456 0.54902 0.5430141 0.7165336 0.72700495 0.7408401 0.7193987 0.72832423 0.37879837
1.0118452 0.1884001 0.74110866 0.74541897 0.7673504 0.7631891 0.7524766 0.7459595 0.7522039 0.7296458 0 0.76042765 0.12767617 0.12578164 0.12969437 0.7527494 0.76042765 0.27079913 0.27065566 0.44042012 0.44078 0.7565787 0.7607034 0.7554826 0.44240162 0.43254602 0.26850688 0.4463804 0.4503804 0.75384146
0.9958304 0.7432607 0.7087749 0.71342045 0.5763342 0.5692516 0.483363 0.5607553 0.5713908 0.5548647 0.76042765 0 0.7563045 0.75712734 0.7527494 0.48527044 0.48967603 0.7563045 0.7527494 0.7693002 0.7656831 0.491407 0.496818 0.48948392 0.74433905 0.7631891 0.7618071 0.75165886 0.750842 0.56096655
1.002652 0.1846812 0.7386949 0.7459595 0.77041674 0.76485085 0.7427221 0.74406934 0.7511142 0.7267414 0.12767617 0.7563045 0 0.12212453 0.12459997 0.7446089 0.74975425 0.26422766 0.26408544 0.4313009 0.43005788 0.7502979 0.7473126 0.7494826 0.4336149 0.42828566 0.26110503 0.44348466 0.44837776 0.75411475
0.9838541 0.18506506 0.7413773 0.7475835 0.7695792 0.76374257 0.7563045 0.7478545 0.7527494 0.7346892 0.12578164 0.75712734 0.12212453 0 0.11334976 0.7590508 0.76985824 0.26650688 0.26736337 0.43397155 0.43647274 0.7590508 0.7579511 0.7607034 0.43862328 0.43183428 0.266079 0.44511214 0.45056275 0.75822586
1.0122308 0.1877576 0.73789203 0.74921095 0.77321523 0.76457363 0.74975425 0.7429914 0.74677104 0.7309697 0.12969437 0.7527494 0.12459997 0.11334976 0 0.7475835 0.75767636 0.2675062 0.26965213 0.43414992 0.43754724 0.7563045 0.75138646 0.75411475 0.4297031 0.43059036 0.26650688 0.44096002 0.44601783 0.7587757
1.002652 0.74406934 0.6967787 0.6947558 0.56541634 0.5561231 0.3614357 0.55131066 0.5641423 0.54860425 0.7527494 0.48527044 0.7446089 0.7590508 0.7475835 0 0.06941549 0.75466156 0.74921095 0.7459595 0.74514884 0.36582026 0.4090628 0.36419335 0.73923063 0.7446089 0.7543881 0.74514884 0.7478545 0.5571734
1.0118452 0.7565787 0.7005865 0.6932422 0.5703204 0.55948913 0.36111194 0.56054413 0.56818426 0.55402696 0.76042765 0.48967603 0.74975425 0.76985824 0.75767636 0.06941549 0 0.7565787 0.7522039 0.74893945 0.7475835 0.36696118 0.41096306 0.3650064 0.7432607 0.7524766 0.7601521 0.74433905 0.75411475 0.56054413
1.0137748 0.26508155 0.74975425 0.7486681 0.7607034 0.75603044 0.74704176 0.7320306 0.74030316 0.7141975 0.27079913 0.7563045 0.26422766 0.26650688 0.2675062 0.75466156 0.7565787 0 0.061124492 0.43862328 0.43862328 0.7554826 0.7446089 0.756853 0.43325844 0.43683073 0.21669547 0.44983372 0.44837776 0.75165886
1.0199828 0.26636422 0.7483968 0.7459595 0.7593259 0.75520885 0.74622995 0.73709005 0.7397667 0.7152349 0.27065566 0.7527494 0.26408544 0.26736337 0.26965213 0.74921095 0.7522039 0.061124492 0 0.43880278 0.44024023 0.74975425 0.74650043 0.75002605 0.4362938 0.4389823 0.21496198 0.4507451 0.4503804 0.75302225
1.0015109 0.4361149 0.74622995 0.7502979 0.75138646 0.73602206 0.73923063 0.7376246 0.7437997 0.72384816 0.44042012 0.7693002 0.4313009 0.43397155 0.43414992 0.7459595 0.74893945 0.43862328 0.43880278 0 0.045768525 0.74704176 0.7437997 0.7478545 0.29086626 0.23193468 0.43808508 0.2788777 0.2806202 0.7368229
0.99169195 0.43808508 0.74110866 0.74541897 0.7519313 0.73735726 0.7448788 0.7338906 0.7413773 0.71992075 0.44078 0.7656831 0.43005788 0.43647274 0.43754724 0.74514884 0.7475835 0.43862328 0.44024023 0.045768525 0 0.7519313 0.7427221 0.75165886 0.293228 0.23275258 0.43736804 0.2807656 0.28018418 0.73842716
0.9939465 0.7437997 0.7031358 0.6972853 0.55948913 0.5529811 0.16423915 0.5473584 0.55906755 0.54611456 0.7565787 0.491407 0.7502979 0.7590508 0.7563045 0.36582026 0.36696118 0.7554826 0.74975425 0.74704176 0.7519313 0 0.40854537 0.02801684 0.742453 0.756853 0.7554826 0.7519313 0.74975425 0.556543
1.002652 0.74514884 0.695261 0.69906104 0.5767656 0.5607553 0.40253505 0.5519366 0.5597 0.54902 0.7607034 0.496818 0.7473126 0.7579511 0.75138646 0.4090628 0.41096306 0.7446089 0.74650043 0.7437997 0.7427221 0.40854537 0 0.40665123 0.7478545 0.7432607 0.75138646 0.74622995 0.7483968 0.5597
0.9943229 0.7446089 0.69956917 0.6937464 0.5630822 0.55381763 0.16237426 0.5436332 0.5546552 0.5430141 0.7554826 0.48948392 0.7494826 0.7607034 0.75411475 0.36419335 0.3650064 0.756853 0.75002605 0.7478545 0.75165886 0.02801684 0.40665123 0 0.7419149 0.75712734 0.7574018 0.7522039 0.7475835 0.5584356
1.01146 0.43539977 0.7325615 0.7459595 0.7535683 0.75138646 0.7362889 0.7320306 0.73575526 0.7165336 0.44240162 0.74433905 0.4336149 0.43862328 0.4297031 0.73923063 0.7432607 0.43325844 0.4362938 0.29086626 0.293228 0.742453 0.7478545 0.7419149 0 0.29530063 0.43575725 0.2976764 0.29856926 0.74433905
1.0022715 0.43023533 0.7408401 0.7481256 0.7607034 0.75384146 0.74514884 0.7413773 0.7456892 0.72700495 0.43254602 0.7631891 0.42828566 0.43183428 0.43059036 0.7446089 0.7524766 0.43683073 0.4389823 0.23193468 0.23275258 0.756853 0.7432607 0.75712734 0.29530063 0 0.43593606 0.2756936 0.27641606 0.7554826
1.0060863 0.26309067 0.7448788 0.7519313 0.7763057 0.7737762 0.75520885 0.75603044 0.7631891 0.7408401 0.26850688 0.7618071 0.26110503 0.266079 0.26650688 0.7543881 0.7601521 0.21669547 0.21496198 0.43808508 0.43736804 0.7554826 0.75138646 0.7574018 0.43575725 0.43593606 0 0.4471061 0.4461991 0.76623845
1.0087683 0.44348466 0.74406934 0.756853 0.75822586 0.74622995 0.7446089 0.7330929 0.7394986 0.7193987 0.4463804 0.75165886 0.44348466 0.44511214 0.44096002 0.74514884 0.74433905 0.44983372 0.4507451 0.2788777 0.2807656 0.7519313 0.74622995 0.7522039 0.2976764 0.2756936 0.4471061 0 0.21736327 0.7486681
1.015322 0.45092753 0.75603044 0.7676286 0.76985824 0.7623596 0.7408401 0.7432607 0.7486681 0.72832423 0.4503804 0.750842 0.44837776 0.45056275 0.44601783 0.7478545 0.75411475 0.44837776 0.4503804 0.2806202 0.28018418 0.74975425 0.7483968 0.7475835 0.29856926 0.27641606 0.4461991 0.21736327 0 0.7609791
1.0053219 0.7532952 0.69753873 0.6929902 0.20215245 0.19330125 0.55110216 0.37830138 0.38579065 0.37879837 0.75384146 0.56096655 0.75411475 0.75822586 0.7587757 0.5571734 0.56054413 0.75165886 0.75302225 0.7368229 0.73842716 0.556543 0.5597 0.5584356 0.74433905 0.7554826 0.76623845 0.7486681 0.7609791 0
