0 0.9915375545 0.7865349545 0.7997689145 1.0174679545 1.0028670545 0.7922601545 0.7974504545 0.7948508145 0.8233557145 0.8242548545 0.9737589245 0.8070604045 0.7991885945 0.9818551945 0.9840785145 0.9896657945 0.9781642545 0.9781642545 0.9881718045 0.9866807545 0.9881718045 0.9759583545 0.9870532045 0.8129451145 0.7919728545 0.7934104545 0.9759583545 0.9848210545 0.9889184045
0.9915375545 0 1.0174679545 1.0307771545 0.2571816545 0.2529697245 1.0371231545 1.0272310545 1.0197995545 1.0132120545 1.0147567545 0.9359297545 1.0387179545 1.0347370545 0.6840729545 0.6838242545 0.9506912545 0.2180924445 0.2188947345 0.6905686545 0.6900669545 0.9510462545 0.9657491545 0.9517568545 1.0233106545 0.9949184545 0.9889184045 0.6805984245 0.2164904545 0.1662052545
0.7865349545 1.0174679545 0 0.2239958745 1.0194104545 1.0194104545 0.2249393545 0.1445714945 0.1429980445 0.7851104545 0.7788745545 1.0244846545 0.2260190845 0.2217094945 1.0147567545 1.0143703545 1.0244846545 0.9922875045 0.9945420545 1.0174679545 1.0163048545 1.0264453545 1.0109008545 1.0260528545 0.4698054045 0.7715711545 0.7610232045 0.9926628545 0.9919124045 1.0036284545
0.7997689145 1.0307771545 0.2239958745 0 1.0174679545 1.0190215545 0.1436028145 0.2352599945 0.2321216345 0.7865349545 0.7785923545 1.0311722545 0.1455414445 0.1417899145 1.0074472545 1.0024865545 1.0327545545 1.0036284545 1.0051536545 1.0229196545 1.0225288545 1.0319629545 1.0375215545 1.0307771545 0.4724271545 0.7819860545 0.7856799245 0.9881718045 1.0082132545 1.0248763545
1.0174679545 0.2571816545 1.0194104545 1.0174679545 0 0.1410659845 1.0260528545 1.0163048545 1.0194104545 1.0009668545 1.0040094545 0.9245319245 1.0307771545 1.0229196545 0.7006732045 0.6966150545 0.9621364545 0.2554940545 0.2559155945 0.6973742545 0.6973742545 0.9621364545 0.9708363845 0.9617760545 1.0139840545 0.9952950545 0.9934139145 0.6999106545 0.2547919945 0.2602854845
1.0028670545 0.2529697245 1.0194104545 1.0190215545 0.1410659845 0 1.0315675545 1.0190215545 1.0197995545 0.9949184545 0.9975586545 0.9369745545 1.0291991545 1.0190215545 0.7004189545 0.6961093545 0.9563920545 0.2500354045 0.2504538845 0.6988950545 0.6991488145 0.9578239545 0.9715659545 0.9581824545 1.0151435545 0.9814852545 0.9822252545 0.6991488145 0.2485029445 0.2556345345
0.7922601545 1.0371231545 0.2249393545 0.1436028145 1.0260528545 1.0315675545 0 0.2378624945 0.2356703245 0.7822695245 0.7721304145 1.0331506545 0.0905846505 0.0864245295 1.0028670545 0.9971809245 1.0248763545 1.0043906545 1.0062995545 1.0237017545 1.0221384545 1.0221384545 1.0240930545 1.0217480545 0.4780761745 0.7777463045 0.7834045545 0.9889184045 1.0032475545 1.0244846545
0.7974504545 1.0272310545 0.1445714945 0.2352599945 1.0163048545 1.0190215545 0.2378624945 0 0.0641106585 0.7853951545 0.7822695245 1.0280177545 0.2386862345 0.2359439845 1.0335469545 1.0311722545 1.0335469545 1.0021064545 1.0021064545 1.0147567545 1.0128263545 1.0307771545 1.0190215545 1.0303823545 0.4775093545 0.7785923545 0.7729701545 1.0101319545 0.9968033545 1.0062995545
0.7948508145 1.0197995545 0.1429980445 0.2321216345 1.0194104545 1.0197995545 0.2356703245 0.0641106585 0 0.7819860545 0.7771828545 1.0252682545 0.2337574045 0.2321216345 1.0237017545 1.0213579545 1.0256605545 0.9877987545 0.9881718045 1.0139840545 1.0112855545 1.0248763545 1.0311722545 1.0248763545 0.4773205045 0.7771828545 0.7657236945 0.9960487945 0.9919124045 0.9979365945
0.8233557145 1.0132120545 0.7851104545 0.7865349545 1.0009668545 0.9949184545 0.7822695245 0.7853951545 0.7819860545 0 0.0604192795 0.9990715245 0.7856799245 0.7817026245 1.0147567545 1.0128263545 1.0132120545 0.9900397545 0.9911628245 1.0182443545 1.0178559545 1.0132120545 0.9964259545 1.0116704545 0.7968720045 0.5101274145 0.5087478045 0.9859363545 1.0013465545 1.0116704545
0.8242548545 1.0147567545 0.7788745545 0.7785923545 1.0040094545 0.9975586545 0.7721304145 0.7822695245 0.7771828545 0.0604192795 0 0.9986929545 0.7777463045 0.7749331545 1.0066818545 1.0051536545 1.0105162545 0.9930382545 0.9937897545 1.0159175545 1.0151435545 1.0109008545 1.0013465545 1.0093638545 0.8047193545 0.5093387245 0.5087478045 0.9863084545 1.0032475545 1.0089801545
0.9737589245 0.9359297545 1.0244846545 1.0311722545 0.9245319245 0.9369745545 1.0331506545 1.0280177545 1.0252682545 0.9990715245 0.9986929545 0 1.0295933545 1.0128263545 0.9303818545 0.9286565545 0.7098852245 0.9276232545 0.9317650045 0.9238466545 0.9228199545 0.7137572045 0.7029656545 0.7132397545 0.9952950545 0.9708363845 0.9726615945 0.9173678545 0.9310731545 0.9276232545
0.8070604045 1.0387179545 0.2260190845 0.1455414445 1.0307771545 1.0291991545 0.0905846505 0.2386862345 0.2337574045 0.7856799245 0.7777463045 1.0295933545 0 0.0465766975 1.0101319545 1.0055354545 1.0291991545 1.0078301545 1.0085966545 1.0233106545 1.0225288545 1.0272310545 1.0391173545 1.0272310545 0.4826262545 0.7760571045 0.7853951545 0.9919124045 1.0101319545 1.0213579545
0.7991885945 1.0347370545 0.2217094945 0.1417899145 1.0229196545 1.0190215545 0.0864245295 0.2359439845 0.2321216345 0.7817026245 0.7749331545 1.0128263545 0.0465766975 0 1.0089801545 1.0059174545 1.0151435545 0.9986929545 1.0009668545 1.0178559545 1.0166922545 1.0135979545 1.0170800545 1.0132120545 0.4765656145 0.7685025145 0.7743717545 0.9892920145 1.0009668545 1.0213579545
0.9818551945 0.6840729545 1.0147567545 1.0074472545 0.7006732045 0.7004189545 1.0028670545 1.0335469545 1.0237017545 1.0147567545 1.0066818545 0.9303818545 1.0101319545 1.0089801545 0 0.0180982035 0.9317650045 0.6781264545 0.6788671545 0.5329595545 0.5325530045 0.9310731545 0.9217946945 0.9303818545 1.0124407545 0.9859363545 0.9877987545 0.2090594045 0.6840729545 0.6883137545
0.9840785145 0.6838242545 1.0143703545 1.0024865545 0.6966150545 0.6961093545 0.9971809245 1.0311722545 1.0213579545 1.0128263545 1.0051536545 0.9286565545 1.0055354545 1.0059174545 0.0180982035 0 0.9310731545 0.6771399245 0.6781264545 0.5319434845 0.5315373945 0.9310731545 0.9214532245 0.9303818545 1.0062995545 0.9818551945 0.9848210545 0.2074765545 0.6823336945 0.6855669545
0.9896657945 0.9506912545 1.0244846545 1.0327545545 0.9621364545 0.9563920545 1.0248763545 1.0335469545 1.0256605545 1.0132120545 1.0105162545 0.7098852245 1.0291991545 1.0151435545 0.9317650045 0.9310731545 0 0.9425716545 0.9453859145 0.9432741845 0.9436257545 0.0107641775 0.6883137545 0.0104601445 1.0371231545 1.0139840545 1.0047720545 0.9296913045 0.9475035545 0.9592587245
0.9781642545 0.2180924445 0.9922875045 1.0036284545 0.2554940545 0.2500354045 1.0043906545 1.0021064545 0.9877987545 0.9900397545 0.9930382545 0.9276232545 1.0078301545 0.9986929545 0.6781264545 0.6771399245 0.9425716545 0 0.00450572950000004 0.6788671545 0.6783732545 0.9439774545 0.9492727945 0.9432741845 0.9968033545 0.9690155245 0.9837074545 0.6776330545 0.1675783145 0.2206359645
0.9781642545 0.2188947345 0.9945420545 1.0051536545 0.2559155945 0.2504538845 1.0062995545 1.0021064545 0.9881718045 0.9911628245 0.9937897545 0.9317650045 1.0085966545 1.0009668545 0.6788671545 0.6781264545 0.9453859145 0.00450572950000004 0 0.6778796545 0.6773864545 0.9460911045 0.9503363545 0.9453859145 0.9971809245 0.9712010545 0.9848210545 0.6773864545 0.1692042645 0.2217094945
0.9881718045 0.6905686545 1.0174679545 1.0229196545 0.6973742545 0.6988950545 1.0237017545 1.0147567545 1.0139840545 1.0182443545 1.0159175545 0.9238466545 1.0233106545 1.0178559545 0.5329595545 0.5319434845 0.9432741845 0.6788671545 0.6778796545 0 0.00269850000000004 0.9415190045 0.9510462545 0.9422206145 1.0147567545 0.9941658245 0.9949184545 0.5289033545 0.6853177545 0.6890646545
0.9866807545 0.6900669545 1.0163048545 1.0225288545 0.6973742545 0.6991488145 1.0221384545 1.0128263545 1.0112855545 1.0178559545 1.0151435545 0.9228199545 1.0225288545 1.0166922545 0.5325530045 0.5315373945 0.9436257545 0.6783732545 0.6773864545 0.00269850000000004 0 0.9418697245 0.9506912545 0.9425716545 1.0128263545 0.9934139145 0.9926628545 0.5297128545 0.6845705945 0.6885639845
0.9881718045 0.9510462545 1.0264453545 1.0319629545 0.9621364545 0.9578239545 1.0221384545 1.0307771545 1.0248763545 1.0132120545 1.0109008545 0.7137572045 1.0272310545 1.0135979545 0.9310731545 0.9310731545 0.0107641775 0.9439774545 0.9460911045 0.9415190045 0.9418697245 0 0.6878136245 0.00169636200000004 1.0387179545 1.0101319545 1.0009668545 0.9272791545 0.9482107545 0.9606962045
0.9759583545 0.9657491545 1.0109008545 1.0375215545 0.9708363845 0.9715659545 1.0240930545 1.0190215545 1.0311722545 0.9964259545 1.0013465545 0.7029656545 1.0391173545 1.0170800545 0.9217946945 0.9214532245 0.6883137545 0.9492727945 0.9503363545 0.9510462545 0.9506912545 0.6878136245 0 0.6880636545 1.0229196545 1.0040094545 1.0024865545 0.9290013145 0.9538925545 0.9675620545
0.9870532045 0.9517568545 1.0260528545 1.0307771545 0.9617760545 0.9581824545 1.0217480545 1.0303823545 1.0248763545 1.0116704545 1.0093638545 0.7132397545 1.0272310545 1.0132120545 0.9303818545 0.9303818545 0.0104601445 0.9432741845 0.9453859145 0.9422206145 0.9425716545 0.00169636200000004 0.6880636545 0 1.0379200545 1.0097478545 1.0017263545 0.9272791545 0.9485646545 0.9610559545
0.8129451145 1.0233106545 0.4698054045 0.4724271545 1.0139840545 1.0151435545 0.4780761745 0.4775093545 0.4773205045 0.7968720045 0.8047193545 0.9952950545 0.4826262545 0.4765656145 1.0124407545 1.0062995545 1.0371231545 0.9968033545 0.9971809245 1.0147567545 1.0128263545 1.0387179545 1.0229196545 1.0379200545 0 0.7757759545 0.7822695245 0.9892920145 1.0028670545 0.9986929545
0.7919728545 0.9949184545 0.7715711545 0.7819860545 0.9952950545 0.9814852545 0.7777463045 0.7785923545 0.7771828545 0.5101274145 0.5093387245 0.9708363845 0.7760571045 0.7685025145 0.9859363545 0.9818551945 1.0139840545 0.9690155245 0.9712010545 0.9941658245 0.9934139145 1.0101319545 1.0040094545 1.0097478545 0.7757759545 0 0.2413006745 0.9632183545 0.9874259045 0.9825955545
0.7934104545 0.9889184045 0.7610232045 0.7856799245 0.9934139145 0.9822252545 0.7834045545 0.7729701545 0.7657236945 0.5087478045 0.5087478045 0.9726615945 0.7853951545 0.7743717545 0.9877987545 0.9848210545 1.0047720545 0.9837074545 0.9848210545 0.9949184545 0.9926628545 1.0009668545 1.0024865545 1.0017263545 0.7822695245 0.2413006745 0 0.9643019545 0.9785324545 0.9889184045
0.9759583545 0.6805984245 0.9926628545 0.9881718045 0.6999106545 0.6991488145 0.9889184045 1.0101319545 0.9960487945 0.9859363545 0.9863084545 0.9173678545 0.9919124045 0.9892920145 0.2090594045 0.2074765545 0.9296913045 0.6776330545 0.6773864545 0.5289033545 0.5297128545 0.9272791545 0.9290013145 0.9272791545 0.9892920145 0.9632183545 0.9643019545 0 0.6803508845 0.6878136245
0.9848210545 0.2164904545 0.9919124045 1.0082132545 0.2547919945 0.2485029445 1.0032475545 0.9968033545 0.9919124045 1.0013465545 1.0032475545 0.9310731545 1.0101319545 1.0009668545 0.6840729545 0.6823336945 0.9475035545 0.1675783145 0.1692042645 0.6853177545 0.6845705945 0.9482107545 0.9538925545 0.9485646545 1.0028670545 0.9874259045 0.9785324545 0.6803508845 0 0.2200997545
0.9889184045 0.1662052545 1.0036284545 1.0248763545 0.2602854845 0.2556345345 1.0244846545 1.0062995545 0.9979365945 1.0116704545 1.0089801545 0.9276232545 1.0213579545 1.0213579545 0.6883137545 0.6855669545 0.9592587245 0.2206359645 0.2217094945 0.6890646545 0.6885639845 0.9606962045 0.9675620545 0.9610559545 0.9986929545 0.9825955545 0.9889184045 0.6878136245 0.2200997545 0
