0 0.7893693 0.7905161 0.77771467 0.7885103 0.9920673 0.99923354 1.0095364 0.7902292 0.8076381 1.0133885 0.8096957 1.002652 0.99847597 1.0149349 0.78394586 0.77884376 0.79512084 1.0095364 1.015322 1.0188149 0.79743385 0.81382793 0.8017901 0.81234956 0.8041238 0.79743385 0.8038317 1.000751 0.8114639
0.7893693 0 0.24999788 0.36338124 0.3648437 0.9738958 0.99281836 1.0076177 0.6699191 0.6882187 0.9680563 0.6350735 0.97024083 0.9565121 0.9962078 0.35852686 0.35611138 0.6258027 0.99131685 0.9920673 0.98683035 0.6205234 0.6421026 0.6202947 0.4662248 0.4313009 0.44294295 0.38897535 0.99281836 0.67654437
0.7905161 0.24999788 0 0.36614606 0.3717065 0.9790429 1.0087683 1.01069 0.6575622 0.67089695 0.9698763 0.6364741 0.97316337 0.9572284 0.99545324 0.35981828 0.35949522 0.6378772 0.9842255 0.98645765 0.9857129 0.63811135 0.64280915 0.6369415 0.47220686 0.44222128 0.44837776 0.38763276 0.99131685 0.6631097
0.77771467 0.36338124 0.36614606 0 0.22636956 0.9583042 0.9898184 1.0034139 0.65540254 0.67114156 0.95472425 0.6306556 0.9593815 0.95080596 0.9860852 0.24485183 0.24499045 0.615281 0.9842255 0.9924427 0.9931942 0.61664504 0.6439882 0.6161901 0.45826077 0.44042012 0.44204095 0.38579065 0.99923354 0.66286767
0.7885103 0.3648437 0.3717065 0.22636956 0 0.98496884 1.0164845 1.0234975 0.67114156 0.6802505 0.97316337 0.64587855 0.9746289 0.9662408 1.0164845 0.24471323 0.24526776 0.62143886 1.0064689 1.0188149 1.019204 0.6244219 0.64540553 0.6228142 0.4673428 0.44330403 0.44910538 0.3821199 1.0238891 0.67383814
0.9920673 0.9738958 0.9790429 0.9583042 0.98496884 0 0.97867405 0.9779369 0.9939465 1.01069 0.19771379 1.0041765 0.19901656 0.20254536 1.0041765 0.9738958 0.9816297 0.9768326 1.002652 1.0041765 1.000751 0.97170067 0.97720057 0.9706055 0.98683035 0.98869646 0.97316337 0.98348296 0.9608204 0.9831119
0.99923354 0.99281836 1.0087683 0.9898184 1.0164845 0.97867405 0 0.19200836 0.9872032 0.9977191 0.99056727 1.0022715 0.98907024 0.9842255 1.0172604 0.98496884 0.98237044 0.99658537 0.9946995 1.0045581 1.0080011 0.9946995 1.0176488 0.9943229 1.0195932 1.0095364 1.030972 1.030972 0.34494096 1.0034139
1.0095364 1.0076177 1.01069 1.0034139 1.0234975 0.9779369 0.19200836 0 1.0160967 1.019204 0.99169195 0.98683035 0.98907024 0.9764649 1.0095364 0.9901927 0.98794943 1.0041765 0.99357027 1.0053219 1.0049399 1.000751 1.0385218 1.0037951 1.0227151 1.014548 1.0417235 1.0421246 0.34351677 1.0083846
0.7902292 0.6699191 0.6575622 0.65540254 0.67114156 0.9939465 0.9872032 1.0160967 0 0.17426437 0.990942 0.67629796 0.9872032 0.97720057 1.0157093 0.65948707 0.66456366 0.6834774 0.99885464 1.002652 1.002652 0.6827315 0.680994 0.6847222 0.6733471 0.6745752 0.6772841 0.671876 1.0041765 0.31848595
0.8076381 0.6882187 0.67089695 0.67114156 0.6802505 1.01069 0.9977191 1.019204 0.17426437 0 0.9920673 0.682483 0.9894442 0.9842255 1.0180373 0.66650665 0.67555916 0.67876583 1.0103053 1.0068517 1.0072346 0.67555916 0.6790131 0.67383814 0.68223464 0.68198633 0.68149 0.682483 1.0053219 0.32277957
1.0133885 0.9680563 0.9698763 0.95472425 0.97316337 0.19771379 0.99056727 0.99169195 0.990942 0.9920673 0 0.9898184 0.15128121 0.15385495 1.0030329 0.96298385 0.9706055 0.9615409 0.9943229 0.9980974 0.990942 0.9575869 0.96298385 0.95866317 0.97243166 0.97352946 0.9691478 0.9706055 0.9590223 0.98683035
0.8096957 0.6350735 0.6364741 0.6306556 0.64587855 1.0041765 1.0022715 0.98683035 0.67629796 0.682483 0.9898184 0 0.99056727 0.9958304 1.002652 0.6357735 0.63297755 0.6430448 0.9898184 0.99847597 0.99999183 0.64729947 0.6640787 0.64801097 0.6520554 0.6475366 0.64824826 0.64280915 1.002652 0.67359257
1.002652 0.97024083 0.97316337 0.9593815 0.9746289 0.19901656 0.98907024 0.98907024 0.9872032 0.9894442 0.15128121 0.99056727 0 0.0931527 1.0003713 0.9651536 0.9727974 0.9644296 0.9962078 1.002652 0.99885464 0.9611805 0.9658782 0.96226203 0.9746289 0.96226203 0.97170067 0.9842255 0.9593815 0.9808897
0.99847597 0.9565121 0.9572284 0.95080596 0.9662408 0.20254536 0.9842255 0.9764649 0.97720057 0.9842255 0.15385495 0.9958304 0.0931527 0 0.99961257 0.9511613 0.9522284 0.96226203 0.98794943 0.9943229 0.9898184 0.9554389 0.9583042 0.9575869 0.9698763 0.96010065 0.96769285 0.9775687 0.9543672 0.9775687
1.0149349 0.9962078 0.99545324 0.9860852 1.0164845 1.0041765 1.0172604 1.0095364 1.0157093 1.0180373 1.0030329 1.002652 1.0003713 0.99961257 0 0.99545324 0.9950763 1.0157093 0.07902039 0.08314281 0.08392528 1.014548 1.0242808 1.0195932 1.0157093 1.0034139 1.0180373 1.0172604 0.9931942 1.0219333
0.78394586 0.35852686 0.35981828 0.24485183 0.24471323 0.9738958 0.98496884 0.9901927 0.65948707 0.66650665 0.96298385 0.6357735 0.9651536 0.9511613 0.99545324 0 0.064168416 0.6198375 0.98051995 0.9939465 0.98794943 0.6184676 0.6409265 0.6202947 0.46790242 0.44096002 0.43916187 0.38746512 0.98237044 0.6606927
0.77884376 0.35611138 0.35949522 0.24499045 0.24526776 0.9816297 0.98237044 0.98794943 0.66456366 0.67555916 0.9706055 0.63297755 0.9727974 0.9522284 0.9950763 0.064168416 0 0.620981 0.9842255 0.99734104 0.99169195 0.620981 0.6364741 0.6216679 0.4652944 0.4393415 0.43683073 0.38261938 0.9857129 0.662142
0.79512084 0.6258027 0.6378772 0.615281 0.62143886 0.9768326 0.99658537 1.0041765 0.6834774 0.67876583 0.9615409 0.6430448 0.9644296 0.96226203 1.0157093 0.6198375 0.620981 0 1.000751 1.0080011 1.0110749 0.06635024 0.57590306 0.06613177 0.6413967 0.6357735 0.6369415 0.63857985 0.9931942 0.682483
1.0095364 0.99131685 0.9842255 0.9842255 1.0064689 1.002652 0.9946995 0.99357027 0.99885464 1.0103053 0.9943229 0.9898184 0.9962078 0.98794943 0.07902039 0.98051995 0.9842255 1.000751 0 0.059065986 0.05993204 1.0034139 1.0297868 1.0072346 1.0037951 0.98645765 1.0126165 1.0053219 0.990942 1.0083846
1.015322 0.9920673 0.98645765 0.9924427 1.0188149 1.0041765 1.0045581 1.0053219 1.002652 1.0068517 0.9980974 0.99847597 1.002652 0.9943229 0.08314281 0.9939465 0.99734104 1.0080011 0.059065986 0 0.017809795 1.0095364 1.0329514 1.0176488 1.0168724 0.99885464 1.0227151 1.01069 0.9943229 1.0157093
1.0188149 0.98683035 0.9857129 0.9931942 1.019204 1.000751 1.0080011 1.0049399 1.002652 1.0072346 0.990942 0.99999183 0.99885464 0.9898184 0.08392528 0.98794943 0.99169195 1.0110749 0.05993204 0.017809795 0 1.01069 1.0305767 1.0172604 1.0137748 1.0037951 1.0219333 1.0076177 0.99281836 1.0160967
0.79743385 0.6205234 0.63811135 0.61664504 0.6244219 0.97170067 0.9946995 1.000751 0.6827315 0.67555916 0.9575869 0.64729947 0.9611805 0.9554389 1.014548 0.6184676 0.620981 0.06635024 1.0034139 1.0095364 1.01069 0 0.5739659 0.016888734 0.64163196 0.63881415 0.6378772 0.6339084 0.99658537 0.6864684
0.81382793 0.6421026 0.64280915 0.6439882 0.64540553 0.97720057 1.0176488 1.0385218 0.680994 0.6790131 0.96298385 0.6640787 0.9658782 0.9583042 1.0242808 0.6409265 0.6364741 0.57590306 1.0297868 1.0329514 1.0305767 0.5739659 0 0.5754721 0.6623838 0.6602102 0.66577744 0.6489606 1.0076177 0.6904751
0.8017901 0.6202947 0.6369415 0.6161901 0.6228142 0.9706055 0.9943229 1.0037951 0.6847222 0.67383814 0.95866317 0.64801097 0.96226203 0.9575869 1.0195932 0.6202947 0.6216679 0.06613177 1.0072346 1.0176488 1.0172604 0.016888734 0.5754721 0 0.64351636 0.64116156 0.6376432 0.63297755 0.9931942 0.6887196
0.81234956 0.4662248 0.47220686 0.45826077 0.4673428 0.98683035 1.0195932 1.0227151 0.6733471 0.68223464 0.97243166 0.6520554 0.9746289 0.9698763 1.0157093 0.46790242 0.4652944 0.6413967 1.0037951 1.0168724 1.0137748 0.64163196 0.6623838 0.64351636 0 0.47559288 0.47937313 0.466411 1.0223241 0.6745752
0.8041238 0.4313009 0.44222128 0.44042012 0.44330403 0.98869646 1.0095364 1.014548 0.6745752 0.68198633 0.97352946 0.6475366 0.96226203 0.96010065 1.0034139 0.44096002 0.4393415 0.6357735 0.98645765 0.99885464 1.0037951 0.63881415 0.6602102 0.64116156 0.47559288 0 0.39521626 0.44204095 1.0041765 0.67089695
0.79743385 0.44294295 0.44837776 0.44204095 0.44910538 0.97316337 1.030972 1.0417235 0.6772841 0.68149 0.9691478 0.64824826 0.97170067 0.96769285 1.0180373 0.43916187 0.43683073 0.6369415 1.0126165 1.0227151 1.0219333 0.6378772 0.66577744 0.6376432 0.47937313 0.39521626 0 0.44511214 1.0238891 0.67531306
0.8038317 0.38897535 0.38763276 0.38579065 0.3821199 0.98348296 1.030972 1.0421246 0.671876 0.682483 0.9706055 0.64280915 0.9842255 0.9775687 1.0172604 0.38746512 0.38261938 0.63857985 1.0053219 1.01069 1.0076177 0.6339084 0.6489606 0.63297755 0.466411 0.44204095 0.44511214 0 1.0133885 0.6832287
1.000751 0.99281836 0.99131685 0.99923354 1.0238891 0.9608204 0.34494096 0.34351677 1.0041765 1.0053219 0.9590223 1.002652 0.9593815 0.9543672 0.9931942 0.98237044 0.9857129 0.9931942 0.990942 0.9943229 0.99281836 0.99658537 1.0076177 0.9931942 1.0223241 1.0041765 1.0238891 1.0133885 0 0.9969631
0.8114639 0.67654437 0.6631097 0.66286767 0.67383814 0.9831119 1.0034139 1.0083846 0.31848595 0.32277957 0.98683035 0.67359257 0.9808897 0.9775687 1.0219333 0.6606927 0.662142 0.682483 1.0083846 1.0157093 1.0160967 0.6864684 0.6904751 0.6887196 0.6745752 0.67089695 0.67531306 0.6832287 0.9969631 0
