0 0.9842082425 0.9830952425 0.8777742425 0.8640475425 0.9958073825 0.9980732425 0.9909214125 0.5400752425 0.5382291425 0.6690527425 0.9793970425 0.6778850425 0.9823541425 0.9816137825 0.9954304425 0.9849512425 0.9838371025 0.9779228425 0.9954304425 0.9961845425 0.9735175125 0.9771867425 0.9742499425 0.6920857725 0.9615346425 0.9816137825 0.8742388425 0.8558679425 0.8656308425
0.9842082425 0 0.9946770425 0.9961845425 0.9894243825 0.1572846325 0.1632252525 0.9954304425 0.9924214425 1.0011051425 0.9622555125 0.9931725025 0.9883035725 0.9853229825 0.9797659825 1.0060581425 1.0068230425 0.9973172425 0.9969395125 0.4856245825 0.4850518425 0.2429915425 0.3715683425 0.2427151925 0.9886769925 1.0007254425 0.9950536425 1.0011051425 1.0007254425 0.9746163825
0.9830952425 0.9946770425 0 0.9680469925 0.9622555125 0.9894243825 1.0014849425 0.1689628525 0.9735175125 0.9561506425 0.9508048425 0.5022318425 0.9565083125 0.1575312225 0.1567916925 0.1134713085 0.1141693085 0.1692133125 0.1684621925 0.9797659825 0.9760841425 0.9909214125 0.9757169425 0.9912961425 0.9823541425 0.4867713725 0.5047745425 0.9853229825 0.9586583425 0.9640605425
0.8777742425 0.9961845425 0.9680469925 0 0.1010171525 1.0072058425 1.0125849425 0.9716895425 0.8580614025 0.8483959425 0.8425329025 0.9529385925 0.8462304825 0.9611745425 0.9579410425 0.9600951425 0.9640605425 0.9611745425 0.9575825425 0.9912961425 0.9980732425 0.9912961425 0.9935483425 0.9924214425 0.8561808825 0.9600951425 0.9760841425 0.2314718425 0.2090821125 0.2022447625
0.8640475425 0.9894243825 0.9622555125 0.1010171525 0 0.9950536425 1.0030061425 0.9633379925 0.8577476425 0.8508783425 0.8431479025 0.9572243425 0.8449959425 0.9536511425 0.9529385925 0.9536511425 0.9547213425 0.9600951425 0.9575825425 0.9768190425 0.9823541425 0.9808740925 0.9779228425 0.9816137825 0.8530571725 0.9554356025 0.9797659825 0.2259127425 0.2072351425 0.2015906025
0.9958073825 0.1572846325 0.9894243825 1.0072058425 0.9950536425 0 0.1077951625 0.9946770425 0.9901725425 0.9958073825 0.9640605425 0.9905468425 0.9819838425 0.9871844925 0.9812438425 0.9976951825 0.9976951825 0.9864393425 0.9853229825 0.4842888725 0.4820046125 0.2452059725 0.3613042425 0.2449288125 0.9935483425 0.9946770425 0.9842082425 1.0087387425 1.0087387425 0.9830952425
0.9980732425 0.1632252525 1.0014849425 1.0125849425 1.0030061425 0.1077951625 0 1.0022451425 1.0014849425 1.0106594425 0.9801351725 0.9868117925 0.9954304425 0.9943006425 0.9890506025 1.0068230425 1.0072058425 1.0037680425 1.0049122425 0.4892621025 0.4883031425 0.2545505825 0.3743622625 0.2542699625 1.0129706425 0.9999667125 0.9856949425 1.0172265425 1.0160634425 0.9950536425
0.9909214125 0.9954304425 0.1689628525 0.9716895425 0.9633379925 0.9946770425 1.0022451425 0 0.9808740925 0.9665949425 0.9636991925 0.5053625425 0.9684104425 0.0964564775 0.0948667765 0.1713455925 0.1717225225 0.1752495625 0.1758811325 0.9992087825 0.9931725025 0.9879303925 0.9749830425 0.9879303925 0.9916709925 0.4842888725 0.4998923425 0.9853229825 0.9508048425 0.9622555125
0.5400752425 0.9924214425 0.9735175125 0.8580614025 0.8577476425 0.9901725425 1.0014849425 0.9808740925 0 0.0784861685 0.6644328425 0.9665949425 0.6766521025 0.9735175125 0.9768190425 0.9801351725 0.9742499425 0.9622555125 0.9565083125 0.9927968425 0.9965619425 0.9644220825 0.9687741125 0.9647837425 0.6751752425 0.9395264425 0.9454970125 0.8697630425 0.8468485825 0.8459216425
0.5382291425 1.0011051425 0.9561506425 0.8483959425 0.8508783425 0.9958073825 1.0106594425 0.9665949425 0.0784861685 0 0.6620127425 0.9691379425 0.6724751925 0.9622555125 0.9644220825 0.9647837425 0.9590173125 0.9486772425 0.9447921425 0.9793970425 0.9797659825 0.9753498725 0.9647837425 0.9753498725 0.6744378425 0.9419792025 0.9444399425 0.8643639425 0.8449959425 0.8422255825
0.6690527425 0.9622555125 0.9508048425 0.8425329025 0.8431479025 0.9640605425 0.9801351725 0.9636991925 0.6644328425 0.6620127425 0 0.9529385925 0.0715268425 0.9493857925 0.9568662425 0.9511601025 0.9486772425 0.9360365025 0.9353404425 0.9735175125 0.9786595425 0.9568662425 0.9636991925 0.9575825425 0.2818470925 0.9433843425 0.9550783925 0.8493258425 0.8453044025 0.8413043925
0.9793970425 0.9931725025 0.5022318425 0.9529385925 0.9572243425 0.9905468425 0.9868117925 0.5053625425 0.9665949425 0.9691379425 0.9529385925 0 0.9575825425 0.5000870225 0.4993086125 0.5037955925 0.5037955925 0.4956221625 0.4960093425 0.9760841425 0.9731515425 0.9834660425 0.9868117925 0.9842082425 0.9508048425 0.3686213825 0.3727175425 0.9864393425 0.9568662425 0.9695019425
0.6778850425 0.9883035725 0.9565083125 0.8462304825 0.8449959425 0.9819838425 0.9954304425 0.9684104425 0.6766521025 0.6724751925 0.0715268425 0.9575825425 0 0.9579410425 0.9615346425 0.9575825425 0.9554356025 0.9440878925 0.9437360425 0.9830952425 0.9856949425 0.9764514925 0.9793970425 0.9768190425 0.2871051725 0.9476156425 0.9593764425 0.8480861425 0.8367153125 0.8397716025
0.9823541425 0.9853229825 0.1575312225 0.9611745425 0.9536511425 0.9871844925 0.9943006425 0.0964564775 0.9735175125 0.9622555125 0.9493857925 0.5000870225 0.9579410425 0 0.0364069585 0.1631010025 0.1632252525 0.1664628425 0.1668373225 0.9969395125 0.9920460925 0.9790281925 0.9713245425 0.9790281925 0.9724201825 0.4787804225 0.4938822425 0.9808740925 0.9395264425 0.9497403425
0.9816137825 0.9797659825 0.1567916925 0.9579410425 0.9529385925 0.9812438425 0.9890506025 0.0948667765 0.9768190425 0.9644220825 0.9568662425 0.4993086125 0.9615346425 0.0364069585 0 0.1612398025 0.1604966225 0.1660885725 0.1663380625 0.9969395125 0.9901725425 0.9805045425 0.9716895425 0.9805045425 0.9757169425 0.4776457825 0.4902223025 0.9764514925 0.9409270425 0.9486772425
0.9954304425 1.0060581425 0.1134713085 0.9600951425 0.9536511425 0.9976951825 1.0068230425 0.1713455925 0.9801351725 0.9647837425 0.9511601025 0.5037955925 0.9575825425 0.1631010025 0.1612398025 0 0.0274373085 0.1694638425 0.1690880625 1.0030061425 0.9954304425 0.9980732425 0.9856949425 0.9980732425 0.9771867425 0.4894540425 0.5075225425 0.9842082425 0.9490313825 0.9515154425
0.9849512425 1.0068230425 0.1141693085 0.9640605425 0.9547213425 0.9976951825 1.0072058425 0.1717225225 0.9742499425 0.9590173125 0.9486772425 0.5037955925 0.9554356025 0.1632252525 0.1604966225 0.0274373085 0 0.1698398125 0.1692133125 1.0049122425 0.9969395125 0.9980732425 0.9894243825 0.9980732425 0.9786595425 0.4848610225 0.5032087925 0.9849512425 0.9504498425 0.9525825425
0.9838371025 0.9973172425 0.1692133125 0.9611745425 0.9600951425 0.9864393425 1.0037680425 0.1752495625 0.9622555125 0.9486772425 0.9360365025 0.4956221625 0.9440878925 0.1664628425 0.1660885725 0.1694638425 0.1698398125 0 0.0202148015 0.9875573425 0.9823541425 0.9890506025 0.9801351725 0.9890506025 0.9586583425 0.4791590425 0.4942685425 0.9695019425 0.9437360425 0.9515154425
0.9779228425 0.9969395125 0.1684621925 0.9575825425 0.9575825425 0.9853229825 1.0049122425 0.1758811325 0.9565083125 0.9447921425 0.9353404425 0.4960093425 0.9437360425 0.1668373225 0.1663380625 0.1690880625 0.1692133125 0.0202148015 0 0.9886769925 0.9827245825 0.9897983425 0.9830952425 0.9897983425 0.9608145425 0.4799167825 0.4962030425 0.9713245425 0.9437360425 0.9508048425
0.9954304425 0.4856245825 0.9797659825 0.9912961425 0.9768190425 0.4842888725 0.4892621025 0.9992087825 0.9927968425 0.9793970425 0.9735175125 0.9760841425 0.9830952425 0.9969395125 0.9969395125 1.0030061425 1.0049122425 0.9875573425 0.9886769925 0 0.0207283945 0.4829555425 0.4850518425 0.4827652625 0.9973172425 0.9999667125 0.9924214425 1.0003459725 0.9860670425 0.9946770425
0.9961845425 0.4850518425 0.9760841425 0.9980732425 0.9823541425 0.4820046125 0.4883031425 0.9931725025 0.9965619425 0.9797659825 0.9786595425 0.9731515425 0.9856949425 0.9920460925 0.9901725425 0.9954304425 0.9969395125 0.9823541425 0.9827245825 0.0207283945 0 0.4825750425 0.4856245825 0.4823848425 0.9965619425 0.9958073825 0.9927968425 1.0091224425 0.9950536425 1.0026256425
0.9735175125 0.2429915425 0.9909214125 0.9912961425 0.9808740925 0.2452059725 0.2545505825 0.9879303925 0.9644220825 0.9753498725 0.9568662425 0.9834660425 0.9764514925 0.9790281925 0.9805045425 0.9980732425 0.9980732425 0.9890506025 0.9897983425 0.4829555425 0.4825750425 0 0.3640601425 0.00145494999999999 0.9845796425 0.9916709925 0.9901725425 0.9924214425 0.9901725425 0.9680469925
0.9771867425 0.3715683425 0.9757169425 0.9935483425 0.9779228425 0.3613042425 0.3743622625 0.9749830425 0.9687741125 0.9647837425 0.9636991925 0.9868117925 0.9793970425 0.9713245425 0.9716895425 0.9856949425 0.9894243825 0.9801351725 0.9830952425 0.4850518425 0.4856245825 0.3640601425 0 0.3634107725 0.9779228425 0.9943006425 0.9961845425 0.9860670425 0.9702304425 0.9808740925
0.9742499425 0.2427151925 0.9912961425 0.9924214425 0.9816137825 0.2449288125 0.2542699625 0.9879303925 0.9647837425 0.9753498725 0.9575825425 0.9842082425 0.9768190425 0.9790281925 0.9805045425 0.9980732425 0.9980732425 0.9890506025 0.9897983425 0.4827652625 0.4823848425 0.00145494999999999 0.3634107725 0 0.9849512425 0.9920460925 0.9905468425 0.9931725025 0.9909214125 0.9695019425
0.6920857725 0.9886769925 0.9823541425 0.8561808825 0.8530571725 0.9935483425 1.0129706425 0.9916709925 0.6751752425 0.6744378425 0.2818470925 0.9508048425 0.2871051725 0.9724201825 0.9757169425 0.9771867425 0.9786595425 0.9586583425 0.9608145425 0.9973172425 0.9965619425 0.9845796425 0.9779228425 0.9849512425 0 0.9486772425 0.9720548125 0.8618365825 0.8574340025 0.8543051425
0.9615346425 1.0007254425 0.4867713725 0.9600951425 0.9554356025 0.9946770425 0.9999667125 0.4842888725 0.9395264425 0.9419792025 0.9433843425 0.3686213825 0.9476156425 0.4787804225 0.4776457825 0.4894540425 0.4848610225 0.4791590425 0.4799167825 0.9999667125 0.9958073825 0.9916709925 0.9943006425 0.9920460925 0.9486772425 0 0.2456219025 0.9673206425 0.9522266425 0.9597356425
0.9816137825 0.9950536425 0.5047745425 0.9760841425 0.9797659825 0.9842082425 0.9856949425 0.4998923425 0.9454970125 0.9444399425 0.9550783925 0.3727175425 0.9593764425 0.4938822425 0.4902223025 0.5075225425 0.5032087925 0.4942685425 0.4962030425 0.9924214425 0.9927968425 0.9901725425 0.9961845425 0.9905468425 0.9720548125 0.2456219025 0 0.9961845425 0.9662323425 0.9845796425
0.8742388425 1.0011051425 0.9853229825 0.2314718425 0.2259127425 1.0087387425 1.0172265425 0.9853229825 0.8697630425 0.8643639425 0.8493258425 0.9864393425 0.8480861425 0.9808740925 0.9764514925 0.9842082425 0.9849512425 0.9695019425 0.9713245425 1.0003459725 1.0091224425 0.9924214425 0.9860670425 0.9931725025 0.8618365825 0.9673206425 0.9961845425 0 0.2260478425 0.2244282525
0.8558679425 1.0007254425 0.9586583425 0.2090821125 0.2072351425 1.0087387425 1.0160634425 0.9508048425 0.8468485825 0.8449959425 0.8453044025 0.9568662425 0.8367153125 0.9395264425 0.9409270425 0.9490313825 0.9504498425 0.9437360425 0.9437360425 0.9860670425 0.9950536425 0.9901725425 0.9702304425 0.9909214125 0.8574340025 0.9522266425 0.9662323425 0.2260478425 0 0.2085539425
0.8656308425 0.9746163825 0.9640605425 0.2022447625 0.2015906025 0.9830952425 0.9950536425 0.9622555125 0.8459216425 0.8422255825 0.8413043925 0.9695019425 0.8397716025 0.9497403425 0.9486772425 0.9515154425 0.9525825425 0.9515154425 0.9508048425 0.9946770425 1.0026256425 0.9680469925 0.9808740925 0.9695019425 0.8543051425 0.9597356425 0.9845796425 0.2244282525 0.2085539425 0
