0 0.52952236 0.5214621 0.99999183 0.62996036 0.98832285 0.9727974 0.97609735 0.60849774 0.6112037 0.9931942 0.99169195 0.98757625 0.9768326 0.9779369 0.98683035 0.99131685 0.9727974 0.97170067 0.99999183 1.001891 0.98348296 0.982 0.9842255 0.9980974 0.98683035 0.99961257 0.9924427 0.9920673 0.9872032
0.52952236 0 0.20701279 0.99923354 0.64116156 0.9894442 0.9575869 0.96226203 0.64233804 0.6430448 0.99999183 0.99885464 0.982 0.99545324 0.99281836 0.96769285 0.97170067 0.9898184 0.98757625 0.99658537 0.9977191 0.98869646 0.9920673 0.9920673 1.0083846 0.98907024 0.99999183 0.9898184 0.98237044 0.98757625
0.5214621 0.20701279 0 0.9783054 0.6258027 0.9764649 0.95508146 0.96226203 0.62649405 0.63088745 0.9768326 0.9901927 0.9691478 0.98348296 0.982 0.9706055 0.97426224 0.9673296 0.9669665 1.0045581 1.0095364 0.97573 0.9695119 0.9775687 0.9860852 0.95080596 0.98051995 0.9831119 0.9706055 0.9853408
0.99999183 0.99923354 0.9783054 0 0.99961257 0.19278383 0.73575526 0.73149997 0.9939465 0.9980974 0.19394852 0.84156424 0.1900732 0.8592779 0.8530148 0.6315835 0.6297288 0.19020207 0.19136275 0.9583042 0.9583042 0.84495026 0.9511613 0.84495026 0.9433819 0.45165765 0.6406915 0.62926584 0.6306556 0.95151687
0.62996036 0.64116156 0.6258027 0.99961257 0 0.99169195 0.98645765 0.9962078 0.15927635 0.15865831 0.9860852 1.001891 0.9898184 1.01069 1.0095364 0.98832285 0.9931942 0.9691478 0.97499573 1.0068517 1.0118452 1.0207624 0.99131685 1.0231062 0.99734104 0.9958304 1.0049399 0.99131685 0.99131685 1.0168724
0.98832285 0.9894442 0.9764649 0.19278383 0.99169195 0 0.7280602 0.7320306 0.9894442 0.98645765 0.13602151 0.82907665 0.13326922 0.84711295 0.84587634 0.6269553 0.6294973 0.14300726 0.14518856 0.94867724 0.9493862 0.84217876 0.9388226 0.8406434 0.9242792 0.44402677 0.6304238 0.61142963 0.6123341 0.927372
0.9727974 0.9575869 0.95508146 0.73575526 0.98645765 0.7280602 0 0.1188366 0.98051995 0.9790429 0.7241107 0.84310144 0.7241107 0.8424862 0.8339251 0.7220128 0.7267414 0.7196597 0.7222747 0.9615409 0.96190137 0.85645306 0.9419761 0.85770726 0.93255514 0.7341567 0.7251619 0.7291169 0.7325615 0.93987226
0.97609735 0.96226203 0.96226203 0.73149997 0.9962078 0.7320306 0.1188366 0 0.990942 0.99056727 0.7304399 0.8446418 0.7296458 0.84340924 0.8366663 0.71887696 0.7241107 0.7254249 0.7267414 0.96841997 0.9691478 0.8514572 0.95258445 0.85114604 0.9504507 0.7301751 0.7267414 0.7241107 0.72044325 0.9391723
0.60849774 0.64233804 0.62649405 0.9939465 0.15927635 0.9894442 0.98051995 0.990942 0 0.10582713 0.99545324 1.0068517 0.9931942 1.0168724 1.0126165 0.9808897 0.98348296 0.97426224 0.9768326 1.0080011 1.01146 1.0258498 0.99961257 1.0238891 0.99734104 1.002652 1.002652 0.9872032 0.990942 0.99923354
0.6112037 0.6430448 0.63088745 0.9980974 0.15865831 0.98645765 0.9790429 0.99056727 0.10582713 0 0.9939465 1.0083846 0.99357027 1.0211525 1.0164845 0.9816297 0.9845971 0.9709704 0.9738958 1.015322 1.0157093 1.0211525 0.99281836 1.0199828 0.99847597 0.9939465 0.9894442 0.9943229 0.98907024 1.0049399
0.9931942 0.99999183 0.9768326 0.19394852 0.9860852 0.13602151 0.7241107 0.7304399 0.99545324 0.9939465 0 0.8284728 0.07425776 0.8542633 0.8486616 0.6315835 0.63228023 0.1408323 0.14264435 0.9483231 0.9504507 0.84217876 0.928061 0.84125715 0.93116945 0.44855958 0.6353068 0.6267246 0.61778367 0.9388226
0.99169195 0.99885464 0.9901927 0.84156424 1.001891 0.82907665 0.84310144 0.8446418 1.0068517 1.0083846 0.8284728 0 0.81857854 0.5146783 0.51229864 0.8542633 0.8640098 0.8212641 0.81977093 0.9543672 0.95472425 0.5091374 0.92771643 0.50874317 0.9374253 0.82156307 0.85270303 0.8437172 0.83605623 0.9511613
0.98757625 0.982 0.9691478 0.1900732 0.9898184 0.13326922 0.7241107 0.7296458 0.9931942 0.99357027 0.07425776 0.81857854 0 0.84156424 0.8354467 0.62741685 0.62903446 0.13830279 0.14034984 0.9518725 0.9511613 0.8236593 0.9322085 0.8242593 0.932902 0.4398806 0.63460726 0.6228142 0.6182396 0.9391723
0.9768326 0.99545324 0.98348296 0.8592779 1.01069 0.84711295 0.8424862 0.84340924 1.0168724 1.0211525 0.8542633 0.5146783 0.84156424 0 0.059390638 0.8455675 0.85207987 0.84928197 0.8474224 0.95794547 0.9611805 0.2712297 0.9395222 0.27338633 0.9493862 0.8555138 0.8486616 0.86749893 0.84156424 0.9568702
0.9779369 0.99281836 0.982 0.8530148 1.0095364 0.84587634 0.8339251 0.8366663 1.0126165 1.0164845 0.8486616 0.51229864 0.8354467 0.059390638 0 0.83483773 0.84095025 0.84340924 0.8400302 0.9522284 0.953297 0.27324238 0.9270277 0.2749718 0.9405729 0.84402525 0.84711295 0.8599071 0.83636117 0.9497408
0.98683035 0.96769285 0.9706055 0.6315835 0.98832285 0.6269553 0.7220128 0.71887696 0.9808897 0.9816297 0.6315835 0.8542633 0.62741685 0.8455675 0.83483773 0 0.028639937 0.62534213 0.62996036 0.9565121 0.9568702 0.84525883 0.93082345 0.8437172 0.9349863 0.6221262 0.56903803 0.5521454 0.56096655 0.93116945
0.99131685 0.97170067 0.97426224 0.6297288 0.9931942 0.6294973 0.7267414 0.7241107 0.98348296 0.9845971 0.63228023 0.8640098 0.62903446 0.85207987 0.84095025 0.028639937 0 0.627186 0.6315835 0.95794547 0.95794547 0.8523914 0.93324894 0.85114604 0.93324894 0.62373245 0.5724627 0.55381763 0.56202364 0.9349863
0.9727974 0.9898184 0.9673296 0.19020207 0.9691478 0.14300726 0.7196597 0.7254249 0.97426224 0.9709704 0.1408323 0.8212641 0.13830279 0.84928197 0.84340924 0.62534213 0.627186 0 0.020785378 0.9465546 0.9433819 0.82907665 0.9301319 0.829681 0.9229087 0.44855958 0.62880313 0.61369276 0.61482686 0.931862
0.97170067 0.98757625 0.9669665 0.19136275 0.97499573 0.14518856 0.7222747 0.7267414 0.9768326 0.9738958 0.14264435 0.81977093 0.14034984 0.8474224 0.8400302 0.62996036 0.6315835 0.020785378 0 0.94267863 0.9402225 0.828171 0.9335961 0.8284728 0.91915274 0.44983372 0.6320479 0.61664504 0.62006605 0.9287507
0.99999183 0.99658537 1.0045581 0.9583042 1.0068517 0.94867724 0.9615409 0.96841997 1.0080011 1.015322 0.9483231 0.9543672 0.9518725 0.95794547 0.9522284 0.9565121 0.95794547 0.9465546 0.94267863 0 0.015152031 0.95258445 0.56882447 0.9540103 0.58785117 0.9504507 0.97352946 0.9483231 0.9493862 0.3165008
1.001891 0.9977191 1.0095364 0.9583042 1.0118452 0.9493862 0.96190137 0.9691478 1.01146 1.0157093 0.9504507 0.95472425 0.9511613 0.9611805 0.953297 0.9568702 0.95794547 0.9433819 0.9402225 0.015152031 0 0.9575869 0.56711847 0.9590223 0.585228 0.95294064 0.9727974 0.94903165 0.946908 0.31619588
0.98348296 0.98869646 0.97573 0.84495026 1.0207624 0.84217876 0.85645306 0.8514572 1.0258498 1.0211525 0.84217876 0.5091374 0.8236593 0.2712297 0.27324238 0.84525883 0.8523914 0.82907665 0.828171 0.95258445 0.9575869 0 0.9259958 0.009155657 0.92119914 0.8461853 0.84310144 0.8517685 0.8514572 0.9440858
0.982 0.9920673 0.9695119 0.9511613 0.99131685 0.9388226 0.9419761 0.95258445 0.99961257 0.99281836 0.928061 0.92771643 0.9322085 0.9395222 0.9270277 0.93082345 0.93324894 0.9301319 0.9335961 0.56882447 0.56711847 0.9259958 0 0.92909575 0.49778837 0.9353342 0.95151687 0.9322085 0.93082345 0.55906755
0.9842255 0.9920673 0.9775687 0.84495026 1.0231062 0.8406434 0.85770726 0.85114604 1.0238891 1.0199828 0.84125715 0.50874317 0.8242593 0.27338633 0.2749718 0.8437172 0.85114604 0.829681 0.8284728 0.9540103 0.9590223 0.009155657 0.92909575 0 0.9232511 0.84525883 0.84217876 0.8502134 0.8499028 0.9440858
0.9980974 1.0083846 0.9860852 0.9433819 0.99734104 0.9242792 0.93255514 0.9504507 0.99734104 0.99847597 0.93116945 0.9374253 0.932902 0.9493862 0.9405729 0.9349863 0.93324894 0.9229087 0.91915274 0.58785117 0.585228 0.92119914 0.49778837 0.9232511 0 0.92085767 0.9458484 0.93847305 0.92017525 0.58239657
0.98683035 0.98907024 0.95080596 0.45165765 0.9958304 0.44402677 0.7341567 0.7301751 1.002652 0.9939465 0.44855958 0.82156307 0.4398806 0.8555138 0.84402525 0.6221262 0.62373245 0.44855958 0.44983372 0.9504507 0.95294064 0.8461853 0.9353342 0.84525883 0.92085767 0 0.62235546 0.63251257 0.62465185 0.9615409
0.99961257 0.99999183 0.98051995 0.6406915 1.0049399 0.6304238 0.7251619 0.7267414 1.002652 0.9894442 0.6353068 0.85270303 0.63460726 0.8486616 0.84711295 0.56903803 0.5724627 0.62880313 0.6320479 0.97352946 0.9727974 0.84310144 0.95151687 0.84217876 0.9458484 0.62235546 0 0.34525782 0.34051898 0.9637064
0.9924427 0.9898184 0.9831119 0.62926584 0.99131685 0.61142963 0.7291169 0.7241107 0.9872032 0.9943229 0.6267246 0.8437172 0.6228142 0.86749893 0.8599071 0.5521454 0.55381763 0.61369276 0.61664504 0.9483231 0.94903165 0.8517685 0.9322085 0.8502134 0.93847305 0.63251257 0.34525782 0 0.34004673 0.94903165
0.9920673 0.98237044 0.9706055 0.6306556 0.99131685 0.6123341 0.7325615 0.72044325 0.990942 0.98907024 0.61778367 0.83605623 0.6182396 0.84156424 0.83636117 0.56096655 0.56202364 0.61482686 0.62006605 0.9493862 0.946908 0.8514572 0.93082345 0.8499028 0.92017525 0.62465185 0.34051898 0.34004673 0 0.944438
0.9872032 0.98757625 0.9853408 0.95151687 1.0168724 0.927372 0.93987226 0.9391723 0.99923354 1.0049399 0.9388226 0.9511613 0.9391723 0.9568702 0.9497408 0.93116945 0.9349863 0.931862 0.9287507 0.3165008 0.31619588 0.9440858 0.55906755 0.9440858 0.58239657 0.9615409 0.9637064 0.94903165 0.944438 0
