0 1.0045581 0.9924427 0.5198604 0.53195745 0.52246493 0.9845971 0.9950763 0.52387106 0.52106136 0.51289284 0.5172649 0.5182621 0.52689326 0.5250785 0.5283078 0.5279034 1.005704 1.0137748 0.9939465 0.9969631 0.5240722 1.0091523 0.52447456 1.0133885 0.99999183 0.52487713 0.53256744 0.530536 0.98869646
1.0045581 0 0.5419835 1.0060863 1.018426 1.0149349 0.54652894 0.5434268 1.01069 1.0199828 1.0041765 1.0133885 1.001891 1.0203725 1.0149349 1.0223241 1.014548 0.88682157 0.87967867 0.19317186 0.19745351 1.0034139 0.31482518 1.0049399 0.8812961 0.5434268 1.0242808 1.0137748 1.0137748 0.15828773
0.9924427 0.5419835 0 0.9687838 0.9872032 0.9969631 0.15177076 0.15128121 0.9920673 0.9924427 0.9775687 0.9901927 0.97316337 0.9857129 0.98237044 0.9872032 0.97978103 0.85207987 0.853951 0.5578042 0.560333 0.9845971 0.54673624 0.9845971 0.8489717 0.2675062 1.0034139 1.001891 0.9924427 0.54611456
0.5198604 1.0060863 0.9687838 0 0.15508364 0.21669547 0.9637064 0.97170067 0.35562924 0.35306293 0.34795654 0.3333104 0.35370368 0.21776423 0.21776423 0.37797028 0.37154236 0.9827411 0.98907024 1.0118452 1.0064689 0.22097966 0.9980974 0.22111394 0.9946995 0.9673296 0.35130367 0.36696118 0.35226277 1.0045581
0.53195745 1.018426 0.9872032 0.15508364 0 0.22071119 0.97867405 0.9962078 0.35852686 0.35034582 0.34763852 0.33674935 0.35002682 0.21977226 0.22071119 0.3768125 0.3733498 0.990942 1.0015109 1.0199828 1.01146 0.2223235 1.0103053 0.22218902 1.0099207 0.9860852 0.35933372 0.36516908 0.35402426 1.0068517
0.52246493 1.0149349 0.9969631 0.21669547 0.22071119 0 0.9894442 0.99885464 0.35290283 0.34684414 0.34891135 0.3333104 0.34732068 0.13494332 0.1369812 0.3697393 0.36761394 0.97978103 1.0003713 1.0080011 1.0015109 0.1104475 1.0076177 0.1104475 0.98869646 0.99658537 0.3508246 0.3601415 0.3450994 1.0064689
0.9845971 0.54652894 0.15177076 0.9637064 0.97867405 0.9894442 0 0.115796365 0.9831119 0.9842255 0.97206604 0.9779369 0.97206604 0.98125964 0.98051995 0.98832285 0.9838541 0.85520095 0.86337715 0.55885684 0.560333 0.9783054 0.5584356 0.9801504 0.85959244 0.27281064 0.9860852 0.9977191 0.99357027 0.55172795
0.9950763 0.5434268 0.15128121 0.97170067 0.9962078 0.99885464 0.115796365 0 1.0015109 0.9920673 0.9801504 0.98794943 0.97941184 0.9872032 0.990942 0.99847597 0.9924427 0.8573935 0.85864925 0.5557034 0.5575939 0.9924427 0.55991095 0.99281836 0.86179787 0.27453908 0.99847597 1.0022715 0.99131685 0.54673624
0.52387106 1.01069 0.9920673 0.35562924 0.35852686 0.35290283 0.9831119 1.0015109 0 0.11334976 0.12235993 0.34320065 0.12755762 0.35210282 0.35210282 0.3743375 0.3685941 1.000751 1.0141612 1.0087683 1.0110749 0.35723764 1.0141612 0.35820433 0.9962078 1.0011308 0.30170265 0.3077075 0.30155316 1.0168724
0.52106136 1.0199828 0.9924427 0.35306293 0.35034582 0.34684414 0.9842255 0.9920673 0.11334976 0 0.11942267 0.33753312 0.120243944 0.34891135 0.34986734 0.36745068 0.3650064 0.9857129 0.99847597 1.0087683 1.0149349 0.35034582 1.01069 0.3508246 0.98348296 0.99847597 0.30080608 0.3074061 0.30005974 1.0072346
0.51289284 1.0041765 0.9775687 0.34795654 0.34763852 0.34891135 0.97206604 0.9801504 0.12235993 0.11942267 0 0.33424672 0.10663364 0.34859294 0.34986734 0.366472 0.36062655 0.99357027 1.0034139 0.99545324 1.0003713 0.35146344 1.0003713 0.35194293 0.98757625 0.9958304 0.2991651 0.30289978 0.2950042 0.99847597
0.5172649 1.0133885 0.9901927 0.3333104 0.33674935 0.3333104 0.9779369 0.98794943 0.34320065 0.33753312 0.33424672 0 0.34146434 0.33627945 0.33237523 0.3635436 0.35723764 0.96841997 0.98237044 1.015322 1.01069 0.33706275 1.0037951 0.33847472 0.9816297 0.98348296 0.3422531 0.35595062 0.34462425 0.9943229
0.5182621 1.001891 0.97316337 0.35370368 0.35002682 0.34732068 0.97206604 0.97941184 0.12755762 0.120243944 0.10663364 0.34146434 0 0.3487521 0.34795654 0.3677772 0.35949522 0.9842255 0.99885464 1.0060863 1.01146 0.35002682 0.99961257 0.35130367 0.98683035 0.9920673 0.30379888 0.31042543 0.30170265 1.0080011
0.52689326 1.0203725 0.9857129 0.21776423 0.21977226 0.13494332 0.98125964 0.9872032 0.35210282 0.34891135 0.34859294 0.33627945 0.3487521 0 0.08347805 0.36663502 0.3635436 0.97609735 0.9950763 1.0099207 0.9980974 0.13734141 1.0076177 0.13734141 0.99885464 0.9857129 0.3562722 0.36794052 0.35258272 1.0072346
0.5250785 1.0149349 0.98237044 0.21776423 0.22071119 0.1369812 0.98051995 0.990942 0.35210282 0.34986734 0.34986734 0.33237523 0.34795654 0.08347805 0 0.3687576 0.36565742 0.98125964 1.0003713 1.005704 0.9977191 0.14010872 1.001891 0.14010872 1.005704 0.9860852 0.3551474 0.36565742 0.35226277 1.0015109
0.5283078 1.0223241 0.9872032 0.37797028 0.3768125 0.3697393 0.98832285 0.99847597 0.3743375 0.36745068 0.366472 0.3635436 0.3677772 0.36663502 0.3687576 0 0.07172267 1.0003713 1.0149349 1.0168724 1.0180373 0.37072223 1.0141612 0.37105018 1.0195932 0.9901927 0.38062337 0.38278595 0.3749967 1.0083846
0.5279034 1.014548 0.97978103 0.37154236 0.3733498 0.36761394 0.9838541 0.9924427 0.3685941 0.3650064 0.36062655 0.35723764 0.35949522 0.3635436 0.36565742 0.07172267 0 0.9920673 1.0037951 1.01069 1.0133885 0.36696118 1.0015109 0.36794052 1.0149349 0.9894442 0.37697777 0.3789641 0.3708862 1.0011308
1.005704 0.88682157 0.85207987 0.9827411 0.990942 0.97978103 0.85520095 0.8573935 1.000751 0.9857129 0.99357027 0.96841997 0.9842255 0.97609735 0.98125964 1.0003713 0.9920673 0 0.06373281 0.8920595 0.8956819 0.9831119 0.9029796 0.98237044 0.28821814 0.84340924 0.99734104 1.000751 0.99923354 0.8855178
1.0137748 0.87967867 0.853951 0.98907024 1.0015109 1.0003713 0.86337715 0.85864925 1.0141612 0.99847597 1.0034139 0.98237044 0.99885464 0.9950763 1.0003713 1.0149349 1.0037951 0.06373281 0 0.8937039 0.89469224 0.9924427 0.9013148 0.99131685 0.28851193 0.8489717 1.0064689 1.0037951 1.0037951 0.88259256
0.9939465 0.19317186 0.5578042 1.0118452 1.0199828 1.0080011 0.55885684 0.5557034 1.0087683 1.0087683 0.99545324 1.015322 1.0060863 1.0099207 1.005704 1.0168724 1.01069 0.8920595 0.8937039 0 0.059823725 0.99734104 0.3201698 0.99847597 0.8983274 0.556543 1.0087683 1.0122308 1.0045581 0.19343066
0.9969631 0.19745351 0.560333 1.0064689 1.01146 1.0015109 0.560333 0.5575939 1.0110749 1.0149349 1.0003713 1.01069 1.01146 0.9980974 0.9977191 1.0180373 1.0133885 0.8956819 0.89469224 0.059823725 0 0.9901927 0.32462722 0.9920673 0.90665525 0.55906755 1.0080011 1.0110749 0.99999183 0.19810438
0.5240722 1.0034139 0.9845971 0.22097966 0.2223235 0.1104475 0.9783054 0.9924427 0.35723764 0.35034582 0.35146344 0.33706275 0.35002682 0.13734141 0.14010872 0.37072223 0.36696118 0.9831119 0.9924427 0.99734104 0.9901927 0 0.99961257 0.0047147884 0.99923354 0.9931942 0.35386395 0.36273217 0.35226277 0.9950763
1.0091523 0.31482518 0.54673624 0.9980974 1.0103053 1.0076177 0.5584356 0.55991095 1.0141612 1.01069 1.0003713 1.0037951 0.99961257 1.0076177 1.001891 1.0141612 1.0015109 0.9029796 0.9013148 0.3201698 0.32462722 0.99961257 0 0.99999183 0.90098226 0.5393104 1.0180373 1.0203725 1.0258498 0.31315327
0.52447456 1.0049399 0.9845971 0.22111394 0.22218902 0.1104475 0.9801504 0.99281836 0.35820433 0.3508246 0.35194293 0.33847472 0.35130367 0.13734141 0.14010872 0.37105018 0.36794052 0.98237044 0.99131685 0.99847597 0.9920673 0.0047147884 0.99999183 0 0.99847597 0.9920673 0.3545054 0.36338124 0.35178307 0.9950763
1.0133885 0.8812961 0.8489717 0.9946995 1.0099207 0.98869646 0.85959244 0.86179787 0.9962078 0.98348296 0.98757625 0.9816297 0.98683035 0.99885464 1.005704 1.0195932 1.0149349 0.28821814 0.28851193 0.8983274 0.90665525 0.99923354 0.90098226 0.99847597 0 0.86718106 1.0083846 1.0064689 1.002652 0.88291705
0.99999183 0.5434268 0.2675062 0.9673296 0.9860852 0.99658537 0.27281064 0.27453908 1.0011308 0.99847597 0.9958304 0.98348296 0.9920673 0.9857129 0.9860852 0.9901927 0.9894442 0.84340924 0.8489717 0.556543 0.55906755 0.9931942 0.5393104 0.9920673 0.86718106 0 0.9969631 1.018426 0.9920673 0.54902
0.52487713 1.0242808 1.0034139 0.35130367 0.35933372 0.3508246 0.9860852 0.99847597 0.30170265 0.30080608 0.2991651 0.3422531 0.30379888 0.3562722 0.3551474 0.38062337 0.37697777 0.99734104 1.0064689 1.0087683 1.0080011 0.35386395 1.0180373 0.3545054 1.0083846 0.9969631 0 0.24291384 0.24098085 1.018426
0.53256744 1.0137748 1.001891 0.36696118 0.36516908 0.3601415 0.9977191 1.0022715 0.3077075 0.3074061 0.30289978 0.35595062 0.31042543 0.36794052 0.36565742 0.38278595 0.3789641 1.000751 1.0037951 1.0122308 1.0110749 0.36273217 1.0203725 0.36338124 1.0064689 1.018426 0.24291384 0 0.21937022 1.014548
0.530536 1.0137748 0.9924427 0.35226277 0.35402426 0.3450994 0.99357027 0.99131685 0.30155316 0.30005974 0.2950042 0.34462425 0.30170265 0.35258272 0.35226277 0.3749967 0.3708862 0.99923354 1.0037951 1.0045581 0.99999183 0.35226277 1.0258498 0.35178307 1.002652 0.9920673 0.24098085 0.21937022 0 1.0037951
0.98869646 0.15828773 0.54611456 1.0045581 1.0068517 1.0064689 0.55172795 0.54673624 1.0168724 1.0072346 0.99847597 0.9943229 1.0080011 1.0072346 1.0015109 1.0083846 1.0011308 0.8855178 0.88259256 0.19343066 0.19810438 0.9950763 0.31315327 0.9950763 0.88291705 0.54902 1.018426 1.014548 1.0037951 0
