0 0.9738958 0.9644296 0.97499573 0.97206604 0.9695119 0.98237044 0.9543672 0.9583042 0.9536536 0.9673296 0.9768326 0.9655158 0.9658782 0.96769285 0.9335961 0.93812364 0.97024083 0.97206604 0.9816297 0.9845971 0.96334505 0.9572284 0.9644296 0.9698763 0.9504507 0.9604604 0.97499573 0.9698763 0.95472425
0.9738958 0 0.24804658 0.5548647 0.5544457 0.56117785 0.5548647 0.654684 0.6442242 0.31027418 0.5519366 0.75712734 0.55131066 0.5523542 0.55131066 0.3935244 0.3911622 0.30861238 0.30997178 0.2493004 0.24999788 0.5559132 0.6582834 0.5554936 0.5607553 0.6442242 0.39234236 0.23070954 0.5584356 0.20714457
0.9644296 0.24804658 0 0.56456673 0.55381763 0.5641423 0.56012195 0.65564215 0.6449328 0.31315327 0.55885684 0.75384146 0.55906755 0.5523542 0.5573836 0.40219304 0.4008266 0.31300145 0.3145209 0.20530151 0.20635414 0.55948913 0.66456366 0.5597 0.5724627 0.6470625 0.4004854 0.2582775 0.56711847 0.24471323
0.97499573 0.5548647 0.56456673 0 0.18942927 0.1900732 0.18878588 0.6522939 0.6539662 0.55801463 0.18570527 0.77856135 0.18583338 0.18480913 0.18570527 0.5578042 0.5573836 0.5582251 0.56054413 0.5624469 0.56477904 0.18994439 0.6694307 0.1900732 0.39032033 0.65516293 0.56584156 0.5624469 0.22407411 0.5550743
0.97206604 0.5544457 0.55381763 0.18942927 0 0.18340309 0.1835308 0.65612173 0.6520554 0.5531901 0.17831227 0.7693002 0.1798359 0.1764121 0.17970881 0.55131066 0.5554936 0.5523542 0.5573836 0.56202364 0.56456673 0.18148997 0.6696748 0.18161736 0.3914992 0.66504896 0.56754464 0.5578042 0.2289434 0.5531901
0.9695119 0.56117785 0.5641423 0.1900732 0.18340309 0 0.17099145 0.6575622 0.6542054 0.5613892 0.17869289 0.7751804 0.1790737 0.17679176 0.1762856 0.560333 0.5607553 0.5597 0.5616006 0.5656289 0.56818426 0.17996301 0.6713863 0.18009013 0.3914992 0.66359407 0.57482624 0.5630822 0.2290791 0.5569632
0.98237044 0.5548647 0.56012195 0.18878588 0.1835308 0.17099145 0 0.65972805 0.66480625 0.5582251 0.17514798 0.7757428 0.1759062 0.17086585 0.1723744 0.556333 0.5561231 0.5578042 0.5607553 0.56054413 0.56350607 0.17729825 0.6812419 0.17755163 0.39403155 0.67016345 0.5711766 0.56117785 0.22826521 0.5559132
0.9543672 0.654684 0.65564215 0.6522939 0.65612173 0.6575622 0.65972805 0 0.15977116 0.6520554 0.6590054 0.7620833 0.65444463 0.6619002 0.662142 0.6539662 0.65038735 0.6539662 0.6532491 0.6580429 0.65660155 0.66504896 0.3962332 0.6643211 0.67212105 0.25321466 0.6604514 0.64328057 0.6604514 0.6465887
0.9583042 0.6442242 0.6449328 0.6539662 0.6520554 0.6542054 0.66480625 0.15977116 0 0.6470625 0.65444463 0.7640195 0.65348804 0.6575622 0.65516293 0.6570817 0.6558819 0.6484856 0.64919823 0.6558819 0.65540254 0.6599691 0.401168 0.6599691 0.6733471 0.24762909 0.6570817 0.64045656 0.6477737 0.64233804
0.9536536 0.31027418 0.31315327 0.55801463 0.5531901 0.5613892 0.5582251 0.6520554 0.6470625 0 0.5544457 0.74975425 0.5536084 0.5523542 0.55402696 0.3914992 0.3911622 0.07051326 0.07227305 0.31589106 0.3165008 0.5561231 0.6590054 0.5559132 0.5552839 0.6461152 0.39895183 0.32170385 0.5656289 0.3084615
0.9673296 0.5519366 0.55885684 0.18570527 0.17831227 0.17869289 0.17514798 0.6590054 0.65444463 0.5544457 0 0.7757428 0.059174187 0.16573443 0.16598392 0.56012195 0.56012195 0.5515193 0.5569632 0.5573836 0.55991095 0.10169299 0.6696748 0.10157848 0.38278595 0.66577744 0.5733213 0.556543 0.22609913 0.55172795
0.9768326 0.75712734 0.75384146 0.77856135 0.7693002 0.7751804 0.7757428 0.7620833 0.7640195 0.74975425 0.7757428 0 0.77209455 0.778279 0.7825251 0.7483968 0.74677104 0.7432607 0.74893945 0.7579511 0.7590508 0.7751804 0.762636 0.7760242 0.76790696 0.76429653 0.75603044 0.75165886 0.7893693 0.7527494
0.9655158 0.55131066 0.55906755 0.18583338 0.1798359 0.1790737 0.1759062 0.65444463 0.65348804 0.5536084 0.059174187 0.77209455 0 0.16623351 0.16598392 0.5571734 0.5584356 0.5494359 0.5536084 0.5586462 0.5607553 0.102151215 0.67114156 0.10203663 0.38629258 0.65972805 0.5677578 0.5531901 0.22785859 0.55172795
0.9658782 0.5523542 0.5523542 0.18480913 0.1764121 0.17679176 0.17086585 0.6619002 0.6575622 0.5523542 0.16573443 0.778279 0.16623351 0 0.06405949 0.556543 0.5561231 0.5504769 0.55277205 0.5550743 0.5575939 0.16635834 0.67261124 0.16598392 0.38612524 0.6542054 0.5626586 0.5616006 0.22420895 0.5475659
0.96769285 0.55131066 0.5573836 0.18570527 0.17970881 0.1762856 0.1723744 0.662142 0.65516293 0.55402696 0.16598392 0.7825251 0.16598392 0.06405949 0 0.5548647 0.5544457 0.5494359 0.5523542 0.56054413 0.5626586 0.16785783 0.67163116 0.16785783 0.38964754 0.6599691 0.5628704 0.55991095 0.22718139 0.55172795
0.9335961 0.3935244 0.40219304 0.5578042 0.55131066 0.560333 0.556333 0.6539662 0.6570817 0.3914992 0.56012195 0.7483968 0.5571734 0.556543 0.5548647 0 0.045981143 0.3914992 0.39369342 0.40321952 0.40476185 0.56012195 0.6662635 0.55948913 0.55991095 0.6539662 0.24056728 0.40031484 0.56520385 0.39065698
0.93812364 0.3911622 0.4008266 0.5573836 0.5554936 0.5607553 0.5561231 0.65038735 0.6558819 0.3911622 0.56012195 0.74677104 0.5584356 0.5561231 0.5544457 0.045981143 0 0.39183635 0.3935244 0.39640284 0.39878163 0.56393015 0.66286767 0.5628704 0.556333 0.65110177 0.24236105 0.40236402 0.5643545 0.38897535
0.97024083 0.30861238 0.31300145 0.5582251 0.5523542 0.5597 0.5578042 0.6539662 0.6484856 0.07051326 0.5515193 0.7432607 0.5494359 0.5504769 0.5494359 0.3914992 0.39183635 0 0.014947977 0.31406474 0.31482518 0.55402696 0.6530102 0.5533992 0.55885684 0.64635193 0.3975913 0.31802738 0.5669055 0.30560035
0.97206604 0.30997178 0.3145209 0.56054413 0.5573836 0.5616006 0.5607553 0.6532491 0.64919823 0.07227305 0.5569632 0.74893945 0.5536084 0.55277205 0.5523542 0.39369342 0.3935244 0.014947977 0 0.31543407 0.31589106 0.5569632 0.65564215 0.556333 0.5628704 0.64801097 0.39946267 0.3201698 0.567971 0.30785823
0.9816297 0.2493004 0.20530151 0.5624469 0.56202364 0.5656289 0.56054413 0.6580429 0.6558819 0.31589106 0.5573836 0.7579511 0.5586462 0.5550743 0.56054413 0.40321952 0.39640284 0.31406474 0.31543407 0 0.010777061 0.5597 0.6623838 0.55906755 0.56626695 0.6465887 0.3970817 0.26153007 0.56584156 0.24804658
0.9845971 0.24999788 0.20635414 0.56477904 0.56456673 0.56818426 0.56350607 0.65660155 0.65540254 0.3165008 0.55991095 0.7590508 0.5607553 0.5575939 0.5626586 0.40476185 0.39878163 0.31482518 0.31589106 0.010777061 0 0.5624469 0.66456366 0.5618121 0.5677578 0.64801097 0.3979312 0.26153007 0.56818426 0.24888222
0.96334505 0.5559132 0.55948913 0.18994439 0.18148997 0.17996301 0.17729825 0.66504896 0.6599691 0.5561231 0.10169299 0.7751804 0.102151215 0.16635834 0.16785783 0.56012195 0.56393015 0.55402696 0.5569632 0.5597 0.5624469 0 0.68000287 0.0031064244 0.38998386 0.67163116 0.5724627 0.55885684 0.2277231 0.5575939
0.9572284 0.6582834 0.66456366 0.6694307 0.6696748 0.6713863 0.6812419 0.3962332 0.401168 0.6590054 0.6696748 0.762636 0.67114156 0.67261124 0.67163116 0.6662635 0.66286767 0.6530102 0.65564215 0.6623838 0.66456366 0.68000287 0 0.6802505 0.675067 0.40253505 0.66456366 0.6578025 0.6616586 0.6522939
0.9644296 0.5554936 0.5597 0.1900732 0.18161736 0.18009013 0.17755163 0.6643211 0.6599691 0.5559132 0.10157848 0.7760242 0.10203663 0.16598392 0.16785783 0.55948913 0.5628704 0.5533992 0.556333 0.55906755 0.5618121 0.0031064244 0.6802505 0 0.38998386 0.67040783 0.57224816 0.5584356 0.22718139 0.556543
0.9698763 0.5607553 0.5724627 0.39032033 0.3914992 0.3914992 0.39403155 0.67212105 0.6733471 0.5552839 0.38278595 0.76790696 0.38629258 0.38612524 0.38964754 0.55991095 0.556333 0.55885684 0.5628704 0.56626695 0.5677578 0.38998386 0.675067 0.38998386 0 0.6699191 0.5669055 0.5709624 0.39895183 0.5624469
0.9504507 0.6442242 0.6470625 0.65516293 0.66504896 0.66359407 0.67016345 0.25321466 0.24762909 0.6461152 0.66577744 0.76429653 0.65972805 0.6542054 0.6599691 0.6539662 0.65110177 0.64635193 0.64801097 0.6465887 0.64801097 0.67163116 0.40253505 0.67040783 0.6699191 0 0.6602102 0.64469653 0.6590054 0.64257354
0.9604604 0.39234236 0.4004854 0.56584156 0.56754464 0.57482624 0.5711766 0.6604514 0.6570817 0.39895183 0.5733213 0.75603044 0.5677578 0.5626586 0.5628704 0.24056728 0.24236105 0.3975913 0.39946267 0.3970817 0.3979312 0.5724627 0.66456366 0.57224816 0.5669055 0.6602102 0 0.40321952 0.5791428 0.38998386
0.97499573 0.23070954 0.2582775 0.5624469 0.5578042 0.5630822 0.56117785 0.64328057 0.64045656 0.32170385 0.556543 0.75165886 0.5531901 0.5616006 0.55991095 0.40031484 0.40236402 0.31802738 0.3201698 0.26153007 0.26153007 0.55885684 0.6578025 0.5584356 0.5709624 0.64469653 0.40321952 0 0.56223524 0.2330254
0.9698763 0.5584356 0.56711847 0.22407411 0.2289434 0.2290791 0.22826521 0.6604514 0.6477737 0.5656289 0.22609913 0.7893693 0.22785859 0.22420895 0.22718139 0.56520385 0.5643545 0.5669055 0.567971 0.56584156 0.56818426 0.2277231 0.6616586 0.22718139 0.39895183 0.6590054 0.5791428 0.56223524 0 0.556333
0.95472425 0.20714457 0.24471323 0.5550743 0.5531901 0.5569632 0.5559132 0.6465887 0.64233804 0.3084615 0.55172795 0.7527494 0.55172795 0.5475659 0.55172795 0.39065698 0.38897535 0.30560035 0.30785823 0.24804658 0.24888222 0.5575939 0.6522939 0.556543 0.5624469 0.64257354 0.38998386 0.2330254 0.556333 0
