0 0.9857129 0.92462224 0.9174517 0.9069903 0.90900373 0.9086678 0.90900373 0.9046481 0.90900373 0.91643286 0.5935663 0.93847305 0.9497408 0.8812961 0.8940332 0.9133848 0.9133848 0.9167723 0.8970035 0.8983274 0.90231323 0.5935663 0.8996537 0.9053166 0.8904187 0.8864954 0.91541547 0.8887815 1.0022715
0.9857129 0 1.0141612 1.0130024 1.0215429 1.0110749 1.0099207 1.0118452 1.0219333 0.99923354 1.0083846 1.0188149 1.0227151 1.0234975 0.9872032 0.99545324 1.015322 1.0133885 1.0254573 1.0137748 1.015322 1.0110749 1.0011308 1.0130024 0.99357027 0.990942 1.0164845 1.0313674 0.9958304 0.29856926
0.92462224 1.0141612 0 0.24056728 0.58938557 0.58610135 0.5828315 0.57762915 0.58675706 0.57762915 0.5789264 0.93116945 0.58588296 0.58763224 0.5735361 0.5739659 0.57957584 0.5756876 0.56818426 0.5808764 0.582614 0.5907033 0.9458484 0.5948914 0.56903803 0.58239657 0.57827747 0.58807015 0.5707484 1.0238891
0.9174517 1.0130024 0.24056728 0 0.5887276 0.58938557 0.571605 0.5767656 0.57762915 0.58065945 0.58653843 0.91439945 0.585228 0.58588296 0.5739659 0.57267725 0.58828926 0.58675706 0.5784937 0.57010657 0.5789264 0.5951125 0.91473794 0.5977705 0.56626695 0.58239657 0.57439595 0.57871 0.56754464 1.018426
0.9069903 1.0215429 0.58938557 0.5887276 0 0.5756876 0.57482624 0.24748999 0.56223524 0.57525676 0.58828926 0.9096761 0.37846702 0.38078952 0.57181937 0.57181937 0.591363 0.5800091 0.5802258 0.5637181 0.5677578 0.24971882 0.9259958 0.25097546 0.5584356 0.42793173 0.58850837 0.5778452 0.56117785 1.0238891
0.90900373 1.0110749 0.58610135 0.58938557 0.5756876 0 0.21283394 0.56733155 0.25167447 0.4660386 0.5529811 0.91915274 0.57719725 0.5828315 0.466411 0.46380812 0.556543 0.55110216 0.5531901 0.2451291 0.24902159 0.5819619 0.9133848 0.58174473 0.43736804 0.57590306 0.41686726 0.46585247 0.3312857 1.0168724
0.9086678 1.0099207 0.5828315 0.571605 0.57482624 0.21283394 0 0.56818426 0.25181437 0.45807657 0.5454935 0.90164745 0.5711766 0.5808764 0.4566045 0.45807657 0.54652894 0.5399264 0.54694355 0.2436054 0.24623917 0.5837021 0.9069903 0.58653843 0.43059036 0.57010657 0.40665123 0.4586293 0.32170385 1.0258498
0.90900373 1.0118452 0.57762915 0.5767656 0.24748999 0.56733155 0.56818426 0 0.5632941 0.57482624 0.58544624 0.9287507 0.38178706 0.37615168 0.5698927 0.5741809 0.5920233 0.5819619 0.58304906 0.55885684 0.56350607 0.1633683 0.92771643 0.16511104 0.55402696 0.4205373 0.57719725 0.56626695 0.5575939 1.001891
0.9046481 1.0219333 0.58675706 0.57762915 0.56223524 0.25167447 0.25181437 0.5632941 0 0.4571562 0.5475659 0.908332 0.5754721 0.5720337 0.45899805 0.4571562 0.55172795 0.54652894 0.5483964 0.13398623 0.13602151 0.5741809 0.9036466 0.57806134 0.43005788 0.56967896 0.39963302 0.46548036 0.3226258 1.0337447
0.90900373 0.99923354 0.57762915 0.58065945 0.57525676 0.4660386 0.45807657 0.57482624 0.4571562 0 0.5471509 0.90231323 0.58174473 0.58131045 0.134345 0.13291097 0.54860425 0.5403374 0.5473584 0.4463804 0.44765082 0.58174473 0.9160936 0.582614 0.45531887 0.57461107 0.46696994 0.36533183 0.46029004 1.0130024
0.91643286 1.0083846 0.5789264 0.58653843 0.58828926 0.5529811 0.5454935 0.58544624 0.5475659 0.5471509 0 0.9395222 0.59004414 0.591363 0.5413658 0.5391052 0.13040799 0.1260182 0.12969437 0.5376702 0.54528654 0.5948914 0.9205164 0.59533364 0.5386949 0.573751 0.54860425 0.55131066 0.5356249 1.0246727
0.5935663 1.0188149 0.93116945 0.91439945 0.9096761 0.91915274 0.90164745 0.9287507 0.908332 0.90231323 0.9395222 0 0.9287507 0.9395222 0.8943626 0.88943595 0.936379 0.93324894 0.9419761 0.91169673 0.91711193 0.92154074 0.5784937 0.9174517 0.90799636 0.89304566 0.9069903 0.92393637 0.9043141 1.0172604
0.93847305 1.0227151 0.58588296 0.585228 0.37846702 0.57719725 0.5711766 0.38178706 0.5754721 0.58174473 0.59004414 0.9287507 0 0.11544636 0.5733213 0.5750415 0.5948914 0.58785117 0.58982456 0.5660542 0.57461107 0.38595793 0.93151563 0.3866274 0.5584356 0.4297031 0.58174473 0.58413774 0.5763342 1.0437315
0.9497408 1.0234975 0.58763224 0.58588296 0.38078952 0.5828315 0.5808764 0.37615168 0.5720337 0.58131045 0.591363 0.9395222 0.11544636 0 0.58152753 0.5837021 0.59954774 0.5920233 0.5929046 0.5692516 0.5763342 0.37979326 0.9465546 0.3812881 0.5641423 0.42740113 0.5847917 0.585228 0.5774132 1.0417235
0.8812961 0.9872032 0.5735361 0.5739659 0.57181937 0.466411 0.4566045 0.5698927 0.45899805 0.134345 0.5413658 0.8943626 0.5733213 0.58152753 0 0.111259006 0.5454935 0.5333815 0.54054296 0.44983372 0.45202297 0.5756876 0.9069903 0.5789264 0.45513538 0.56754464 0.46883607 0.3700668 0.458445 0.9860852
0.8940332 0.99545324 0.5739659 0.57267725 0.57181937 0.46380812 0.45807657 0.5741809 0.4571562 0.13291097 0.5391052 0.88943595 0.5750415 0.5837021 0.111259006 0 0.5426017 0.5335852 0.54013187 0.4461991 0.4478325 0.5808764 0.9133848 0.5837021 0.45111 0.56818426 0.4660386 0.3685941 0.45257127 0.9872032
0.9133848 1.015322 0.57957584 0.58828926 0.591363 0.556543 0.54652894 0.5920233 0.55172795 0.54860425 0.13040799 0.936379 0.5948914 0.59954774 0.5454935 0.5426017 0 0.099406056 0.10180752 0.54013187 0.5475659 0.59599745 0.93255514 0.5982144 0.5407486 0.58174473 0.5544457 0.55089366 0.537875 1.0313674
0.9133848 1.0133885 0.5756876 0.58675706 0.5800091 0.55110216 0.5399264 0.5819619 0.54652894 0.5403374 0.1260182 0.93324894 0.58785117 0.5920233 0.5333815 0.5335852 0.099406056 0 0.07469952 0.53644234 0.54095423 0.59422857 0.9266836 0.59599745 0.5380799 0.58174473 0.5454935 0.55277205 0.5317542 1.0234975
0.9167723 1.0254573 0.56818426 0.5784937 0.5802258 0.5531901 0.54694355 0.58304906 0.5483964 0.5473584 0.12969437 0.9419761 0.58982456 0.5929046 0.54054296 0.54013187 0.10180752 0.07469952 0 0.5397211 0.5444594 0.59180313 0.9335961 0.59533364 0.5413658 0.5784937 0.5531901 0.5569632 0.5335852 1.030972
0.8970035 1.0137748 0.5808764 0.57010657 0.5637181 0.2451291 0.2436054 0.55885684 0.13398623 0.4463804 0.5376702 0.91169673 0.5660542 0.5692516 0.44983372 0.4461991 0.54013187 0.53644234 0.5397211 0 0.06362395 0.5694652 0.9053166 0.57482624 0.4245776 0.56456673 0.39861146 0.45111 0.31833306 1.0195932
0.8983274 1.015322 0.582614 0.5789264 0.5677578 0.24902159 0.24623917 0.56350607 0.13602151 0.44765082 0.54528654 0.91711193 0.57461107 0.5763342 0.45202297 0.4478325 0.5475659 0.54095423 0.5444594 0.06362395 0 0.5763342 0.92154074 0.5819619 0.4268709 0.57267725 0.40150952 0.45623696 0.32293335 1.0242808
0.90231323 1.0110749 0.5907033 0.5951125 0.24971882 0.5819619 0.5837021 0.1633683 0.5741809 0.58174473 0.5948914 0.92154074 0.38595793 0.37979326 0.5756876 0.5808764 0.59599745 0.59422857 0.59180313 0.5694652 0.5763342 0 0.9256522 0.031033278 0.56054413 0.4268709 0.582614 0.58588296 0.5735361 1.0211525
0.5935663 1.0011308 0.9458484 0.91473794 0.9259958 0.9133848 0.9069903 0.92771643 0.9036466 0.9160936 0.9205164 0.5784937 0.93151563 0.9465546 0.9069903 0.9133848 0.93255514 0.9266836 0.9335961 0.9053166 0.92154074 0.9256522 0 0.92085767 0.8940332 0.89766514 0.8933747 0.9029796 0.90098226 1.0064689
0.8996537 1.0130024 0.5948914 0.5977705 0.25097546 0.58174473 0.58653843 0.16511104 0.57806134 0.582614 0.59533364 0.9174517 0.3866274 0.3812881 0.5789264 0.5837021 0.5982144 0.59599745 0.59533364 0.57482624 0.5819619 0.031033278 0.92085767 0 0.56096655 0.4293485 0.58588296 0.58653843 0.57289183 1.0172604
0.9053166 0.99357027 0.56903803 0.56626695 0.5584356 0.43736804 0.43059036 0.55402696 0.43005788 0.45531887 0.5386949 0.90799636 0.5584356 0.5641423 0.45513538 0.45111 0.5407486 0.5380799 0.5413658 0.4245776 0.4268709 0.56054413 0.8940332 0.56096655 0 0.5554936 0.43165645 0.44674316 0.4212384 0.9939465
0.8904187 0.990942 0.58239657 0.58239657 0.42793173 0.57590306 0.57010657 0.4205373 0.56967896 0.57461107 0.573751 0.89304566 0.4297031 0.42740113 0.56754464 0.56818426 0.58174473 0.58174473 0.5784937 0.56456673 0.57267725 0.4268709 0.89766514 0.4293485 0.5554936 0 0.58065945 0.573751 0.5554936 0.99357027
0.8864954 1.0164845 0.57827747 0.57439595 0.58850837 0.41686726 0.40665123 0.57719725 0.39963302 0.46696994 0.54860425 0.9069903 0.58174473 0.5847917 0.46883607 0.4660386 0.5544457 0.5454935 0.5531901 0.39861146 0.40150952 0.582614 0.8933747 0.58588296 0.43165645 0.58065945 0 0.466411 0.40253505 1.0180373
0.91541547 1.0313674 0.58807015 0.57871 0.5778452 0.46585247 0.4586293 0.56626695 0.46548036 0.36533183 0.55131066 0.92393637 0.58413774 0.585228 0.3700668 0.3685941 0.55089366 0.55277205 0.5569632 0.45111 0.45623696 0.58588296 0.9029796 0.58653843 0.44674316 0.573751 0.466411 0 0.45147505 1.0188149
0.8887815 0.9958304 0.5707484 0.56754464 0.56117785 0.3312857 0.32170385 0.5575939 0.3226258 0.46029004 0.5356249 0.9043141 0.5763342 0.5774132 0.458445 0.45257127 0.537875 0.5317542 0.5335852 0.31833306 0.32293335 0.5735361 0.90098226 0.57289183 0.4212384 0.5554936 0.40253505 0.45147505 0 1.000751
1.0022715 0.29856926 1.0238891 1.018426 1.0238891 1.0168724 1.0258498 1.001891 1.0337447 1.0130024 1.0246727 1.0172604 1.0437315 1.0417235 0.9860852 0.9872032 1.0313674 1.0234975 1.030972 1.0195932 1.0242808 1.0211525 1.0064689 1.0172604 0.9939465 0.99357027 1.0180373 1.0188149 1.000751 0
