0 1.45598555519246 1.7529729816597 0.971398584078997 1.25706160115078 1.62031537247822 1.76940272562206 1.36129749915563 1.49198988755234 1.11349623487331 1.50182560132816 1.69114370294847 1.66543910792097 1.46600430435501 1.47428631340154 1.52044679713435 0.955107912188396 1.65458676102571 1.90349143790081 1.70719405077398 1.83605595561676 1.82711577764712 1.54771606950089 1.58256361214444 0.997725180815905 1.52817112207413 1.86477083619684 1.10716992709786 1.70054399245419 1.64321700204164
1.45598555519246 0 1.21881577628665 1.5799124778714 1.43561747623608 1.65424411767162 1.52924815798178 1.83215721673332 0.963354771258309 1.24083570321091 1.28133476502262 0.968108655652031 1.37564762425609 1.42508717742749 1.88049642555416 1.52252438361757 1.80679215560667 1.38136272830889 1.42878128611483 0.916450609918684 1.23423292348161 1.39806763571687 1.48571446049027 1.59909198386595 1.64095315081067 1.87757958075963 1.8867046374362 1.73126146034338 1.69499064213596 1.77139575430192
1.7529729816597 1.21881577628665 0 1.39093865454197 1.82286790758371 0.934495974099264 1.7143196396064 1.29670086200349 1.64449835545383 1.05805376730859 0.954917706083506 1.25040554651059 1.30354256555438 1.47392854839563 1.43195239291526 1.2075630268082 1.71456162678078 1.83456351608038 1.56054779537953 1.21820498956367 1.79430634784512 1.38732508872636 1.61972466344014 1.02088467846625 1.39464486343786 1.06334050395526 0.973583335522562 1.49354588636197 1.17114637396298 1.61115726525895
0.971398584078997 1.5799124778714 1.39093865454197 0 1.2113047039602 1.28630455280654 0.970330638810992 1.57576382160187 1.62246708991006 1.55420526000671 1.8954324782826 1.52054299018346 1.19455421739258 1.86542620020919 1.65880949562415 1.47190723754466 0.940951728727669 0.911169731523842 1.62546128197573 1.85659963614307 1.56985259172507 1.25234462996013 1.18761266209185 1.20479932217859 1.15242703375407 0.974681361112744 1.35432477039285 1.88946037599817 0.948693118290976 1.75996259367093
1.25706160115078 1.43561747623608 1.82286790758371 1.2113047039602 0 1.70755463698879 1.43392237531953 1.20044634607621 1.49115307908505 1.72006041766144 1.1877096046228 1.67975456384011 1.52585562341847 0.972574983490631 1.82086539128795 1.46542626828887 1.25169925997034 1.81834572623484 1.45743157132529 0.970986986299977 1.62653849972412 1.57431518519297 1.53114322666079 1.20030353404582 1.62835181946866 1.14924811059609 1.22097622114234 1.67785135447048 1.03758730646223 1.85653286869638
1.62031537247822 1.65424411767162 0.934495974099264 1.28630455280654 1.70755463698879 0 1.59365769266151 1.13441184605472 1.41799217043445 1.57410381548107 1.88825028389692 1.16413781954907 1.4262386970222 1.38702046591789 1.38872505491599 1.27204137062654 1.43206038489006 1.00166520709172 1.53238381724805 1.61183282965794 1.26072948775254 1.81265912554227 1.78408733801916 1.38639179081656 0.976531548891217 1.7443853423465 1.52143826568499 1.42754881153814 0.971894314046949 1.18005655659363
1.76940272562206 1.52924815798178 1.7143196396064 0.970330638810992 1.43392237531953 1.59365769266151 0 1.00920268613845 1.35370762692764 1.17548960167915 1.64827208826318 0.96036520646885 1.15347304055467 0.966021344764158 1.02807568642311 1.12445728294551 1.88405519444495 1.50516514177434 1.54578354675323 1.67743296525441 1.17424117145129 0.939675593283027 1.15474277874455 0.929578279145062 1.01909063244238 1.85465480131097 1.63451237021945 1.8737449971959 1.15688784141093 1.37570881820284
1.36129749915563 1.83215721673332 1.29670086200349 1.57576382160187 1.20044634607621 1.13441184605472 1.00920268613845 0 0.938240671297535 1.8797530462034 1.32019937387668 1.64332937728614 1.65276604192331 1.79389270814136 1.10189890908077 1.1832591467537 1.59691275563091 0.97281654085964 1.53341555222869 1.86334815830924 1.13754148408771 1.42651983862743 1.01259466493502 1.35645596170798 1.90245963819325 0.926188427722082 1.20432696817443 0.909347618464381 1.58450228231959 1.43658263655379
1.49198988755234 0.963354771258309 1.64449835545383 1.62246708991006 1.49115307908505 1.41799217043445 1.35370762692764 0.938240671297535 0 1.88685899088159 1.44474641769193 1.68129849387333 1.46259061410092 1.15354325738735 0.992560011334717 1.67079616431147 1.14795429306105 1.44618818094023 1.00379323237576 0.967659402173012 1.24760236288421 1.44941554008983 1.71674170694314 1.75994160282426 1.82440630346537 1.51395976473577 1.35324538312852 1.23929365351796 1.72450061002746 1.69064110005274
1.11349623487331 1.24083570321091 1.05805376730859 1.55420526000671 1.72006041766144 1.57410381548107 1.17548960167915 1.8797530462034 1.88685899088159 0 1.57731568906456 1.03253414994106 1.08305866154842 1.87440766114742 1.72980252048001 1.723697245121 1.39803502243012 1.03436401113868 1.69457211415283 1.79166165273637 1.88278506183997 1.86139099299908 1.37480609002523 1.00940572936088 1.25397256738506 1.24996651988477 1.3960348921828 1.23351922538131 0.941580419195816 1.47346956655383
1.50182560132816 1.28133476502262 0.954917706083506 1.8954324782826 1.1877096046228 1.88825028389692 1.64827208826318 1.32019937387668 1.44474641769193 1.57731568906456 0 1.51473315642215 1.31613077921793 1.24647594429553 1.35217142081819 1.79081774642691 1.15511025022715 1.38724496983923 1.90338590973988 1.17158862669021 1.84491040278226 1.33081965800375 1.35517468722537 1.35016504628584 0.957524038851261 1.3563941041939 1.4117383051198 1.07945652655326 1.783935071202 1.09557727281936
1.69114370294847 0.968108655652031 1.25040554651059 1.52054299018346 1.67975456384011 1.16413781954907 0.96036520646885 1.64332937728614 1.68129849387333 1.03253414994106 1.51473315642215 0 1.12012418964878 1.59494617744349 1.38992187124677 1.52300930768251 1.27407441474497 1.57129925466143 0.957719807513058 1.59900976764038 1.85158984223381 1.41901418846101 1.12791079841554 1.13085906277411 1.03174680261873 1.07678901497275 1.67799447500147 0.913379790727049 1.42915254831314 1.42256644624285
1.66543910792097 1.37564762425609 1.30354256555438 1.19455421739258 1.52585562341847 1.4262386970222 1.15347304055467 1.65276604192331 1.46259061410092 1.08305866154842 1.31613077921793 1.12012418964878 0 1.3894979194738 1.21374436374754 1.37134962854907 1.57228805823252 1.02643164712936 1.01854312885553 1.43954002088867 1.89755391725339 1.7646988844499 1.70924781216308 1.64320961711928 1.77768245991319 1.77638980746269 1.90647959290072 1.34081614739262 1.83562204637565 1.0089655041229
1.46600430435501 1.42508717742749 1.47392854839563 1.86542620020919 0.972574983490631 1.38702046591789 0.966021344764158 1.79389270814136 1.15354325738735 1.87440766114742 1.24647594429553 1.59494617744349 1.3894979194738 0 1.32248923392035 1.35275478009135 1.76432805578224 1.31308115669526 1.4241743166931 1.37414488219656 1.7719953127671 1.27375411055982 1.84433130687103 1.32266704039648 1.49887888808735 1.56121005536988 1.22726347763091 1.62631784775294 1.14560914156027 1.30495282728225
1.47428631340154 1.88049642555416 1.43195239291526 1.65880949562415 1.82086539128795 1.38872505491599 1.02807568642311 1.10189890908077 0.992560011334717 1.72980252048001 1.35217142081819 1.38992187124677 1.21374436374754 1.32248923392035 0 1.86943266750313 1.6679740359541 1.27396230609156 1.0457718106918 1.17139094765298 1.8506920139771 1.23880611849017 1.88519347738475 1.15892622177489 1.80963074346073 1.03123239614069 1.33025456871837 1.29524325206876 1.27503059059381 1.51695815334097
1.52044679713435 1.52252438361757 1.2075630268082 1.47190723754466 1.46542626828887 1.27204137062654 1.12445728294551 1.1832591467537 1.67079616431147 1.723697245121 1.79081774642691 1.52300930768251 1.37134962854907 1.35275478009135 1.86943266750313 0 1.86588740046136 0.978092865785584 0.96506715961732 1.39715279871598 1.16363247856498 1.11711843172088 0.931649497710168 1.63865709910169 0.949818701250479 1.74986969260499 1.70915939542465 1.64654724556021 1.62103745504282 1.30840292922221
0.955107912188396 1.80679215560667 1.71456162678078 0.940951728727669 1.25169925997034 1.43206038489006 1.88405519444495 1.59691275563091 1.14795429306105 1.39803502243012 1.15511025022715 1.27407441474497 1.57228805823252 1.76432805578224 1.6679740359541 1.86588740046136 0 1.27314609033056 0.973676322260872 1.3254670582246 1.69482591561973 1.46313441451639 0.975037383148447 1.24825010285713 1.21228626579978 1.57744942861609 1.21437877439894 1.7987386318855 1.0225995562505 1.40899007231928
1.65458676102571 1.38136272830889 1.83456351608038 0.911169731523842 1.81834572623484 1.00166520709172 1.50516514177434 0.97281654085964 1.44618818094023 1.03436401113868 1.38724496983923 1.57129925466143 1.02643164712936 1.31308115669526 1.27396230609156 0.978092865785584 1.27314609033056 0 1.64907929929905 1.30066408892162 1.15570544218644 0.920629657572135 1.78420156659558 1.46088483068161 1.31324188923463 1.49726608931087 1.66098017571494 1.71370393270627 1.83256705012172 1.44600960845128
1.90349143790081 1.42878128611483 1.56054779537953 1.62546128197573 1.45743157132529 1.53238381724805 1.54578354675323 1.53341555222869 1.00379323237576 1.69457211415283 1.90338590973988 0.957719807513058 1.01854312885553 1.4241743166931 1.0457718106918 0.96506715961732 0.973676322260872 1.64907929929905 0 1.76265315432101 1.04132730327547 1.52884385827929 1.48606735561043 0.927135078934953 1.21778132091276 1.6724269958213 1.01550732715987 1.33628231519833 0.933812056900933 1.42833465966396
1.70719405077398 0.916450609918684 1.21820498956367 1.85659963614307 0.970986986299977 1.61183282965794 1.67743296525441 1.86334815830924 0.967659402173012 1.79166165273637 1.17158862669021 1.59900976764038 1.43954002088867 1.37414488219656 1.17139094765298 1.39715279871598 1.3254670582246 1.30066408892162 1.76265315432101 0 1.06865729298443 1.02569332881831 1.70839888020419 1.40907124639489 1.82578810397536 1.19344152021222 1.32277147029527 1.44281473546289 0.952495250850916 1.900435754098
1.83605595561676 1.23423292348161 1.79430634784512 1.56985259172507 1.62653849972412 1.26072948775254 1.17424117145129 1.13754148408771 1.24760236288421 1.88278506183997 1.84491040278226 1.85158984223381 1.89755391725339 1.7719953127671 1.8506920139771 1.16363247856498 1.69482591561973 1.15570544218644 1.04132730327547 1.06865729298443 0 1.67048414051533 1.13105471152812 1.27610666048713 1.71326092723757 1.01546000945382 1.51440253178589 1.63347542705014 1.84601970552467 1.85514980088919
1.82711577764712 1.39806763571687 1.38732508872636 1.25234462996013 1.57431518519297 1.81265912554227 0.939675593283027 1.42651983862743 1.44941554008983 1.86139099299908 1.33081965800375 1.41901418846101 1.7646988844499 1.27375411055982 1.23880611849017 1.11711843172088 1.46313441451639 0.920629657572135 1.52884385827929 1.02569332881831 1.67048414051533 0 1.84712603362277 1.41033131023869 1.03294390533119 1.43682689848356 1.6711286699865 1.81930109066889 1.87264885939658 1.35561211616732
1.54771606950089 1.48571446049027 1.61972466344014 1.18761266209185 1.53114322666079 1.78408733801916 1.15474277874455 1.01259466493502 1.71674170694314 1.37480609002523 1.35517468722537 1.12791079841554 1.70924781216308 1.84433130687103 1.88519347738475 0.931649497710168 0.975037383148447 1.78420156659558 1.48606735561043 1.70839888020419 1.13105471152812 1.84712603362277 0 1.74738213489763 1.20440989430062 1.46593624469824 1.21064549451694 1.03466479689814 0.919209418119863 1.47886877995916
1.58256361214444 1.59909198386595 1.02088467846625 1.20479932217859 1.20030353404582 1.38639179081656 0.929578279145062 1.35645596170798 1.75994160282426 1.00940572936088 1.35016504628584 1.13085906277411 1.64320961711928 1.32266704039648 1.15892622177489 1.63865709910169 1.24825010285713 1.46088483068161 0.927135078934953 1.40907124639489 1.27610666048713 1.41033131023869 1.74738213489763 0 1.43896165653132 1.14826037525199 1.75126262381673 1.86725984304212 1.70466124475934 1.88821024168283
0.997725180815905 1.64095315081067 1.39464486343786 1.15242703375407 1.62835181946866 0.976531548891217 1.01909063244238 1.90245963819325 1.82440630346537 1.25397256738506 0.957524038851261 1.03174680261873 1.77768245991319 1.49887888808735 1.80963074346073 0.949818701250479 1.21228626579978 1.31324188923463 1.21778132091276 1.82578810397536 1.71326092723757 1.03294390533119 1.20440989430062 1.43896165653132 0 1.13041802169755 1.03351425845176 1.21488386834972 1.84335647453554 1.59857555269264
1.52817112207413 1.87757958075963 1.06334050395526 0.974681361112744 1.14924811059609 1.7443853423465 1.85465480131097 0.926188427722082 1.51395976473577 1.24996651988477 1.3563941041939 1.07678901497275 1.77638980746269 1.56121005536988 1.03123239614069 1.74986969260499 1.57744942861609 1.49726608931087 1.6724269958213 1.19344152021222 1.01546000945382 1.43682689848356 1.46593624469824 1.14826037525199 1.13041802169755 0 1.28016954404302 1.62400126666762 1.58130388660356 1.34146866202354
1.86477083619684 1.8867046374362 0.973583335522562 1.35432477039285 1.22097622114234 1.52143826568499 1.63451237021945 1.20432696817443 1.35324538312852 1.3960348921828 1.4117383051198 1.67799447500147 1.90647959290072 1.22726347763091 1.33025456871837 1.70915939542465 1.21437877439894 1.66098017571494 1.01550732715987 1.32277147029527 1.51440253178589 1.6711286699865 1.21064549451694 1.75126262381673 1.03351425845176 1.28016954404302 0 1.36110332445242 1.39157847710885 1.15404786518775
1.10716992709786 1.73126146034338 1.49354588636197 1.88946037599817 1.67785135447048 1.42754881153814 1.8737449971959 0.909347618464381 1.23929365351796 1.23351922538131 1.07945652655326 0.913379790727049 1.34081614739262 1.62631784775294 1.29524325206876 1.64654724556021 1.7987386318855 1.71370393270627 1.33628231519833 1.44281473546289 1.63347542705014 1.81930109066889 1.03466479689814 1.86725984304212 1.21488386834972 1.62400126666762 1.36110332445242 0 1.12055980460718 1.4810925105121
1.70054399245419 1.69499064213596 1.17114637396298 0.948693118290976 1.03758730646223 0.971894314046949 1.15688784141093 1.58450228231959 1.72450061002746 0.941580419195816 1.783935071202 1.42915254831314 1.83562204637565 1.14560914156027 1.27503059059381 1.62103745504282 1.0225995562505 1.83256705012172 0.933812056900933 0.952495250850916 1.84601970552467 1.87264885939658 0.919209418119863 1.70466124475934 1.84335647453554 1.58130388660356 1.39157847710885 1.12055980460718 0 1.68764337245375
1.64321700204164 1.77139575430192 1.61115726525895 1.75996259367093 1.85653286869638 1.18005655659363 1.37570881820284 1.43658263655379 1.69064110005274 1.47346956655383 1.09557727281936 1.42256644624285 1.0089655041229 1.30495282728225 1.51695815334097 1.30840292922221 1.40899007231928 1.44600960845128 1.42833465966396 1.900435754098 1.85514980088919 1.35561211616732 1.47886877995916 1.88821024168283 1.59857555269264 1.34146866202354 1.15404786518775 1.4810925105121 1.68764337245375 0
