0 1.70293858530931 1.43249874468893 1.10760690481402 1.64988327445462 1.01424152590334 0.961372906109318 1.15605671377853 1.8454567855224 1.00718619208783 1.02566997497343 1.50838304311037 1.49560038326308 1.57738348213024 1.75415966729634 1.70882818708196 1.9068358996883 1.54412143793888 1.90055828797631 1.72216501948424 1.504622065695 1.36518348194659 1.79868713323958 1.11822392116301 1.92434178874828 1.00250552664511 1.83843028638512 1.55912112304941 1.81888978299685 1.06501153670251
1.70293858530931 0 1.69986363616772 1.21261352696456 1.77643246250227 1.25133722997271 1.30070570879616 1.3251012454275 1.58533967821859 1.0794837444555 1.44686831836589 1.71418927633204 1.46332128928043 1.1998489710968 0.972436263225973 1.19102761661634 1.30770068871789 1.33118025003932 1.042021907866 1.7110600033775 1.62752268626355 1.01744278846309 1.35370960156433 1.22862097597681 1.02405262738466 1.40924536646344 1.37423470546491 1.069261549972 1.06508541246876 1.44352063932456
1.43249874468893 1.69986363616772 0 1.27296072011814 1.36509303888306 1.35624137404375 1.43572972342372 1.21485799434595 1.0835489903111 1.67191297444515 1.06468644062988 1.83116575074382 1.13408855884336 1.67390243127011 1.40216260333546 1.81184548558667 1.33776699006557 1.38006228022277 1.04284221795388 1.59412267967127 1.12012394401245 1.29908109130338 1.84710936853662 1.67171024903655 1.77060905052349 1.1740937649738 1.57346576615237 1.58827887754887 1.33117620646954 0.958874342963099
1.10760690481402 1.21261352696456 1.27296072011814 0 1.36558639910072 1.48649612534791 1.46426065941341 1.06233240407892 1.92702004383318 1.18419660814106 1.2039808977861 0.987773121567443 1.0762509086635 1.62082531279884 1.20953311538324 1.11082143662497 1.80801221472211 1.69820237439126 1.65954225626774 1.53652313514613 1.64876832999289 1.19254969386384 1.00193585571833 1.78369573736563 0.989575355546549 1.18400225229561 1.79002236179076 1.59962064051069 1.28535302984528 0.978263692231849
1.64988327445462 1.77643246250227 1.36509303888306 1.36558639910072 0 1.07278405549005 1.18901945510879 1.1140497867018 1.55537946918048 1.86342689651065 1.24710097629577 1.03798948414624 1.49438371276483 1.32542286673561 1.16247499780729 1.11126336967573 1.91976414900273 1.91980759962462 1.77704098518007 1.02134584309533 1.10544209484942 1.36064773239195 1.14142991579138 1.20545834861696 1.92293828795664 1.5738445611205 0.983588019385934 1.82922176085413 1.1939096879214 1.01635705144145
1.01424152590334 1.25133722997271 1.35624137404375 1.48649612534791 1.07278405549005 0 1.49635103833862 1.67313744779676 1.21566161583178 0.969773147720844 1.05090799741447 1.59271204518154 1.00854530045763 1.33849744545296 1.5825127447024 1.82611957052723 1.85861382936127 1.90803527762182 1.76484232232906 1.85779347317293 1.58860028604977 0.986182790482417 1.07411335315555 1.4635891309008 1.06084248912521 1.5254393981304 1.79340210394002 1.84993493882939 1.43082664115354 1.64597085933201
0.961372906109318 1.30070570879616 1.43572972342372 1.46426065941341 1.18901945510879 1.49635103833862 0 1.27823045221157 1.24710582895204 1.22032188111916 1.46977654006332 1.66561150969937 1.30294607230462 1.65625314437784 1.84190654288977 1.78125042770989 1.02171962894499 0.984415147919208 0.955034122336656 1.17867764737457 1.35633194609545 0.977020414313301 0.944387258496135 1.90303762094118 1.91514909337275 0.970649581635371 1.37634329730645 1.19691695459187 1.53660793951713 1.70803165319376
1.15605671377853 1.3251012454275 1.21485799434595 1.06233240407892 1.1140497867018 1.67313744779676 1.27823045221157 0 1.5936394452583 1.92237729206681 1.69136242289096 1.94278429541737 1.71309960098006 1.17278640181758 0.959997982019559 1.54129891400225 1.71992455469444 1.0414459798485 1.14978491398506 1.60744439554401 1.54324453370646 1.61933386395685 1.58016427047551 1.02751587098464 1.31340207043104 1.89079697942361 1.34794825431891 1.24227022263221 1.84312941576354 1.79321634746157
1.8454567855224 1.58533967821859 1.0835489903111 1.92702004383318 1.55537946918048 1.21566161583178 1.24710582895204 1.5936394452583 0 1.79230232629925 1.59721597423777 1.84058083896525 1.08234566170722 1.13267516600899 1.84563353424892 1.59484961815178 1.68585332995281 1.93360809888691 1.7894813909661 1.47450309386477 1.73367051128298 1.86878294521011 1.47653180430643 1.33950366568752 1.06536473333836 1.69398185424507 0.98476308118552 1.1928786013741 1.02309380075894 1.43793667131104
1.00718619208783 1.0794837444555 1.67191297444515 1.18419660814106 1.86342689651065 0.969773147720844 1.22032188111916 1.92237729206681 1.79230232629925 0 1.3920178830158 1.81863558432087 1.67048104573041 0.944856896530837 1.41661214013584 1.78894684487022 1.23188266297802 1.84581473912112 1.08703757170588 1.31301284837537 1.23919985932298 1.24172167200595 1.55489764688537 1.92360598035157 1.78198280651122 1.80100700701587 1.02957022213377 1.47130128811114 0.985457694390789 1.41252796212211
1.02566997497343 1.44686831836589 1.06468644062988 1.2039808977861 1.24710097629577 1.05090799741447 1.46977654006332 1.69136242289096 1.59721597423777 1.3920178830158 0 1.93591389548965 1.77977365953848 1.14999252324924 1.61675969511271 1.12205314333551 1.32367702480406 1.37285642535426 1.64152376772836 1.16467752191238 0.962280093226582 1.17543736193329 1.68736799503677 1.45229321927764 1.24154022312723 1.44706917623989 1.87570029497147 0.946450828108937 1.91152776125818 1.52792089316063
1.50838304311037 1.71418927633204 1.83116575074382 0.987773121567443 1.03798948414624 1.59271204518154 1.66561150969937 1.94278429541737 1.84058083896525 1.81863558432087 1.93591389548965 0 1.71433271304704 1.33362794457935 1.49125180509873 1.71978123812005 1.88252250710502 1.09423743933439 1.43930799327791 1.73831425327808 1.18273668084294 1.41559405857697 1.69234284735285 1.79993536951952 1.12800561334006 1.13341795979068 1.56262489175424 1.56964797014371 1.86331451428123 1.77106169611216
1.49560038326308 1.46332128928043 1.13408855884336 1.0762509086635 1.49438371276483 1.00854530045763 1.30294607230462 1.71309960098006 1.08234566170722 1.67048104573041 1.77977365953848 1.71433271304704 0 1.59860615525395 1.87158428691328 1.7190393153578 1.92980516864918 0.996163672069088 1.64851688779891 1.84759143716656 1.03966436604969 1.42638244829141 1.83517641946673 1.59877717634663 1.36276502953842 1.47985163796693 1.41901675215922 1.59319000085816 1.08635821426287 0.97994707012549
1.57738348213024 1.1998489710968 1.67390243127011 1.62082531279884 1.32542286673561 1.33849744545296 1.65625314437784 1.17278640181758 1.13267516600899 0.944856896530837 1.14999252324924 1.33362794457935 1.59860615525395 0 1.93203098443337 1.70022108405828 1.24749440373853 1.77258325600997 1.90205279784277 1.04982239520177 1.30177103169262 1.77067690575495 1.33880812954158 1.19481155462563 1.10951343877241 1.90349602326751 1.71376217156649 1.57606554380618 1.93031459092163 1.25112372124568
1.75415966729634 0.972436263225973 1.40216260333546 1.20953311538324 1.16247499780729 1.5825127447024 1.84190654288977 0.959997982019559 1.84563353424892 1.41661214013584 1.61675969511271 1.49125180509873 1.87158428691328 1.93203098443337 0 0.998477189801633 1.04079993185587 1.39075873745605 1.71493221144192 1.69810748938471 1.63243024307303 1.40931913070381 1.1764170078095 0.998502865433693 1.61477824323811 1.91493812436238 1.73734904779121 1.31879546795972 1.14705054461956 1.76782849594019
1.70882818708196 1.19102761661634 1.81184548558667 1.11082143662497 1.11126336967573 1.82611957052723 1.78125042770989 1.54129891400225 1.59484961815178 1.78894684487022 1.12205314333551 1.71978123812005 1.7190393153578 1.70022108405828 0.998477189801633 0 0.963738142279908 1.3857170236297 1.44337587058544 1.29599024215713 1.11339565273374 1.21197895519435 1.45456871972419 1.82661434193142 1.79462888953276 1.28631968190894 1.61471879854798 1.03327765059657 1.85220629884861 1.02440162212588
1.9068358996883 1.30770068871789 1.33776699006557 1.80801221472211 1.91976414900273 1.85861382936127 1.02171962894499 1.71992455469444 1.68585332995281 1.23188266297802 1.32367702480406 1.88252250710502 1.92980516864918 1.24749440373853 1.04079993185587 0.963738142279908 0 1.24204148352146 1.06448926962912 1.60790104791522 1.63859525532462 1.23737675766461 1.29799245833419 1.66562922718003 1.46024746238254 1.52478263387457 1.08709808578715 1.00019170134328 1.89334041369148 1.57754136342555
1.54412143793888 1.33118025003932 1.38006228022277 1.69820237439126 1.91980759962462 1.90803527762182 0.984415147919208 1.0414459798485 1.93360809888691 1.84581473912112 1.37285642535426 1.09423743933439 0.996163672069088 1.77258325600997 1.39075873745605 1.3857170236297 1.24204148352146 0 1.23522003414109 1.39848403027281 1.44605357153341 1.14870499446988 1.6771243782714 1.31248279730789 1.20042903139256 0.956047810148448 0.992246326990426 1.65007708803751 1.50032571493648 1.12260771077126
1.90055828797631 1.042021907866 1.04284221795388 1.65954225626774 1.77704098518007 1.76484232232906 0.955034122336656 1.14978491398506 1.7894813909661 1.08703757170588 1.64152376772836 1.43930799327791 1.64851688779891 1.90205279784277 1.71493221144192 1.44337587058544 1.06448926962912 1.23522003414109 0 1.83683158969507 1.15263135801069 1.62597590615042 1.13676527794451 1.70001651113853 1.80336435162462 1.30722545809112 1.34815503680147 1.6776666122023 1.07596395513974 0.956835048738867
1.72216501948424 1.7110600033775 1.59412267967127 1.53652313514613 1.02134584309533 1.85779347317293 1.17867764737457 1.60744439554401 1.47450309386477 1.31301284837537 1.16467752191238 1.73831425327808 1.84759143716656 1.04982239520177 1.69810748938471 1.29599024215713 1.60790104791522 1.39848403027281 1.83683158969507 0 1.14523608633317 1.34860809496604 1.73447874584235 1.08553187921643 1.34364974312484 1.72950419806875 1.90647769067436 1.09576610685326 1.66295345174149 1.59701674501412
1.504622065695 1.62752268626355 1.12012394401245 1.64876832999289 1.10544209484942 1.58860028604977 1.35633194609545 1.54324453370646 1.73367051128298 1.23919985932298 0.962280093226582 1.18273668084294 1.03966436604969 1.30177103169262 1.63243024307303 1.11339565273374 1.63859525532462 1.44605357153341 1.15263135801069 1.14523608633317 0 1.27110957098193 1.42738394695334 1.39006934640929 1.57588760415092 1.75452590500936 1.14019496669061 1.18134010746144 1.74392736027949 1.37754350784235
1.36518348194659 1.01744278846309 1.29908109130338 1.19254969386384 1.36064773239195 0.986182790482417 0.977020414313301 1.61933386395685 1.86878294521011 1.24172167200595 1.17543736193329 1.41559405857697 1.42638244829141 1.77067690575495 1.40931913070381 1.21197895519435 1.23737675766461 1.14870499446988 1.62597590615042 1.34860809496604 1.27110957098193 0 1.16454828879796 1.69963517226279 1.0230334289372 1.45543068111874 0.98921265383251 0.983334849821404 1.34094611881301 1.79801520612091
1.79868713323958 1.35370960156433 1.84710936853662 1.00193585571833 1.14142991579138 1.07411335315555 0.944387258496135 1.58016427047551 1.47653180430643 1.55489764688537 1.68736799503677 1.69234284735285 1.83517641946673 1.33880812954158 1.1764170078095 1.45456871972419 1.29799245833419 1.6771243782714 1.13676527794451 1.73447874584235 1.42738394695334 1.16454828879796 0 1.09295389754698 1.65091110556386 1.76806047954597 1.43300636042841 1.15376462647691 1.06674182950519 1.6047072110232
1.11822392116301 1.22862097597681 1.67171024903655 1.78369573736563 1.20545834861696 1.4635891309008 1.90303762094118 1.02751587098464 1.33950366568752 1.92360598035157 1.45229321927764 1.79993536951952 1.59877717634663 1.19481155462563 0.998502865433693 1.82661434193142 1.66562922718003 1.31248279730789 1.70001651113853 1.08553187921643 1.39006934640929 1.69963517226279 1.09295389754698 0 1.76725803781301 1.52279149112292 1.37380498764105 1.49984780955128 1.28485741280019 1.52886934624985
1.92434178874828 1.02405262738466 1.77060905052349 0.989575355546549 1.92293828795664 1.06084248912521 1.91514909337275 1.31340207043104 1.06536473333836 1.78198280651122 1.24154022312723 1.12800561334006 1.36276502953842 1.10951343877241 1.61477824323811 1.79462888953276 1.46024746238254 1.20042903139256 1.80336435162462 1.34364974312484 1.57588760415092 1.0230334289372 1.65091110556386 1.76725803781301 0 1.47456705896184 1.278608500259 1.57169317104854 1.94107437436469 1.60339243803173
1.00250552664511 1.40924536646344 1.1740937649738 1.18400225229561 1.5738445611205 1.5254393981304 0.970649581635371 1.89079697942361 1.69398185424507 1.80100700701587 1.44706917623989 1.13341795979068 1.47985163796693 1.90349602326751 1.91493812436238 1.28631968190894 1.52478263387457 0.956047810148448 1.30722545809112 1.72950419806875 1.75452590500936 1.45543068111874 1.76806047954597 1.52279149112292 1.47456705896184 0 1.15481465985067 1.46951486147009 1.6135326998774 1.45340623985976
1.83843028638512 1.37423470546491 1.57346576615237 1.79002236179076 0.983588019385934 1.79340210394002 1.37634329730645 1.34794825431891 0.98476308118552 1.02957022213377 1.87570029497147 1.56262489175424 1.41901675215922 1.71376217156649 1.73734904779121 1.61471879854798 1.08709808578715 0.992246326990426 1.34815503680147 1.90647769067436 1.14019496669061 0.98921265383251 1.43300636042841 1.37380498764105 1.278608500259 1.15481465985067 0 1.92914765537716 1.53046625782736 1.16353884595446
1.55912112304941 1.069261549972 1.58827887754887 1.59962064051069 1.82922176085413 1.84993493882939 1.19691695459187 1.24227022263221 1.1928786013741 1.47130128811114 0.946450828108937 1.56964797014371 1.59319000085816 1.57606554380618 1.31879546795972 1.03327765059657 1.00019170134328 1.65007708803751 1.6776666122023 1.09576610685326 1.18134010746144 0.983334849821404 1.15376462647691 1.49984780955128 1.57169317104854 1.46951486147009 1.92914765537716 0 1.14430394675583 1.03685762709938
1.81888978299685 1.06508541246876 1.33117620646954 1.28535302984528 1.1939096879214 1.43082664115354 1.53660793951713 1.84312941576354 1.02309380075894 0.985457694390789 1.91152776125818 1.86331451428123 1.08635821426287 1.93031459092163 1.14705054461956 1.85220629884861 1.89334041369148 1.50032571493648 1.07596395513974 1.66295345174149 1.74392736027949 1.34094611881301 1.06674182950519 1.28485741280019 1.94107437436469 1.6135326998774 1.53046625782736 1.14430394675583 0 1.27884965506382
1.06501153670251 1.44352063932456 0.958874342963099 0.978263692231849 1.01635705144145 1.64597085933201 1.70803165319376 1.79321634746157 1.43793667131104 1.41252796212211 1.52792089316063 1.77106169611216 0.97994707012549 1.25112372124568 1.76782849594019 1.02440162212588 1.57754136342555 1.12260771077126 0.956835048738867 1.59701674501412 1.37754350784235 1.79801520612091 1.6047072110232 1.52886934624985 1.60339243803173 1.45340623985976 1.16353884595446 1.03685762709938 1.27884965506382 0
