0 1.71057257102802 1.41704458114691 1.23812149674632 1.83357318444178 0.993802337907255 1.27168319094926 1.89568794774823 1.48809782345779 1.74138437653892 1.47664523683488 1.49207785981707 1.87292225821875 1.18407398392446 1.52454873919487 1.17960742744617 1.45537813566625 1.7999130373355 1.32229262660258 1.62173564080149 1.42702656798065 1.83942256611772 1.52229871647432 1.18041852046736 1.0696570284199 1.37891167029738 1.65731273056008 1.41504358872771 1.75698799733073 1.88652392220683
1.71057257102802 0 1.8404995938763 1.11617980734445 1.34949174174108 1.70003706915304 1.75641046022065 1.77311727963388 1.621754063759 1.39368304680102 1.40013964893296 1.63352316385135 1.31361353164539 1.6357325699646 1.41270517604426 1.38136215740815 1.14557806192897 1.22696207696572 1.9215443963185 1.0198711392004 1.92471227538772 1.60281011532061 1.79453782900237 1.54888570238836 0.964615035569295 1.45858734264039 1.31788095575757 1.73149809078313 1.36119650513865 1.35576759139076
1.41704458114691 1.8404995938763 0 1.03644873434678 1.48201728495769 1.87066874001175 1.56271154712886 1.87393219745718 1.07593201263808 1.89062406891026 1.17305202409625 1.05576625117101 1.59076530416496 1.37910022679716 0.970348721835762 1.0051842245739 1.90767325018533 1.90801170445047 1.42527901893482 1.23908462165855 1.83897771057673 1.07395409117453 1.50774162914604 1.23953148652799 1.2533594709821 1.08847202151082 1.50204520625994 1.22613587859087 1.61787416622974 0.941816211445257
1.23812149674632 1.11617980734445 1.03644873434678 0 1.39067425089888 1.52568559208885 1.64985382533632 1.71117769973353 1.8578782773111 1.21410151664168 1.69872789620422 1.69017475494184 1.45009644678794 1.90178543515503 1.03869778010994 1.74152775527909 1.9119222050067 0.953792111482471 1.36267250077799 1.34019992314279 1.37764376797713 1.70338004850782 1.56681621819735 1.03300105687231 1.69313819799572 1.51275186915882 1.68517150403932 1.31266099237837 1.73614146723412 1.73229682445526
1.83357318444178 1.34949174174108 1.48201728495769 1.39067425089888 0 1.56181377661414 1.23160988138989 1.92570577096194 1.49470408307388 1.18849669094197 1.18794117309153 1.33162270579487 1.72858660412021 1.0501594117377 1.38886901643127 1.18821467668749 1.51380181196146 1.79550601914525 1.18229435198009 1.72917603491805 1.61039449647069 1.45205375808291 1.38638378190808 1.09677821677178 1.10860725352541 1.73714432143606 1.69816960091703 1.1687688997481 1.80980068608187 1.08480211975984
0.993802337907255 1.70003706915304 1.87066874001175 1.52568559208885 1.56181377661414 0 1.55748343444429 1.58332942333072 1.26843825704418 1.35658049373887 1.64541032700799 0.979979979107156 1.69486002344638 1.33747257338837 1.26275410992093 1.04014783911407 1.37041892879643 1.5617564113345 1.61998934927396 1.64113151398487 1.09739169874229 1.56947125680745 1.59999163704924 1.65160966827534 1.92934325570241 0.992871357826516 1.28017289075069 1.92035718867555 1.40635450812988 1.51851602597162
1.27168319094926 1.75641046022065 1.56271154712886 1.64985382533632 1.23160988138989 1.55748343444429 0 1.30010667815804 1.0113390146289 1.62302424316294 1.16726561356336 1.44136692094617 1.56258064298891 1.13501814682968 1.92308551631868 1.89565571234562 1.25527596590109 1.01074417401105 1.74375173798762 1.05520501453429 1.74685743334703 1.0589607632719 1.32499536825344 1.56518251216039 0.997116504469886 1.4787521106191 1.40080837649293 1.88006100058556 1.25043868250214 1.39240610017441
1.89568794774823 1.77311727963388 1.87393219745718 1.71117769973353 1.92570577096194 1.58332942333072 1.30010667815804 0 1.40842649294063 1.40366903902031 1.0166639550589 0.987902094377205 1.03950991015881 1.50964548694901 1.57702270452864 1.68111140001565 1.22958703059703 1.10165093536489 0.970293855527416 1.72203336120583 1.41519226925448 1.38411213783547 1.09225260000676 0.955752554349601 1.39893556991592 1.60061302082613 1.47066943789832 1.3694059541449 1.26493805763312 1.0304314121604
1.48809782345779 1.621754063759 1.07593201263808 1.8578782773111 1.49470408307388 1.26843825704418 1.0113390146289 1.40842649294063 0 1.72664860030636 1.48752999096178 1.92592383082956 1.05465077562258 1.31214551627636 1.09490218618885 1.89973513060249 1.88155976124108 1.57532854913734 1.65899694128893 1.71009555924684 1.82439571712166 0.995017737150192 1.57268428313546 1.56132780434564 1.71903835423291 1.78244801820256 1.71286623482592 1.65113515476696 1.16330498526804 0.967532517155632
1.74138437653892 1.39368304680102 1.89062406891026 1.21410151664168 1.18849669094197 1.35658049373887 1.62302424316294 1.40366903902031 1.72664860030636 0 1.64690758707002 1.43551588733681 1.28790076146834 1.7777693530079 1.6906411673408 1.47627749573439 1.09062268049456 1.64182826387696 1.88470951607451 1.44029807671905 0.974249075399712 1.50452965055592 0.933028523577377 1.48381514567882 1.56221885373816 1.3387770424597 1.06387861911207 1.31643526651897 1.20291488827206 1.79072329890914
1.47664523683488 1.40013964893296 1.17305202409625 1.69872789620422 1.18794117309153 1.64541032700799 1.16726561356336 1.0166639550589 1.48752999096178 1.64690758707002 0 1.3533511296846 1.35237743891776 0.968091247836128 1.55572773981839 1.20484619471245 1.56448801211081 1.27991893980652 1.50090090557933 0.962805009679869 1.10306447278708 1.22264776565135 1.39932753052562 1.87082795798779 1.61333015398122 1.37579489685595 1.44345162599348 1.06883918913081 1.35871694236994 0.964918529847637
1.49207785981707 1.63352316385135 1.05576625117101 1.69017475494184 1.33162270579487 0.979979979107156 1.44136692094617 0.987902094377205 1.92592383082956 1.43551588733681 1.3533511296846 0 1.51632237946615 1.45787904574536 1.92154042306356 0.964044598164037 1.12734205531888 1.27585910912603 1.18324720812961 1.19975260645151 1.63855361263268 1.64771797810681 1.31821591942571 1.15559095912613 1.12482095533051 1.03599451086484 1.38420922658406 1.51647543464787 1.71186805772595 1.82670511398464
1.87292225821875 1.31361353164539 1.59076530416496 1.45009644678794 1.72858660412021 1.69486002344638 1.56258064298891 1.03950991015881 1.05465077562258 1.28790076146834 1.35237743891776 1.51632237946615 0 1.92875833855942 1.63400025223382 1.34331123530865 1.24623466841877 1.72480228263885 1.52018394647166 1.48262581741437 1.50666567473672 0.958828507224098 1.50637523410842 1.0338535469491 1.33398149139248 1.23034863197245 1.78294043755159 1.49253419716842 1.76065880036913 1.61353287170641
1.18407398392446 1.6357325699646 1.37910022679716 1.90178543515503 1.0501594117377 1.33747257338837 1.13501814682968 1.50964548694901 1.31214551627636 1.7777693530079 0.968091247836128 1.45787904574536 1.92875833855942 0 1.71299355081283 1.69280748907477 1.07564470754005 1.42809214466251 1.72595737688243 1.69712180923671 1.23652259632945 1.32103087264113 1.66012381250039 0.994317525764927 1.71304272999987 1.5065797760617 1.83925140835345 1.03698579338379 1.09728028811514 1.27701582014561
1.52454873919487 1.41270517604426 0.970348721835762 1.03869778010994 1.38886901643127 1.26275410992093 1.92308551631868 1.57702270452864 1.09490218618885 1.6906411673408 1.55572773981839 1.92154042306356 1.63400025223382 1.71299355081283 0 1.78717011772096 1.31813565338962 1.41684152442031 1.37256342265755 1.14992745849304 1.67593590146862 0.969934172928333 1.91376150096767 1.05204913043417 1.23801376181655 1.88743155729026 1.71126234089024 1.91660963115282 1.75122388568707 1.52652077563107
1.17960742744617 1.38136215740815 1.0051842245739 1.74152775527909 1.18821467668749 1.04014783911407 1.89565571234562 1.68111140001565 1.89973513060249 1.47627749573439 1.20484619471245 0.964044598164037 1.34331123530865 1.69280748907477 1.78717011772096 0 1.76146354642697 1.5608182225842 1.23189620370977 1.36796959466301 1.55595403839834 1.03666360210627 1.84843001654372 0.944821106502786 1.57080661831424 1.40954547235742 1.51572834583931 1.21370098576881 1.43509157537483 1.80891573312692
1.45537813566625 1.14557806192897 1.90767325018533 1.9119222050067 1.51380181196146 1.37041892879643 1.25527596590109 1.22958703059703 1.88155976124108 1.09062268049456 1.56448801211081 1.12734205531888 1.24623466841877 1.07564470754005 1.31813565338962 1.76146354642697 0 1.30685780919157 1.68235557386652 1.48538342420943 1.70269904611632 1.73053251439705 1.58271261281334 1.51771584013477 1.08396197739057 1.45859660860151 1.59811515826732 1.29770271130838 1.45483982260339 1.9057717686519
1.7999130373355 1.22696207696572 1.90801170445047 0.953792111482471 1.79550601914525 1.5617564113345 1.01074417401105 1.10165093536489 1.57532854913734 1.64182826387696 1.27991893980652 1.27585910912603 1.72480228263885 1.42809214466251 1.41684152442031 1.5608182225842 1.30685780919157 0 1.4842100625392 1.61333670793101 1.89273937768303 1.11348534119315 0.973909710533917 1.23835774417967 1.60497366311029 1.88258383399807 1.84246740932576 1.33880347199738 0.966337046585977 1.25713070435449
1.32229262660258 1.9215443963185 1.42527901893482 1.36267250077799 1.18229435198009 1.61998934927396 1.74375173798762 0.970293855527416 1.65899694128893 1.88470951607451 1.50090090557933 1.18324720812961 1.52018394647166 1.72595737688243 1.37256342265755 1.23189620370977 1.68235557386652 1.4842100625392 0 1.20337349479087 1.28422981593758 1.26023624115624 0.951680992497131 1.27896661241539 1.6915507465601 1.12857191916555 1.64711412927136 1.90446447487921 0.978339014574885 1.53145864466205
1.62173564080149 1.0198711392004 1.23908462165855 1.34019992314279 1.72917603491805 1.64113151398487 1.05520501453429 1.72203336120583 1.71009555924684 1.44029807671905 0.962805009679869 1.19975260645151 1.48262581741437 1.69712180923671 1.14992745849304 1.36796959466301 1.48538342420943 1.61333670793101 1.20337349479087 0 1.58194687520154 1.21809944906272 1.16690790327266 1.65604437957518 1.03142236848362 1.35904067452066 1.84551452589221 1.01706652808934 1.24096340779215 1.92067382135428
1.42702656798065 1.92471227538772 1.83897771057673 1.37764376797713 1.61039449647069 1.09739169874229 1.74685743334703 1.41519226925448 1.82439571712166 0.974249075399712 1.10306447278708 1.63855361263268 1.50666567473672 1.23652259632945 1.67593590146862 1.55595403839834 1.70269904611632 1.89273937768303 1.28422981593758 1.58194687520154 0 0.941649939166382 1.85052942624316 0.933879704214633 1.61310718511231 1.28267254214734 1.28590239631012 1.21410232782364 1.37741829059087 1.15080090728588
1.83942256611772 1.60281011532061 1.07395409117453 1.70338004850782 1.45205375808291 1.56947125680745 1.0589607632719 1.38411213783547 0.995017737150192 1.50452965055592 1.22264776565135 1.64771797810681 0.958828507224098 1.32103087264113 0.969934172928333 1.03666360210627 1.73053251439705 1.11348534119315 1.26023624115624 1.21809944906272 0.941649939166382 0 1.23781222407706 1.64069800172001 1.29020621511154 0.959309267811477 1.1524309462402 1.18094508140348 1.23957835137844 1.17387314792722
1.52229871647432 1.79453782900237 1.50774162914604 1.56681621819735 1.38638378190808 1.59999163704924 1.32499536825344 1.09225260000676 1.57268428313546 0.933028523577377 1.39932753052562 1.31821591942571 1.50637523410842 1.66012381250039 1.91376150096767 1.84843001654372 1.58271261281334 0.973909710533917 0.951680992497131 1.16690790327266 1.85052942624316 1.23781222407706 0 1.23648052522913 1.27748766145669 1.24874204979278 0.994048969587311 1.39645425020717 1.29198787244968 1.16829518275335
1.18041852046736 1.54888570238836 1.23953148652799 1.03300105687231 1.09677821677178 1.65160966827534 1.56518251216039 0.955752554349601 1.56132780434564 1.48381514567882 1.87082795798779 1.15559095912613 1.0338535469491 0.994317525764927 1.05204913043417 0.944821106502786 1.51771584013477 1.23835774417967 1.27896661241539 1.65604437957518 0.933879704214633 1.64069800172001 1.23648052522913 0 1.238290151814 0.969148865202442 1.16571758873761 1.72394453384914 1.77971216966398 1.83992685051635
1.0696570284199 0.964615035569295 1.2533594709821 1.69313819799572 1.10860725352541 1.92934325570241 0.997116504469886 1.39893556991592 1.71903835423291 1.56221885373816 1.61333015398122 1.12482095533051 1.33398149139248 1.71304272999987 1.23801376181655 1.57080661831424 1.08396197739057 1.60497366311029 1.6915507465601 1.03142236848362 1.61310718511231 1.29020621511154 1.27748766145669 1.238290151814 0 1.12249559559859 1.78915569861419 1.18267059093341 0.977564274100587 1.6588499143254
1.37891167029738 1.45858734264039 1.08847202151082 1.51275186915882 1.73714432143606 0.992871357826516 1.4787521106191 1.60061302082613 1.78244801820256 1.3387770424597 1.37579489685595 1.03599451086484 1.23034863197245 1.5065797760617 1.88743155729026 1.40954547235742 1.45859660860151 1.88258383399807 1.12857191916555 1.35904067452066 1.28267254214734 0.959309267811477 1.24874204979278 0.969148865202442 1.12249559559859 0 1.93057860736735 1.37465413659811 1.45363990333863 1.88387409015559
1.65731273056008 1.31788095575757 1.50204520625994 1.68517150403932 1.69816960091703 1.28017289075069 1.40080837649293 1.47066943789832 1.71286623482592 1.06387861911207 1.44345162599348 1.38420922658406 1.78294043755159 1.83925140835345 1.71126234089024 1.51572834583931 1.59811515826732 1.84246740932576 1.64711412927136 1.84551452589221 1.28590239631012 1.1524309462402 0.994048969587311 1.16571758873761 1.78915569861419 1.93057860736735 0 1.76808122359216 1.17487485171296 1.85344709432684
1.41504358872771 1.73149809078313 1.22613587859087 1.31266099237837 1.1687688997481 1.92035718867555 1.88006100058556 1.3694059541449 1.65113515476696 1.31643526651897 1.06883918913081 1.51647543464787 1.49253419716842 1.03698579338379 1.91660963115282 1.21370098576881 1.29770271130838 1.33880347199738 1.90446447487921 1.01706652808934 1.21410232782364 1.18094508140348 1.39645425020717 1.72394453384914 1.18267059093341 1.37465413659811 1.76808122359216 0 1.64639855315909 0.981001361040398
1.75698799733073 1.36119650513865 1.61787416622974 1.73614146723412 1.80980068608187 1.40635450812988 1.25043868250214 1.26493805763312 1.16330498526804 1.20291488827206 1.35871694236994 1.71186805772595 1.76065880036913 1.09728028811514 1.75122388568707 1.43509157537483 1.45483982260339 0.966337046585977 0.978339014574885 1.24096340779215 1.37741829059087 1.23957835137844 1.29198787244968 1.77971216966398 0.977564274100587 1.45363990333863 1.17487485171296 1.64639855315909 0 1.14604829950258
1.88652392220683 1.35576759139076 0.941816211445257 1.73229682445526 1.08480211975984 1.51851602597162 1.39240610017441 1.0304314121604 0.967532517155632 1.79072329890914 0.964918529847637 1.82670511398464 1.61353287170641 1.27701582014561 1.52652077563107 1.80891573312692 1.9057717686519 1.25713070435449 1.53145864466205 1.92067382135428 1.15080090728588 1.17387314792722 1.16829518275335 1.83992685051635 1.6588499143254 1.88387409015559 1.85344709432684 0.981001361040398 1.14604829950258 0
