0 0.960919610457495 0.913910361938179 1.61222711601295 0.99784124456346 1.50698489369825 1.22556690918282 1.05626650364138 1.66905626282096 1.75694747199304 1.74594492884353 1.08648446411826 1.26613286184147 1.23845380498096 1.49696052749641 1.10887124971487 1.25314505794086 1.38092630496249 0.981181517476216 1.71539218747057 1.77659123996273 1.82252128841355 1.67854867270216 1.54299447219819 1.37406155699864 1.29121001507156 1.57103393739089 1.27142647840083 1.88904201099649 1.52790859946981
0.960919610457495 0 0.993227294180542 1.08537948015146 1.10376389650628 1.35737212141976 1.27178820199333 1.24911886034533 1.20051643089391 0.952747991075739 1.8421023262199 1.43836664501578 1.33146785595454 1.21860263892449 1.26000825292431 1.60435921885073 1.71982188452967 0.929901902098209 1.63401119201444 1.45094874175265 1.67652420792729 1.40677324752323 1.71919759199955 1.57725486392155 1.71375670679845 1.86562138074078 1.65291726519354 1.07966467621736 1.344198490493 1.2388046332635
0.913910361938179 0.993227294180542 0 1.67269672849216 1.09681702288799 1.47455837903544 1.6108864757698 1.09585599089041 1.67174848471768 1.29467142606154 1.5598926898092 1.07340329769067 1.58062361739576 1.42537329602055 1.10737580736168 1.78672911575995 0.944108256371692 1.01604599202983 1.76844858634286 1.82153705693781 0.923873564694077 1.2428496030625 1.09739108197391 1.3936350394506 1.06969573767856 1.78600379033014 1.08634266583249 1.46603043633513 1.64188770065084 1.82370375772007
1.61222711601295 1.08537948015146 1.67269672849216 0 1.0685914051719 1.66697338176891 0.956422243500128 1.2934575653635 1.19426746480167 1.48961326642893 1.80182127165608 1.75887846341357 0.923419242491946 1.78281655767933 1.2244358593598 1.24357722816058 0.932787535944954 1.74518914660439 1.04538333090022 1.06434283126146 1.63328306330368 1.82409907993861 1.74381831358187 1.5168874275405 1.45457632164471 1.82907985709608 1.8108205657918 1.0347532464657 1.6047084510792 1.46101356460713
0.99784124456346 1.10376389650628 1.09681702288799 1.0685914051719 0 1.12318460643291 1.87319797626697 1.43556337174959 0.981831624172628 1.24870879156515 1.65588952344842 1.72223060880788 1.20967588433996 0.962761610513553 1.79709501843899 1.04199918312952 1.35886484151706 1.21331551857293 0.915947430767119 1.70196130266413 1.58005677256733 1.09494157857262 1.24252019450068 1.68125979788601 1.3101926012896 1.52841450204141 1.34805056918412 1.01063490263186 1.90052364300936 1.29280133335851
1.50698489369825 1.35737212141976 1.47455837903544 1.66697338176891 1.12318460643291 0 1.16267930436879 0.959075722843409 1.36807165294886 1.68546629603952 1.2260324168019 1.51581916282885 1.15520185022615 1.04086600360461 1.54844684177078 1.29215254052542 1.03855635342188 1.10889464826323 0.98107090848498 1.07641150383279 1.36603774665855 1.32138205226511 1.34142295224592 1.05818657251075 1.08122831350192 1.72565798833966 1.3143242651131 1.10909941140562 1.08062297455035 1.86003286275081
1.22556690918282 1.27178820199333 1.6108864757698 0.956422243500128 1.87319797626697 1.16267930436879 0 1.18488715030253 1.20643305568956 1.35843342752196 1.62191340746358 1.30008086911403 1.19187142467126 1.5093820495531 0.946322838542983 1.09212442627177 0.996998448856175 1.76036545773968 1.59019006043673 1.61591473850422 1.32884247135371 1.54122449620627 1.02110682846978 1.32560496404767 1.30919633340091 1.39674428431317 1.16010148706846 1.63867223192938 1.41758058988489 1.68261763011105
1.05626650364138 1.24911886034533 1.09585599089041 1.2934575653635 1.43556337174959 0.959075722843409 1.18488715030253 0 1.06210179533809 1.26314277527854 1.66530020209029 1.72739083599299 1.07635901775211 0.952233901945874 0.964075906202197 1.25132385338657 1.6242683166638 1.77311661071144 1.12571873189881 0.958462776616216 1.67685701791197 1.6917401663959 1.42435420677066 1.18688565259799 0.964216512395069 1.79743866831996 1.66057360148989 1.0085152646061 1.2190292943269 1.22276150155813
1.66905626282096 1.20051643089391 1.67174848471768 1.19426746480167 0.981831624172628 1.36807165294886 1.20643305568956 1.06210179533809 0 1.38963127019815 0.97324868501164 1.20458454475738 1.23023024131544 1.08161796419881 1.66506770742126 1.36873702891171 1.87019349238835 1.09803068358451 1.58066542143933 1.41889417916536 1.8023997170385 1.7582215256989 1.44598589139059 1.12390491855331 1.76783785433508 1.26862301235087 1.73111384478398 1.09729969105683 0.995086747221649 1.78790548117831
1.75694747199304 0.952747991075739 1.29467142606154 1.48961326642893 1.24870879156515 1.68546629603952 1.35843342752196 1.26314277527854 1.38963127019815 0 1.11351506481878 1.07841572281905 1.06517216563225 1.52337383362465 1.35453970939852 1.27422347455285 1.47559475759044 1.79060794506222 1.505819064565 1.50733594736084 1.26832351158373 1.67665725247934 1.28446279023774 1.69107542396523 1.73683907277882 1.31755343638361 0.966031370917335 1.52131067891605 1.02977667376399 1.5588921518065
1.74594492884353 1.8421023262199 1.5598926898092 1.80182127165608 1.65588952344842 1.2260324168019 1.62191340746358 1.66530020209029 0.97324868501164 1.11351506481878 0 1.7699547780212 1.302046000259 1.43451438238844 0.905171578051522 0.94331056624651 1.26027631596662 1.77864804398268 1.1199376618024 1.31707632611506 1.10566670028493 1.18724568048492 1.03429754031822 1.1567446840927 0.949690599227324 1.66965950350277 1.08715653209947 1.44567854795605 1.62455377075821 1.33329345285892
1.08648446411826 1.43836664501578 1.07340329769067 1.75887846341357 1.72223060880788 1.51581916282885 1.30008086911403 1.72739083599299 1.20458454475738 1.07841572281905 1.7699547780212 0 1.16159231914207 1.86785165197216 1.64112344942987 1.62356779747643 0.994009644724429 1.74285592581145 1.57226814352907 1.34810634888709 1.50251774094068 1.79047224670649 1.53579566790722 1.43779797363095 1.90137127134949 1.36709507834166 1.71142584457994 1.62049900786951 1.36591810313985 1.50563478143886
1.26613286184147 1.33146785595454 1.58062361739576 0.923419242491946 1.20967588433996 1.15520185022615 1.19187142467126 1.07635901775211 1.23023024131544 1.06517216563225 1.302046000259 1.16159231914207 0 1.27142275986262 0.953471455723047 1.17748414073139 1.82749989069998 1.27158844377846 1.80097601353191 1.04090683651157 1.12804864905775 1.01652261288837 1.17794138332829 1.08668028842658 1.56186923827045 0.98902284540236 0.979316804092377 1.23896907735616 1.41636202041991 1.72427067998797
1.23845380498096 1.21860263892449 1.42537329602055 1.78281655767933 0.962761610513553 1.04086600360461 1.5093820495531 0.952233901945874 1.08161796419881 1.52337383362465 1.43451438238844 1.86785165197216 1.27142275986262 0 1.04989331075922 1.81797360000201 1.1937891037669 1.68021279526874 1.68212924990803 1.04089735378511 1.20504684816115 1.67971654189751 1.02365850657225 1.30637707654387 1.05914173764177 1.18102695606649 1.57481103716418 1.21341787022538 0.937762032495812 1.4603268832434
1.49696052749641 1.26000825292431 1.10737580736168 1.2244358593598 1.79709501843899 1.54844684177078 0.946322838542983 0.964075906202197 1.66506770742126 1.35453970939852 0.905171578051522 1.64112344942987 0.953471455723047 1.04989331075922 0 1.62795903743245 1.58241540729068 1.56194096175022 1.88744919165038 0.956694504246116 1.37588480114937 1.02380178752355 1.08471972378902 1.16701554879546 1.26197710353881 1.20462969550863 1.19678109954111 1.18264234648086 1.37359768524766 1.88195648672991
1.10887124971487 1.60435921885073 1.78672911575995 1.24357722816058 1.04199918312952 1.29215254052542 1.09212442627177 1.25132385338657 1.36873702891171 1.27422347455285 0.94331056624651 1.62356779747643 1.17748414073139 1.81797360000201 1.62795903743245 0 1.36645092605613 1.5370920302812 1.56906530656852 1.15398506517522 1.46915965597145 1.73660977859981 1.49937217030674 1.37395546538755 0.943590044043958 1.23014026111923 1.79950550338253 1.44223299180157 1.60170712019317 1.33963733888231
1.25314505794086 1.71982188452967 0.944108256371692 0.932787535944954 1.35886484151706 1.03855635342188 0.996998448856175 1.6242683166638 1.87019349238835 1.47559475759044 1.26027631596662 0.994009644724429 1.82749989069998 1.1937891037669 1.58241540729068 1.36645092605613 0 1.1258734811563 1.72746026632376 1.03639198606834 1.13701213826425 1.83324076700956 1.14662822568789 0.975343633210286 1.89686020533554 1.17132406076416 0.929997715400532 1.58455833862536 1.80240742280148 1.18336349376477
1.38092630496249 0.929901902098209 1.01604599202983 1.74518914660439 1.21331551857293 1.10889464826323 1.76036545773968 1.77311661071144 1.09803068358451 1.79060794506222 1.77864804398268 1.74285592581145 1.27158844377846 1.68021279526874 1.56194096175022 1.5370920302812 1.1258734811563 0 0.973869827808812 1.20053501846269 1.0765155183617 1.63540173904039 0.909332806942984 1.56795811094344 1.675175500568 1.15232724044472 1.86021928116679 1.14301787642762 1.67419793270528 1.27832942269742
0.981181517476216 1.63401119201444 1.76844858634286 1.04538333090022 0.915947430767119 0.98107090848498 1.59019006043673 1.12571873189881 1.58066542143933 1.505819064565 1.1199376618024 1.57226814352907 1.80097601353191 1.68212924990803 1.88744919165038 1.56906530656852 1.72746026632376 0.973869827808812 0 1.61776635120623 1.08256764616817 1.12257197592407 1.37418333301321 1.7771973113995 1.62402579328045 1.22180475457571 1.74542331765406 1.26131399278529 1.26677844277583 1.17712194728665
1.71539218747057 1.45094874175265 1.82153705693781 1.06434283126146 1.70196130266413 1.07641150383279 1.61591473850422 0.958462776616216 1.41889417916536 1.50733594736084 1.31707632611506 1.34810634888709 1.04090683651157 1.04089735378511 0.956694504246116 1.15398506517522 1.03639198606834 1.20053501846269 1.61776635120623 0 0.952290394809097 1.08642029576004 0.919849308906123 1.4508100876119 1.24856787454337 0.95828240388073 1.87315312121063 1.65221491549164 1.61134507879615 1.16713199205697
1.77659123996273 1.67652420792729 0.923873564694077 1.63328306330368 1.58005677256733 1.36603774665855 1.32884247135371 1.67685701791197 1.8023997170385 1.26832351158373 1.10566670028493 1.50251774094068 1.12804864905775 1.20504684816115 1.37588480114937 1.46915965597145 1.13701213826425 1.0765155183617 1.08256764616817 0.952290394809097 0 1.18567878264003 1.62137296702713 1.37033200683072 1.16189026995562 1.71090226131491 1.18485979014076 1.21537549188361 1.57022817549296 1.59108445723541
1.82252128841355 1.40677324752323 1.2428496030625 1.82409907993861 1.09494157857262 1.32138205226511 1.54122449620627 1.6917401663959 1.7582215256989 1.67665725247934 1.18724568048492 1.79047224670649 1.01652261288837 1.67971654189751 1.02380178752355 1.73660977859981 1.83324076700956 1.63540173904039 1.12257197592407 1.08642029576004 1.18567878264003 0 1.8631640796084 1.66382454684936 1.4460536474362 1.4421243625693 1.74139495170675 1.88465092331171 1.41959639196284 1.36331818276085
1.67854867270216 1.71919759199955 1.09739108197391 1.74381831358187 1.24252019450068 1.34142295224592 1.02110682846978 1.42435420677066 1.44598589139059 1.28446279023774 1.03429754031822 1.53579566790722 1.17794138332829 1.02365850657225 1.08471972378902 1.49937217030674 1.14662822568789 0.909332806942984 1.37418333301321 0.919849308906123 1.62137296702713 1.8631640796084 0 1.10210141353309 1.14907922013663 1.25136325415224 1.70064835110679 1.41742628859356 1.05593676981516 1.31081514339894
1.54299447219819 1.57725486392155 1.3936350394506 1.5168874275405 1.68125979788601 1.05818657251075 1.32560496404767 1.18688565259799 1.12390491855331 1.69107542396523 1.1567446840927 1.43779797363095 1.08668028842658 1.30637707654387 1.16701554879546 1.37395546538755 0.975343633210286 1.56795811094344 1.7771973113995 1.4508100876119 1.37033200683072 1.66382454684936 1.10210141353309 0 1.23414942808449 1.30543583724648 1.41168631264009 1.6215048013255 1.36950201471336 1.02244426170364
1.37406155699864 1.71375670679845 1.06969573767856 1.45457632164471 1.3101926012896 1.08122831350192 1.30919633340091 0.964216512395069 1.76783785433508 1.73683907277882 0.949690599227324 1.90137127134949 1.56186923827045 1.05914173764177 1.26197710353881 0.943590044043958 1.89686020533554 1.675175500568 1.62402579328045 1.24856787454337 1.16189026995562 1.4460536474362 1.14907922013663 1.23414942808449 0 1.1662998511456 1.3117921508383 1.4165065290872 1.63477758038789 1.04932605032809
1.29121001507156 1.86562138074078 1.78600379033014 1.82907985709608 1.52841450204141 1.72565798833966 1.39674428431317 1.79743866831996 1.26862301235087 1.31755343638361 1.66965950350277 1.36709507834166 0.98902284540236 1.18102695606649 1.20462969550863 1.23014026111923 1.17132406076416 1.15232724044472 1.22180475457571 0.95828240388073 1.71090226131491 1.4421243625693 1.25136325415224 1.30543583724648 1.1662998511456 0 1.43647282733582 0.933458985062316 1.47599390032701 1.25986722810194
1.57103393739089 1.65291726519354 1.08634266583249 1.8108205657918 1.34805056918412 1.3143242651131 1.16010148706846 1.66057360148989 1.73111384478398 0.966031370917335 1.08715653209947 1.71142584457994 0.979316804092377 1.57481103716418 1.19678109954111 1.79950550338253 0.929997715400532 1.86021928116679 1.74542331765406 1.87315312121063 1.18485979014076 1.74139495170675 1.70064835110679 1.41168631264009 1.3117921508383 1.43647282733582 0 1.14001104934141 1.42952695908025 1.23161415150389
1.27142647840083 1.07966467621736 1.46603043633513 1.0347532464657 1.01063490263186 1.10909941140562 1.63867223192938 1.0085152646061 1.09729969105683 1.52131067891605 1.44567854795605 1.62049900786951 1.23896907735616 1.21341787022538 1.18264234648086 1.44223299180157 1.58455833862536 1.14301787642762 1.26131399278529 1.65221491549164 1.21537549188361 1.88465092331171 1.41742628859356 1.6215048013255 1.4165065290872 0.933458985062316 1.14001104934141 0 1.60861279536039 1.7910664731171
1.88904201099649 1.344198490493 1.64188770065084 1.6047084510792 1.90052364300936 1.08062297455035 1.41758058988489 1.2190292943269 0.995086747221649 1.02977667376399 1.62455377075821 1.36591810313985 1.41636202041991 0.937762032495812 1.37359768524766 1.60170712019317 1.80240742280148 1.67419793270528 1.26677844277583 1.61134507879615 1.57022817549296 1.41959639196284 1.05593676981516 1.36950201471336 1.63477758038789 1.47599390032701 1.42952695908025 1.60861279536039 0 1.61754399607889
1.52790859946981 1.2388046332635 1.82370375772007 1.46101356460713 1.29280133335851 1.86003286275081 1.68261763011105 1.22276150155813 1.78790548117831 1.5588921518065 1.33329345285892 1.50563478143886 1.72427067998797 1.4603268832434 1.88195648672991 1.33963733888231 1.18336349376477 1.27832942269742 1.17712194728665 1.16713199205697 1.59108445723541 1.36331818276085 1.31081514339894 1.02244426170364 1.04932605032809 1.25986722810194 1.23161415150389 1.7910664731171 1.61754399607889 0
