0 1.76713046990335 1.83976251538843 1.0619737172965 1.4371881429106 1.45725022722036 1.38607394765131 1.17219259915873 1.53037000983022 1.58553766738623 1.19539987202734 1.40701847104356 1.70015377202071 1.32271986128762 1.8345002210699 1.69530478050001 1.51417199592106 1.22157992818393 1.28568699513562 1.62205492611974 1.81772658135742 0.982350539881736 1.85050718695857 0.987399828387424 1.11540030548349 1.60213549644686 1.46232299972326 1.78306372929364 1.17298321472481 0.874483021907508
1.76713046990335 0 1.00508074322715 1.79091198812239 1.41325340326875 1.73367145424709 1.19173133349977 1.02884946716949 1.50246212421916 1.32778426934965 1.03919485863298 1.74098369316198 1.08459277451038 1.06886126869358 1.60860434663482 1.19998976192437 1.56817843788303 0.936175355687737 1.43801770126447 1.84879065770656 1.01857034466229 1.47145980224013 1.31479812692851 1.07975389272906 1.76164857507683 1.53865398117341 1.12582345306873 1.43664921959862 1.06493243877776 1.41725695435889
1.83976251538843 1.00508074322715 0 1.84510437212884 1.16205306327902 1.57443372439593 1.81157637713477 1.67779523297213 1.70530250435695 1.32937957020476 1.48183026234619 1.65217157732695 1.21717735356651 0.898972608149052 1.23172187944874 1.07684631692246 1.72786886780523 1.1733263048809 0.991728127468377 1.67596554011106 1.6841080612503 1.57196320849471 0.911167422076687 1.81971556600183 1.86641573812813 0.980244953650981 1.70359143731184 1.14226514520124 0.990950147388503 1.49586063623428
1.0619737172965 1.79091198812239 1.84510437212884 0 1.00082418951206 1.09084457717836 1.64362907060422 1.75934892147779 1.08647408941761 1.63466869713739 1.30897183553316 1.48081614193507 1.09626665292308 1.7183753978461 1.11843226593919 1.06090180412866 0.916681715287268 1.60747074359097 1.05534723657183 0.888912321068347 1.86522776726633 1.28796226833947 1.64700049953535 1.47750016208738 0.980220442637801 1.80192965152673 1.01743875606917 1.06521482672542 1.63011161028408 1.72321127541363
1.4371881429106 1.41325340326875 1.16205306327902 1.00082418951206 0 1.47953720181249 0.964846601244062 1.24539103289135 1.44474482652731 1.13095265347511 1.48842093092389 1.04625717038289 1.50417006434873 1.86305494140834 1.86561137321405 1.63816640665755 1.34485725057311 1.23896954930387 0.976887612370774 1.71052660676651 1.05550954234786 1.1301439597737 0.940719916950911 1.85904600727372 1.7399083613418 1.54485969757661 1.00019140425138 1.14557970617898 0.880540587706491 1.83423065417446
1.45725022722036 1.73367145424709 1.57443372439593 1.09084457717836 1.47953720181249 0 0.961547980783507 1.54020370356739 1.5059010500554 1.82987430598587 1.01883893809281 0.991195933893323 1.09497523447499 1.51478982553817 1.77270037611015 0.872838718350977 1.85069429222494 1.61956807714887 0.971185269532725 1.58685273025185 1.0630972024519 1.79695881018415 1.12918787868693 1.15475167962722 1.6108887263108 0.935566210653633 0.921683527063578 1.13124390784651 1.13537880848162 1.5147577887401
1.38607394765131 1.19173133349977 1.81157637713477 1.64362907060422 0.964846601244062 0.961547980783507 0 1.15427010529675 1.09117948659696 1.47567720338702 1.66615012683906 1.58864998887293 1.70582821196876 1.22676529316232 1.20469470671378 1.7007366400212 1.14996610279195 1.67816157778725 1.28766819811426 1.22335631842725 1.13315339153633 1.76717445603572 0.944012125488371 1.71738444641232 0.968417569063604 1.55535005754791 0.896184827433899 1.1150452226866 0.978223266312853 1.35676642996259
1.17219259915873 1.02884946716949 1.67779523297213 1.75934892147779 1.24539103289135 1.54020370356739 1.15427010529675 0 1.03989235055633 1.78625932801515 0.994059669785202 1.80363154457882 1.0702061955817 1.49764964263886 1.01815167651512 1.05293780541979 1.29155823588371 1.46713728434406 1.1523058549501 0.931502699619159 1.15688603604212 1.51379166147672 1.17256528837606 1.47705365065485 1.00392500613816 1.53985385131091 1.0032428628765 0.88756067561917 1.83469268283807 1.4115953007713
1.53037000983022 1.50246212421916 1.70530250435695 1.08647408941761 1.44474482652731 1.5059010500554 1.09117948659696 1.03989235055633 0 1.21484497399069 1.61879710201174 1.42295921011828 1.26798935187981 1.78910687402822 1.26574348821305 1.60636318800971 0.989174839574844 1.46646978659555 1.05906871706247 1.58454995602369 1.17661451431923 1.28478461969644 1.11007107538171 1.22570186387748 0.87572150491178 1.3924525748007 1.85563391796313 1.36862969142385 1.06745246169157 1.86713609541766
1.58553766738623 1.32778426934965 1.32937957020476 1.63466869713739 1.13095265347511 1.82987430598587 1.47567720338702 1.78625932801515 1.21484497399069 0 1.51794032519683 1.23523311130702 1.33690026355907 1.4516863762401 1.51575296535157 1.69452695082873 1.62911582062952 1.24327217577957 1.18371293647215 1.70252893236466 1.85779204173014 1.3269476974383 1.49167021922767 1.30748415621929 1.22718925587833 1.83896809397265 1.29237041692249 1.07614211458713 1.00169208971784 0.926197122316808
1.19539987202734 1.03919485863298 1.48183026234619 1.30897183553316 1.48842093092389 1.01883893809281 1.66615012683906 0.994059669785202 1.61879710201174 1.51794032519683 0 1.17693786020391 0.883898576721549 1.67947642738 1.4303774908185 1.42111544450745 1.41924963053316 1.7934911379125 1.08559267874807 1.44225901644677 0.93972098082304 1.17586046806537 1.19120258535258 1.38754501263611 1.00307783996686 1.1117963725701 1.07817245600745 1.56856366200373 1.08194533316419 1.06492980918847
1.40701847104356 1.74098369316198 1.65217157732695 1.48081614193507 1.04625717038289 0.991195933893323 1.58864998887293 1.80363154457882 1.42295921011828 1.23523311130702 1.17693786020391 0 1.79399987752549 1.08210843848065 1.72293631732464 1.03428935608827 1.23296800954267 0.959770956542343 1.47355140605941 1.39716595597565 1.63088483596221 1.23671311652288 1.13475459371693 1.61243611481041 1.8643706839066 1.49759818054736 1.62716604210436 0.917317325947806 1.24731496744789 1.83865555236116
1.70015377202071 1.08459277451038 1.21717735356651 1.09626665292308 1.50417006434873 1.09497523447499 1.70582821196876 1.0702061955817 1.26798935187981 1.33690026355907 0.883898576721549 1.79399987752549 0 1.69772256771103 1.67675766069442 1.26823986042291 1.0111325525213 1.1458667346742 1.38257090887055 1.30157152097672 1.43067548866384 1.60475387214683 1.1623386638239 1.61226657079533 1.17963200178929 1.13410241249949 1.12435215129517 1.66969784582034 1.43672807142138 1.54651862639003
1.32271986128762 1.06886126869358 0.898972608149052 1.7183753978461 1.86305494140834 1.51478982553817 1.22676529316232 1.49764964263886 1.78910687402822 1.4516863762401 1.67947642738 1.08210843848065 1.69772256771103 0 1.23417012859136 1.36199494521134 1.67041233996861 1.20589277753606 1.15042147948407 1.24026924860664 1.81637530238368 1.47167491330765 1.79931380902417 1.0131151555106 1.37346718274057 0.887314371298999 1.27036719303578 0.904413822572678 1.19183506816626 1.64799431082793
1.8345002210699 1.60860434663482 1.23172187944874 1.11843226593919 1.86561137321405 1.77270037611015 1.20469470671378 1.01815167651512 1.26574348821305 1.51575296535157 1.4303774908185 1.72293631732464 1.67675766069442 1.23417012859136 0 1.61039039189927 1.85258226282895 1.32574860565364 1.25720333005302 1.31803331291303 1.28584272856824 1.00787567137741 1.05768894474022 1.60843071248382 1.16578195779584 1.50380079867318 1.39565777592361 1.05105765955523 1.5823184940964 1.30952246370725
1.69530478050001 1.19998976192437 1.07684631692246 1.06090180412866 1.63816640665755 0.872838718350977 1.7007366400212 1.05293780541979 1.60636318800971 1.69452695082873 1.42111544450745 1.03428935608827 1.26823986042291 1.36199494521134 1.61039039189927 0 1.58449614048004 1.21677018539049 1.30580916930921 1.0628501875326 1.2392559312284 1.33584242640063 1.86309159756638 1.68463384080678 0.881884980481118 1.05341868940741 1.16820491082035 0.906062504276633 1.53769401740283 1.30946085671894
1.51417199592106 1.56817843788303 1.72786886780523 0.916681715287268 1.34485725057311 1.85069429222494 1.14996610279195 1.29155823588371 0.989174839574844 1.62911582062952 1.41924963053316 1.23296800954267 1.0111325525213 1.67041233996861 1.85258226282895 1.58449614048004 0 1.57070493465289 1.57631970243528 1.18237053253688 1.62388273351826 1.13756498671137 1.34087032359093 0.929610808379948 1.25801813066937 1.69438276346773 1.7614678516984 1.27939856704324 1.5617880995851 1.80422726739198
1.22157992818393 0.936175355687737 1.1733263048809 1.60747074359097 1.23896954930387 1.61956807714887 1.67816157778725 1.46713728434406 1.46646978659555 1.24327217577957 1.7934911379125 0.959770956542343 1.1458667346742 1.20589277753606 1.32574860565364 1.21677018539049 1.57070493465289 0 1.61283335415646 1.48670953139663 1.11218373244628 1.52188641112298 1.48187718354166 0.93314169254154 1.86231330339797 1.03520495421253 1.23205562541261 1.10213632858358 1.28764506289735 1.24931318662129
1.28568699513562 1.43801770126447 0.991728127468377 1.05534723657183 0.976887612370774 0.971185269532725 1.28766819811426 1.1523058549501 1.05906871706247 1.18371293647215 1.08559267874807 1.47355140605941 1.38257090887055 1.15042147948407 1.25720333005302 1.30580916930921 1.57631970243528 1.61283335415646 0 1.10425868467428 1.70863850065507 1.1750672000926 1.2723770912271 0.972544707590714 1.35070448298939 1.18596708960831 1.14440105855465 1.47530112508684 1.0669931920711 1.71317681437358
1.62205492611974 1.84879065770656 1.67596554011106 0.888912321068347 1.71052660676651 1.58685273025185 1.22335631842725 0.931502699619159 1.58454995602369 1.70252893236466 1.44225901644677 1.39716595597565 1.30157152097672 1.24026924860664 1.31803331291303 1.0628501875326 1.18237053253688 1.48670953139663 1.10425868467428 0 1.584970387863 1.26895455177873 1.02738703438081 1.51350635802373 1.76008190959692 0.984336487250403 1.49997334810905 1.06253533205017 1.32786602107808 0.964629148133099
1.81772658135742 1.01857034466229 1.6841080612503 1.86522776726633 1.05550954234786 1.0630972024519 1.13315339153633 1.15688603604212 1.17661451431923 1.85779204173014 0.93972098082304 1.63088483596221 1.43067548866384 1.81637530238368 1.28584272856824 1.2392559312284 1.62388273351826 1.11218373244628 1.70863850065507 1.584970387863 0 1.19215283496305 1.19725888501853 1.74939951742999 1.55444886628538 1.74863776843995 0.972155570983887 1.72507110820152 0.884724637726322 1.80306887626648
0.982350539881736 1.47145980224013 1.57196320849471 1.28796226833947 1.1301439597737 1.79695881018415 1.76717445603572 1.51379166147672 1.28478461969644 1.3269476974383 1.17586046806537 1.23671311652288 1.60475387214683 1.47167491330765 1.00787567137741 1.33584242640063 1.13756498671137 1.52188641112298 1.1750672000926 1.26895455177873 1.19215283496305 0 1.84527057525702 1.06747866608202 1.44575479114428 1.53811695752665 1.02357960795052 0.877962813479826 0.934973431983963 1.43990743113682
1.85050718695857 1.31479812692851 0.911167422076687 1.64700049953535 0.940719916950911 1.12918787868693 0.944012125488371 1.17256528837606 1.11007107538171 1.49167021922767 1.19120258535258 1.13475459371693 1.1623386638239 1.79931380902417 1.05768894474022 1.86309159756638 1.34087032359093 1.48187718354166 1.2723770912271 1.02738703438081 1.19725888501853 1.84527057525702 0 1.30629071337171 1.78850541869178 1.00449665402994 1.39616326708347 0.995268685976043 0.974140563746914 1.61959380633198
0.987399828387424 1.07975389272906 1.81971556600183 1.47750016208738 1.85904600727372 1.15475167962722 1.71738444641232 1.47705365065485 1.22570186387748 1.30748415621929 1.38754501263611 1.61243611481041 1.61226657079533 1.0131151555106 1.60843071248382 1.68463384080678 0.929610808379948 0.93314169254154 0.972544707590714 1.51350635802373 1.74939951742999 1.06747866608202 1.30629071337171 0 1.1108307284303 1.51803536224179 1.11846380867064 1.41167091531679 1.05265823588707 1.35198446176946
1.11540030548349 1.76164857507683 1.86641573812813 0.980220442637801 1.7399083613418 1.6108887263108 0.968417569063604 1.00392500613816 0.87572150491178 1.22718925587833 1.00307783996686 1.8643706839066 1.17963200178929 1.37346718274057 1.16578195779584 0.881884980481118 1.25801813066937 1.86231330339797 1.35070448298939 1.76008190959692 1.55444886628538 1.44575479114428 1.78850541869178 1.1108307284303 0 1.10405751923099 1.72253229958005 1.05907944170758 1.8190411941614 1.02178922737949
1.60213549644686 1.53865398117341 0.980244953650981 1.80192965152673 1.54485969757661 0.935566210653633 1.55535005754791 1.53985385131091 1.3924525748007 1.83896809397265 1.1117963725701 1.49759818054736 1.13410241249949 0.887314371298999 1.50380079867318 1.05341868940741 1.69438276346773 1.03520495421253 1.18596708960831 0.984336487250403 1.74863776843995 1.53811695752665 1.00449665402994 1.51803536224179 1.10405751923099 0 1.85724973771721 1.35604094713926 1.22970225918107 1.0956013854593
1.46232299972326 1.12582345306873 1.70359143731184 1.01743875606917 1.00019140425138 0.921683527063578 0.896184827433899 1.0032428628765 1.85563391796313 1.29237041692249 1.07817245600745 1.62716604210436 1.12435215129517 1.27036719303578 1.39565777592361 1.16820491082035 1.7614678516984 1.23205562541261 1.14440105855465 1.49997334810905 0.972155570983887 1.02357960795052 1.39616326708347 1.11846380867064 1.72253229958005 1.85724973771721 0 1.56527838879265 1.34480070159771 1.08906334452331
1.78306372929364 1.43664921959862 1.14226514520124 1.06521482672542 1.14557970617898 1.13124390784651 1.1150452226866 0.88756067561917 1.36862969142385 1.07614211458713 1.56856366200373 0.917317325947806 1.66969784582034 0.904413822572678 1.05105765955523 0.906062504276633 1.27939856704324 1.10213632858358 1.47530112508684 1.06253533205017 1.72507110820152 0.877962813479826 0.995268685976043 1.41167091531679 1.05907944170758 1.35604094713926 1.56527838879265 0 1.21176918968558 0.985969452885911
1.17298321472481 1.06493243877776 0.990950147388503 1.63011161028408 0.880540587706491 1.13537880848162 0.978223266312853 1.83469268283807 1.06745246169157 1.00169208971784 1.08194533316419 1.24731496744789 1.43672807142138 1.19183506816626 1.5823184940964 1.53769401740283 1.5617880995851 1.28764506289735 1.0669931920711 1.32786602107808 0.884724637726322 0.934973431983963 0.974140563746914 1.05265823588707 1.8190411941614 1.22970225918107 1.34480070159771 1.21176918968558 0 0.988194251665846
0.874483021907508 1.41725695435889 1.49586063623428 1.72321127541363 1.83423065417446 1.5147577887401 1.35676642996259 1.4115953007713 1.86713609541766 0.926197122316808 1.06492980918847 1.83865555236116 1.54651862639003 1.64799431082793 1.30952246370725 1.30946085671894 1.80422726739198 1.24931318662129 1.71317681437358 0.964629148133099 1.80306887626648 1.43990743113682 1.61959380633198 1.35198446176946 1.02178922737949 1.0956013854593 1.08906334452331 0.985969452885911 0.988194251665846 0
