0 1.76864217501134 0.975591686088592 1.92259977129288 1.91993483249098 1.67830665269867 1.43625740497373 1.04029025114141 1.40150017058477 1.29844901687466 1.2239816582296 1.22433941322379 1.85723194899037 1.58949252590537 1.84465183923021 1.52527078194544 1.42760442034341 1.55738710192963 1.41645180364139 1.76692506647669 1.67968202522025 1.95056146429852 1.6683015965391 1.4804231999442 1.94669262925163 1.10394368320704 1.70879176445305 1.00366364675574 1.2167723455932 1.4028259026818
1.76864217501134 0 1.06914922734722 1.10210175858811 1.63147501065396 1.48127216962166 1.01656278199516 1.74892592150718 1.2651362454053 1.19709124066867 1.81458901567385 1.15024638921022 1.64861877844669 1.62904961709864 1.95021902327426 1.9627277192194 1.8058914670255 1.8063037651591 1.21126968343742 1.6418283234816 1.37383186654188 1.40100767696276 1.95475581591018 1.18112661968917 1.85499457968399 1.89999901177362 1.65535969706252 1.72417896077968 1.63640872668475 0.984560642391443
0.975591686088592 1.06914922734722 0 1.7312231704127 1.74177258019336 1.04469401645474 1.0723696986679 1.20987466629595 1.20301231206395 1.25216149957851 1.2226257561706 1.69594848295674 1.2494512849953 1.56264658947475 1.08012129319832 1.11388155329041 1.80265605077147 1.14011742919683 1.21750861336477 1.2965609068051 0.993246244965121 1.42215758096427 1.66569846472703 1.69516251073219 0.999582186574116 1.33390703238547 1.67721786303446 1.52558438153937 1.9401350223925 1.50953722000122
1.92259977129288 1.10210175858811 1.7312231704127 0 1.75630416115746 1.09254101593979 1.20692418375984 1.41559567768127 1.05155622260645 1.74148782086559 1.3480066859629 1.52068498008884 1.22271279222332 1.36201399401762 1.78116316138767 1.31047959206626 1.22170512122102 1.55934939300641 1.6823389432393 1.77985200379044 1.76968578551896 1.01890831929632 1.87217964581214 1.83335226634517 1.05090300971642 1.3582844636403 1.19034764263779 1.78660251363181 1.32526099961251 1.58876882237382
1.91993483249098 1.63147501065396 1.74177258019336 1.75630416115746 0 1.39775578514673 1.35590269090608 1.64366125385277 1.18489580857567 1.00638676690869 1.54017910989933 1.50848660385236 1.35689310729504 1.52633714186959 1.92661725310609 1.89171836688183 1.94552506390028 1.26736238924786 1.26773206540383 1.82772651338018 1.38789251609705 1.14537613210268 1.80683610611595 1.95987557433546 1.53263804316521 1.74974566395395 1.43256966024637 0.974717392586172 1.55833824188448 1.57617392134853
1.67830665269867 1.48127216962166 1.04469401645474 1.09254101593979 1.39775578514673 0 1.87272680364549 1.75875998474658 1.93142210622318 1.34481585863978 1.74863262660801 1.330682879081 1.32230985700153 1.96230397885665 1.16408249386586 1.03573643090203 1.42659972072579 1.95790952304378 1.81984163844027 1.42042005504481 1.558851106558 1.8482878440991 1.36762844305485 1.14665086823516 1.16381713980809 1.75171875907108 1.71617592754774 1.33671743189916 1.52471738145687 1.37331162579358
1.43625740497373 1.01656278199516 1.0723696986679 1.20692418375984 1.35590269090608 1.87272680364549 0 1.89591042068787 1.90417774696834 1.61015545809641 1.32737564016134 1.22820172854699 1.87842671573162 1.73768255393952 1.83793897577561 1.91402394068427 0.994022570317611 1.7639913095627 1.30182650056668 1.22718468587846 1.74532988015562 1.25159615487792 1.83139269473031 1.00481332605705 1.62257764488459 0.974644575500861 1.8188671215903 1.41461924253963 1.44098001322709 1.59254595241509
1.04029025114141 1.74892592150718 1.20987466629595 1.41559567768127 1.64366125385277 1.75875998474658 1.89591042068787 0 1.51846697577275 1.26649704645388 1.1940799234435 1.75053311139345 1.3858475019224 1.02473270148039 1.85786181758158 1.37950527435169 1.30459478148259 1.43970344867557 1.67698417627253 1.30796778434888 1.4993034938816 1.83325335104018 1.72506328695454 1.83238013298251 1.33797046262771 1.80901374504901 1.57729576947168 0.993939040694386 1.30899124592543 1.62356285075657
1.40150017058477 1.2651362454053 1.20301231206395 1.05155622260645 1.18489580857567 1.93142210622318 1.90417774696834 1.51846697577275 0 1.24759529414587 1.89339331793599 1.2114951594267 1.83412891044281 1.58195197954774 1.20012927055359 1.60719500132836 1.29032405256294 1.01680551236495 1.28847271413542 1.9203243968077 1.50363212707452 1.32773843873292 1.29107468365692 1.25496153300628 1.10171646228991 1.91799882706255 1.14614703529514 1.03970751981251 1.6096168232616 1.70870527927764
1.29844901687466 1.19709124066867 1.25216149957851 1.74148782086559 1.00638676690869 1.34481585863978 1.61015545809641 1.26649704645388 1.24759529414587 0 1.01502484548837 1.66094222757965 1.34361866116524 1.84845690475777 1.83579518110491 1.66690492909402 1.1655533213634 1.09423172404058 1.48152290773578 1.51904405793175 1.22372629260644 1.32692707935348 1.16073429887183 1.01488932361826 1.75833326228894 1.21772192092612 1.87006617500447 1.56610684935004 1.95674500870518 1.88640962657519
1.2239816582296 1.81458901567385 1.2226257561706 1.3480066859629 1.54017910989933 1.74863262660801 1.32737564016134 1.1940799234435 1.89339331793599 1.01502484548837 0 1.92276333342306 1.91357397055253 1.64156257500872 1.08000667439774 1.68586602737196 1.752415076131 1.87723240163177 1.11995303025469 1.68348435219377 1.87142889061943 0.998025560285896 1.65883118705824 1.48179436777718 1.02599902334623 0.996063268510625 1.75271224672906 1.57603582576849 1.77119311853312 1.68517593014985
1.22433941322379 1.15024638921022 1.69594848295674 1.52068498008884 1.50848660385236 1.330682879081 1.22820172854699 1.75053311139345 1.2114951594267 1.66094222757965 1.92276333342306 0 1.03963398048654 1.06870505260304 1.56831749528646 1.28578310529701 1.58992658928037 1.84002409409732 1.54129787208512 1.19752863491885 1.31813713721931 0.973140802700073 1.26742190727964 1.51096470258199 1.41570782382041 1.39600345515646 1.43692437466234 1.84739263751544 1.09500663261861 1.05101606086828
1.85723194899037 1.64861877844669 1.2494512849953 1.22271279222332 1.35689310729504 1.32230985700153 1.87842671573162 1.3858475019224 1.83412891044281 1.34361866116524 1.91357397055253 1.03963398048654 0 1.5261200258974 1.92101532639936 1.82160505815409 1.31497881445102 1.61701982654631 0.969340596813709 1.47681203251705 1.39281235868111 1.54390558693558 1.87497899192385 1.15096582844853 1.78455187869258 1.57821786776185 1.47154730767943 1.62792785465717 1.66089446959086 1.06690614507534
1.58949252590537 1.62904961709864 1.56264658947475 1.36201399401762 1.52633714186959 1.96230397885665 1.73768255393952 1.02473270148039 1.58195197954774 1.84845690475777 1.64156257500872 1.06870505260304 1.5261200258974 0 1.83703976636752 1.09795000823215 1.08157705143094 1.4730897534173 1.28226242493838 1.25953814177774 1.10282884328626 1.67601697263308 1.70676680351608 1.69744654046372 1.27791407029144 1.01192181603983 1.79419161821716 1.56983753060922 1.17212365008891 1.28556960378774
1.84465183923021 1.95021902327426 1.08012129319832 1.78116316138767 1.92661725310609 1.16408249386586 1.83793897577561 1.85786181758158 1.20012927055359 1.83579518110491 1.08000667439774 1.56831749528646 1.92101532639936 1.83703976636752 0 1.75904404628091 1.04688526131213 1.37844522669911 0.985419709701091 1.64542275411077 1.22902273526415 1.23939728667028 1.227574034594 1.85703245922923 1.26099835569039 0.981188532430679 1.7325341666583 1.27115150075406 1.63293983275071 1.59385367413051
1.52527078194544 1.9627277192194 1.11388155329041 1.31047959206626 1.89171836688183 1.03573643090203 1.91402394068427 1.37950527435169 1.60719500132836 1.66690492909402 1.68586602737196 1.28578310529701 1.82160505815409 1.09795000823215 1.75904404628091 0 1.72850318462588 1.65536343026906 1.51115496526472 1.01857356424443 1.21385572431609 1.62646017689258 1.88017808482982 1.5803415060509 1.74417799757794 1.75314149539918 1.78649134165607 1.27531541185454 1.1730811195448 0.978167076827958
1.42760442034341 1.8058914670255 1.80265605077147 1.22170512122102 1.94552506390028 1.42659972072579 0.994022570317611 1.30459478148259 1.29032405256294 1.1655533213634 1.752415076131 1.58992658928037 1.31497881445102 1.08157705143094 1.04688526131213 1.72850318462588 0 1.89425528887659 1.65108640934341 1.27529606828466 0.971546344691887 1.8982030057814 1.28326470009051 1.94623138289899 1.49843748961575 1.18364184652455 1.21683879685588 1.18908099457622 1.33087033685297 1.82715757982805
1.55738710192963 1.8063037651591 1.14011742919683 1.55934939300641 1.26736238924786 1.95790952304378 1.7639913095627 1.43970344867557 1.01680551236495 1.09423172404058 1.87723240163177 1.84002409409732 1.61701982654631 1.4730897534173 1.37844522669911 1.65536343026906 1.89425528887659 0 1.47177711455151 1.64286657678895 1.26150880916975 1.84030312253162 1.27591245737858 1.94330558367074 1.70157333556563 1.07785702869296 1.1868936822284 1.83683331031352 1.51447737775743 1.51740082423203
1.41645180364139 1.21126968343742 1.21750861336477 1.6823389432393 1.26773206540383 1.81984163844027 1.30182650056668 1.67698417627253 1.28847271413542 1.48152290773578 1.11995303025469 1.54129787208512 0.969340596813709 1.28226242493838 0.985419709701091 1.51115496526472 1.65108640934341 1.47177711455151 0 1.55559734930284 1.43051009112969 1.39718446088955 1.26400178135373 1.21301790187135 1.01088783633895 0.995116043370217 1.88832033821382 1.50493138330057 1.49131740094163 1.87263230863027
1.76692506647669 1.6418283234816 1.2965609068051 1.77985200379044 1.82772651338018 1.42042005504481 1.22718468587846 1.30796778434888 1.9203243968077 1.51904405793175 1.68348435219377 1.19752863491885 1.47681203251705 1.25953814177774 1.64542275411077 1.01857356424443 1.27529606828466 1.64286657678895 1.55559734930284 0 1.61220145877451 1.76309785316698 1.16093507828191 1.35625150077976 1.60133060836233 0.980864200275391 1.29152804310434 1.31966959522106 1.03889009123668 1.13252565194853
1.67968202522025 1.37383186654188 0.993246244965121 1.76968578551896 1.38789251609705 1.558851106558 1.74532988015562 1.4993034938816 1.50363212707452 1.22372629260644 1.87142889061943 1.31813713721931 1.39281235868111 1.10282884328626 1.22902273526415 1.21385572431609 0.971546344691887 1.26150880916975 1.43051009112969 1.61220145877451 0 1.52294056559913 1.26793744973838 1.1692961982917 1.3360768542625 1.29906728328206 1.1938133565709 1.37428351701237 1.46278393710963 1.47727353917435
1.95056146429852 1.40100767696276 1.42215758096427 1.01890831929632 1.14537613210268 1.8482878440991 1.25159615487792 1.83325335104018 1.32773843873292 1.32692707935348 0.998025560285896 0.973140802700073 1.54390558693558 1.67601697263308 1.23939728667028 1.62646017689258 1.8982030057814 1.84030312253162 1.39718446088955 1.76309785316698 1.52294056559913 0 1.50434026005678 1.69207044667564 1.4145187495742 1.01460997853428 0.991649609291926 1.95186866587028 1.83712458075024 1.82578637776896
1.6683015965391 1.95475581591018 1.66569846472703 1.87217964581214 1.80683610611595 1.36762844305485 1.83139269473031 1.72506328695454 1.29107468365692 1.16073429887183 1.65883118705824 1.26742190727964 1.87497899192385 1.70676680351608 1.227574034594 1.88017808482982 1.28326470009051 1.27591245737858 1.26400178135373 1.16093507828191 1.26793744973838 1.50434026005678 0 1.42034688661806 1.04746158514172 1.39286852162331 1.59903675341047 1.44930169312283 1.08133072545752 1.89715466625057
1.4804231999442 1.18112661968917 1.69516251073219 1.83335226634517 1.95987557433546 1.14665086823516 1.00481332605705 1.83238013298251 1.25496153300628 1.01488932361826 1.48179436777718 1.51096470258199 1.15096582844853 1.69744654046372 1.85703245922923 1.5803415060509 1.94623138289899 1.94330558367074 1.21301790187135 1.35625150077976 1.1692961982917 1.69207044667564 1.42034688661806 0 1.87689787731506 1.38692399975844 1.64565263898112 1.88975292793475 1.90066238795407 1.94505517464131
1.94669262925163 1.85499457968399 0.999582186574116 1.05090300971642 1.53263804316521 1.16381713980809 1.62257764488459 1.33797046262771 1.10171646228991 1.75833326228894 1.02599902334623 1.41570782382041 1.78455187869258 1.27791407029144 1.26099835569039 1.74417799757794 1.49843748961575 1.70157333556563 1.01088783633895 1.60133060836233 1.3360768542625 1.4145187495742 1.04746158514172 1.87689787731506 0 1.1282496235799 1.13778803870082 1.54671246628277 1.23199951741844 1.92848866409622
1.10394368320704 1.89999901177362 1.33390703238547 1.3582844636403 1.74974566395395 1.75171875907108 0.974644575500861 1.80901374504901 1.91799882706255 1.21772192092612 0.996063268510625 1.39600345515646 1.57821786776185 1.01192181603983 0.981188532430679 1.75314149539918 1.18364184652455 1.07785702869296 0.995116043370217 0.980864200275391 1.29906728328206 1.01460997853428 1.39286852162331 1.38692399975844 1.1282496235799 0 1.4571904791519 1.14109177212231 1.36436429829337 1.93665750534274
1.70879176445305 1.65535969706252 1.67721786303446 1.19034764263779 1.43256966024637 1.71617592754774 1.8188671215903 1.57729576947168 1.14614703529514 1.87006617500447 1.75271224672906 1.43692437466234 1.47154730767943 1.79419161821716 1.7325341666583 1.78649134165607 1.21683879685588 1.1868936822284 1.88832033821382 1.29152804310434 1.1938133565709 0.991649609291926 1.59903675341047 1.64565263898112 1.13778803870082 1.4571904791519 0 1.17479445948265 1.29525002627634 1.28415097738616
1.00366364675574 1.72417896077968 1.52558438153937 1.78660251363181 0.974717392586172 1.33671743189916 1.41461924253963 0.993939040694386 1.03970751981251 1.56610684935004 1.57603582576849 1.84739263751544 1.62792785465717 1.56983753060922 1.27115150075406 1.27531541185454 1.18908099457622 1.83683331031352 1.50493138330057 1.31966959522106 1.37428351701237 1.95186866587028 1.44930169312283 1.88975292793475 1.54671246628277 1.14109177212231 1.17479445948265 0 1.5506740489509 1.7008506716229
1.2167723455932 1.63640872668475 1.9401350223925 1.32526099961251 1.55833824188448 1.52471738145687 1.44098001322709 1.30899124592543 1.6096168232616 1.95674500870518 1.77119311853312 1.09500663261861 1.66089446959086 1.17212365008891 1.63293983275071 1.1730811195448 1.33087033685297 1.51447737775743 1.49131740094163 1.03889009123668 1.46278393710963 1.83712458075024 1.08133072545752 1.90066238795407 1.23199951741844 1.36436429829337 1.29525002627634 1.5506740489509 0 1.73648071475327
1.4028259026818 0.984560642391443 1.50953722000122 1.58876882237382 1.57617392134853 1.37331162579358 1.59254595241509 1.62356285075657 1.70870527927764 1.88640962657519 1.68517593014985 1.05101606086828 1.06690614507534 1.28556960378774 1.59385367413051 0.978167076827958 1.82715757982805 1.51740082423203 1.87263230863027 1.13252565194853 1.47727353917435 1.82578637776896 1.89715466625057 1.94505517464131 1.92848866409622 1.93665750534274 1.28415097738616 1.7008506716229 1.73648071475327 0
