0 1.91813892032951 1.82399182836525 1.22827154654078 1.37168007716537 1.83102483837865 1.67743375524879 1.19072481733747 1.3219082322903 1.54918069485575 1.08521523396485 1.24683766020462 1.54177325963974 1.4304678698536 1.7881797933951 1.79910949617624 0.958296413300559 1.70836851838976 1.69170462992042 1.35040575172752 1.66162338573486 1.55236510373652 1.44458428956568 1.30252853152342 1.68347540148534 1.61755572166294 1.28473193640821 1.18062231945805 1.1903486691881 1.74093282874674
1.91813892032951 0 1.16343376855366 0.979173189261928 1.3905148638878 1.64238009066321 1.23815938411281 1.44421548140235 1.84571349667385 1.09222590713762 1.62653307593428 1.50308156595565 1.41874553961679 1.21113691292703 1.35564291267656 1.21316098538227 1.43890152219683 1.44354751915671 1.18729807250202 1.39088430255651 1.50298198568635 1.39993288018741 1.87320322496817 1.86156342527829 1.55034274794161 1.29845803789794 1.33242623927072 1.23973012669012 1.43589039728977 1.47575541189872
1.82399182836525 1.16343376855366 0 1.18372124573216 1.56714083324187 1.90289400098845 1.83573173871264 1.61890609934926 1.86551102576777 1.7395457145758 1.00508599961177 1.92060132557526 1.03510306752287 1.35074023809284 0.950767182046548 1.15685790264979 1.57607023394667 0.972612311132252 0.959807982668281 1.11783718783408 0.9444325924851 0.957429862581193 0.961105639114976 1.92894371342845 1.41731254337355 1.50405616662465 0.943809715565294 0.946378229418769 1.40018419339322 1.04419398983009
1.22827154654078 0.979173189261928 1.18372124573216 0 1.32308873627335 1.85551030584611 1.19758872804232 1.58376939757727 1.00730603584088 1.11471890029497 1.53868682449684 1.56888121506199 1.13968011853285 1.36559372139163 0.949734138557687 1.4396677876357 1.32576012378559 1.10063412226737 1.44109346508048 1.6895769641269 1.19223942863755 1.48520938586444 1.65749674662948 1.44566254480742 1.20766050089151 1.36023915139958 1.59056518319994 1.86733395210467 1.326995925745 1.81550669739954
1.37168007716537 1.3905148638878 1.56714083324187 1.32308873627335 0 1.68837777758017 1.39550653193146 0.980043109506369 1.56084936787374 1.72635300760157 1.16380258183926 1.39714786666445 0.952200843486935 1.47978750476614 1.67421461176127 1.54683818505146 1.17294810828753 1.77068370301276 1.5836353150662 1.26824839040637 1.44184441608377 1.87193227047101 0.969340214738622 1.16504236776382 1.03669461654499 1.28525974950753 1.8763870599214 1.78762999549508 1.20075405109674 1.76919888425618
1.83102483837865 1.64238009066321 1.90289400098845 1.85551030584611 1.68837777758017 0 1.35440464038402 1.20708154351451 1.54003965551965 1.52568918373436 1.19088368793018 1.86951416218653 1.79878795868717 1.15425518481061 0.96802671905607 1.91176994610578 0.986523870145902 1.02014422509819 0.943086018320173 0.981805043295026 1.35067381127737 1.73053562757559 1.41076538874768 1.46220999560319 1.5362336342223 1.7230850099586 1.71797689120285 1.78731848020107 1.35872072004713 1.08224661787972
1.67743375524879 1.23815938411281 1.83573173871264 1.19758872804232 1.39550653193146 1.35440464038402 0 1.89720231015235 1.49634296121076 0.96820959681645 1.4240577837918 1.27202144498006 1.51739186770283 1.13544387579896 1.93789446237497 1.62131028762087 1.06743593653664 1.37515310524032 1.66913328506052 1.51528110355139 1.59590991120785 1.34053451754153 1.74504438275471 1.49906069855206 1.87209383980371 1.28495877841488 1.05167929758318 1.63688912033103 1.74940270069055 1.50090925628319
1.19072481733747 1.44421548140235 1.61890609934926 1.58376939757727 0.980043109506369 1.20708154351451 1.89720231015235 0 1.94001300306991 1.3821137144696 1.81342982850038 1.46699100825936 1.48870694334619 1.65846809768118 1.80483454442583 1.83379143103957 0.960582898696885 1.4321518400684 1.28188813361339 1.50510773085989 1.21879584738053 1.38232364505529 1.50927215302363 1.74029555008747 1.77423069090582 0.950210720999166 1.30638326518238 1.55703782918863 0.984108852921054 1.20223021833226
1.3219082322903 1.84571349667385 1.86551102576777 1.00730603584088 1.56084936787374 1.54003965551965 1.49634296121076 1.94001300306991 0 1.40876917284913 1.11695261416025 1.73393485182896 1.12054575025104 1.56148199480958 1.59725718270056 1.84610296832398 1.31313327839598 1.06339735467918 1.55065601505339 0.955881422851235 1.32501125242561 1.59992688847706 1.8982834930066 1.73986633028835 0.99819329706952 1.2836546737235 1.70322705758736 1.37120852642693 1.62415801850148 1.81430432246998
1.54918069485575 1.09222590713762 1.7395457145758 1.11471890029497 1.72635300760157 1.52568918373436 0.96820959681645 1.3821137144696 1.40876917284913 0 1.45968620688654 1.03535582916811 1.63687419774942 1.32970634568483 1.92369693028741 1.86065518972464 1.00247408775613 1.24802333163098 1.55225845752284 1.36059704585932 0.944159190170467 1.29814769374207 1.02914716419764 1.31361378496513 1.68918857071549 1.36977650527842 1.34676329581998 1.13998953183182 1.08201860333793 1.70338791189715
1.08521523396485 1.62653307593428 1.00508599961177 1.53868682449684 1.16380258183926 1.19088368793018 1.4240577837918 1.81342982850038 1.11695261416025 1.45968620688654 0 1.72040317393839 1.47101548546925 1.1370851402171 1.5228038020432 0.948565286584198 1.03282983065583 1.43006736179814 1.74297593347728 1.06100426684134 1.18860925990157 1.37924710405059 1.10086664347909 1.46864905813709 1.14125363877974 1.6139268798288 1.79804500797763 1.55698665673845 1.0380083010532 1.82290601567365
1.24683766020462 1.50308156595565 1.92060132557526 1.56888121506199 1.39714786666445 1.86951416218653 1.27202144498006 1.46699100825936 1.73393485182896 1.03535582916811 1.72040317393839 0 1.69059220468625 1.23882203316316 1.33311568037607 1.79123050742783 1.0298923056107 1.42662660963833 1.04998578503728 1.08880615513772 1.69095819396898 1.89313236763701 1.85285612079315 0.954105481738225 1.86122322734445 1.73261786974035 1.47128875995986 1.8194932860788 1.488224535482 1.64634975744411
1.54177325963974 1.41874553961679 1.03510306752287 1.13968011853285 0.952200843486935 1.79878795868717 1.51739186770283 1.48870694334619 1.12054575025104 1.63687419774942 1.47101548546925 1.69059220468625 0 1.59901861380786 1.03615083056502 1.50870159175247 1.68510078336112 1.24001402803697 1.63236823631451 1.75264806090854 1.29337902273983 1.06521644326858 1.44511674134992 1.586522588972 1.25868250406347 1.68660437548533 1.42716216179542 0.964082319987938 0.968248608056456 1.50376919936389
1.4304678698536 1.21113691292703 1.35074023809284 1.36559372139163 1.47978750476614 1.15425518481061 1.13544387579896 1.65846809768118 1.56148199480958 1.32970634568483 1.1370851402171 1.23882203316316 1.59901861380786 0 1.93833826901391 1.45523276482709 1.5646650812123 1.03246635082178 1.52988250204362 1.0567346282769 1.44247671565972 1.54383564228192 1.26068343501538 1.84294870938174 1.48006918071769 1.40607696631923 1.62927997554652 0.986886279191822 1.03300526365638 1.2780691946391
1.7881797933951 1.35564291267656 0.950767182046548 0.949734138557687 1.67421461176127 0.96802671905607 1.93789446237497 1.80483454442583 1.59725718270056 1.92369693028741 1.5228038020432 1.33311568037607 1.03615083056502 1.93833826901391 0 0.980379678308964 1.25287394504994 1.35509253293276 1.39044924848713 1.61829434055835 1.64956842362881 0.988300709985197 1.80558329052292 1.30267315893434 1.70467170141637 1.21101079368964 1.54646650725044 1.01691711670719 1.40112822060473 0.940991656854749
1.79910949617624 1.21316098538227 1.15685790264979 1.4396677876357 1.54683818505146 1.91176994610578 1.62131028762087 1.83379143103957 1.84610296832398 1.86065518972464 0.948565286584198 1.79123050742783 1.50870159175247 1.45523276482709 0.980379678308964 0 1.54321684432216 1.62545372662134 1.60670649609528 1.18878536229022 1.20733013399877 1.73849786724895 1.24758581747301 1.8105016972404 1.36499247257598 1.42232751497068 1.13763601565734 1.37382507743314 0.997946990421042 1.481052468298
0.958296413300559 1.43890152219683 1.57607023394667 1.32576012378559 1.17294810828753 0.986523870145902 1.06743593653664 0.960582898696885 1.31313327839598 1.00247408775613 1.03282983065583 1.0298923056107 1.68510078336112 1.5646650812123 1.25287394504994 1.54321684432216 0 1.57878334610723 1.4051176153589 1.33263214724138 0.991926812566817 1.0200744275935 1.42458213609643 1.12099208380096 1.29324870719574 1.00110151502304 1.42681010556407 1.85217209765688 1.26756208925508 1.58115452504717
1.70836851838976 1.44354751915671 0.972612311132252 1.10063412226737 1.77068370301276 1.02014422509819 1.37515310524032 1.4321518400684 1.06339735467918 1.24802333163098 1.43006736179814 1.42662660963833 1.24001402803697 1.03246635082178 1.35509253293276 1.62545372662134 1.57878334610723 0 1.75049655069597 1.54965291311964 1.44729775190353 0.942925706971437 1.52177027193829 1.34362634411082 1.48120446992107 1.143635581946 1.35648126271553 1.81384273828007 1.6306933562737 1.59229379985482
1.69170462992042 1.18729807250202 0.959807982668281 1.44109346508048 1.5836353150662 0.943086018320173 1.66913328506052 1.28188813361339 1.55065601505339 1.55225845752284 1.74297593347728 1.04998578503728 1.63236823631451 1.52988250204362 1.39044924848713 1.60670649609528 1.4051176153589 1.75049655069597 0 1.60324891586788 1.8714053989388 1.63977655326016 1.6673250340391 1.33217924740165 0.990433165803552 1.84416110743769 1.21913632703945 1.16515963152051 1.43964422866702 1.60193801252171
1.35040575172752 1.39088430255651 1.11783718783408 1.6895769641269 1.26824839040637 0.981805043295026 1.51528110355139 1.50510773085989 0.955881422851235 1.36059704585932 1.06100426684134 1.08880615513772 1.75264806090854 1.0567346282769 1.61829434055835 1.18878536229022 1.33263214724138 1.54965291311964 1.60324891586788 0 1.06171616399661 1.29326055035926 1.76445882744156 1.26444775797427 1.78774832794443 1.61456559156068 1.39471530681476 0.970633464865386 0.986434978432953 1.52744931634516
1.66162338573486 1.50298198568635 0.9444325924851 1.19223942863755 1.44184441608377 1.35067381127737 1.59590991120785 1.21879584738053 1.32501125242561 0.944159190170467 1.18860925990157 1.69095819396898 1.29337902273983 1.44247671565972 1.64956842362881 1.20733013399877 0.991926812566817 1.44729775190353 1.8714053989388 1.06171616399661 0 1.17483991500922 1.88687591534108 1.5181458608713 1.71614540205337 1.67999799153768 1.75897235423326 1.84903596318327 1.34284947812557 1.79572960129008
1.55236510373652 1.39993288018741 0.957429862581193 1.48520938586444 1.87193227047101 1.73053562757559 1.34053451754153 1.38232364505529 1.59992688847706 1.29814769374207 1.37924710405059 1.89313236763701 1.06521644326858 1.54383564228192 0.988300709985197 1.73849786724895 1.0200744275935 0.942925706971437 1.63977655326016 1.29326055035926 1.17483991500922 0 1.65349243069068 1.6104845663067 1.86885698931292 1.52160052699037 1.30281298514456 1.53713092859834 1.70526158041321 1.03573120385408
1.44458428956568 1.87320322496817 0.961105639114976 1.65749674662948 0.969340214738622 1.41076538874768 1.74504438275471 1.50927215302363 1.8982834930066 1.02914716419764 1.10086664347909 1.85285612079315 1.44511674134992 1.26068343501538 1.80558329052292 1.24758581747301 1.42458213609643 1.52177027193829 1.6673250340391 1.76445882744156 1.88687591534108 1.65349243069068 0 1.55198195250705 0.973304074257612 1.27132496587001 1.5588670745492 1.02956225792877 1.75153002492152 1.62039790814742
1.30252853152342 1.86156342527829 1.92894371342845 1.44566254480742 1.16504236776382 1.46220999560319 1.49906069855206 1.74029555008747 1.73986633028835 1.31361378496513 1.46864905813709 0.954105481738225 1.586522588972 1.84294870938174 1.30267315893434 1.8105016972404 1.12099208380096 1.34362634411082 1.33217924740165 1.26444775797427 1.5181458608713 1.6104845663067 1.55198195250705 0 1.34286794206128 1.79309213161469 1.26852500508539 1.55962395458482 1.50346358702518 1.83123761578463
1.68347540148534 1.55034274794161 1.41731254337355 1.20766050089151 1.03669461654499 1.5362336342223 1.87209383980371 1.77423069090582 0.99819329706952 1.68918857071549 1.14125363877974 1.86122322734445 1.25868250406347 1.48006918071769 1.70467170141637 1.36499247257598 1.29324870719574 1.48120446992107 0.990433165803552 1.78774832794443 1.71614540205337 1.86885698931292 0.973304074257612 1.34286794206128 0 1.47764577623457 0.940176325384527 1.55725563177839 1.52382892603055 0.964459691662341
1.61755572166294 1.29845803789794 1.50405616662465 1.36023915139958 1.28525974950753 1.7230850099586 1.28495877841488 0.950210720999166 1.2836546737235 1.36977650527842 1.6139268798288 1.73261786974035 1.68660437548533 1.40607696631923 1.21101079368964 1.42232751497068 1.00110151502304 1.143635581946 1.84416110743769 1.61456559156068 1.67999799153768 1.52160052699037 1.27132496587001 1.79309213161469 1.47764577623457 0 1.6887815061491 0.994981194846332 1.51530160824768 1.32571781799197
1.28473193640821 1.33242623927072 0.943809715565294 1.59056518319994 1.8763870599214 1.71797689120285 1.05167929758318 1.30638326518238 1.70322705758736 1.34676329581998 1.79804500797763 1.47128875995986 1.42716216179542 1.62927997554652 1.54646650725044 1.13763601565734 1.42681010556407 1.35648126271553 1.21913632703945 1.39471530681476 1.75897235423326 1.30281298514456 1.5588670745492 1.26852500508539 0.940176325384527 1.6887815061491 0 1.29164487868547 1.06252537714317 1.2102094469592
1.18062231945805 1.23973012669012 0.946378229418769 1.86733395210467 1.78762999549508 1.78731848020107 1.63688912033103 1.55703782918863 1.37120852642693 1.13998953183182 1.55698665673845 1.8194932860788 0.964082319987938 0.986886279191822 1.01691711670719 1.37382507743314 1.85217209765688 1.81384273828007 1.16515963152051 0.970633464865386 1.84903596318327 1.53713092859834 1.02956225792877 1.55962395458482 1.55725563177839 0.994981194846332 1.29164487868547 0 1.54660331993364 1.36370803019963
1.1903486691881 1.43589039728977 1.40018419339322 1.326995925745 1.20075405109674 1.35872072004713 1.74940270069055 0.984108852921054 1.62415801850148 1.08201860333793 1.0380083010532 1.488224535482 0.968248608056456 1.03300526365638 1.40112822060473 0.997946990421042 1.26756208925508 1.6306933562737 1.43964422866702 0.986434978432953 1.34284947812557 1.70526158041321 1.75153002492152 1.50346358702518 1.52382892603055 1.51530160824768 1.06252537714317 1.54660331993364 0 1.72052656766027
1.74093282874674 1.47575541189872 1.04419398983009 1.81550669739954 1.76919888425618 1.08224661787972 1.50090925628319 1.20223021833226 1.81430432246998 1.70338791189715 1.82290601567365 1.64634975744411 1.50376919936389 1.2780691946391 0.940991656854749 1.481052468298 1.58115452504717 1.59229379985482 1.60193801252171 1.52744931634516 1.79572960129008 1.03573120385408 1.62039790814742 1.83123761578463 0.964459691662341 1.32571781799197 1.2102094469592 1.36370803019963 1.72052656766027 0
