0 1.13901169458404 1.3325866824016 1.94169016019441 1.8055566737894 1.5902151777409 1.40837550861761 1.48469174816273 1.81784946611151 1.2981045152992 1.26770941587165 1.80023764446378 1.42959176795557 1.15739751886576 1.81984593975358 1.56036847201176 1.35937398322858 1.0508022303693 1.7924043003004 1.79029829846695 1.32083792006597 1.33776899892837 1.8907642159611 1.89425112190656 1.25283462554216 1.78897131839767 1.91907558566891 1.92472879681736 1.85638580215164 1.02804775373079
1.13901169458404 0 1.18011469044723 1.31673441035673 1.86687017325312 1.24552297405899 1.05825042794459 1.70281828055158 1.3775641429238 1.12819038960151 1.64706068206578 1.41791829001158 1.51733308564872 0.991078550228849 1.12006443645805 1.57116888719611 1.32225101464428 1.39330182340927 1.74159233411774 1.46713607478887 1.13445625593886 1.32437660079449 1.16674115764908 1.82601017667912 1.10063222306781 1.91544515802525 1.82917283126153 1.68394400342368 1.07934420788661 1.54493770212866
1.3325866824016 1.18011469044723 0 1.21259974455461 1.58841354958713 1.07374965283088 1.94859349890612 1.26895498204976 1.40901875100099 1.37850106577389 1.91962362150662 1.48043214343488 1.81713651539758 1.14353761984967 1.03797690873034 1.67655628686771 1.1641851302702 1.14452199311927 1.42868415103294 1.48040128010325 0.974333281395957 1.65367695735767 1.26463714125566 0.972399086225778 1.06628643535078 1.7546618974302 1.01164616690949 1.72500739619136 1.12342496169731 1.89804321853444
1.94169016019441 1.31673441035673 1.21259974455461 0 1.89208042318933 1.07517524342984 1.15136507572606 1.49061465752311 0.956093247048557 1.72351284022443 1.50414265156724 0.97614825819619 1.4015316630248 1.58184220711701 1.41227195993997 1.51250819349661 1.37288874504156 1.28530957712792 1.6531293571461 1.15083747194149 0.964947014115751 1.47636292269453 1.69354233774357 1.87400436750613 1.11664151889272 1.65719077875838 1.24703969410621 1.10267406422645 1.85521574877203 1.62574821338058
1.8055566737894 1.86687017325312 1.58841354958713 1.89208042318933 0 1.38632162264548 1.61426645913161 1.75570542365313 1.65477116173133 1.7114052970428 1.560781680746 1.13416828517802 1.75871716719121 1.18037622608244 1.94622196024284 1.15916660125367 1.65560423978604 1.74945902382024 1.25853864359669 1.41725752782077 0.995488747255877 1.18463338096626 1.71747121750377 1.58269173116423 1.57223740126938 1.14988197549246 1.44303936092183 1.14310252876021 1.69584373850375 1.92310401378199
1.5902151777409 1.24552297405899 1.07374965283088 1.07517524342984 1.38632162264548 0 1.40743431774899 1.66262010391802 1.49730355292559 1.17053357022814 1.37806684616953 1.5289348163642 1.83714661025442 1.49973534001037 1.4349306426011 1.07978030922823 1.54885286162607 1.47783091128804 1.74239061726257 1.73536066454835 1.69662216585129 1.81983950780705 1.13110074936412 1.59403468552046 1.27365721925162 1.56851228117011 1.87646167352796 1.49852326186374 1.88623888720758 1.4353691583965
1.40837550861761 1.05825042794459 1.94859349890612 1.15136507572606 1.61426645913161 1.40743431774899 0 1.40396871929988 1.60391995613463 1.01055058650672 1.29480239585973 1.65688186581247 1.35111302789301 1.31954358611256 1.09452238632366 1.59036884270608 1.47325152950361 1.38697267929092 1.76536131557077 1.78751813154668 1.01224830234423 1.21565465861931 1.46405698731542 1.92003277479671 1.66372457682155 0.955407281406224 1.87611003685743 1.60427129920572 1.26442780648358 1.39452323457226
1.48469174816273 1.70281828055158 1.26895498204976 1.49061465752311 1.75570542365313 1.66262010391802 1.40396871929988 0 1.27235624962486 0.956907474203035 1.31835607578978 1.38183040451258 0.972734628943726 1.16318604396656 1.87863093451597 1.69095762073994 1.12087793741375 1.09018550766632 1.72830936429091 1.11207501753233 1.92344720847905 1.33382050693035 1.37227317341603 1.29848705348559 1.5351084927097 1.2951299182605 1.19745371304452 1.64361129747704 1.80004754080437 1.2579261935316
1.81784946611151 1.3775641429238 1.40901875100099 0.956093247048557 1.65477116173133 1.49730355292559 1.60391995613463 1.27235624962486 0 1.18453972227871 1.5119812109042 0.990958565846086 1.20978374523111 1.0935365955811 1.44981866865419 1.73375195870176 1.62423889175989 1.72116181906313 1.70112939388491 1.08931324956939 1.3916382798925 1.16176930256188 1.62890876410529 1.92967556556687 1.3020609060768 1.57001284020953 1.16550766117871 1.63785275630653 1.59757256438024 1.6897772680968
1.2981045152992 1.12819038960151 1.37850106577389 1.72351284022443 1.7114052970428 1.17053357022814 1.01055058650672 0.956907474203035 1.18453972227871 0 1.01795888622291 1.73207335267216 0.978529254207388 1.19669901649468 1.14509609504603 1.59021840617061 1.4167195558548 0.96686586481519 1.0941275623627 1.82624197052792 1.20741255232133 0.965646893950179 1.47074484615587 1.31606977060437 1.489796243608 1.22291045705788 1.16981511190534 1.14267116435803 1.42143669910729 1.73233752138913
1.26770941587165 1.64706068206578 1.91962362150662 1.50414265156724 1.560781680746 1.37806684616953 1.29480239585973 1.31835607578978 1.5119812109042 1.01795888622291 0 1.92425037245266 1.46478491416201 1.9018440709915 1.8603763433639 1.23299481370486 1.29486332950182 1.45691778068431 1.80043883621693 1.21688757091761 1.10176335112192 1.0780533736106 1.93396481219679 1.23582951514982 1.67485581967048 1.04662932502106 1.17125474894419 1.08839763584547 1.57729623396881 0.967620885698125
1.80023764446378 1.41791829001158 1.48043214343488 0.97614825819619 1.13416828517802 1.5289348163642 1.65688186581247 1.38183040451258 0.990958565846086 1.73207335267216 1.92425037245266 0 1.4365572007373 0.97081654984504 1.9313851846382 1.940501275938 1.39067757525481 1.09576485049911 1.36293722037226 1.7742180172354 1.27235579257831 1.45142403803766 1.36583467014134 0.964075529947877 1.40982540138066 1.28805534425192 1.7890783387702 1.93148117978126 1.09337846422568 1.10513533162884
1.42959176795557 1.51733308564872 1.81713651539758 1.4015316630248 1.75871716719121 1.83714661025442 1.35111302789301 0.972734628943726 1.20978374523111 0.978529254207388 1.46478491416201 1.4365572007373 0 1.92996851261705 1.19155220943503 1.27070497092791 1.40193954692222 1.79273377172649 1.93703142995946 1.67699913354591 1.83666194975376 1.91730310022831 1.14334943611175 1.41379538900219 1.80569894425571 1.48735333187506 1.7991404668428 1.77001481200568 1.46867195400409 1.54918559128419
1.15739751886576 0.991078550228849 1.14353761984967 1.58184220711701 1.18037622608244 1.49973534001037 1.31954358611256 1.16318604396656 1.0935365955811 1.19669901649468 1.9018440709915 0.97081654984504 1.92996851261705 0 1.02060559159145 1.88782300543971 1.01163876941428 1.25636828853749 1.80593065661378 1.19127743528225 1.21478972351179 1.59764991700649 1.41360850003548 1.41707579395734 1.76480981940404 1.46374216885306 1.36155626690015 1.84726826287806 1.71013834024779 1.37024372443557
1.81984593975358 1.12006443645805 1.03797690873034 1.41227195993997 1.94622196024284 1.4349306426011 1.09452238632366 1.87863093451597 1.44981866865419 1.14509609504603 1.8603763433639 1.9313851846382 1.19155220943503 1.02060559159145 0 1.90799222746864 0.991079275030643 1.22782036871649 1.49511074996553 1.59684579959139 1.58838549815118 1.81714970921166 1.17620492354035 1.20033239852637 1.47994308336638 1.7191200570669 1.73025390598923 1.92625989648513 1.06221142504364 1.63568962970749
1.56036847201176 1.57116888719611 1.67655628686771 1.51250819349661 1.15916660125367 1.07978030922823 1.59036884270608 1.69095762073994 1.73375195870176 1.59021840617061 1.23299481370486 1.940501275938 1.27070497092791 1.88782300543971 1.90799222746864 0 1.65854679304175 1.66671285056509 1.09730529040098 0.955396238714457 1.2190202740021 1.5404207399115 1.79254874400795 1.28285974357277 1.51287725078873 1.13072823919356 1.64526078826748 0.991259230533615 1.26535791042261 1.32112974883057
1.35937398322858 1.32225101464428 1.1641851302702 1.37288874504156 1.65560423978604 1.54885286162607 1.47325152950361 1.12087793741375 1.62423889175989 1.4167195558548 1.29486332950182 1.39067757525481 1.40193954692222 1.01163876941428 0.991079275030643 1.65854679304175 0 1.74840563093312 1.89775703148916 1.61026267311536 1.26648883195594 1.36268997611478 1.90889141475782 1.64453278714791 1.20481783477589 1.83267579064704 1.42721923161298 1.84082866902463 1.0216536198277 1.10743153863586
1.0508022303693 1.39330182340927 1.14452199311927 1.28530957712792 1.74945902382024 1.47783091128804 1.38697267929092 1.09018550766632 1.72116181906313 0.96686586481519 1.45691778068431 1.09576485049911 1.79273377172649 1.25636828853749 1.22782036871649 1.66671285056509 1.74840563093312 0 1.39208779996261 1.22885273047723 1.29265588638373 1.41699303104542 1.4377334471792 1.36743144923821 1.94867003918625 1.12534931208938 1.86508491192944 1.71780210640281 0.986313224071637 1.54783751047216
1.7924043003004 1.74159233411774 1.42868415103294 1.6531293571461 1.25853864359669 1.74239061726257 1.76536131557077 1.72830936429091 1.70112939388491 1.0941275623627 1.80043883621693 1.36293722037226 1.93703142995946 1.80593065661378 1.49511074996553 1.09730529040098 1.89775703148916 1.39208779996261 0 1.18004156951793 1.59269393305294 1.15755768702365 1.89240769017488 1.83762171678245 1.29996338696219 1.39859130419791 1.3288846986834 1.00176978600211 1.29566614795476 1.38899958180264
1.79029829846695 1.46713607478887 1.48040128010325 1.15083747194149 1.41725752782077 1.73536066454835 1.78751813154668 1.11207501753233 1.08931324956939 1.82624197052792 1.21688757091761 1.7742180172354 1.67699913354591 1.19127743528225 1.59684579959139 0.955396238714457 1.61026267311536 1.22885273047723 1.18004156951793 0 0.9568217524793 1.36877244943753 1.12020018883049 1.46962733217515 1.00924722803757 1.25434260559268 1.36428266111761 1.94665546924807 1.9240481692832 1.01218447485007
1.32083792006597 1.13445625593886 0.974333281395957 0.964947014115751 0.995488747255877 1.69662216585129 1.01224830234423 1.92344720847905 1.3916382798925 1.20741255232133 1.10176335112192 1.27235579257831 1.83666194975376 1.21478972351179 1.58838549815118 1.2190202740021 1.26648883195594 1.29265588638373 1.59269393305294 0.9568217524793 0 1.39148407033645 1.15123120509088 1.44883746327832 1.62340252404101 1.91656464897096 1.63439829321578 1.88349930848926 1.1188454143703 1.78258958319202
1.33776899892837 1.32437660079449 1.65367695735767 1.47636292269453 1.18463338096626 1.81983950780705 1.21565465861931 1.33382050693035 1.16176930256188 0.965646893950179 1.0780533736106 1.45142403803766 1.91730310022831 1.59764991700649 1.81714970921166 1.5404207399115 1.36268997611478 1.41699303104542 1.15755768702365 1.36877244943753 1.39148407033645 0 1.57271021627821 1.85357923223637 1.70367554435506 1.94580039614812 0.980412685545161 1.23525866609998 1.38241357496008 0.987251895014197
1.8907642159611 1.16674115764908 1.26463714125566 1.69354233774357 1.71747121750377 1.13110074936412 1.46405698731542 1.37227317341603 1.62890876410529 1.47074484615587 1.93396481219679 1.36583467014134 1.14334943611175 1.41360850003548 1.17620492354035 1.79254874400795 1.90889141475782 1.4377334471792 1.89240769017488 1.12020018883049 1.15123120509088 1.57271021627821 0 1.52589389123023 1.18110692105256 1.22289477894083 1.92164410324767 1.67714590369724 1.33338441769592 1.30245996546
1.89425112190656 1.82601017667912 0.972399086225778 1.87400436750613 1.58269173116423 1.59403468552046 1.92003277479671 1.29848705348559 1.92967556556687 1.31606977060437 1.23582951514982 0.964075529947877 1.41379538900219 1.41707579395734 1.20033239852637 1.28285974357277 1.64453278714791 1.36743144923821 1.83762171678245 1.46962733217515 1.44883746327832 1.85357923223637 1.52589389123023 0 1.85893871914595 1.93620633357204 1.30534020112827 1.29947015596554 1.26737885037437 1.52452964987606
1.25283462554216 1.10063222306781 1.06628643535078 1.11664151889272 1.57223740126938 1.27365721925162 1.66372457682155 1.5351084927097 1.3020609060768 1.489796243608 1.67485581967048 1.40982540138066 1.80569894425571 1.76480981940404 1.47994308336638 1.51287725078873 1.20481783477589 1.94867003918625 1.29996338696219 1.00924722803757 1.62340252404101 1.70367554435506 1.18110692105256 1.85893871914595 0 1.86762126348913 1.2565296839457 1.37646038411185 1.89405213063583 1.33435515756719
1.78897131839767 1.91544515802525 1.7546618974302 1.65719077875838 1.14988197549246 1.56851228117011 0.955407281406224 1.2951299182605 1.57001284020953 1.22291045705788 1.04662932502106 1.28805534425192 1.48735333187506 1.46374216885306 1.7191200570669 1.13072823919356 1.83267579064704 1.12534931208938 1.39859130419791 1.25434260559268 1.91656464897096 1.94580039614812 1.22289477894083 1.93620633357204 1.86762126348913 0 1.84280093968846 1.19777593272738 1.78858764725737 1.40145876142196
1.91907558566891 1.82917283126153 1.01164616690949 1.24703969410621 1.44303936092183 1.87646167352796 1.87611003685743 1.19745371304452 1.16550766117871 1.16981511190534 1.17125474894419 1.7890783387702 1.7991404668428 1.36155626690015 1.73025390598923 1.64526078826748 1.42721923161298 1.86508491192944 1.3288846986834 1.36428266111761 1.63439829321578 0.980412685545161 1.92164410324767 1.30534020112827 1.2565296839457 1.84280093968846 0 1.16638707392849 1.74545812699944 1.26025142823346
1.92472879681736 1.68394400342368 1.72500739619136 1.10267406422645 1.14310252876021 1.49852326186374 1.60427129920572 1.64361129747704 1.63785275630653 1.14267116435803 1.08839763584547 1.93148117978126 1.77001481200568 1.84726826287806 1.92625989648513 0.991259230533615 1.84082866902463 1.71780210640281 1.00176978600211 1.94665546924807 1.88349930848926 1.23525866609998 1.67714590369724 1.29947015596554 1.37646038411185 1.19777593272738 1.16638707392849 0 1.64796177460812 1.11233404441737
1.85638580215164 1.07934420788661 1.12342496169731 1.85521574877203 1.69584373850375 1.88623888720758 1.26442780648358 1.80004754080437 1.59757256438024 1.42143669910729 1.57729623396881 1.09337846422568 1.46867195400409 1.71013834024779 1.06221142504364 1.26535791042261 1.0216536198277 0.986313224071637 1.29566614795476 1.9240481692832 1.1188454143703 1.38241357496008 1.33338441769592 1.26737885037437 1.89405213063583 1.78858764725737 1.74545812699944 1.64796177460812 0 1.38880746765062
1.02804775373079 1.54493770212866 1.89804321853444 1.62574821338058 1.92310401378199 1.4353691583965 1.39452323457226 1.2579261935316 1.6897772680968 1.73233752138913 0.967620885698125 1.10513533162884 1.54918559128419 1.37024372443557 1.63568962970749 1.32112974883057 1.10743153863586 1.54783751047216 1.38899958180264 1.01218447485007 1.78258958319202 0.987251895014197 1.30245996546 1.52452964987606 1.33435515756719 1.40145876142196 1.26025142823346 1.11233404441737 1.38880746765062 0
