0 1.50415874109603 0.932228151941672 1.92208861862309 1.88922568201087 1.3921413118951 1.41878809896298 1.71837159595452 1.25054848426953 0.974709161091596 1.72944283275865 1.02810758515261 1.66802367102355 1.54406147520058 1.83831750554964 1.61513998592272 1.33830095361918 1.0861883261241 1.50972117390484 1.43862435477786 1.42631629295647 1.8205733995419 1.537055128254 1.80687930528075 1.92640845361166 1.24530325946398 1.08138273446821 1.43606808129698 1.62051493534818 1.34686968429014
1.50415874109603 0 1.33248648792505 1.7778126008343 1.76570619572885 1.64638386690058 1.69096860731952 1.37075205938891 1.79344572196715 1.76894503762014 1.12622584588826 1.53192620887421 1.84132479224354 1.87035210267641 1.7843821386341 1.77561740740202 1.75608191266656 1.10852608480491 1.58202207460999 1.01578995934688 1.76560034416616 1.25239218119532 1.69893261254765 1.54592490312643 1.77098582242616 1.3817341288086 1.117614681134 1.62462360854261 1.22471561515704 1.59553265897557
0.932228151941672 1.33248648792505 0 1.41482371720485 1.70422520721331 1.06585266394541 1.59165216400288 1.748002409935 1.41127403639257 1.82983580674045 1.10643596854061 1.46978911431506 1.20577555359341 1.24740351829678 1.90176777727902 1.18299269699492 1.39015650562942 1.72579566459171 1.78467098297551 1.84603543533012 1.66521327849478 1.25725719705224 1.73703959258273 1.34845950128511 1.17823474970646 1.63840688206255 1.04056263924576 1.21480856114067 1.62995954137295 1.58981995400973
1.92208861862309 1.7778126008343 1.41482371720485 0 1.66172908851877 1.13349074637517 1.01350355357863 1.81385678844526 0.990033749723807 1.8187824820634 1.53599410108291 1.41133211320266 1.90623955870979 1.409646270331 1.16155114537105 1.61720157600939 1.28795114438981 1.28150637703948 1.89773605158553 1.58647310524248 1.25316423154436 1.2958476273343 1.15135891595855 1.64118355559185 1.19199453294277 1.07706990721636 1.28658225387335 1.74612446990795 1.31797445123084 1.92182238888927
1.88922568201087 1.76570619572885 1.70422520721331 1.66172908851877 0 1.03642952651717 1.44876564573497 1.02817623224109 1.08651457424276 1.27672388590872 1.04760823468678 1.2082004416734 1.40354850003496 1.68156141205691 1.15129115432501 1.38991254428402 1.56250585755333 1.15755585185252 1.65990095352754 1.13592214393429 1.06535914819688 1.48160744505003 1.91936234710738 1.75609030621126 1.47619731747545 1.79270376381464 0.9674761837814 1.76612202450633 1.78045289777219 1.01497518224642
1.3921413118951 1.64638386690058 1.06585266394541 1.13349074637517 1.03642952651717 0 1.45693940389901 1.85288369236514 1.23661139281467 1.41442580032162 1.38899858039804 1.79990422306582 1.33856972423382 1.12730192416348 1.35419823531993 1.70850934879854 1.01656621741131 1.48723382176831 1.27313268417493 1.80156221031211 1.3990380235482 1.19383177533746 1.07306240918115 1.10800899169408 1.14647354697809 1.34996202471666 1.35938092391007 1.68931146664545 1.19622198608704 1.69745824672282
1.41878809896298 1.69096860731952 1.59165216400288 1.01350355357863 1.44876564573497 1.45693940389901 0 1.29225967335515 1.46508951834403 1.18782517686486 1.86679845908657 1.62678294628859 1.4290231410414 1.90333409444429 1.74118226789869 1.57939590234309 1.33452998544089 1.0063681777101 1.07068058243021 1.26637113955803 1.83045229897834 1.67116107884794 1.57977756718174 1.05279786512256 1.91770428442396 0.979879271471873 1.90932832239196 1.8904710712377 1.31467435904779 1.22965808259323
1.71837159595452 1.37075205938891 1.748002409935 1.81385678844526 1.02817623224109 1.85288369236514 1.29225967335515 0 0.986883071018383 1.86010226956569 1.90440008416772 0.93809224688448 1.11808218015358 1.60917991306633 1.91184766590595 0.948089898331091 1.48798238555901 1.39732990902849 0.991467480082065 0.95789661933668 1.34324980014935 1.79118922352791 1.33552456833422 1.19624246121384 1.65047827805392 1.318417358445 1.53046174207702 1.87414663936943 1.08546319231391 0.935336977476254
1.25054848426953 1.79344572196715 1.41127403639257 0.990033749723807 1.08651457424276 1.23661139281467 1.46508951834403 0.986883071018383 0 1.15787577652372 1.84491153573617 1.26473943213932 1.11274764221162 1.15233442536555 1.47972987871617 1.03655932680704 1.05547582078725 1.66207734565251 1.74108418892138 1.3990193339996 1.35275246412493 1.11667045718059 1.37101711914875 1.32569391676225 1.3382203031797 1.25512500153854 1.8960396591574 1.68890112335794 1.10681256488897 1.14131147135049
0.974709161091596 1.76894503762014 1.82983580674045 1.8187824820634 1.27672388590872 1.41442580032162 1.18782517686486 1.86010226956569 1.15787577652372 0 1.30590045801364 1.18068091128953 1.24621788389049 1.48132362100296 1.78449093457311 1.80343853984959 1.92639689031057 1.46388109982945 1.7379850728903 1.04964086133987 1.92239397624508 1.23666566447355 0.998948405729607 1.63227927242406 1.76801483891904 1.86698615457863 1.03929150663316 1.7792889077682 1.08671533595771 1.10610142420046
1.72944283275865 1.12622584588826 1.10643596854061 1.53599410108291 1.04760823468678 1.38899858039804 1.86679845908657 1.90440008416772 1.84491153573617 1.30590045801364 0 1.18873096373864 1.03794352081604 1.77309018047526 1.6653434173204 1.73515271674842 1.33082107687369 1.05729200923815 1.25843537226319 1.13362818048336 1.1901232553646 1.27004555379972 1.39164808392525 1.47369975899346 1.80752428341657 1.40765767497942 1.7835003444925 0.933081182418391 1.10167715558782 1.12951016006991
1.02810758515261 1.53192620887421 1.46978911431506 1.41133211320266 1.2082004416734 1.79990422306582 1.62678294628859 0.93809224688448 1.26473943213932 1.18068091128953 1.18873096373864 0 1.37712714984082 1.61768793826923 1.6316814951133 1.20490316394717 1.16979005141184 1.37872969848104 1.79954487015493 1.72822481277399 1.64848286123015 1.0701819374226 1.3149445746094 1.43840716895647 1.07546083419584 1.47581144166179 1.82139586238191 1.19675632426515 1.19410946476273 1.70645244489424
1.66802367102355 1.84132479224354 1.20577555359341 1.90623955870979 1.40354850003496 1.33856972423382 1.4290231410414 1.11808218015358 1.11274764221162 1.24621788389049 1.03794352081604 1.37712714984082 0 0.940792835317552 1.4051772467792 1.47778516425751 1.81255598017015 1.12323886645027 1.55893771909177 0.930929147638381 0.972552507184446 1.88016394060105 1.42905437969603 1.71770078409463 1.13935029343702 1.58312059892341 1.05053315218538 1.28403855464421 1.62451581959613 1.01184992236085
1.54406147520058 1.87035210267641 1.24740351829678 1.409646270331 1.68156141205691 1.12730192416348 1.90333409444429 1.60917991306633 1.15233442536555 1.48132362100296 1.77309018047526 1.61768793826923 0.940792835317552 0 0.969278335105628 1.11158364266157 1.65232273563743 1.50989200593904 1.6588423398789 1.50400050310418 1.17704511014745 1.42332327691838 1.06137713766657 1.12752863555215 1.13909511081874 1.5150771306362 1.51633366639726 1.18262258102186 1.41037234570831 1.40502285328694
1.83831750554964 1.7843821386341 1.90176777727902 1.16155114537105 1.15129115432501 1.35419823531993 1.74118226789869 1.91184766590595 1.47972987871617 1.78449093457311 1.6653434173204 1.6316814951133 1.4051772467792 0.969278335105628 0 0.984202005900443 1.37207000493072 1.7749741980806 1.37902201758698 1.49304048041813 1.45464226882905 1.76807818724774 1.11186583759263 1.81030287616886 1.38636312098242 1.34443258470856 1.15748742246069 1.43198363063857 0.930963205406442 1.74111200426705
1.61513998592272 1.77561740740202 1.18299269699492 1.61720157600939 1.38991254428402 1.70850934879854 1.57939590234309 0.948089898331091 1.03655932680704 1.80343853984959 1.73515271674842 1.20490316394717 1.47778516425751 1.11158364266157 0.984202005900443 0 1.5322283427231 1.86062005884014 1.53653123858385 1.40499346493743 1.44228774495423 1.25199176091701 1.70947185228579 1.33287488715723 1.79877357161604 1.14285650989041 1.0601101196371 1.34444182016887 1.17161434539594 1.0693329332862
1.33830095361918 1.75608191266656 1.39015650562942 1.28795114438981 1.56250585755333 1.01656621741131 1.33452998544089 1.48798238555901 1.05547582078725 1.92639689031057 1.33082107687369 1.16979005141184 1.81255598017015 1.65232273563743 1.37207000493072 1.5322283427231 0 1.41163399838842 1.84587950422429 1.60791901056655 1.83690354391001 1.42490234528668 1.38200428360142 1.53686907351948 1.17789315385744 1.37911675381474 1.08521658927202 1.69391471636482 1.47266481933184 1.40700778481551
1.0861883261241 1.10852608480491 1.72579566459171 1.28150637703948 1.15755585185252 1.48723382176831 1.0063681777101 1.39732990902849 1.66207734565251 1.46388109982945 1.05729200923815 1.37872969848104 1.12323886645027 1.50989200593904 1.7749741980806 1.86062005884014 1.41163399838842 0 1.3581618797034 1.37298239162192 0.935169651871547 1.23672271193936 1.07067563920282 1.42031034082174 1.4394628694281 1.47669618343934 1.91567542194389 1.76617739466019 1.35145605588332 1.77668184833601
1.50972117390484 1.58202207460999 1.78467098297551 1.89773605158553 1.65990095352754 1.27313268417493 1.07068058243021 0.991467480082065 1.74108418892138 1.7379850728903 1.25843537226319 1.79954487015493 1.55893771909177 1.6588423398789 1.37902201758698 1.53653123858385 1.84587950422429 1.3581618797034 0 1.70471976837143 1.65034393686801 1.62149763782509 1.92572228214704 1.92212219559588 1.92212573369034 1.83580611343496 1.20389611599967 1.64135502604768 1.75725506129675 1.7922540907748
1.43862435477786 1.01578995934688 1.84603543533012 1.58647310524248 1.13592214393429 1.80156221031211 1.26637113955803 0.95789661933668 1.3990193339996 1.04964086133987 1.13362818048336 1.72822481277399 0.930929147638381 1.50400050310418 1.49304048041813 1.40499346493743 1.60791901056655 1.37298239162192 1.70471976837143 0 1.3637149061542 1.56926431134343 1.72735657170415 1.56663618935272 1.74439186765812 1.58965948456898 0.984822174301371 1.79959061602131 1.02115666354075 0.98653349140659
1.42631629295647 1.76560034416616 1.66521327849478 1.25316423154436 1.06535914819688 1.3990380235482 1.83045229897834 1.34324980014935 1.35275246412493 1.92239397624508 1.1901232553646 1.64848286123015 0.972552507184446 1.17704511014745 1.45464226882905 1.44228774495423 1.83690354391001 0.935169651871547 1.65034393686801 1.3637149061542 0 1.82382004032843 1.88909579161555 1.01585612702183 1.7069721785374 1.08116021449678 1.26214532437734 1.05586712178774 1.42027367954142 1.43166147451848
1.8205733995419 1.25239218119532 1.25725719705224 1.2958476273343 1.48160744505003 1.19383177533746 1.67116107884794 1.79118922352791 1.11667045718059 1.23666566447355 1.27004555379972 1.0701819374226 1.88016394060105 1.42332327691838 1.76807818724774 1.25199176091701 1.42490234528668 1.23672271193936 1.62149763782509 1.56926431134343 1.82382004032843 0 1.07113490672782 0.980694722617045 1.04614865244366 1.7876545318868 1.26357027632184 1.71309658885002 1.90305538685061 1.27301342179999
1.537055128254 1.69893261254765 1.73703959258273 1.15135891595855 1.91936234710738 1.07306240918115 1.57977756718174 1.33552456833422 1.37101711914875 0.998948405729607 1.39164808392525 1.3149445746094 1.42905437969603 1.06137713766657 1.11186583759263 1.70947185228579 1.38200428360142 1.07067563920282 1.92572228214704 1.72735657170415 1.88909579161555 1.07113490672782 0 1.4671132331714 1.26386226131581 1.35406863922253 1.91623306949623 0.930270275333896 1.77817350602709 1.38958333409391
1.80687930528075 1.54592490312643 1.34845950128511 1.64118355559185 1.75609030621126 1.10800899169408 1.05279786512256 1.19624246121384 1.32569391676225 1.63227927242406 1.47369975899346 1.43840716895647 1.71770078409463 1.12752863555215 1.81030287616886 1.33287488715723 1.53686907351948 1.42031034082174 1.92212219559588 1.56663618935272 1.01585612702183 0.980694722617045 1.4671132331714 0 1.04981666128151 1.51543478644453 1.53677901509218 1.38657372887246 1.7004564544186 1.43140086904168
1.92640845361166 1.77098582242616 1.17823474970646 1.19199453294277 1.47619731747545 1.14647354697809 1.91770428442396 1.65047827805392 1.3382203031797 1.76801483891904 1.80752428341657 1.07546083419584 1.13935029343702 1.13909511081874 1.38636312098242 1.79877357161604 1.17789315385744 1.4394628694281 1.92212573369034 1.74439186765812 1.7069721785374 1.04614865244366 1.26386226131581 1.04981666128151 0 1.64578327303752 1.69767830404453 1.90681097889319 1.70002694567665 1.53282368183136
1.24530325946398 1.3817341288086 1.63840688206255 1.07706990721636 1.79270376381464 1.34996202471666 0.979879271471873 1.318417358445 1.25512500153854 1.86698615457863 1.40765767497942 1.47581144166179 1.58312059892341 1.5150771306362 1.34443258470856 1.14285650989041 1.37911675381474 1.47669618343934 1.83580611343496 1.58965948456898 1.08116021449678 1.7876545318868 1.35406863922253 1.51543478644453 1.64578327303752 0 1.2306219721213 0.942304315511137 1.64954749960452 1.92135198554024
1.08138273446821 1.117614681134 1.04056263924576 1.28658225387335 0.9674761837814 1.35938092391007 1.90932832239196 1.53046174207702 1.8960396591574 1.03929150663316 1.7835003444925 1.82139586238191 1.05053315218538 1.51633366639726 1.15748742246069 1.0601101196371 1.08521658927202 1.91567542194389 1.20389611599967 0.984822174301371 1.26214532437734 1.26357027632184 1.91623306949623 1.53677901509218 1.69767830404453 1.2306219721213 0 0.985962794162333 1.18797232583165 1.04676523804665
1.43606808129698 1.62462360854261 1.21480856114067 1.74612446990795 1.76612202450633 1.68931146664545 1.8904710712377 1.87414663936943 1.68890112335794 1.7792889077682 0.933081182418391 1.19675632426515 1.28403855464421 1.18262258102186 1.43198363063857 1.34444182016887 1.69391471636482 1.76617739466019 1.64135502604768 1.79959061602131 1.05586712178774 1.71309658885002 0.930270275333896 1.38657372887246 1.90681097889319 0.942304315511137 0.985962794162333 0 1.26398632023484 1.55703957751393
1.62051493534818 1.22471561515704 1.62995954137295 1.31797445123084 1.78045289777219 1.19622198608704 1.31467435904779 1.08546319231391 1.10681256488897 1.08671533595771 1.10167715558782 1.19410946476273 1.62451581959613 1.41037234570831 0.930963205406442 1.17161434539594 1.47266481933184 1.35145605588332 1.75725506129675 1.02115666354075 1.42027367954142 1.90305538685061 1.77817350602709 1.7004564544186 1.70002694567665 1.64954749960452 1.18797232583165 1.26398632023484 0 1.42156314780004
1.34686968429014 1.59553265897557 1.58981995400973 1.92182238888927 1.01497518224642 1.69745824672282 1.22965808259323 0.935336977476254 1.14131147135049 1.10610142420046 1.12951016006991 1.70645244489424 1.01184992236085 1.40502285328694 1.74111200426705 1.0693329332862 1.40700778481551 1.77668184833601 1.7922540907748 0.98653349140659 1.43166147451848 1.27301342179999 1.38958333409391 1.43140086904168 1.53282368183136 1.92135198554024 1.04676523804665 1.55703957751393 1.42156314780004 0
