0 1.036348372465 1.25215797638521 1.9649234849494 1.4702884319704 1.90699385059997 1.76337792351842 1.90378049737774 1.53619849542156 1.49578975234181 1.21769815171137 1.45946004264988 1.49826487456448 1.13549765874632 1.49125233315863 1.89194725058042 1.92507743719034 1.44729011389427 1.0846628267318 1.2544961378444 1.43585437163711 1.61337532335892 1.37254901882261 1.2636018411722 1.48786842939444 1.56028210697696 1.66431911871769 1.1586309466511 1.39341856515966 1.00574988685548
1.036348372465 0 1.12767831189558 1.87625673529692 0.990211501484737 1.11875249794684 1.46121774218045 1.93353126128204 1.46300294343382 0.988235876196995 1.19728383072652 1.93649682798423 1.48779261740856 1.0352266440168 1.86017413972877 1.0737090818584 1.65409827046096 1.51473209680989 1.84983321581967 1.65503208292648 1.64093243447132 1.84812477929518 1.79820336680859 1.27041267231107 1.05016632704064 1.22269362513907 1.53192020533606 1.79230134841055 1.17625241703354 1.37628707732074
1.25215797638521 1.12767831189558 0 1.6432070992887 1.97462493181229 1.46482518780977 1.09490194846876 1.88573312270455 1.62705585942604 1.25756790814921 1.9405533359386 1.25608171895146 1.89827990694903 1.02935507474467 1.95592361502349 1.36493585119024 1.23762815562077 1.68286583735608 1.27537346677855 1.23956365324557 1.67099435580894 1.39586652163416 1.82388015766628 1.39967211452313 1.4231952058617 1.53497366490774 1.58048734511249 1.62097661010921 1.61215284885839 1.03371111722663
1.9649234849494 1.87625673529692 1.6432070992887 0 1.07865384640172 1.45735171879642 1.33207515347749 1.17009865143336 1.50552780274302 1.91448663361371 1.00089759007096 1.21689861011691 1.58326318231411 1.71647282154299 1.69444146868773 1.32056608470157 1.4684291027952 1.50747214932926 1.39771438669413 1.22145589673892 1.23582918709144 1.48709000390954 1.32104718103074 1.03806322114542 1.85574440448545 1.0426896889694 1.57704351982102 1.33105553407222 1.84370571933687 1.36709454050288
1.4702884319704 0.990211501484737 1.97462493181229 1.07865384640172 0 1.80196526250802 1.5302828529384 1.30104701383971 1.85929717402905 1.69172576535493 1.664809118025 1.20230010594241 1.18471493688412 1.45466896845028 1.00486345286481 1.90594962821342 1.46199397486635 1.37916210549884 1.96030479157344 1.96851655095816 1.9058293888811 1.61290770350024 1.84039837960154 1.92680729413405 1.87224453873932 1.11335764662363 1.18705225596204 1.9529686528258 1.39761440269649 1.71430078451522
1.90699385059997 1.11875249794684 1.46482518780977 1.45735171879642 1.80196526250802 0 1.3261524932459 1.61276693898253 1.89816626696847 1.0135922471527 1.23895485745743 1.7040386821609 1.88769518351182 1.06343429349363 1.93078684597276 1.56279618083499 1.83291112398729 1.62474331795238 1.10863623954356 1.15414825733751 1.29875535215251 1.56105709122494 1.78944393759593 1.60314495442435 1.6345304956194 1.23331613931805 1.9530767519027 1.03949875594117 1.72981014964171 1.39418693399057
1.76337792351842 1.46121774218045 1.09490194846876 1.33207515347749 1.5302828529384 1.3261524932459 0 1.18347390647978 1.13817063183524 1.05748831946403 1.10948307579383 1.66212392086163 1.36527416552417 1.56339151086286 1.5641313046217 1.55411744513549 1.90579088963568 1.43138890038244 1.65313053922728 1.31175328698009 1.39578103669919 1.87930569215678 1.24059911258519 1.33101460919715 1.46338342200033 1.91607294930145 1.62611355748959 1.40864896448329 1.05390499532223 1.45842868229374
1.90378049737774 1.93353126128204 1.88573312270455 1.17009865143336 1.30104701383971 1.61276693898253 1.18347390647978 0 1.26324794371612 1.35204284079373 1.37626178539358 1.61061592563055 1.21964008151554 1.0474669856485 1.86740514077246 1.84147511888295 1.11659637629054 1.17469143006019 1.67630528844893 1.58311597188003 1.88297745003365 1.119764480507 1.86863150051795 1.57573670637794 1.44981293706223 1.97508900007233 1.38324778783135 1.82408478017896 1.3093820749782 1.30016172467731
1.53619849542156 1.46300294343382 1.62705585942604 1.50552780274302 1.85929717402905 1.89816626696847 1.13817063183524 1.26324794371612 0 1.2417380316183 1.72792269429192 1.02141421218403 1.97556813759729 1.7550521127414 1.35442799143493 1.69444181211293 1.53348724963143 1.20824630744755 1.24377029761672 1.22489154688083 1.81102503277361 1.11573028261773 1.05792419845238 1.77107243076898 1.48759244452231 1.95773157617077 1.00564360083081 1.97898544184864 1.4383288002573 0.987365448381752
1.49578975234181 0.988235876196995 1.25756790814921 1.91448663361371 1.69172576535493 1.0135922471527 1.05748831946403 1.35204284079373 1.2417380316183 0 1.71212941757403 1.30012864829041 1.3500004094094 1.46568609052338 1.03988969186321 1.41413288027979 1.68735773558728 1.89336743322201 1.86904948134907 1.86335169477388 1.92284767213278 1.79379952512681 1.40821033413522 1.70609932625666 1.76038383436389 1.75115770008415 1.32202186831273 1.4162883204408 1.57952077267691 1.63000791170634
1.21769815171137 1.19728383072652 1.9405533359386 1.00089759007096 1.664809118025 1.23895485745743 1.10948307579383 1.37626178539358 1.72792269429192 1.71212941757403 0 1.83230848121457 1.42445703502744 1.33589004329406 1.57381693855859 1.06172558176331 1.39216454676352 1.17524718260393 1.76750032952987 1.94059891719371 1.74979535536841 1.37889328412712 1.11871028901078 1.18180653988384 1.08250755304471 1.16289465548471 1.46805440448225 1.81482827826403 1.18485171929933 1.8524343133904
1.45946004264988 1.93649682798423 1.25608171895146 1.21689861011691 1.20230010594241 1.7040386821609 1.66212392086163 1.61061592563055 1.02141421218403 1.30012864829041 1.83230848121457 0 1.11966229462996 1.21666493080556 1.43552125105634 1.39191113249399 1.46338783414103 1.77687893994153 1.26232536043972 1.40390011225827 1.37393186450936 1.27799939690158 1.38561556837521 1.39806077932008 1.46897524199449 0.993986257119104 1.56264868634753 1.29117668489926 1.3414524581749 1.36607882613316
1.49826487456448 1.48779261740856 1.89827990694903 1.58326318231411 1.18471493688412 1.88769518351182 1.36527416552417 1.21964008151554 1.97556813759729 1.3500004094094 1.42445703502744 1.11966229462996 0 1.43125024088658 1.85500245750882 1.10061128460802 1.00381971430033 1.37105118436739 1.34279330447316 1.36882961215451 1.79995701857843 1.87307202699594 1.90369478915818 1.90934320352972 1.44612692133524 1.38706143223681 1.0761671285145 1.82235798914917 1.41515454417095 1.24956073542126
1.13549765874632 1.0352266440168 1.02935507474467 1.71647282154299 1.45466896845028 1.06343429349363 1.56339151086286 1.0474669856485 1.7550521127414 1.46568609052338 1.33589004329406 1.21666493080556 1.43125024088658 0 1.1505979904905 1.00017985142767 1.26299774786457 1.09736975934356 1.77215277333744 1.74603983899578 1.6740055361297 1.28449426637962 1.39993808954023 1.55210902122781 1.94896548055112 1.24293398438022 1.03713889536448 1.31022613798268 1.63361769844778 1.87220797524787
1.49125233315863 1.86017413972877 1.95592361502349 1.69444146868773 1.00486345286481 1.93078684597276 1.5641313046217 1.86740514077246 1.35442799143493 1.03988969186321 1.57381693855859 1.43552125105634 1.85500245750882 1.1505979904905 0 1.65529468748719 1.1014516914729 1.31658939970657 1.31762823206373 1.29480652417988 1.73160137655213 1.52018752670847 1.72701142844744 1.37868279288523 1.96319747227244 1.0425579927396 1.61492238147184 1.50553763704374 1.81575877498835 1.53979591280222
1.89194725058042 1.0737090818584 1.36493585119024 1.32056608470157 1.90594962821342 1.56279618083499 1.55411744513549 1.84147511888295 1.69444181211293 1.41413288027979 1.06172558176331 1.39191113249399 1.10061128460802 1.00017985142767 1.65529468748719 0 1.59377554873936 1.06853387388401 1.31702827801928 1.79724308638833 1.03009207476862 1.07843134924769 1.83590085548349 1.15092124789953 1.41168439760804 1.89120645471849 1.82471165666357 1.49315457325429 1.12404796038754 1.30555686843581
1.92507743719034 1.65409827046096 1.23762815562077 1.4684291027952 1.46199397486635 1.83291112398729 1.90579088963568 1.11659637629054 1.53348724963143 1.68735773558728 1.39216454676352 1.46338783414103 1.00381971430033 1.26299774786457 1.1014516914729 1.59377554873936 0 1.26078001060523 1.19496863917448 1.53817297541536 1.6143948638346 1.73726244992577 1.44313951884396 1.74528652941808 1.83832283876836 1.72673887340352 1.53190384642221 1.8296278975904 1.2143004918471 1.02443193085492
1.44729011389427 1.51473209680989 1.68286583735608 1.50747214932926 1.37916210549884 1.62474331795238 1.43138890038244 1.17469143006019 1.20824630744755 1.89336743322201 1.17524718260393 1.77687893994153 1.37105118436739 1.09736975934356 1.31658939970657 1.06853387388401 1.26078001060523 0 1.64430828788318 1.21216330281459 1.36979989381507 1.89939299714752 1.85109373833984 1.96874860068783 1.04344971803948 1.00317087303847 1.08637829311192 1.33259649993852 1.2023688077461 1.83323028637096
1.0846628267318 1.84983321581967 1.27537346677855 1.39771438669413 1.96030479157344 1.10863623954356 1.65313053922728 1.67630528844893 1.24377029761672 1.86904948134907 1.76750032952987 1.26232536043972 1.34279330447316 1.77215277333744 1.31762823206373 1.31702827801928 1.19496863917448 1.64430828788318 0 1.39552637469023 1.21214942634106 1.30032674013637 1.31267759436741 1.87804871005937 1.12031528516673 1.87611405574717 1.9662149772048 1.32330461987294 1.87560926843435 1.19225850957446
1.2544961378444 1.65503208292648 1.23956365324557 1.22145589673892 1.96851655095816 1.15414825733751 1.31175328698009 1.58311597188003 1.22489154688083 1.86335169477388 1.94059891719371 1.40390011225827 1.36882961215451 1.74603983899578 1.29480652417988 1.79724308638833 1.53817297541536 1.21216330281459 1.39552637469023 0 1.19966617389582 1.5231253746897 1.69375450210646 1.09983481909148 1.82070392463356 1.09822769579478 1.47972389054485 1.38472154270858 1.31766162626445 1.22064776602201
1.43585437163711 1.64093243447132 1.67099435580894 1.23582918709144 1.9058293888811 1.29875535215251 1.39578103669919 1.88297745003365 1.81102503277361 1.92284767213278 1.74979535536841 1.37393186450936 1.79995701857843 1.6740055361297 1.73160137655213 1.03009207476862 1.6143948638346 1.36979989381507 1.21214942634106 1.19966617389582 0 1.0256655793637 1.0130903122481 1.442567743361 1.52510215737857 1.01986821251921 1.63309916271828 1.88624997972511 1.59893732448108 1.21405698638409
1.61337532335892 1.84812477929518 1.39586652163416 1.48709000390954 1.61290770350024 1.56105709122494 1.87930569215678 1.119764480507 1.11573028261773 1.79379952512681 1.37889328412712 1.27799939690158 1.87307202699594 1.28449426637962 1.52018752670847 1.07843134924769 1.73726244992577 1.89939299714752 1.30032674013637 1.5231253746897 1.0256655793637 0 1.39361025393009 0.996404334437102 1.81541421101429 1.44842896796763 1.96064595598727 1.07384456554428 1.49813133431599 1.94546896382235
1.37254901882261 1.79820336680859 1.82388015766628 1.32104718103074 1.84039837960154 1.78944393759593 1.24059911258519 1.86863150051795 1.05792419845238 1.40821033413522 1.11871028901078 1.38561556837521 1.90369478915818 1.39993808954023 1.72701142844744 1.83590085548349 1.44313951884396 1.85109373833984 1.31267759436741 1.69375450210646 1.0130903122481 1.39361025393009 0 1.09885623306036 1.67766048153862 1.63101279339753 1.37233706004918 1.51552567910403 1.37686899770051 1.0717991408892
1.2636018411722 1.27041267231107 1.39967211452313 1.03806322114542 1.92680729413405 1.60314495442435 1.33101460919715 1.57573670637794 1.77107243076898 1.70609932625666 1.18180653988384 1.39806077932008 1.90934320352972 1.55210902122781 1.37868279288523 1.15092124789953 1.74528652941808 1.96874860068783 1.87804871005937 1.09983481909148 1.442567743361 0.996404334437102 1.09885623306036 0 1.25162047031336 1.50703753414564 1.5895047748927 1.44284833758138 1.61760239885189 1.88714748783968
1.48786842939444 1.05016632704064 1.4231952058617 1.85574440448545 1.87224453873932 1.6345304956194 1.46338342200033 1.44981293706223 1.48759244452231 1.76038383436389 1.08250755304471 1.46897524199449 1.44612692133524 1.94896548055112 1.96319747227244 1.41168439760804 1.83832283876836 1.04344971803948 1.12031528516673 1.82070392463356 1.52510215737857 1.81541421101429 1.67766048153862 1.25162047031336 0 1.87728000828065 1.93925513350405 1.29860184667632 1.83186378492974 1.64316112291999
1.56028210697696 1.22269362513907 1.53497366490774 1.0426896889694 1.11335764662363 1.23331613931805 1.91607294930145 1.97508900007233 1.95773157617077 1.75115770008415 1.16289465548471 0.993986257119104 1.38706143223681 1.24293398438022 1.0425579927396 1.89120645471849 1.72673887340352 1.00317087303847 1.87611405574717 1.09822769579478 1.01986821251921 1.44842896796763 1.63101279339753 1.50703753414564 1.87728000828065 0 1.5293947707396 1.24231244833209 1.59432717249729 1.80032763653435
1.66431911871769 1.53192020533606 1.58048734511249 1.57704351982102 1.18705225596204 1.9530767519027 1.62611355748959 1.38324778783135 1.00564360083081 1.32202186831273 1.46805440448225 1.56264868634753 1.0761671285145 1.03713889536448 1.61492238147184 1.82471165666357 1.53190384642221 1.08637829311192 1.9662149772048 1.47972389054485 1.63309916271828 1.96064595598727 1.37233706004918 1.5895047748927 1.93925513350405 1.5293947707396 0 1.05246172170155 1.75029892264865 1.42286214232445
1.1586309466511 1.79230134841055 1.62097661010921 1.33105553407222 1.9529686528258 1.03949875594117 1.40864896448329 1.82408478017896 1.97898544184864 1.4162883204408 1.81482827826403 1.29117668489926 1.82235798914917 1.31022613798268 1.50553763704374 1.49315457325429 1.8296278975904 1.33259649993852 1.32330461987294 1.38472154270858 1.88624997972511 1.07384456554428 1.51552567910403 1.44284833758138 1.29860184667632 1.24231244833209 1.05246172170155 0 1.23453501262702 0.991619993466884
1.39341856515966 1.17625241703354 1.61215284885839 1.84370571933687 1.39761440269649 1.72981014964171 1.05390499532223 1.3093820749782 1.4383288002573 1.57952077267691 1.18485171929933 1.3414524581749 1.41515454417095 1.63361769844778 1.81575877498835 1.12404796038754 1.2143004918471 1.2023688077461 1.87560926843435 1.31766162626445 1.59893732448108 1.49813133431599 1.37686899770051 1.61760239885189 1.83186378492974 1.59432717249729 1.75029892264865 1.23453501262702 0 1.23332291585393
1.00574988685548 1.37628707732074 1.03371111722663 1.36709454050288 1.71430078451522 1.39418693399057 1.45842868229374 1.30016172467731 0.987365448381752 1.63000791170634 1.8524343133904 1.36607882613316 1.24956073542126 1.87220797524787 1.53979591280222 1.30555686843581 1.02443193085492 1.83323028637096 1.19225850957446 1.22064776602201 1.21405698638409 1.94546896382235 1.0717991408892 1.88714748783968 1.64316112291999 1.80032763653435 1.42286214232445 0.991619993466884 1.23332291585393 0
