0 1.51549027417786 1.00802737171762 1.21057007904164 1.39833503914997 0.922371724853292 0.999530529137701 1.39942005113699 1.39001490850933 1.34884334518574 1.0744100715965 1.23480305215344 1.35374955250882 1.53513238788582 1.08833104348741 1.09938224568032 1.41411075368524 1.37339936941862 1.8095929576084 1.18493390688673 1.51904945075512 1.36409310763702 1.31248829769902 1.37887576641515 1.63219794468023 0.996541127329692 0.948896248359233 1.67247953405604 1.45059496629983 1.35356639395468
1.51549027417786 0 1.62784308055416 1.4449943494983 0.956200240645558 1.30196341266856 1.27372211799957 1.86869488819502 1.05932275229134 1.90634533413686 1.12904795515351 1.13244634773582 1.12466948293149 1.49110940587707 1.13279626937583 1.68933210289106 1.26377093256451 1.70689851278439 0.976614014012739 0.99511829437688 1.57602417818271 1.22328044404276 1.10858996678144 1.12168263760395 1.41376390261576 1.82558284699917 1.77713988674805 1.32430701307021 1.08984105358832 1.3251162765082
1.00802737171762 1.62784308055416 0 1.88353318953887 1.473713620333 0.911136039998382 1.53506771242246 1.50974819250405 1.75303333601914 1.46529039600864 1.26037422544323 1.74777641892433 1.34790874365717 1.02931385650299 1.87363024288788 1.16759905125946 1.62764034094289 1.32141131046228 1.48263635695912 1.44888198608533 1.6471680351533 1.53124904888682 1.28734320169315 1.37351355724968 1.69511464936659 1.29688689252362 1.7144043687731 1.19320323690772 1.25933193531819 1.85511302016675
1.21057007904164 1.4449943494983 1.88353318953887 0 1.14322718116455 1.79045050847344 0.963192248251289 1.7250461676158 1.29474387597293 1.79105145204812 1.66486854641698 1.86886863410473 1.45169310830534 1.56111903674901 1.89749144832604 1.38770622969605 1.67725886567496 1.37230616318993 1.73202870925888 1.73995087738149 1.70219836849719 1.14067368209362 1.33966305991635 1.19997105980292 1.00580113963224 0.932541601127014 1.49114395095967 1.49410128057934 1.17137782368809 1.09599864063784
1.39833503914997 0.956200240645558 1.473713620333 1.14322718116455 0 1.35324841970578 1.45402941922657 1.7813732305076 1.22835919097997 1.53148878202774 1.60259230108932 1.4983560370747 1.86395376338623 1.3727173244115 1.64264586986974 1.72849800577387 1.1954780027736 1.1628771473188 1.45965627394617 1.13158426387236 1.0846590786241 1.26890246919356 1.86330343247391 1.59340918017551 1.18742835684679 1.42818279610947 1.46712823910639 1.37174491258338 1.8719136195723 1.21883355942555
0.922371724853292 1.30196341266856 0.911136039998382 1.79045050847344 1.35324841970578 0 1.32875688700005 1.60826919786632 1.28794335201383 1.31046070787124 1.11062694806606 1.49694736348465 1.87839609757066 0.915898269275203 1.52836686256342 1.30446785665117 1.57568950625136 1.47390447370708 1.02961739385501 1.89412128995173 1.75879226089455 1.70957286143675 1.33899309323169 1.71143870451488 1.29435112536885 0.934897228609771 0.931443670531735 1.28414546372369 1.03835416794755 1.62633835687302
0.999530529137701 1.27372211799957 1.53506771242246 0.963192248251289 1.45402941922657 1.32875688700005 0 1.68563885753974 1.62653059209697 1.59934555110522 1.35612007323653 1.58993628621101 1.57660401053727 1.10724046989344 1.63907807134092 1.14018463157117 0.91145126754418 1.16826951410621 1.749099022476 1.32663464942016 1.78541786666028 0.980814073234797 0.950309262145311 1.28515264089219 1.57847272278741 1.63559715473093 1.83297067461535 1.38902029395103 1.86143734538928 1.44627405027859
1.39942005113699 1.86869488819502 1.50974819250405 1.7250461676158 1.7813732305076 1.60826919786632 1.68563885753974 0 1.3953345795162 1.7190667130053 1.53003867459483 1.0794710861519 1.02100687916391 1.37586078653112 1.23445583088323 1.61226157005876 1.80734824459068 1.44163134950213 1.28265628777444 1.66981639014557 1.00297825504094 1.90404624864459 1.22366440203041 1.34117554291151 1.81438092910685 1.38283615070395 1.77883800375275 1.14049448608421 1.02734732860699 1.28687676531263
1.39001490850933 1.05932275229134 1.75303333601914 1.29474387597293 1.22835919097997 1.28794335201383 1.62653059209697 1.3953345795162 0 1.05142027139664 0.918598531279713 1.4788145669736 0.922161242458969 1.6346071541775 1.46579607157037 1.51814949256368 1.81506463489495 1.50335305114277 1.04673635936342 1.86210558260791 1.63950430159457 1.36558835534379 1.56912573962472 1.29667298798449 1.37447057850659 1.54067063797265 1.47069854405709 1.01764065725729 1.86492604203522 1.22164982114919
1.34884334518574 1.90634533413686 1.46529039600864 1.79105145204812 1.53148878202774 1.31046070787124 1.59934555110522 1.7190667130053 1.05142027139664 0 1.58689485373907 0.925545730162412 1.70156276738271 1.89126151218079 1.68573375884444 1.65357569069602 1.03972221608274 1.45010046474636 1.3419886236079 1.37775041535497 1.02185425860807 1.06742254295386 1.09519853419624 1.05368595500477 1.44153437833302 1.77313284273259 1.48764354735613 1.56080657476559 1.62326529575512 1.63535898923874
1.0744100715965 1.12904795515351 1.26037422544323 1.66486854641698 1.60259230108932 1.11062694806606 1.35612007323653 1.53003867459483 0.918598531279713 1.58689485373907 0 1.39506293972954 1.05894488655031 1.82111998763867 1.46543790772557 1.86799101787619 1.61599834705703 0.974718871759251 1.36189302639104 1.70241429610178 1.02038346510381 1.09652330260724 1.41176689881831 1.19345737039112 0.913915418088436 1.29131567687728 0.961663756519556 1.22707950044423 1.34329308266751 1.15131306624971
1.23480305215344 1.13244634773582 1.74777641892433 1.86886863410473 1.4983560370747 1.49694736348465 1.58993628621101 1.0794710861519 1.4788145669736 0.925545730162412 1.39506293972954 0 1.61962070548907 1.49844914372079 1.31963811046444 1.53876096592285 1.32838538987562 1.82109661307186 0.962518754182383 1.21249919570982 1.09206276969053 1.47966456529684 0.929662922862917 1.88562426553108 1.14823413966224 1.37640324956737 1.34714803285897 0.988467465154827 1.18665343523026 1.80500402022153
1.35374955250882 1.12466948293149 1.34790874365717 1.45169310830534 1.86395376338623 1.87839609757066 1.57660401053727 1.02100687916391 0.922161242458969 1.70156276738271 1.05894488655031 1.61962070548907 0 1.10132644814439 1.83666187012568 1.79684744006954 1.75637454120442 1.27997470786795 1.52522514737211 1.41806539986283 1.21951628802344 0.970538120018318 1.13212023326196 1.41209620982409 1.05804327665828 0.995591472834349 1.07712479960173 1.10813130787574 1.2905909512192 1.0617934318725
1.53513238788582 1.49110940587707 1.02931385650299 1.56111903674901 1.3727173244115 0.915898269275203 1.10724046989344 1.37586078653112 1.6346071541775 1.89126151218079 1.82111998763867 1.49844914372079 1.10132644814439 0 0.972787969280034 1.6880467494484 0.910397919593379 0.950745545327663 1.01792997587472 1.60324622062035 1.81192145543173 1.78461835370399 1.03652574121952 1.81105056707747 1.21946380170994 1.3250977632124 1.69675442366861 1.7345070161391 0.967294625006616 1.14468387304805
1.08833104348741 1.13279626937583 1.87363024288788 1.89749144832604 1.64264586986974 1.52836686256342 1.63907807134092 1.23445583088323 1.46579607157037 1.68573375884444 1.46543790772557 1.31963811046444 1.83666187012568 0.972787969280034 0 1.81008165120147 1.37195899151266 1.30143280979246 1.74156444706023 1.30458359466866 1.72450067196041 0.964201415190473 1.70477171428502 1.66154326894321 1.10038110939786 1.11077638459392 1.44975400413387 1.88902277243324 1.38708961918019 1.79834890016355
1.09938224568032 1.68933210289106 1.16759905125946 1.38770622969605 1.72849800577387 1.30446785665117 1.14018463157117 1.61226157005876 1.51814949256368 1.65357569069602 1.86799101787619 1.53876096592285 1.79684744006954 1.6880467494484 1.81008165120147 0 1.70677436934784 1.19083767617121 1.58188614132814 1.28987145167775 1.73704941640608 1.90394164365716 1.70855569117703 1.8235060875304 1.07544598914683 1.28431496303529 1.43014711793512 1.40326796751469 0.970547706354409 0.93200481752865
1.41411075368524 1.26377093256451 1.62764034094289 1.67725886567496 1.1954780027736 1.57568950625136 0.91145126754418 1.80734824459068 1.81506463489495 1.03972221608274 1.61599834705703 1.32838538987562 1.75637454120442 0.910397919593379 1.37195899151266 1.70677436934784 0 1.76710520964116 0.972890760749578 1.55630549625494 1.5048541133292 1.26506831636652 1.23138674465008 1.76894547045231 1.70038028922863 1.6616448732093 1.30307498713955 1.8852935177274 1.13432373292744 1.54699158249423
1.37339936941862 1.70689851278439 1.32141131046228 1.37230616318993 1.1628771473188 1.47390447370708 1.16826951410621 1.44163134950213 1.50335305114277 1.45010046474636 0.974718871759251 1.82109661307186 1.27997470786795 0.950745545327663 1.30143280979246 1.19083767617121 1.76710520964116 0 1.37521641934291 1.22036288795061 1.06805526744574 1.67956456891261 1.15705906366929 0.947782816365361 1.81842756876722 1.84754483238794 1.05381908430718 1.28393981675617 1.26971585792489 1.06371358991601
1.8095929576084 0.976614014012739 1.48263635695912 1.73202870925888 1.45965627394617 1.02961739385501 1.749099022476 1.28265628777444 1.04673635936342 1.3419886236079 1.36189302639104 0.962518754182383 1.52522514737211 1.01792997587472 1.74156444706023 1.58188614132814 0.972890760749578 1.37521641934291 0 1.22202735859901 1.15938452584669 1.58767398935743 1.26956888148561 0.971048668026924 1.83289522002451 1.21701011667028 1.8840341148898 1.10281066107564 1.39457711274736 1.67778779496439
1.18493390688673 0.99511829437688 1.44888198608533 1.73995087738149 1.13158426387236 1.89412128995173 1.32663464942016 1.66981639014557 1.86210558260791 1.37775041535497 1.70241429610178 1.21249919570982 1.41806539986283 1.60324622062035 1.30458359466866 1.28987145167775 1.55630549625494 1.22036288795061 1.22202735859901 0 1.07661705184728 1.37366925925016 1.80991360009648 1.67420622892678 1.20398886175826 0.959224061341956 1.43718311795965 1.57052147202194 1.37265693349764 1.212390455883
1.51904945075512 1.57602417818271 1.6471680351533 1.70219836849719 1.0846590786241 1.75879226089455 1.78541786666028 1.00297825504094 1.63950430159457 1.02185425860807 1.02038346510381 1.09206276969053 1.21951628802344 1.81192145543173 1.72450067196041 1.73704941640608 1.5048541133292 1.06805526744574 1.15938452584669 1.07661705184728 0 1.7401535147801 1.8445103133563 1.0856690783985 1.22537977411412 1.34523231466301 1.31915610027499 0.997487516142428 1.09792874613777 1.07842402462848
1.36409310763702 1.22328044404276 1.53124904888682 1.14067368209362 1.26890246919356 1.70957286143675 0.980814073234797 1.90404624864459 1.36558835534379 1.06742254295386 1.09652330260724 1.47966456529684 0.970538120018318 1.78461835370399 0.964201415190473 1.90394164365716 1.26506831636652 1.67956456891261 1.58767398935743 1.37366925925016 1.7401535147801 0 1.06374704791233 1.31299198884517 1.42131705931388 1.50458826846443 1.38994495687075 1.54037070972845 1.43266772269271 1.79336613905616
1.31248829769902 1.10858996678144 1.28734320169315 1.33966305991635 1.86330343247391 1.33899309323169 0.950309262145311 1.22366440203041 1.56912573962472 1.09519853419624 1.41176689881831 0.929662922862917 1.13212023326196 1.03652574121952 1.70477171428502 1.70855569117703 1.23138674465008 1.15705906366929 1.26956888148561 1.80991360009648 1.8445103133563 1.06374704791233 0 1.02534211543389 1.60090402327478 0.962338470388204 1.82641649106517 1.05451773130335 1.90214369539171 1.56743040191941
1.37887576641515 1.12168263760395 1.37351355724968 1.19997105980292 1.59340918017551 1.71143870451488 1.28515264089219 1.34117554291151 1.29667298798449 1.05368595500477 1.19345737039112 1.88562426553108 1.41209620982409 1.81105056707747 1.66154326894321 1.8235060875304 1.76894547045231 0.947782816365361 0.971048668026924 1.67420622892678 1.0856690783985 1.31299198884517 1.02534211543389 0 1.44824016746134 1.65409994474612 1.003494102275 1.06355469650589 1.10095170442946 1.67878381186165
1.63219794468023 1.41376390261576 1.69511464936659 1.00580113963224 1.18742835684679 1.29435112536885 1.57847272278741 1.81438092910685 1.37447057850659 1.44153437833302 0.913915418088436 1.14823413966224 1.05804327665828 1.21946380170994 1.10038110939786 1.07544598914683 1.70038028922863 1.81842756876722 1.83289522002451 1.20398886175826 1.22537977411412 1.42131705931388 1.60090402327478 1.44824016746134 0 1.81513695814647 1.27684247051366 1.75870920182206 1.28939067199826 0.915656181750819
0.996541127329692 1.82558284699917 1.29688689252362 0.932541601127014 1.42818279610947 0.934897228609771 1.63559715473093 1.38283615070395 1.54067063797265 1.77313284273259 1.29131567687728 1.37640324956737 0.995591472834349 1.3250977632124 1.11077638459392 1.28431496303529 1.6616448732093 1.84754483238794 1.21701011667028 0.959224061341956 1.34523231466301 1.50458826846443 0.962338470388204 1.65409994474612 1.81513695814647 0 1.06840141885914 1.06352733820677 1.12914123339579 1.65179908229038
0.948896248359233 1.77713988674805 1.7144043687731 1.49114395095967 1.46712823910639 0.931443670531735 1.83297067461535 1.77883800375275 1.47069854405709 1.48764354735613 0.961663756519556 1.34714803285897 1.07712479960173 1.69675442366861 1.44975400413387 1.43014711793512 1.30307498713955 1.05381908430718 1.8840341148898 1.43718311795965 1.31915610027499 1.38994495687075 1.82641649106517 1.003494102275 1.27684247051366 1.06840141885914 0 1.58481266791932 1.19135065306909 0.93255210085772
1.67247953405604 1.32430701307021 1.19320323690772 1.49410128057934 1.37174491258338 1.28414546372369 1.38902029395103 1.14049448608421 1.01764065725729 1.56080657476559 1.22707950044423 0.988467465154827 1.10813130787574 1.7345070161391 1.88902277243324 1.40326796751469 1.8852935177274 1.28393981675617 1.10281066107564 1.57052147202194 0.997487516142428 1.54037070972845 1.05451773130335 1.06355469650589 1.75870920182206 1.06352733820677 1.58481266791932 0 1.37022833526134 1.18036243366078
1.45059496629983 1.08984105358832 1.25933193531819 1.17137782368809 1.8719136195723 1.03835416794755 1.86143734538928 1.02734732860699 1.86492604203522 1.62326529575512 1.34329308266751 1.18665343523026 1.2905909512192 0.967294625006616 1.38708961918019 0.970547706354409 1.13432373292744 1.26971585792489 1.39457711274736 1.37265693349764 1.09792874613777 1.43266772269271 1.90214369539171 1.10095170442946 1.28939067199826 1.12914123339579 1.19135065306909 1.37022833526134 0 1.2324851793237
1.35356639395468 1.3251162765082 1.85511302016675 1.09599864063784 1.21883355942555 1.62633835687302 1.44627405027859 1.28687676531263 1.22164982114919 1.63535898923874 1.15131306624971 1.80500402022153 1.0617934318725 1.14468387304805 1.79834890016355 0.93200481752865 1.54699158249423 1.06371358991601 1.67778779496439 1.212390455883 1.07842402462848 1.79336613905616 1.56743040191941 1.67878381186165 0.915656181750819 1.65179908229038 0.93255210085772 1.18036243366078 1.2324851793237 0
