0 1.28219692059793 1.67168137431145 1.68648909637704 1.56010572612286 0.992364837788045 1.30644241464324 1.28652795311064 1.48873207019642 1.61591131053865 1.2965478033293 1.73382040392607 1.31069342326373 1.57946774107404 1.5618809426669 0.972164725651965 1.86967024439946 1.70394089538604 1.93135648709722 1.33003385737538 1.47099103033543 1.64164323266596 0.975442174589261 1.55673685576767 1.75608765031211 1.74660443584435 1.24020578572527 1.56519836280495 1.23311264859512 1.49668769678101
1.28219692059793 0 1.48253716761246 1.17597995908 1.61803140374832 1.67559216497466 1.54750516451895 1.5630984660238 1.01157911750488 1.42611851333641 1.72477971808985 1.07151465117931 1.90603034966625 1.08039744244888 1.66440427233465 1.66612898441963 1.35095877712592 1.78588143317029 1.83116447017528 1.31444300548173 1.16618739720434 1.68803716520779 1.20519809657708 1.01131164096296 0.990080719348043 1.41326742200181 1.81762171792798 1.46330432174727 1.63845200370997 1.22045348002575
1.67168137431145 1.48253716761246 0 1.27742485771887 1.31308140722103 1.68293063761666 1.42547998274677 1.37518910970539 1.66209767758846 1.16744764801115 1.90927165164612 1.60849627107382 1.68706134101376 1.71740992274135 1.83897437364794 1.33024241938256 1.65808902983554 1.18879189877771 0.958447234239429 1.0732783046551 1.79219501884654 1.45848710322753 1.66510164039209 1.9011342166923 1.57314935605973 1.80219474504702 1.42053741659038 1.04331785626709 0.959759493358433 1.1710643414408
1.68648909637704 1.17597995908 1.27742485771887 0 1.30006047617644 1.37043523602188 1.02249164343812 1.50443610432558 1.65106455329806 1.79677999601699 1.80690113874152 1.06933947396465 1.52439562790096 1.37654111767188 1.92761836876161 1.33035527495667 1.47927643265575 1.02490948885679 1.04748002742417 1.21387411630712 1.49138117884286 1.17936116503552 1.47895455313846 1.70805581077002 1.9515641068574 1.36765916272998 1.41631988249719 1.30316582787782 1.61505631846376 1.43877601763234
1.56010572612286 1.61803140374832 1.31308140722103 1.30006047617644 0 1.19434854155406 1.77177320164628 1.08943236479536 1.10208446113393 1.53099232469685 1.17751844832674 1.33438328607008 1.94657471985556 1.73358609899879 1.68218100024387 1.86352800391614 1.3398526548408 1.76307822228409 1.38996707927436 1.20266626100056 1.80495250434615 1.8880809538532 1.59239827701822 1.65665923012421 1.82100746268407 1.54131904686801 1.68392267380841 1.8834011068102 1.4546774670016 1.14032579842024
0.992364837788045 1.67559216497466 1.68293063761666 1.37043523602188 1.19434854155406 0 1.60598954837769 1.62314558052458 1.44780612108298 1.33421766432002 1.14662644127384 1.50302550476044 1.46019212622195 1.43042591935955 1.24174310569651 1.38354247156531 1.39713029097766 1.51957029267214 1.32115783146583 1.36519859172404 1.67565894778818 1.44259887631051 1.6529058618471 1.32921158941463 1.02381072728895 1.32606467371807 1.23968171537854 1.33155762893148 1.11340571939945 1.47505500540137
1.30644241464324 1.54750516451895 1.42547998274677 1.02249164343812 1.77177320164628 1.60598954837769 0 1.10299330786802 1.94391873735003 1.89376962813549 1.73437929013744 1.84708548896015 1.23090365901589 1.923357041087 1.0261942835059 1.56506959418766 1.72315193293616 1.00412318296731 1.46886271634139 1.53927223128267 1.25995537568815 1.57562043401413 0.978934908984229 1.89069755352102 1.51546734874137 1.62679854850285 1.59141807886772 1.49569554440677 1.11889892932959 1.7003299088683
1.28652795311064 1.5630984660238 1.37518910970539 1.50443610432558 1.08943236479536 1.62314558052458 1.10299330786802 0 1.13421058142558 1.81842545303516 1.63002312835306 1.82714926544577 1.57000464084558 1.16820196807384 1.72497807233594 1.91272587375715 1.45048563810997 1.15244554937817 1.48135923710652 1.79793838970363 1.51946431095712 1.72061161254533 1.76487909303978 1.69198886118829 1.13739025802352 1.12488146708347 1.29989073937759 1.42884454294108 1.39460347569548 1.93434255220927
1.48873207019642 1.01157911750488 1.66209767758846 1.65106455329806 1.10208446113393 1.44780612108298 1.94391873735003 1.13421058142558 0 1.03173149889335 1.18330832337961 1.25598757015541 1.47904307581484 1.44887958001345 1.3027181958314 1.18395829806104 1.67525824322365 1.1780070788227 1.55990207847208 1.33124429918826 1.11831081449054 1.47401535557583 1.43138122744858 1.82060596579686 1.87341651786119 1.14829806610942 1.63858723710291 1.86493380926549 1.55776471551508 1.79732213588431
1.61591131053865 1.42611851333641 1.16744764801115 1.79677999601699 1.53099232469685 1.33421766432002 1.89376962813549 1.81842545303516 1.03173149889335 0 1.49309595674276 1.8239873717539 1.55305882613175 1.9075819409918 1.68732681381516 1.02184766787104 1.47307989373803 1.85298483190127 1.65219511347823 1.39905037148856 1.46211501490325 1.42249553906731 1.2175505256746 1.18265452305786 1.92171748983674 1.65170864621177 1.88794548274018 1.46924006543122 1.75074972258881 1.86259825062007
1.2965478033293 1.72477971808985 1.90927165164612 1.80690113874152 1.17751844832674 1.14662644127384 1.73437929013744 1.63002312835306 1.18330832337961 1.49309595674276 0 1.23570140451193 1.52592520462349 1.60956792882644 1.27267556474544 1.56778949359432 1.53697925433517 1.2652964242734 1.91536207427271 1.94545893673785 1.20956036634743 1.92120732134208 1.66976216551848 1.02218514168635 0.997592499712482 1.44666108256206 1.09709152183495 1.8954836607445 1.85708682751283 1.63160387030803
1.73382040392607 1.07151465117931 1.60849627107382 1.06933947396465 1.33438328607008 1.50302550476044 1.84708548896015 1.82714926544577 1.25598757015541 1.8239873717539 1.23570140451193 0 1.31226877658628 1.82617719448172 1.59878026344813 0.994832318043336 1.66789645561948 1.28489545849152 1.30596321239136 1.30317071755417 1.25063479039818 1.12131829094142 1.88709870376624 1.27031929069199 1.19112502946518 1.71448314818554 1.1966791767627 1.09376180684194 0.975836860248819 1.27959548053332
1.31069342326373 1.90603034966625 1.68706134101376 1.52439562790096 1.94657471985556 1.46019212622195 1.23090365901589 1.57000464084558 1.47904307581484 1.55305882613175 1.52592520462349 1.31226877658628 0 1.64982218598016 1.09298835950904 1.37298289546743 1.85553220054135 1.56443362520076 1.63361483742483 1.56169077870436 1.13739800336771 1.70754870423116 1.93519085412845 0.986561445984989 1.57858347217552 1.51999752642587 1.23036941559985 1.52696395921521 1.80139057338238 1.00385052501224
1.57946774107404 1.08039744244888 1.71740992274135 1.37654111767188 1.73358609899879 1.43042591935955 1.923357041087 1.16820196807384 1.44887958001345 1.9075819409918 1.60956792882644 1.82617719448172 1.64982218598016 0 1.36898894654587 1.65649768873118 1.55207875510678 1.06177409784868 1.26761274668388 1.88956483011134 1.49978629779071 1.36578241270036 0.987685516243801 1.76664103590883 1.93469676142558 1.27700675977394 1.24751450121403 1.33501813979819 1.50016236188821 1.78447756473906
1.5618809426669 1.66440427233465 1.83897437364794 1.92761836876161 1.68218100024387 1.24174310569651 1.0261942835059 1.72497807233594 1.3027181958314 1.68732681381516 1.27267556474544 1.59878026344813 1.09298835950904 1.36898894654587 0 1.62810920225456 1.60783026507124 1.56595587381162 1.40259848232381 1.45216569886543 1.76832548249513 1.24614250543527 1.30106419092044 1.5706534862984 1.69631108292378 1.47629504976794 1.76914081606083 1.05345384706743 1.92455059988424 1.63462439528666
0.972164725651965 1.66612898441963 1.33024241938256 1.33035527495667 1.86352800391614 1.38354247156531 1.56506959418766 1.91272587375715 1.18395829806104 1.02184766787104 1.56778949359432 0.994832318043336 1.37298289546743 1.65649768873118 1.62810920225456 0 1.81766994297504 1.57984842872247 0.959191761445254 0.973302976926789 1.23699703579769 1.29006779380143 1.86437225132249 1.83499196451157 1.54851934476756 1.40259804739617 1.60246482864022 1.07594819879159 1.39615245023742 1.71647510607727
1.86967024439946 1.35095877712592 1.65808902983554 1.47927643265575 1.3398526548408 1.39713029097766 1.72315193293616 1.45048563810997 1.67525824322365 1.47307989373803 1.53697925433517 1.66789645561948 1.85553220054135 1.55207875510678 1.60783026507124 1.81766994297504 0 1.18262119358405 1.66774879046716 1.95203462615609 1.3659666175954 1.94517572270706 1.63963784486987 0.994703874923289 1.75287194852717 1.84688948141411 1.63271841476671 1.24246894940734 1.78313338197768 1.03238603495993
1.70394089538604 1.78588143317029 1.18879189877771 1.02490948885679 1.76307822228409 1.51957029267214 1.00412318296731 1.15244554937817 1.1780070788227 1.85298483190127 1.2652964242734 1.28489545849152 1.56443362520076 1.06177409784868 1.56595587381162 1.57984842872247 1.18262119358405 0 1.79514865414239 1.61793798557483 1.49543210538104 1.93126748758368 1.76635122974403 1.50342392362654 1.80192169686779 1.32086961506866 1.18839173554443 1.41722032101825 1.94584430847317 1.07689325883985
1.93135648709722 1.83116447017528 0.958447234239429 1.04748002742417 1.38996707927436 1.32115783146583 1.46886271634139 1.48135923710652 1.55990207847208 1.65219511347823 1.91536207427271 1.30596321239136 1.63361483742483 1.26761274668388 1.40259848232381 0.959191761445254 1.66774879046716 1.79514865414239 0 1.93116442603059 1.3716330206953 1.62253928929567 1.72750591253862 1.02153243916109 1.07872214913368 1.40618895576335 1.12054980383255 1.7019958824385 1.66920748888515 1.10298072290607
1.33003385737538 1.31444300548173 1.0732783046551 1.21387411630712 1.20266626100056 1.36519859172404 1.53927223128267 1.79793838970363 1.33124429918826 1.39905037148856 1.94545893673785 1.30317071755417 1.56169077870436 1.88956483011134 1.45216569886543 0.973302976926789 1.95203462615609 1.61793798557483 1.93116442603059 0 1.69116766308434 1.24372065300122 1.37608304200694 1.11465034657158 1.80696672503836 1.42289058677852 0.984499983489513 1.40187804284506 1.33617241960019 1.77696959907189
1.47099103033543 1.16618739720434 1.79219501884654 1.49138117884286 1.80495250434615 1.67565894778818 1.25995537568815 1.51946431095712 1.11831081449054 1.46211501490325 1.20956036634743 1.25063479039818 1.13739800336771 1.49978629779071 1.76832548249513 1.23699703579769 1.3659666175954 1.49543210538104 1.3716330206953 1.69116766308434 0 1.55846488778479 1.53860461479053 1.80853731092066 1.73121497128159 1.24981019180268 1.27827427443117 1.93206996307708 1.92086328472942 1.68118448997848
1.64164323266596 1.68803716520779 1.45848710322753 1.17936116503552 1.8880809538532 1.44259887631051 1.57562043401413 1.72061161254533 1.47401535557583 1.42249553906731 1.92120732134208 1.12131829094142 1.70754870423116 1.36578241270036 1.24614250543527 1.29006779380143 1.94517572270706 1.93126748758368 1.62253928929567 1.24372065300122 1.55846488778479 0 1.66366730001755 1.01324553880841 1.64787451876327 1.18417155346833 1.61558941984549 1.79308215295896 1.8599060329143 1.33469492080621
0.975442174589261 1.20519809657708 1.66510164039209 1.47895455313846 1.59239827701822 1.6529058618471 0.978934908984229 1.76487909303978 1.43138122744858 1.2175505256746 1.66976216551848 1.88709870376624 1.93519085412845 0.987685516243801 1.30106419092044 1.86437225132249 1.63963784486987 1.76635122974403 1.72750591253862 1.37608304200694 1.53860461479053 1.66366730001755 0 1.10173829016276 1.5746816357132 1.3275786312297 0.967443774919957 1.51781633449718 1.45885158283636 1.91907153255306
1.55673685576767 1.01131164096296 1.9011342166923 1.70805581077002 1.65665923012421 1.32921158941463 1.89069755352102 1.69198886118829 1.82060596579686 1.18265452305786 1.02218514168635 1.27031929069199 0.986561445984989 1.76664103590883 1.5706534862984 1.83499196451157 0.994703874923289 1.50342392362654 1.02153243916109 1.11465034657158 1.80853731092066 1.01324553880841 1.10173829016276 0 1.65429910109378 1.67620941856876 1.09511999390088 0.959239365532994 0.960026104701683 0.993190083419904
1.75608765031211 0.990080719348043 1.57314935605973 1.9515641068574 1.82100746268407 1.02381072728895 1.51546734874137 1.13739025802352 1.87341651786119 1.92171748983674 0.997592499712482 1.19112502946518 1.57858347217552 1.93469676142558 1.69631108292378 1.54851934476756 1.75287194852717 1.80192169686779 1.07872214913368 1.80696672503836 1.73121497128159 1.64787451876327 1.5746816357132 1.65429910109378 0 1.22766114887781 1.17753188475035 1.62988730845973 1.83806226006709 1.79073957772925
1.74660443584435 1.41326742200181 1.80219474504702 1.36765916272998 1.54131904686801 1.32606467371807 1.62679854850285 1.12488146708347 1.14829806610942 1.65170864621177 1.44666108256206 1.71448314818554 1.51999752642587 1.27700675977394 1.47629504976794 1.40259804739617 1.84688948141411 1.32086961506866 1.40618895576335 1.42289058677852 1.24981019180268 1.18417155346833 1.3275786312297 1.67620941856876 1.22766114887781 0 0.975371887674555 1.04504638561048 1.7998433704488 1.84601764939725
1.24020578572527 1.81762171792798 1.42053741659038 1.41631988249719 1.68392267380841 1.23968171537854 1.59141807886772 1.29989073937759 1.63858723710291 1.88794548274018 1.09709152183495 1.1966791767627 1.23036941559985 1.24751450121403 1.76914081606083 1.60246482864022 1.63271841476671 1.18839173554443 1.12054980383255 0.984499983489513 1.27827427443117 1.61558941984549 0.967443774919957 1.09511999390088 1.17753188475035 0.975371887674555 0 1.26115115731955 1.2134457398206 1.44530210830271
1.56519836280495 1.46330432174727 1.04331785626709 1.30316582787782 1.8834011068102 1.33155762893148 1.49569554440677 1.42884454294108 1.86493380926549 1.46924006543122 1.8954836607445 1.09376180684194 1.52696395921521 1.33501813979819 1.05345384706743 1.07594819879159 1.24246894940734 1.41722032101825 1.7019958824385 1.40187804284506 1.93206996307708 1.79308215295896 1.51781633449718 0.959239365532994 1.62988730845973 1.04504638561048 1.26115115731955 0 1.110683248844 1.60519786318764
1.23311264859512 1.63845200370997 0.959759493358433 1.61505631846376 1.4546774670016 1.11340571939945 1.11889892932959 1.39460347569548 1.55776471551508 1.75074972258881 1.85708682751283 0.975836860248819 1.80139057338238 1.50016236188821 1.92455059988424 1.39615245023742 1.78313338197768 1.94584430847317 1.66920748888515 1.33617241960019 1.92086328472942 1.8599060329143 1.45885158283636 0.960026104701683 1.83806226006709 1.7998433704488 1.2134457398206 1.110683248844 0 1.79935059905984
1.49668769678101 1.22045348002575 1.1710643414408 1.43877601763234 1.14032579842024 1.47505500540137 1.7003299088683 1.93434255220927 1.79732213588431 1.86259825062007 1.63160387030803 1.27959548053332 1.00385052501224 1.78447756473906 1.63462439528666 1.71647510607727 1.03238603495993 1.07689325883985 1.10298072290607 1.77696959907189 1.68118448997848 1.33469492080621 1.91907153255306 0.993190083419904 1.79073957772925 1.84601764939725 1.44530210830271 1.60519786318764 1.79935059905984 0
