0 1.60560021479614 1.28937309863977 1.94947354006581 1.53402921883389 1.47913728794083 1.53935756999999 1.21204352239147 1.47013813629746 1.13710143626668 1.59611768717878 1.84794894908555 1.85630293004215 1.27086191321723 1.20548459212296 1.43948013614863 1.62233162415214 1.17086580372415 1.49706698674709 1.63897223747335 1.73158409958705 1.42244029068388 1.59051678748801 1.50379589246586 1.30895240511745 1.2182919527404 1.54945336887613 1.34492493560538 1.20760296960361 1.13088676775806
1.60560021479614 0 1.61558557790704 1.26352258282714 0.99123176233843 1.27755878213793 1.62888984754682 1.00620166189037 1.15309697226621 1.26244906755164 1.27207167004235 1.27164435526356 1.3099748112727 1.38866917486303 1.83648545690812 1.00712561933324 1.81109656882472 1.85718832607381 1.25891540152952 1.28928261017427 1.57423891196959 1.70206139469519 1.64090109500103 1.04861241183244 1.36645716521889 0.992071934044361 1.51945682871155 1.53316017286852 1.10048915632069 1.33178039616905
1.28937309863977 1.61558557790704 0 0.986134782899171 1.76166489464231 1.69254272594117 1.460654968163 1.15309823513962 1.33102936926298 1.95858454471454 1.27377180568874 1.93793318723328 1.43092443281785 1.84341547475196 1.57352211023681 1.3030272142496 0.986829393543303 1.15998537628911 1.50968839996494 1.87064705044031 1.63824133249 1.6419429348316 1.39505514828488 1.06152698840015 1.24975529988296 0.972814027918503 1.04045889549889 1.16499075875618 1.35887371911667 1.40517268958502
1.94947354006581 1.26352258282714 0.986134782899171 0 1.90067095076665 1.01120604318567 1.72970030759461 0.995207735570148 1.53974435059354 0.972449761815369 1.88282577833161 1.58299240120687 1.57181213889271 1.18973112222739 1.78774592303671 1.8613433779683 1.95387316728011 1.30336286057718 1.84839436132461 1.24480017344467 1.16709611634724 1.75937070581131 1.75268371775746 1.42736281407997 1.96315015666187 0.995672647375613 1.87627326906659 1.79756466066465 1.21982470084913 1.60199418407865
1.53402921883389 0.99123176233843 1.76166489464231 1.90067095076665 0 1.60599279589951 1.65055957599543 1.85237453388982 1.67375225108117 1.51894873566926 1.44706426816992 1.85554356593639 1.6729682746809 1.33526206715032 1.50020807725377 1.93441611365415 1.22751525230706 1.94427965651266 0.995759545592591 1.45578696159646 1.95232265396044 1.83228497556411 1.04947169288062 0.980521676596254 1.37866321555339 1.60647978750058 1.61999527039006 1.29844816238619 1.72487713536248 1.89423973625526
1.47913728794083 1.27755878213793 1.69254272594117 1.01120604318567 1.60599279589951 0 1.39161577471532 1.79858412756585 1.3198707930278 1.07662808755413 1.28102198522538 1.07230903580785 1.20213749958202 1.00282018119469 1.29577202745713 1.70883303484879 1.29406624450348 0.991073740180582 1.18458243529312 1.94182679895312 1.71047551673837 1.48610956012271 1.22648722585291 1.257987922756 1.39042996941134 1.00573969772086 1.71681183692999 1.73264173883945 1.40004607057199 1.95178669434972
1.53935756999999 1.62888984754682 1.460654968163 1.72970030759461 1.65055957599543 1.39161577471532 0 1.91469266545027 1.33273648330942 1.34405567729846 1.69251648546197 1.36959963012487 1.63583549810573 1.42728867311962 1.23546790122055 1.40575990267098 1.52810699096881 1.94666621065699 1.5972840974573 1.71700636460446 1.65918341162615 1.45803463715129 0.970214208122343 1.63609262835234 1.8127164922189 1.57229780522175 1.56942112324759 1.33673894684762 1.60486877243966 1.18310278444551
1.21204352239147 1.00620166189037 1.15309823513962 0.995207735570148 1.85237453388982 1.79858412756585 1.91469266545027 0 1.83638409944251 1.13272690330632 1.52735677245073 1.65221273293719 1.55374095845036 1.90023788483813 1.27039959607646 1.20547952665947 1.40247942670248 1.13570769899525 1.89990066550672 1.0184654709883 1.765521425521 1.66206256253645 1.25940056657419 1.38201046735048 1.11135894991457 1.34104980016127 1.33410573215224 1.46605469705537 1.45309332851321 1.91058272100054
1.47013813629746 1.15309697226621 1.33102936926298 1.53974435059354 1.67375225108117 1.3198707930278 1.33273648330942 1.83638409944251 0 1.50497347442433 1.56989403767511 1.7556790667586 1.61244484386407 1.07245889515616 1.84987661172636 1.02012847713195 1.37588504143059 1.67749928822741 1.38342292420566 1.80999592319131 1.83195057534613 1.32599132717587 1.4032362033613 1.72870773426257 1.70822722720914 1.10204450390302 1.13076880387962 1.11659888690338 1.03113086568192 1.62776186526753
1.13710143626668 1.26244906755164 1.95858454471454 0.972449761815369 1.51894873566926 1.07662808755413 1.34405567729846 1.13272690330632 1.50497347442433 0 1.00623826403171 1.65085005504079 1.06178799341433 1.96424530539662 1.14312145649455 1.30266450182535 1.03742437087931 1.43440440436825 1.83031567279249 1.23654512199573 1.72783205076121 1.7281061350368 1.00404489715584 1.90586491324939 1.24393150908872 1.26920018787496 1.47432708507404 1.06163499155082 1.77583940885961 1.50710398610681
1.59611768717878 1.27207167004235 1.27377180568874 1.88282577833161 1.44706426816992 1.28102198522538 1.69251648546197 1.52735677245073 1.56989403767511 1.00623826403171 0 1.06830811337568 1.20219128346071 1.53343090112321 1.03941903635859 1.71109618316405 1.58789184503257 1.57008263585158 1.9394524062518 1.80409342376515 1.00160861713812 1.10837467992678 1.04713220172562 1.06227282225154 1.50168034969829 1.58323704428039 1.5740150436759 1.80129497288726 1.73111807159148 1.35168304224499
1.84794894908555 1.27164435526356 1.93793318723328 1.58299240120687 1.85554356593639 1.07230903580785 1.36959963012487 1.65221273293719 1.7556790667586 1.65085005504079 1.06830811337568 0 1.88412206270732 1.66163487848826 1.52124002762139 1.5686602036003 1.18653302569874 1.82216678676195 1.75561705348082 1.6478484608233 1.24671101942658 1.67262063617818 1.10401915945113 1.45881184539758 1.07275566272438 1.8161163192708 1.6767891945783 1.6746568242088 1.3241070273798 1.11703467345797
1.85630293004215 1.3099748112727 1.43092443281785 1.57181213889271 1.6729682746809 1.20213749958202 1.63583549810573 1.55374095845036 1.61244484386407 1.06178799341433 1.20219128346071 1.88412206270732 0 1.68609861144796 1.07272800849751 1.26122714718804 1.57188899884932 1.87554387049749 1.14763970440254 1.2706079275813 0.997953488957137 1.19711675471626 1.08428307925351 1.46087839151733 1.19440804072656 1.55644305795431 1.66181712923571 1.67634414159693 1.42089877091348 1.18412460735999
1.27086191321723 1.38866917486303 1.84341547475196 1.18973112222739 1.33526206715032 1.00282018119469 1.42728867311962 1.90023788483813 1.07245889515616 1.96424530539662 1.53343090112321 1.66163487848826 1.68609861144796 0 1.18804701580666 1.2714419234544 1.3685176379513 1.78827749099582 1.46061834599823 1.7344183656387 1.24947504326701 1.61049265274778 1.87683342327364 1.02228731336072 1.02436643885449 1.05144119914621 1.29616412497126 1.06567353452556 1.45983656099997 1.17669079243205
1.20548459212296 1.83648545690812 1.57352211023681 1.78774592303671 1.50020807725377 1.29577202745713 1.23546790122055 1.27039959607646 1.84987661172636 1.14312145649455 1.03941903635859 1.52124002762139 1.07272800849751 1.18804701580666 0 1.85855187894776 1.6320844553411 1.16341449110769 1.68488589953631 1.51945943245664 1.58395016612485 0.993108090246096 1.46255791815929 1.314210946206 1.53151793824509 1.20550586096942 1.71053372044116 1.46880558668636 1.03730495530181 1.12230636924505
1.43948013614863 1.00712561933324 1.3030272142496 1.8613433779683 1.93441611365415 1.70883303484879 1.40575990267098 1.20547952665947 1.02012847713195 1.30266450182535 1.71109618316405 1.5686602036003 1.26122714718804 1.2714419234544 1.85855187894776 0 1.00234065554105 1.63473523128778 1.84056899184361 1.94343375507742 1.08580485824496 1.54924230487086 1.28211912536062 1.57542911358178 1.49959682230838 1.90138318832032 1.86794308922254 1.52152578998357 1.05190491606481 1.93781929719262
1.62233162415214 1.81109656882472 0.986829393543303 1.95387316728011 1.22751525230706 1.29406624450348 1.52810699096881 1.40247942670248 1.37588504143059 1.03742437087931 1.58789184503257 1.18653302569874 1.57188899884932 1.3685176379513 1.6320844553411 1.00234065554105 0 1.1946371323429 1.38660997548141 1.2841679120902 1.64211161830463 1.63471278152429 1.94925548066385 1.39036072115414 1.45506915659644 1.03208567411639 1.83346415986307 1.39617582922801 1.17146677593701 1.76991076115519
1.17086580372415 1.85718832607381 1.15998537628911 1.30336286057718 1.94427965651266 0.991073740180582 1.94666621065699 1.13570769899525 1.67749928822741 1.43440440436825 1.57008263585158 1.82216678676195 1.87554387049749 1.78827749099582 1.16341449110769 1.63473523128778 1.1946371323429 0 1.30149473645724 1.53870825399645 1.18504859576933 1.23175838380121 1.19968779105693 1.35680055688135 1.94259698875248 1.93819424160756 1.31680936622433 1.38954674755223 1.89731357060373 1.36482900078408
1.49706698674709 1.25891540152952 1.50968839996494 1.84839436132461 0.995759545592591 1.18458243529312 1.5972840974573 1.89990066550672 1.38342292420566 1.83031567279249 1.9394524062518 1.75561705348082 1.14763970440254 1.46061834599823 1.68488589953631 1.84056899184361 1.38660997548141 1.30149473645724 0 1.26561871683225 1.61165405227803 1.63910214719363 1.53823428438045 1.45064633106813 0.98647462320514 1.053319103783 1.87251850799657 1.27327474951744 1.40983407595195 1.08730297884904
1.63897223747335 1.28928261017427 1.87064705044031 1.24480017344467 1.45578696159646 1.94182679895312 1.71700636460446 1.0184654709883 1.80999592319131 1.23654512199573 1.80409342376515 1.6478484608233 1.2706079275813 1.7344183656387 1.51945943245664 1.94343375507742 1.2841679120902 1.53870825399645 1.26561871683225 0 1.42590367398225 1.07685442990623 1.45593247842044 1.06667348300107 1.34052405552939 1.04094485333189 1.22255090647377 1.13413600530475 1.60834885714576 1.16083018179052
1.73158409958705 1.57423891196959 1.63824133249 1.16709611634724 1.95232265396044 1.71047551673837 1.65918341162615 1.765521425521 1.83195057534613 1.72783205076121 1.00160861713812 1.24671101942658 0.997953488957137 1.24947504326701 1.58395016612485 1.08580485824496 1.64211161830463 1.18504859576933 1.61165405227803 1.42590367398225 0 1.14491860894486 1.78002591268159 1.0642746782396 1.82086155726574 1.28064649109729 1.84289723215625 1.50127660669386 1.12743106833659 1.82191218598746
1.42244029068388 1.70206139469519 1.6419429348316 1.75937070581131 1.83228497556411 1.48610956012271 1.45803463715129 1.66206256253645 1.32599132717587 1.7281061350368 1.10837467992678 1.67262063617818 1.19711675471626 1.61049265274778 0.993108090246096 1.54924230487086 1.63471278152429 1.23175838380121 1.63910214719363 1.07685442990623 1.14491860894486 0 1.59760577278212 1.63083824305795 1.31071519199759 1.32906089909375 1.10489438823424 1.90677749947645 1.05327691044658 1.53413355676457
1.59051678748801 1.64090109500103 1.39505514828488 1.75268371775746 1.04947169288062 1.22648722585291 0.970214208122343 1.25940056657419 1.4032362033613 1.00404489715584 1.04713220172562 1.10401915945113 1.08428307925351 1.87683342327364 1.46255791815929 1.28211912536062 1.94925548066385 1.19968779105693 1.53823428438045 1.45593247842044 1.78002591268159 1.59760577278212 0 1.02130362601019 1.08773699728772 1.06936967209913 1.84991561155766 1.84407541644759 1.49820566736162 1.34048641030677
1.50379589246586 1.04861241183244 1.06152698840015 1.42736281407997 0.980521676596254 1.257987922756 1.63609262835234 1.38201046735048 1.72870773426257 1.90586491324939 1.06227282225154 1.45881184539758 1.46087839151733 1.02228731336072 1.314210946206 1.57542911358178 1.39036072115414 1.35680055688135 1.45064633106813 1.06667348300107 1.0642746782396 1.63083824305795 1.02130362601019 0 1.22720046644099 1.93792686774395 1.02334566810168 1.57631249492988 1.5262070489116 1.31075542862527
1.30895240511745 1.36645716521889 1.24975529988296 1.96315015666187 1.37866321555339 1.39042996941134 1.8127164922189 1.11135894991457 1.70822722720914 1.24393150908872 1.50168034969829 1.07275566272438 1.19440804072656 1.02436643885449 1.53151793824509 1.49959682230838 1.45506915659644 1.94259698875248 0.98647462320514 1.34052405552939 1.82086155726574 1.31071519199759 1.08773699728772 1.22720046644099 0 1.41755609237589 1.07332973484881 1.3234928783495 1.05725945392624 1.18646737677045
1.2182919527404 0.992071934044361 0.972814027918503 0.995672647375613 1.60647978750058 1.00573969772086 1.57229780522175 1.34104980016127 1.10204450390302 1.26920018787496 1.58323704428039 1.8161163192708 1.55644305795431 1.05144119914621 1.20550586096942 1.90138318832032 1.03208567411639 1.93819424160756 1.053319103783 1.04094485333189 1.28064649109729 1.32906089909375 1.06936967209913 1.93792686774395 1.41755609237589 0 1.84302677074447 1.03205718053505 1.63465534313582 1.36002168618143
1.54945336887613 1.51945682871155 1.04045889549889 1.87627326906659 1.61999527039006 1.71681183692999 1.56942112324759 1.33410573215224 1.13076880387962 1.47432708507404 1.5740150436759 1.6767891945783 1.66181712923571 1.29616412497126 1.71053372044116 1.86794308922254 1.83346415986307 1.31680936622433 1.87251850799657 1.22255090647377 1.84289723215625 1.10489438823424 1.84991561155766 1.02334566810168 1.07332973484881 1.84302677074447 0 1.44631545804441 1.23511116206646 0.969292521476746
1.34492493560538 1.53316017286852 1.16499075875618 1.79756466066465 1.29844816238619 1.73264173883945 1.33673894684762 1.46605469705537 1.11659888690338 1.06163499155082 1.80129497288726 1.6746568242088 1.67634414159693 1.06567353452556 1.46880558668636 1.52152578998357 1.39617582922801 1.38954674755223 1.27327474951744 1.13413600530475 1.50127660669386 1.90677749947645 1.84407541644759 1.57631249492988 1.3234928783495 1.03205718053505 1.44631545804441 0 1.75608485843986 1.82481877668761
1.20760296960361 1.10048915632069 1.35887371911667 1.21982470084913 1.72487713536248 1.40004607057199 1.60486877243966 1.45309332851321 1.03113086568192 1.77583940885961 1.73111807159148 1.3241070273798 1.42089877091348 1.45983656099997 1.03730495530181 1.05190491606481 1.17146677593701 1.89731357060373 1.40983407595195 1.60834885714576 1.12743106833659 1.05327691044658 1.49820566736162 1.5262070489116 1.05725945392624 1.63465534313582 1.23511116206646 1.75608485843986 0 1.661378150573
1.13088676775806 1.33178039616905 1.40517268958502 1.60199418407865 1.89423973625526 1.95178669434972 1.18310278444551 1.91058272100054 1.62776186526753 1.50710398610681 1.35168304224499 1.11703467345797 1.18412460735999 1.17669079243205 1.12230636924505 1.93781929719262 1.76991076115519 1.36482900078408 1.08730297884904 1.16083018179052 1.82191218598746 1.53413355676457 1.34048641030677 1.31075542862527 1.18646737677045 1.36002168618143 0.969292521476746 1.82481877668761 1.661378150573 0
