0 1.09142192313448 1.03754309704527 1.20162280858494 1.64130713138729 0.979876211844385 1.90298803616315 1.33177048596554 1.01414922391996 1.58873630571179 1.96758719091304 1.89593227626756 1.48889730544761 1.74229736393318 1.6783159901388 1.43441759515554 1.41019797744229 1.31295978557318 1.31864867731929 1.11156411259435 1.40428565815091 1.12799107376486 1.12350716395304 1.39924695668742 1.6647732607089 1.91614849213511 1.35917979176156 1.46595709118992 1.60064755147323 1.3803036394529
1.09142192313448 0 1.45089956698939 1.89099609944969 1.05267815291882 1.46863413183019 1.59893146599643 1.12943309359252 1.04163664765656 1.24211467755958 1.02207424910739 1.04635784309357 1.89931962592527 1.54475808958523 1.92692600702867 1.53443119814619 1.56311750039458 1.68047863361426 1.55640988913365 1.12842745753005 1.01938113034703 1.56881605205126 1.40049091773108 1.44380571460351 1.83573727402836 1.17126633995213 1.89915579510853 1.68495895387605 1.6002659141086 1.3458311338909
1.03754309704527 1.45089956698939 0 1.71264407970011 1.51751033053733 1.46497395634651 1.09687051363289 1.74328616051935 1.53619626862928 1.80265581305139 1.00380615401082 1.18596599833108 1.1453780028969 1.95294652599841 0.978887470439076 1.97661240724847 0.981699312571436 1.86125679686666 1.97552097961307 1.09428426576778 1.6099083176814 1.6426347179804 1.4699224459473 1.80912523902953 1.9354400569573 1.55524344043806 1.65773614798672 1.29905648878776 1.71029781899415 1.38520018360578
1.20162280858494 1.89099609944969 1.71264407970011 0 1.47034181002527 1.21915839542635 1.51758639910258 1.89093193225563 1.53571445425041 1.3625561366789 1.90023116208613 1.40917955501936 1.6163233355619 1.46581668197177 1.89299386437051 1.97134507680312 1.15662221098319 1.5530072725378 1.0489775002934 1.59689906146377 1.22773354453966 1.13242657040246 1.77843323629349 1.79343916359358 1.74496957962401 1.75410962011665 1.73054585140198 1.17073718551546 1.00772821949795 1.31018975726329
1.64130713138729 1.05267815291882 1.51751033053733 1.47034181002527 0 1.59373390162364 1.14187762560323 1.84248520131223 1.04854590678588 1.15353457350284 1.08573579927906 1.85286262165755 1.12616131268442 1.96493901591748 1.91422778205015 1.23024718090892 1.90150951896794 1.14758860343136 1.02067524869926 1.3136833559256 1.34171807370149 1.47029022523202 1.02044616173953 1.40966776176356 1.11055053165182 1.90934281330556 1.29636509995908 1.76965976529755 1.60919698979706 1.86809044377878
0.979876211844385 1.46863413183019 1.46497395634651 1.21915839542635 1.59373390162364 0 1.60111692268401 1.95388341555372 1.60863823839463 1.20449120085686 1.01792285707779 1.53552110283636 1.06340828258544 1.08620304241776 1.52111635473557 1.11695100553334 1.8933134644758 1.39436838100664 1.40125271910802 1.13190525886603 1.82866957481019 1.13153451308608 1.50894722086377 1.13489373656921 1.25669569848105 1.7242227322422 1.9551308308728 1.50838325824589 1.80193965975195 1.31929140468128
1.90298803616315 1.59893146599643 1.09687051363289 1.51758639910258 1.14187762560323 1.60111692268401 0 1.70987440645695 1.73384458106011 1.00659687002189 1.75253258575685 1.97703803982586 1.0695534136612 1.51897847861983 1.97832120372914 1.88789923465811 1.41597897582687 1.25858248071745 1.18188302987255 1.40444889198989 1.41669829329476 1.9052995047532 1.45712703745812 1.71856285841204 1.97147649805993 1.89982017246075 1.57096186908893 1.15162665303797 1.13989927154034 1.90979973622598
1.33177048596554 1.12943309359252 1.74328616051935 1.89093193225563 1.84248520131223 1.95388341555372 1.70987440645695 0 1.48484531929716 1.82161704241298 1.16194439772516 1.132766693132 1.26553906593472 1.2936631096527 1.34194490895607 1.61619879864156 1.94584418041632 1.92546820733696 1.14879398373887 1.17430272209458 1.15726880170405 1.61147945467383 1.75329085905105 1.93797175004147 1.61446136445738 1.67050877097063 1.17820488498546 1.25525410566479 1.70779093448073 1.48196889879182
1.01414922391996 1.04163664765656 1.53619626862928 1.53571445425041 1.04854590678588 1.60863823839463 1.73384458106011 1.48484531929716 0 1.04401661991142 1.78536548558623 1.70287459669635 1.02077203709632 1.74537042947486 1.35797140025534 1.23482978437096 1.433995265048 1.93856019107625 1.43137403088622 1.12554720207117 1.14093079837039 1.94881679536775 1.32919985265471 1.07373362383805 1.88003020943142 1.79152139881626 1.76176481484435 1.83956579701044 1.01487498637289 1.77583521557972
1.58873630571179 1.24211467755958 1.80265581305139 1.3625561366789 1.15353457350284 1.20449120085686 1.00659687002189 1.82161704241298 1.04401661991142 0 1.93762091454118 1.3098673876375 1.45644687418826 1.75645831017755 1.42903414438479 1.86940266867168 1.44133321079426 1.96578137390316 1.6822179693263 1.37372598331422 1.55692573217675 1.92485368181951 1.79309379472397 1.301930220332 1.88399768038653 1.73976807598956 1.17521959333681 1.73508620285429 1.93624351639301 1.69011888769455
1.96758719091304 1.02207424910739 1.00380615401082 1.90023116208613 1.08573579927906 1.01792285707779 1.75253258575685 1.16194439772516 1.78536548558623 1.93762091454118 0 1.46227345871739 1.14566749962978 1.88862209394574 1.63743418944068 1.58551602368243 1.45335252862424 1.34939695964567 1.16945134289563 1.88469287799671 1.47330441419035 1.66688029933721 1.88795282528736 1.91256747324951 1.97587546613067 1.11759102880023 1.53313412494026 1.65259989141487 1.12048645038158 1.38233966706321
1.89593227626756 1.04635784309357 1.18596599833108 1.40917955501936 1.85286262165755 1.53552110283636 1.97703803982586 1.132766693132 1.70287459669635 1.3098673876375 1.46227345871739 0 1.49864176381379 1.40558356093243 1.51802047737874 1.80468311347067 1.44382824911736 1.29780955123715 1.94702628697269 1.4846588105429 1.39727986627258 0.983112947782502 1.6335557512939 1.69493074622005 1.28230145270936 1.56596514675766 1.15889106108807 1.69378073420376 1.66599211469293 1.17421202966943
1.48889730544761 1.89931962592527 1.1453780028969 1.6163233355619 1.12616131268442 1.06340828258544 1.0695534136612 1.26553906593472 1.02077203709632 1.45644687418826 1.14566749962978 1.49864176381379 0 1.00167102576233 1.27369372663088 1.05238767410628 1.86233005253598 1.00230869348161 0.987273558508605 1.1335532029625 1.84910991042852 1.61668765358627 1.73659224598669 1.55316729168408 1.72034941730089 1.51225864118896 1.8378679684829 1.15857335715555 1.87218218110502 1.76769750658423
1.74229736393318 1.54475808958523 1.95294652599841 1.46581668197177 1.96493901591748 1.08620304241776 1.51897847861983 1.2936631096527 1.74537042947486 1.75645831017755 1.88862209394574 1.40558356093243 1.00167102576233 0 1.40927270357497 1.22559995669872 1.63705468527041 1.42307692114264 1.80919807450846 1.07695959485136 1.38208490004763 1.67261222447269 1.73215096560307 0.986953207757324 1.57668807473965 1.93209149688482 1.54299292876385 1.53383181220852 1.74898219271563 1.67883292399347
1.6783159901388 1.92692600702867 0.978887470439076 1.89299386437051 1.91422778205015 1.52111635473557 1.97832120372914 1.34194490895607 1.35797140025534 1.42903414438479 1.63743418944068 1.51802047737874 1.27369372663088 1.40927270357497 0 1.13029900914989 1.2444889168255 1.5662105078809 1.49668909423053 1.22694809711538 1.03214580030181 1.3227511504665 1.71749800560065 1.29454208351672 1.61631884146482 1.38720530807041 1.00222474453039 1.87392993294634 1.6820527643431 1.42057970725
1.43441759515554 1.53443119814619 1.97661240724847 1.97134507680312 1.23024718090892 1.11695100553334 1.88789923465811 1.61619879864156 1.23482978437096 1.86940266867168 1.58551602368243 1.80468311347067 1.05238767410628 1.22559995669872 1.13029900914989 0 1.01253325422294 1.28113820194267 0.990835722070187 1.73020764789544 1.10731561877765 1.09302088501863 1.74994643474929 1.26781140221283 1.97301519848406 1.12437855754979 1.45280408929102 1.61722912988625 1.64748039213009 1.65366397588514
1.41019797744229 1.56311750039458 0.981699312571436 1.15662221098319 1.90150951896794 1.8933134644758 1.41597897582687 1.94584418041632 1.433995265048 1.44133321079426 1.45335252862424 1.44382824911736 1.86233005253598 1.63705468527041 1.2444889168255 1.01253325422294 0 1.34105315827765 0.99382166704163 1.35464259842411 1.49762432929128 1.88352973735891 1.24618174717762 1.88326705130748 1.28351739607751 1.47762930043973 1.45763274165802 1.73334993328899 1.22708222060464 1.69373775320128
1.31295978557318 1.68047863361426 1.86125679686666 1.5530072725378 1.14758860343136 1.39436838100664 1.25858248071745 1.92546820733696 1.93856019107625 1.96578137390316 1.34939695964567 1.29780955123715 1.00230869348161 1.42307692114264 1.5662105078809 1.28113820194267 1.34105315827765 0 1.25356251769699 1.26558775547892 1.8540425056126 1.62993929861113 1.77141239051707 1.62118471832946 1.61033887509257 1.14516209252179 1.71198425558396 1.36193388979882 1.07264044508338 1.26323665562086
1.31864867731929 1.55640988913365 1.97552097961307 1.0489775002934 1.02067524869926 1.40125271910802 1.18188302987255 1.14879398373887 1.43137403088622 1.6822179693263 1.16945134289563 1.94702628697269 0.987273558508605 1.80919807450846 1.49668909423053 0.990835722070187 0.99382166704163 1.25356251769699 0 1.67393654165789 1.55670520104468 1.31460649124347 1.64934999169782 1.7309402236715 1.70402306295 1.73552297311835 1.92755841114558 1.94686124636792 1.94947527884506 1.23815733543597
1.11156411259435 1.12842745753005 1.09428426576778 1.59689906146377 1.3136833559256 1.13190525886603 1.40444889198989 1.17430272209458 1.12554720207117 1.37372598331422 1.88469287799671 1.4846588105429 1.1335532029625 1.07695959485136 1.22694809711538 1.73020764789544 1.35464259842411 1.26558775547892 1.67393654165789 0 1.50791310309432 1.31659355037846 1.94283538358286 1.04052551812492 1.75264902226627 1.40272413473576 1.73418321297504 1.26589135476388 1.1361438150052 1.20858351071365
1.40428565815091 1.01938113034703 1.6099083176814 1.22773354453966 1.34171807370149 1.82866957481019 1.41669829329476 1.15726880170405 1.14093079837039 1.55692573217675 1.47330441419035 1.39727986627258 1.84910991042852 1.38208490004763 1.03214580030181 1.10731561877765 1.49762432929128 1.8540425056126 1.55670520104468 1.50791310309432 0 1.11539282556623 1.95019745617174 1.5157418504823 1.77046508644708 1.1455040697474 1.64346903399564 1.27867454453371 1.44513462088071 1.73438228992745
1.12799107376486 1.56881605205126 1.6426347179804 1.13242657040246 1.47029022523202 1.13153451308608 1.9052995047532 1.61147945467383 1.94881679536775 1.92485368181951 1.66688029933721 0.983112947782502 1.61668765358627 1.67261222447269 1.3227511504665 1.09302088501863 1.88352973735891 1.62993929861113 1.31460649124347 1.31659355037846 1.11539282556623 0 1.76249711494893 1.82789296307601 1.85230126674287 1.70031602843665 1.2004162860103 1.35508154612035 1.75369966798462 1.91728799068369
1.12350716395304 1.40049091773108 1.4699224459473 1.77843323629349 1.02044616173953 1.50894722086377 1.45712703745812 1.75329085905105 1.32919985265471 1.79309379472397 1.88795282528736 1.6335557512939 1.73659224598669 1.73215096560307 1.71749800560065 1.74994643474929 1.24618174717762 1.77141239051707 1.64934999169782 1.94283538358286 1.95019745617174 1.76249711494893 0 1.78363672830164 1.5866054778453 1.05838115769438 1.68492155033164 1.32807605504058 1.19062216416933 1.27542975195684
1.39924695668742 1.44380571460351 1.80912523902953 1.79343916359358 1.40966776176356 1.13489373656921 1.71856285841204 1.93797175004147 1.07373362383805 1.301930220332 1.91256747324951 1.69493074622005 1.55316729168408 0.986953207757324 1.29454208351672 1.26781140221283 1.88326705130748 1.62118471832946 1.7309402236715 1.04052551812492 1.5157418504823 1.82789296307601 1.78363672830164 0 1.88256777240895 1.25479107396677 1.16423271573149 1.59383557108231 1.09499876806512 1.58173118438572
1.6647732607089 1.83573727402836 1.9354400569573 1.74496957962401 1.11055053165182 1.25669569848105 1.97147649805993 1.61446136445738 1.88003020943142 1.88399768038653 1.97587546613067 1.28230145270936 1.72034941730089 1.57668807473965 1.61631884146482 1.97301519848406 1.28351739607751 1.61033887509257 1.70402306295 1.75264902226627 1.77046508644708 1.85230126674287 1.5866054778453 1.88256777240895 0 1.43406324414536 1.96249109739438 1.12103731138632 1.75814576935954 1.77080823131837
1.91614849213511 1.17126633995213 1.55524344043806 1.75410962011665 1.90934281330556 1.7242227322422 1.89982017246075 1.67050877097063 1.79152139881626 1.73976807598956 1.11759102880023 1.56596514675766 1.51225864118896 1.93209149688482 1.38720530807041 1.12437855754979 1.47762930043973 1.14516209252179 1.73552297311835 1.40272413473576 1.1455040697474 1.70031602843665 1.05838115769438 1.25479107396677 1.43406324414536 0 1.50354243163019 1.56626720074564 1.75553421187215 1.00625728000887
1.35917979176156 1.89915579510853 1.65773614798672 1.73054585140198 1.29636509995908 1.9551308308728 1.57096186908893 1.17820488498546 1.76176481484435 1.17521959333681 1.53313412494026 1.15889106108807 1.8378679684829 1.54299292876385 1.00222474453039 1.45280408929102 1.45763274165802 1.71198425558396 1.92755841114558 1.73418321297504 1.64346903399564 1.2004162860103 1.68492155033164 1.16423271573149 1.96249109739438 1.50354243163019 0 1.67205552430823 1.7440139928367 1.11274226149544
1.46595709118992 1.68495895387605 1.29905648878776 1.17073718551546 1.76965976529755 1.50838325824589 1.15162665303797 1.25525410566479 1.83956579701044 1.73508620285429 1.65259989141487 1.69378073420376 1.15857335715555 1.53383181220852 1.87392993294634 1.61722912988625 1.73334993328899 1.36193388979882 1.94686124636792 1.26589135476388 1.27867454453371 1.35508154612035 1.32807605504058 1.59383557108231 1.12103731138632 1.56626720074564 1.67205552430823 0 1.48178084939718 1.78091103676707
1.60064755147323 1.6002659141086 1.71029781899415 1.00772821949795 1.60919698979706 1.80193965975195 1.13989927154034 1.70779093448073 1.01487498637289 1.93624351639301 1.12048645038158 1.66599211469293 1.87218218110502 1.74898219271563 1.6820527643431 1.64748039213009 1.22708222060464 1.07264044508338 1.94947527884506 1.1361438150052 1.44513462088071 1.75369966798462 1.19062216416933 1.09499876806512 1.75814576935954 1.75553421187215 1.7440139928367 1.48178084939718 0 1.37914904905483
1.3803036394529 1.3458311338909 1.38520018360578 1.31018975726329 1.86809044377878 1.31929140468128 1.90979973622598 1.48196889879182 1.77583521557972 1.69011888769455 1.38233966706321 1.17421202966943 1.76769750658423 1.67883292399347 1.42057970725 1.65366397588514 1.69373775320128 1.26323665562086 1.23815733543597 1.20858351071365 1.73438228992745 1.91728799068369 1.27542975195684 1.58173118438572 1.77080823131837 1.00625728000887 1.11274226149544 1.78091103676707 1.37914904905483 0
