0 0.975846163695678 1.86768486793153 1.514976560371 1.45618322421797 1.08238724293187 1.78791603050195 1.85997734265402 1.75534360832535 1.14250488905236 1.84679796593264 1.76374216238037 1.65648658247665 1.82165520172566 1.37909169006161 1.58187407208607 1.36202182993293 1.05110921338201 1.35397679079324 1.05300157563761 1.87484442256391 1.6659622490406 1.31454019760713 1.15257078991272 1.38491489249282 1.5398791031912 1.46525233192369 1.14014385524206 1.08718940569088 1.62883628951386
0.975846163695678 0 1.61320919403806 1.03632952389307 1.01723975804634 1.70768108195625 1.62306766584516 1.91368545778096 1.09100913535804 1.55512998416089 1.14962253812701 1.47710279352032 1.51877007400617 1.20695968274958 0.934160874923691 1.33206603582948 1.77894792053849 1.41996128950268 1.40374056482688 1.4249046347104 1.20714513445273 1.73366310470738 1.7220865956042 1.46045084157959 1.89095596130937 1.02082577487454 1.21046453691088 1.78370319749229 1.36769883078523 1.03628978179768
1.86768486793153 1.61320919403806 0 1.88220693683252 1.48860827158205 1.55901222559623 1.80332060600631 1.85741745377891 1.79916129657067 1.86226616171189 1.64688203809783 1.08406978147104 1.64597659907304 1.88529964000918 1.52144893398508 1.83860601042397 1.17308530095033 1.62054015533067 1.18675966118462 1.71935848006979 0.985568320844322 1.18804649589583 1.49208055087365 1.53342689783312 1.77711107442155 1.89146549929865 0.940752276452258 1.90715393517166 1.31737736589275 1.15321003156714
1.514976560371 1.03632952389307 1.88220693683252 0 1.92550682672299 1.16597044188529 1.66708701569587 1.17312526074238 1.22912143985741 1.45439596823417 1.84519835258834 1.5505710975267 1.78914760285988 1.43714219541289 1.19135178788565 1.01627464266494 1.14572146511637 1.8119979724288 1.22370625380427 0.956577729433775 1.42638602014631 1.02210784400813 1.15304749249481 1.78431448014453 1.61963204503991 1.46267711441033 1.66883339849301 1.08195339678787 1.09575702482834 1.1814848955255
1.45618322421797 1.01723975804634 1.48860827158205 1.92550682672299 0 1.42082934966311 1.59743000450544 1.06264112773351 1.3742437812034 1.32894854177721 1.29981292714365 1.769042204367 1.28535810345784 0.998054951429367 1.77562421094626 1.63881960441358 1.33751171315089 1.37395952409133 1.30271441279911 1.35112717328593 1.19453266263008 1.67841197317466 1.8395580817014 1.89026625896804 1.34702861844562 1.85476274089888 0.942608753219247 1.35667815618217 1.46271167928353 1.64002854097635
1.08238724293187 1.70768108195625 1.55901222559623 1.16597044188529 1.42082934966311 0 1.47288697957993 1.86434573773295 1.0121316218283 1.31814705091529 1.30386342504062 1.43159020668827 1.29346831538714 1.67108173505403 1.70275786519051 1.60914219752885 1.35794681962579 1.79473897791468 1.72918352298439 1.24621394067071 1.76165265217423 1.37376440642402 1.65820270520635 1.44538211543113 1.07791593275033 1.46399359661154 1.80088816024363 1.73385854577646 1.34723930666223 1.34357934887521
1.78791603050195 1.62306766584516 1.80332060600631 1.66708701569587 1.59743000450544 1.47288697957993 0 1.35032658861019 1.52435974497348 1.30703698005527 1.73550928523764 1.7708633732982 1.42076700017788 1.32983193988912 1.75726968981326 1.72429440496489 1.44674073834904 1.34307149634697 1.61861721542664 1.39456380414777 1.26440242910758 1.71829017205164 1.15127329621464 1.59647422446869 1.53406335483305 1.77081957063638 1.35050589777529 1.71677355724387 1.75697395065799 1.46236146055162
1.85997734265402 1.91368545778096 1.85741745377891 1.17312526074238 1.06264112773351 1.86434573773295 1.35032658861019 0 1.21354156988673 1.45469142869115 0.983436738140881 1.69635064154863 1.77012838446535 1.75540700694546 1.32197784376331 1.41746624116786 1.91637318418361 1.51900700386614 0.965538454940543 1.36693771206774 1.87151885894127 1.07669091993012 1.07572120823897 1.37148589105345 1.79768960014917 1.41740769380704 1.29593943920918 0.951617054874077 1.01239545666613 1.30331393377855
1.75534360832535 1.09100913535804 1.79916129657067 1.22912143985741 1.3742437812034 1.0121316218283 1.52435974497348 1.21354156988673 0 1.65857113478705 1.7736386123579 1.66759372502565 1.84735980886035 1.86296358704567 1.12619797000661 1.86706622201018 1.55204371712171 1.42649016552605 1.6858777848538 1.60299385408871 1.86622375855222 1.0457160663791 1.78074026992545 1.00902020698413 1.36681674723513 1.34383454592898 1.59901985595934 1.14638744061813 1.14834477868862 1.59329019393772
1.14250488905236 1.55512998416089 1.86226616171189 1.45439596823417 1.32894854177721 1.31814705091529 1.30703698005527 1.45469142869115 1.65857113478705 0 1.28041675174609 1.45659140404314 0.993448822526261 1.51817672955804 1.4640749595128 1.42576634883881 1.71527182217687 1.41996438615024 1.91711474396288 1.61790833366103 1.61534685245715 1.66258560284041 1.33343120198697 1.47142619639635 1.41163509851322 1.52219277736731 1.81304201320745 1.61446607043035 1.75602486776188 1.82888566562906
1.84679796593264 1.14962253812701 1.64688203809783 1.84519835258834 1.29981292714365 1.30386342504062 1.73550928523764 0.983436738140881 1.7736386123579 1.28041675174609 0 1.32035038084723 1.85956855746917 0.950222335988656 1.82440318772569 1.81672118604183 0.932936446042731 1.06176489242353 1.13864696538076 1.68016908643767 0.948101142421365 1.18666134029627 1.52932892553508 1.81705306074582 1.32455091946758 1.69673954951577 1.77234819554724 1.45927485404536 1.89740819390863 1.92770974896848
1.76374216238037 1.47710279352032 1.08406978147104 1.5505710975267 1.769042204367 1.43159020668827 1.7708633732982 1.69635064154863 1.66759372502565 1.45659140404314 1.32035038084723 0 1.67442125733942 1.75375442719087 1.13680903264321 1.14861066709273 1.76275412552059 1.66205723653547 0.93426671042107 1.49392735119909 1.11661956855096 1.11882286611944 1.04848576500081 1.1459096535109 1.44280934077688 1.24543166393414 1.89600677439012 1.04616025229916 1.47834508889355 1.9306588517502
1.65648658247665 1.51877007400617 1.64597659907304 1.78914760285988 1.28535810345784 1.29346831538714 1.42076700017788 1.77012838446535 1.84735980886035 0.993448822526261 1.85956855746917 1.67442125733942 0 1.25920680258423 1.1449450305663 1.0909281137865 1.01403799769469 1.39821644267067 1.33241485361941 1.04830884863622 1.40839038370177 1.06097484077327 0.953138088108972 1.84126994479448 1.66720897192135 1.34289408521727 1.20064435061067 1.2301827960182 1.5476934062317 1.6091984717641
1.82165520172566 1.20695968274958 1.88529964000918 1.43714219541289 0.998054951429367 1.67108173505403 1.32983193988912 1.75540700694546 1.86296358704567 1.51817672955804 0.950222335988656 1.75375442719087 1.25920680258423 0 1.70553514151834 1.296899021836 1.49429315305315 1.37652335641906 1.30343244364485 1.41921870107763 1.65852850372903 1.31306966417469 1.80554417008534 1.59480704716407 1.59652566863224 1.28359656687826 1.89483671169728 1.75042108329944 1.57115079206415 1.51025002333336
1.37909169006161 0.934160874923691 1.52144893398508 1.19135178788565 1.77562421094626 1.70275786519051 1.75726968981326 1.32197784376331 1.12619797000661 1.4640749595128 1.82440318772569 1.13680903264321 1.1449450305663 1.70553514151834 0 1.83723143744282 1.02409440558404 1.27688498003408 1.31018888833933 1.53779067355208 1.53362954827026 1.08984897308983 1.89374749572016 1.3906406853348 1.02664597402327 1.30328035564162 1.30090122227557 1.03317089588381 1.31203741743229 1.76204391894862
1.58187407208607 1.33206603582948 1.83860601042397 1.01627464266494 1.63881960441358 1.60914219752885 1.72429440496489 1.41746624116786 1.86706622201018 1.42576634883881 1.81672118604183 1.14861066709273 1.0909281137865 1.296899021836 1.83723143744282 0 1.56795125966892 1.47354723117314 1.85818914067931 1.3670717838686 0.990573258139193 1.33137116138823 1.34261836553924 1.55905204522423 1.72090067411773 1.48185333888978 1.01809711079113 1.00271341204643 1.6038982856553 1.75742102507502
1.36202182993293 1.77894792053849 1.17308530095033 1.14572146511637 1.33751171315089 1.35794681962579 1.44674073834904 1.91637318418361 1.55204371712171 1.71527182217687 0.932936446042731 1.76275412552059 1.01403799769469 1.49429315305315 1.02409440558404 1.56795125966892 0 1.00406886287965 1.06491559091955 1.81700833141804 1.40005697868764 1.04141576238908 1.2548844832927 0.996846778551117 1.57669660123065 1.22207232634537 1.09489074489102 1.82716323970817 1.68834087834693 1.59178877575323
1.05110921338201 1.41996128950268 1.62054015533067 1.8119979724288 1.37395952409133 1.79473897791468 1.34307149634697 1.51900700386614 1.42649016552605 1.41996438615024 1.06176489242353 1.66205723653547 1.39821644267067 1.37652335641906 1.27688498003408 1.47354723117314 1.00406886287965 0 1.04783925972879 1.52191560668871 1.55563445854932 1.11208875034936 1.85106307361275 1.59429515898228 1.09458402125165 1.00747550395317 1.6352606699802 1.20753676700406 1.17351777828299 1.66082209697925
1.35397679079324 1.40374056482688 1.18675966118462 1.22370625380427 1.30271441279911 1.72918352298439 1.61861721542664 0.965538454940543 1.6858777848538 1.91711474396288 1.13864696538076 0.93426671042107 1.33241485361941 1.30343244364485 1.31018888833933 1.85818914067931 1.06491559091955 1.04783925972879 0 1.53028951468877 0.974284419324249 1.55464124446735 1.47242251457646 0.99514879914932 1.59062137035653 1.56269926251844 1.14924604026601 1.72806401341222 1.84937485540286 1.81425918149762
1.05300157563761 1.4249046347104 1.71935848006979 0.956577729433775 1.35112717328593 1.24621394067071 1.39456380414777 1.36693771206774 1.60299385408871 1.61790833366103 1.68016908643767 1.49392735119909 1.04830884863622 1.41921870107763 1.53779067355208 1.3670717838686 1.81700833141804 1.52191560668871 1.53028951468877 0 1.32553548156284 1.84066610969603 1.07292293733917 1.29303746204823 1.07118311338127 1.40139776119031 1.27141516422853 1.83711993834004 1.00367790437303 1.50948870927095
1.87484442256391 1.20714513445273 0.985568320844322 1.42638602014631 1.19453266263008 1.76165265217423 1.26440242910758 1.87151885894127 1.86622375855222 1.61534685245715 0.948101142421365 1.11661956855096 1.40839038370177 1.65852850372903 1.53362954827026 0.990573258139193 1.40005697868764 1.55563445854932 0.974284419324249 1.32553548156284 0 1.28675587265752 1.70467423112132 1.77967071230523 1.78984847827815 1.19563880935311 1.91250653890893 1.77668096404523 1.14171215100214 1.48784928093664
1.6659622490406 1.73366310470738 1.18804649589583 1.02210784400813 1.67841197317466 1.37376440642402 1.71829017205164 1.07669091993012 1.0457160663791 1.66258560284041 1.18666134029627 1.11882286611944 1.06097484077327 1.31306966417469 1.08984897308983 1.33137116138823 1.04141576238908 1.11208875034936 1.55464124446735 1.84066610969603 1.28675587265752 0 1.23242413555272 1.90493977279402 0.947974521201104 1.20275091589428 1.87811463000253 1.54764659586363 0.994941357523203 1.89649582258426
1.31454019760713 1.7220865956042 1.49208055087365 1.15304749249481 1.8395580817014 1.65820270520635 1.15127329621464 1.07572120823897 1.78074026992545 1.33343120198697 1.52932892553508 1.04848576500081 0.953138088108972 1.80554417008534 1.89374749572016 1.34261836553924 1.2548844832927 1.85106307361275 1.47242251457646 1.07292293733917 1.70467423112132 1.23242413555272 0 1.54535421356559 1.91560810687952 1.73280738224275 1.88760956702754 1.63995686802082 1.22162643331103 1.28253699862398
1.15257078991272 1.46045084157959 1.53342689783312 1.78431448014453 1.89026625896804 1.44538211543113 1.59647422446869 1.37148589105345 1.00902020698413 1.47142619639635 1.81705306074582 1.1459096535109 1.84126994479448 1.59480704716407 1.3906406853348 1.55905204522423 0.996846778551117 1.59429515898228 0.99514879914932 1.29303746204823 1.77967071230523 1.90493977279402 1.54535421356559 0 1.81682497053407 1.68552375095896 1.20132912369445 1.77344030071981 1.54532744549215 1.31726199574769
1.38491489249282 1.89095596130937 1.77711107442155 1.61963204503991 1.34702861844562 1.07791593275033 1.53406335483305 1.79768960014917 1.36681674723513 1.41163509851322 1.32455091946758 1.44280934077688 1.66720897192135 1.59652566863224 1.02664597402327 1.72090067411773 1.57669660123065 1.09458402125165 1.59062137035653 1.07118311338127 1.78984847827815 0.947974521201104 1.91560810687952 1.81682497053407 0 1.11110611422919 1.18467169930227 1.1237792854663 1.39894073060714 1.63893350190483
1.5398791031912 1.02082577487454 1.89146549929865 1.46267711441033 1.85476274089888 1.46399359661154 1.77081957063638 1.41740769380704 1.34383454592898 1.52219277736731 1.69673954951577 1.24543166393414 1.34289408521727 1.28359656687826 1.30328035564162 1.48185333888978 1.22207232634537 1.00747550395317 1.56269926251844 1.40139776119031 1.19563880935311 1.20275091589428 1.73280738224275 1.68552375095896 1.11110611422919 0 1.84107352187857 1.21606037439778 1.52310225577094 0.933225465705618
1.46525233192369 1.21046453691088 0.940752276452258 1.66883339849301 0.942608753219247 1.80088816024363 1.35050589777529 1.29593943920918 1.59901985595934 1.81304201320745 1.77234819554724 1.89600677439012 1.20064435061067 1.89483671169728 1.30090122227557 1.01809711079113 1.09489074489102 1.6352606699802 1.14924604026601 1.27141516422853 1.91250653890893 1.87811463000253 1.88760956702754 1.20132912369445 1.18467169930227 1.84107352187857 0 1.54173391102813 1.73738843132742 1.53288361500017
1.14014385524206 1.78370319749229 1.90715393517166 1.08195339678787 1.35667815618217 1.73385854577646 1.71677355724387 0.951617054874077 1.14638744061813 1.61446607043035 1.45927485404536 1.04616025229916 1.2301827960182 1.75042108329944 1.03317089588381 1.00271341204643 1.82716323970817 1.20753676700406 1.72806401341222 1.83711993834004 1.77668096404523 1.54764659586363 1.63995686802082 1.77344030071981 1.1237792854663 1.21606037439778 1.54173391102813 0 1.66964447009377 1.61262382240966
1.08718940569088 1.36769883078523 1.31737736589275 1.09575702482834 1.46271167928353 1.34723930666223 1.75697395065799 1.01239545666613 1.14834477868862 1.75602486776188 1.89740819390863 1.47834508889355 1.5476934062317 1.57115079206415 1.31203741743229 1.6038982856553 1.68834087834693 1.17351777828299 1.84937485540286 1.00367790437303 1.14171215100214 0.994941357523203 1.22162643331103 1.54532744549215 1.39894073060714 1.52310225577094 1.73738843132742 1.66964447009377 0 1.59023311152123
1.62883628951386 1.03628978179768 1.15321003156714 1.1814848955255 1.64002854097635 1.34357934887521 1.46236146055162 1.30331393377855 1.59329019393772 1.82888566562906 1.92770974896848 1.9306588517502 1.6091984717641 1.51025002333336 1.76204391894862 1.75742102507502 1.59178877575323 1.66082209697925 1.81425918149762 1.50948870927095 1.48784928093664 1.89649582258426 1.28253699862398 1.31726199574769 1.63893350190483 0.933225465705618 1.53288361500017 1.61262382240966 1.59023311152123 0
