0 0.87796815986 0.86329310986 0.83416925986 0.83174205986 0.85293945986 0.86424145986 0.82061735986 0.82390748986 0.83660428986 0.83386539986 0.86995695986 0.83935325986 0.84334181986 0.84364949986 0.99788909986 0.86108485986 0.85856919986 1.00129905986 0.99940269986 0.98812430986 0.98924451986 0.85449905986 0.98849748986 0.99074075986 1.00701695986 0.83386539986 0.81912659986 0.86645900986 0.82480735986
0.87796815986 0 0.13107504986 0.84241949986 0.83935325986 0.88932955986 0.90252835986 0.83538578986 0.84426525986 0.85481135986 0.86868309986 0.38633870986 0.86076995986 0.87155239986 0.87123305986 1.03152005986 0.51443230986 0.51324275986 1.03827145986 1.03112475986 0.99524755986 0.99149005986 0.39103667986 0.99186490986 0.99864545986 1.00625205986 0.85325108986 0.84027182986 0.90720330986 0.85888319986
0.86329310986 0.13107504986 0 0.83874145986 0.83629945986 0.88411445986 0.89986990986 0.83569025986 0.84518985986 0.84858985986 0.86550785986 0.37159823986 0.85356285986 0.86139995986 0.85856919986 1.02131045986 0.50145011986 0.50125508986 1.02639785986 1.02092055986 0.98849748986 0.98551689986 0.37752582986 0.98626095986 0.97848495986 0.98440215986 0.85418682986 0.83660428986 0.90053365986 0.85014035986
0.83416925986 0.84241949986 0.83874145986 0 0.11576117986 0.84395729986 0.84088479986 0.23466575986 0.23795222986 0.81793611986 0.82871905986 0.82061735986 0.82630945986 0.83660428986 0.82721215986 1.01432285986 0.84673335986 0.84611555986 1.01509605986 1.00931635986 1.02482885986 1.02365425986 0.83022905986 1.02365425986 1.03270705986 0.99261535986 0.27120371986 0.26506023986 0.84858985986 0.23905092986
0.83174205986 0.83935325986 0.83629945986 0.11576117986 0 0.84241949986 0.84149830986 0.23112157986 0.23261899986 0.81171695986 0.82211112986 0.81793611986 0.81734161986 0.82480735986 0.81853115986 1.00854915986 0.83569025986 0.83538578986 1.01277885986 1.00893265986 1.00701695986 1.01085335986 0.83143918986 1.01008445986 1.02443715986 0.98106800986 0.26534487986 0.25981398986 0.85637479986 0.23452912986
0.85293945986 0.88932955986 0.88411445986 0.84395729986 0.84241949986 0 0.11227117986 0.83721435986 0.83965932986 0.71838258986 0.71708165986 0.87123305986 0.71994675986 0.72229905986 0.72020775986 1.01316455986 0.85856919986 0.85825531986 1.01587005986 1.01509605986 1.00778265986 1.00663435986 0.86234592986 1.00778265986 1.00091935986 0.99864545986 0.84364949986 0.83843581986 0.19475565986 0.84426525986
0.86424145986 0.90252835986 0.89986990986 0.84088479986 0.84149830986 0.11227117986 0 0.83843581986 0.84149830986 0.72203730986 0.71474555986 0.88508950986 0.71838258986 0.72544698986 0.72177570986 1.01780845986 0.87347135986 0.86900135986 1.02092055986 1.01509605986 1.00970035986 1.00739975986 0.87571635986 1.00816575986 0.99562435986 0.99562435986 0.84704249986 0.84180520986 0.20047788986 0.84180520986
0.82061735986 0.83538578986 0.83569025986 0.23466575986 0.23112157986 0.83721435986 0.83843581986 0 0.11506187386 0.79595761986 0.82390748986 0.81319305986 0.81704455986 0.81408010986 0.80613415986 1.00931635986 0.82871905986 0.82691115986 1.01548295986 1.00893265986 1.01008445986 1.00701695986 0.82300875986 1.00625205986 1.00320005986 0.98180769986 0.26321279986 0.25840233986 0.84858985986 0.17873350986
0.82390748986 0.84426525986 0.84518985986 0.23795222986 0.23261899986 0.83965932986 0.84149830986 0.11506187386 0 0.79711370986 0.82420735986 0.82811595986 0.82002075986 0.81556085986 0.81112735986 1.01936295986 0.84088479986 0.83751951986 1.01936295986 1.01509605986 1.00396195986 1.00205895986 0.83386539986 1.00129905986 1.01548295986 0.98180769986 0.26534487986 0.26221985986 0.85169409986 0.17746639986
0.83660428986 0.85481135986 0.84858985986 0.81793611986 0.81171695986 0.71838258986 0.72203730986 0.79595761986 0.79711370986 0 0.48581849986 0.87958075986 0.48620055986 0.10741229986 0.10602980386 0.98403101986 0.87507425986 0.87219145986 0.98254805986 0.98551689986 1.00320005986 1.00016062986 0.86645900986 1.00016062986 1.00893265986 1.00358095986 0.82661019986 0.81201195986 0.71994675986 0.81201195986
0.83386539986 0.86868309986 0.86550785986 0.82871905986 0.82211112986 0.71708165986 0.71474555986 0.82390748986 0.82420735986 0.48581849986 0 0.87603765986 0.0637367248600001 0.48945601986 0.48715659986 1.00472455986 0.86329310986 0.85856919986 0.99864545986 0.99600129986 1.01780845986 1.01548295986 0.86709379986 1.01548295986 1.02954585986 1.01625735986 0.83477728986 0.82902085986 0.72282275986 0.82841745986
0.86995695986 0.38633870986 0.37159823986 0.82061735986 0.81793611986 0.87123305986 0.88508950986 0.81319305986 0.82811595986 0.87958075986 0.87603765986 0 0.87571635986 0.89195075986 0.88249211986 1.01742045986 0.51007991986 0.50712675986 1.02522075986 1.01975205986 0.99524755986 0.99411832986 0.33635795986 0.99449455986 0.99224000986 0.99149005986 0.83965932986 0.84057825986 0.87347135986 0.83295469986
0.83935325986 0.86076995986 0.85356285986 0.82630945986 0.81734161986 0.71994675986 0.71838258986 0.81704455986 0.82002075986 0.48620055986 0.0637367248600001 0.87571635986 0 0.48467345986 0.48467345986 1.00396195986 0.86360905986 0.85794155986 0.99713342986 0.99524755986 1.02131045986 1.01975205986 0.86931978986 1.01936295986 1.03389605986 1.01897405986 0.83538578986 0.82781455986 0.72702595986 0.82300875986
0.84334181986 0.87155239986 0.86139995986 0.83660428986 0.82480735986 0.72229905986 0.72544698986 0.81408010986 0.81556085986 0.10741229986 0.48945601986 0.89195075986 0.48467345986 0 0.0573454078600001 0.99562435986 0.88606585986 0.88606585986 0.99637845986 0.99788909986 0.99826715986 0.99637845986 0.86836495986 0.99637845986 1.00970035986 1.01316455986 0.84088479986 0.83083390986 0.72544698986 0.82211112986
0.84364949986 0.87123305986 0.85856919986 0.82721215986 0.81853115986 0.72020775986 0.72177570986 0.80613415986 0.81112735986 0.10602980386 0.48715659986 0.88249211986 0.48467345986 0.0573454078600001 0 0.99562435986 0.87764605986 0.87764605986 0.99902402986 0.99788909986 0.99864545986 0.99826715986 0.86234592986 0.99826715986 1.01008445986 1.00970035986 0.83629945986 0.83113645986 0.72492145986 0.81942455986
0.99788909986 1.03152005986 1.02131045986 1.01432285986 1.00854915986 1.01316455986 1.01780845986 1.00931635986 1.01936295986 0.98403101986 1.00472455986 1.01742045986 1.00396195986 0.99562435986 0.99562435986 0 0.98143775986 0.97774862986 0.0289802398600001 0.0278386068600001 0.50398950986 0.50477259986 1.00205895986 0.50516445986 0.50477259986 0.50281635986 1.00167885986 1.00739975986 1.01625735986 1.02797025986
0.86108485986 0.51443230986 0.50145011986 0.84673335986 0.83569025986 0.85856919986 0.87347135986 0.82871905986 0.84088479986 0.87507425986 0.86329310986 0.51007991986 0.86360905986 0.88606585986 0.87764605986 0.98143775986 0 0.0216419328600001 0.98403101986 0.98217775986 0.98032908986 0.97664540986 0.50320719986 0.97664540986 0.97151845986 0.97591085986 0.84395729986 0.84858985986 0.87539528986 0.84766100986
0.85856919986 0.51324275986 0.50125508986 0.84611555986 0.83538578986 0.85825531986 0.86900135986 0.82691115986 0.83751951986 0.87219145986 0.85856919986 0.50712675986 0.85794155986 0.88606585986 0.87764605986 0.97774862986 0.0216419328600001 0 0.98143775986 0.97995989986 0.98032908986 0.97627805986 0.49872492986 0.97627805986 0.97188345986 0.97334545986 0.84303425986 0.84303425986 0.87603765986 0.84611555986
1.00129905986 1.03827145986 1.02639785986 1.01509605986 1.01277885986 1.01587005986 1.02092055986 1.01548295986 1.01936295986 0.98254805986 0.99864545986 1.02522075986 0.99713342986 0.99637845986 0.99902402986 0.0289802398600001 0.98403101986 0.98143775986 0 0.0174367938600001 0.50712675986 0.50830661986 1.00816575986 0.50870030986 0.50575255986 0.50477259986 1.00281955986 1.01162295986 1.01819685986 1.02875765986
0.99940269986 1.03112475986 1.02092055986 1.00931635986 1.00893265986 1.01509605986 1.01509605986 1.00893265986 1.01509605986 0.98551689986 0.99600129986 1.01975205986 0.99524755986 0.99788909986 0.99788909986 0.0278386068600001 0.98217775986 0.97995989986 0.0174367938600001 0 0.50850345986 0.50948835986 1.00548795986 0.50988261986 0.50673385986 0.50457675986 0.99902402986 1.01316455986 1.01742045986 1.02092055986
0.98812430986 0.99524755986 0.98849748986 1.02482885986 1.00701695986 1.00778265986 1.00970035986 1.01008445986 1.00396195986 1.00320005986 1.01780845986 0.99524755986 1.02131045986 0.99826715986 0.99864545986 0.50398950986 0.98032908986 0.98032908986 0.50712675986 0.50850345986 0 0.0117310188600001 0.99224000986 0.0119340508600001 0.33027995986 0.32486703986 1.01780845986 1.02679065986 1.01355045986 1.03349945986
0.98924451986 0.99149005986 0.98551689986 1.02365425986 1.01085335986 1.00663435986 1.00739975986 1.00701695986 1.00205895986 1.00016062986 1.01548295986 0.99411832986 1.01975205986 0.99637845986 0.99826715986 0.50477259986 0.97664540986 0.97627805986 0.50830661986 0.50948835986 0.0117310188600001 0 0.98849748986 0.00114830000000006 0.32841970986 0.32502113986 1.01742045986 1.02443715986 1.01200805986 1.02994025986
0.85449905986 0.39103667986 0.37752582986 0.83022905986 0.83143918986 0.86234592986 0.87571635986 0.82300875986 0.83386539986 0.86645900986 0.86709379986 0.33635795986 0.86931978986 0.86836495986 0.86234592986 1.00205895986 0.50320719986 0.49872492986 1.00816575986 1.00548795986 0.99224000986 0.98849748986 0 0.98849748986 0.97848495986 0.99224000986 0.84580688986 0.84334181986 0.88087325986 0.83813025986
0.98849748986 0.99186490986 0.98626095986 1.02365425986 1.01008445986 1.00778265986 1.00816575986 1.00625205986 1.00129905986 1.00016062986 1.01548295986 0.99449455986 1.01936295986 0.99637845986 0.99826715986 0.50516445986 0.97664540986 0.97627805986 0.50870030986 0.50988261986 0.0119340508600001 0.00114830000000006 0.98849748986 0 0.32888432986 0.32548367986 1.01780845986 1.02365425986 1.01277885986 1.02954585986
0.99074075986 0.99864545986 0.97848495986 1.03270705986 1.02443715986 1.00091935986 0.99562435986 1.00320005986 1.01548295986 1.00893265986 1.02954585986 0.99224000986 1.03389605986 1.00970035986 1.01008445986 0.50477259986 0.97151845986 0.97188345986 0.50575255986 0.50673385986 0.33027995986 0.32841970986 0.97848495986 0.32888432986 0 0.33417042986 1.01316455986 1.01277885986 1.02209095986 1.03588165986
1.00701695986 1.00625205986 0.98440215986 0.99261535986 0.98106800986 0.99864545986 0.99562435986 0.98180769986 0.98180769986 1.00358095986 1.01625735986 0.99149005986 1.01897405986 1.01316455986 1.00970035986 0.50281635986 0.97591085986 0.97334545986 0.50477259986 0.50457675986 0.32486703986 0.32502113986 0.99224000986 0.32548367986 0.33417042986 0 0.99411832986 1.00434315986 1.00167885986 1.00016062986
0.83386539986 0.85325108986 0.85418682986 0.27120371986 0.26534487986 0.84364949986 0.84704249986 0.26321279986 0.26534487986 0.82661019986 0.83477728986 0.83965932986 0.83538578986 0.84088479986 0.83629945986 1.00167885986 0.84395729986 0.84303425986 1.00281955986 0.99902402986 1.01780845986 1.01742045986 0.84580688986 1.01780845986 1.01316455986 0.99411832986 0 0.26919799986 0.85700111986 0.26648448986
0.81912659986 0.84027182986 0.83660428986 0.26506023986 0.25981398986 0.83843581986 0.84180520986 0.25840233986 0.26221985986 0.81201195986 0.82902085986 0.84057825986 0.82781455986 0.83083390986 0.83113645986 1.00739975986 0.84858985986 0.84303425986 1.01162295986 1.01316455986 1.02679065986 1.02443715986 0.84334181986 1.02365425986 1.01277885986 1.00434315986 0.26919799986 0 0.85919730986 0.26037939986
0.86645900986 0.90720330986 0.90053365986 0.84858985986 0.85637479986 0.19475565986 0.20047788986 0.84858985986 0.85169409986 0.71994675986 0.72282275986 0.87347135986 0.72702595986 0.72544698986 0.72492145986 1.01625735986 0.87539528986 0.87603765986 1.01819685986 1.01742045986 1.01355045986 1.01200805986 0.88087325986 1.01277885986 1.02209095986 1.00167885986 0.85700111986 0.85919730986 0 0.85387479986
0.82480735986 0.85888319986 0.85014035986 0.23905092986 0.23452912986 0.84426525986 0.84180520986 0.17873350986 0.17746639986 0.81201195986 0.82841745986 0.83295469986 0.82300875986 0.82211112986 0.81942455986 1.02797025986 0.84766100986 0.84611555986 1.02875765986 1.02092055986 1.03349945986 1.02994025986 0.83813025986 1.02954585986 1.03588165986 1.00016062986 0.26648448986 0.26037939986 0.85387479986 0
