0 0.9590223 0.9969631 0.5386949 0.5475659 0.97499573 0.9655158 0.515871 0.98757625 0.52387106 0.9831119 0.99885464 0.9827411 0.5212617 0.52186304 0.52387106 0.9775687 0.5174642 0.5150757 0.9894442 0.96841997 0.9853408 1.0110749 0.97720057 1.0133885 0.9768326 0.95794547 0.97609735 0.98645765 0.9662408
0.9590223 0 0.27800795 0.9842255 0.98348296 0.471644 0.471644 0.9493862 0.46920985 0.93987226 0.4769138 0.47748062 0.4628807 0.9497408 0.9753628 0.99131685 0.48127043 0.9557965 0.9543672 0.48507947 0.48146042 0.48948392 0.6672366 0.48622596 0.64682555 0.48165047 0.47540435 0.47956264 0.48871607 0.3226258
0.9969631 0.27800795 0 0.9977191 0.99545324 0.47729164 0.46715635 0.97499573 0.4752159 0.95294064 0.4829821 0.4771027 0.4720192 0.96190137 0.98832285 0.9977191 0.47729164 0.9615409 0.9637064 0.48679987 0.4829821 0.4915996 0.6682109 0.48756576 0.6575622 0.47861555 0.4788049 0.47861555 0.48852423 0.32354885
0.5386949 0.9842255 0.9977191 0 0.25083572 1.0003713 0.9860852 0.5368514 0.99545324 0.54570043 1.001891 0.9939465 0.9845971 0.5389 0.53644234 0.5368514 0.99056727 0.5399264 0.5380799 1.0003713 0.9860852 1.0137748 0.9962078 1.0130024 1.0095364 0.99923354 0.9894442 0.98051995 0.99734104 0.98125964
0.5475659 0.98348296 0.99545324 0.25083572 0 0.98907024 0.98645765 0.54652894 0.99169195 0.5550743 0.99357027 1.0080011 0.98051995 0.5473584 0.5475659 0.5481887 1.0080011 0.5502686 0.55131066 1.0130024 0.99885464 1.019204 1.0195932 1.0160967 1.0215429 1.0045581 0.9860852 0.9931942 0.98645765 0.98348296
0.97499573 0.471644 0.47729164 1.0003713 0.98907024 0 0.25884217 0.9644296 0.33800378 0.9611805 0.3487521 0.4662248 0.34051898 0.97573 0.99847597 1.0064689 0.48146042 0.9698763 0.9768326 0.47370988 0.46920985 0.48890796 0.6812419 0.48507947 0.6640787 0.48603475 0.35611138 0.472958 0.4720192 0.48527044
0.9655158 0.471644 0.46715635 0.9860852 0.98645765 0.25884217 0 0.9662408 0.33424672 0.9611805 0.34067646 0.45568597 0.3353406 0.97206604 0.98125964 0.98125964 0.46436512 0.96406794 0.9687838 0.46251008 0.46121424 0.47766966 0.6582834 0.47389796 0.6437523 0.47333384 0.34970793 0.46139923 0.46678358 0.48660854
0.515871 0.9493862 0.97499573 0.5368514 0.54652894 0.9644296 0.9662408 0 0.9827411 0.2529344 0.99131685 0.99847597 0.96298385 0.24874288 0.472958 0.48089057 1.0045581 0.2522342 0.24637805 1.0037951 0.9901927 1.0223241 0.9962078 1.0227151 0.9969631 1.0060863 0.9764649 0.9962078 0.9857129 0.97499573
0.98757625 0.46920985 0.4752159 0.99545324 0.99169195 0.33800378 0.33424672 0.9827411 0 0.9673296 0.19706325 0.4586293 0.18891452 0.9783054 1.019204 1.0215429 0.471269 0.96769285 0.9691478 0.469958 0.46436512 0.48527044 0.6582834 0.48089057 0.64682555 0.48089057 0.35723764 0.471644 0.471269 0.48622596
0.52387106 0.93987226 0.95294064 0.54570043 0.5550743 0.9611805 0.9611805 0.2529344 0.9673296 0 0.97720057 0.9845971 0.95294064 0.16673292 0.47634742 0.48317254 0.9924427 0.17174548 0.16760771 0.9958304 0.9816297 0.9962078 0.99169195 0.9969631 0.99734104 0.9673296 0.97499573 0.97867405 0.9768326 0.96298385
0.9831119 0.4769138 0.4829821 1.001891 0.99357027 0.3487521 0.34067646 0.99131685 0.19706325 0.97720057 0 0.46696994 0.169235 0.99734104 1.0037951 0.99999183 0.4869913 0.9845971 0.99056727 0.4843161 0.4820307 0.49895447 0.66383636 0.4960426 0.6402217 0.48718274 0.36127383 0.47842628 0.4822209 0.4943009
0.99885464 0.47748062 0.4771027 0.9939465 1.0080011 0.4662248 0.45568597 0.99847597 0.4586293 0.9845971 0.46696994 0 0.46102932 1.0034139 1.0060863 1.0037951 0.4826014 0.9977191 1.0041765 0.4820307 0.47370988 0.48450688 0.6580429 0.48127043 0.65516293 0.47748062 0.46846247 0.47578144 0.47994182 0.48929188
0.9827411 0.4628807 0.4720192 0.9845971 0.98051995 0.34051898 0.3353406 0.96298385 0.18891452 0.95294064 0.169235 0.46102932 0 0.97609735 0.98907024 0.9838541 0.4797522 0.9583042 0.96479154 0.47578144 0.47540435 0.48833245 0.6592462 0.4856525 0.64116156 0.48393473 0.35322306 0.46864927 0.47502747 0.48679987
0.5212617 0.9497408 0.96190137 0.5389 0.5473584 0.97573 0.97206604 0.24874288 0.9783054 0.16673292 0.99734104 1.0034139 0.97609735 0 0.4718316 0.4829821 1.0064689 0.16063786 0.15668398 1.0053219 0.9946995 1.0072346 1.0022715 1.0060863 1.0003713 0.9853408 0.98496884 0.99885464 0.9977191 0.9790429
0.52186304 0.9753628 0.98832285 0.53644234 0.5475659 0.99847597 0.98125964 0.472958 1.019204 0.47634742 1.0037951 1.0060863 0.98907024 0.4718316 0 0.1525057 1.0080011 0.4797522 0.4744625 1.0293922 1.0064689 1.0095364 1.0099207 1.0053219 1.01146 0.9946995 0.9894442 0.990942 0.98757625 0.98125964
0.52387106 0.99131685 0.9977191 0.5368514 0.5481887 1.0064689 0.98125964 0.48089057 1.0215429 0.48317254 0.99999183 1.0037951 0.9838541 0.4829821 0.1525057 0 1.0064689 0.48507947 0.4837441 1.014548 1.0030329 1.0041765 1.015322 1.0030329 1.0223241 0.9939465 0.9950763 0.9950763 1.0037951 0.9920673
0.9775687 0.48127043 0.47729164 0.99056727 1.0080011 0.48146042 0.46436512 1.0045581 0.471269 0.9924427 0.4869913 0.4826014 0.4797522 1.0064689 1.0080011 1.0064689 0 0.99961257 0.99885464 0.119774535 0.11556301 0.38629258 0.6623838 0.38345262 0.6602102 0.38445374 0.4935281 0.41843793 0.42863977 0.4956552
0.5174642 0.9557965 0.9615409 0.5399264 0.5502686 0.9698763 0.96406794 0.2522342 0.96769285 0.17174548 0.9845971 0.9977191 0.9583042 0.16063786 0.4797522 0.48507947 0.99961257 0 0.09735376 1.0060863 0.990942 1.0076177 0.99131685 1.0083846 0.99658537 0.9898184 0.9790429 0.990942 0.9816297 0.97170067
0.5150757 0.9543672 0.9637064 0.5380799 0.55131066 0.9768326 0.9687838 0.24637805 0.9691478 0.16760771 0.99056727 1.0041765 0.96479154 0.15668398 0.4744625 0.4837441 0.99885464 0.09735376 0 1.001891 0.9860852 1.0126165 1.0034139 1.0133885 0.9898184 0.9857129 0.98794943 0.9845971 0.9872032 0.9808897
0.9894442 0.48507947 0.48679987 1.0003713 1.0130024 0.47370988 0.46251008 1.0037951 0.469958 0.9958304 0.4843161 0.4820307 0.47578144 1.0053219 1.0293922 1.014548 0.119774535 1.0060863 1.001891 0 0.08897505 0.38295257 0.6696748 0.3816207 0.65876466 0.38712993 0.48184055 0.42281827 0.43343666 0.4999276
0.96841997 0.48146042 0.4829821 0.9860852 0.99885464 0.46920985 0.46121424 0.9901927 0.46436512 0.9816297 0.4820307 0.47370988 0.47540435 0.9946995 1.0064689 1.0030329 0.11556301 0.990942 0.9860852 0.08897505 0 0.38045728 0.66577744 0.3781358 0.6494359 0.38462073 0.48317254 0.4170416 0.42810866 0.4958489
0.9853408 0.48948392 0.4915996 1.0137748 1.019204 0.48890796 0.47766966 1.0223241 0.48527044 0.9962078 0.49895447 0.48450688 0.48833245 1.0072346 1.0095364 1.0041765 0.38629258 1.0076177 1.0126165 0.38295257 0.38045728 0 0.6802505 0.016991017 0.6731017 0.38345262 0.48871607 0.4224669 0.4313009 0.5085462
1.0110749 0.6672366 0.6682109 0.9962078 1.0195932 0.6812419 0.6582834 0.9962078 0.6582834 0.99169195 0.66383636 0.6580429 0.6592462 1.0022715 1.0099207 1.015322 0.6623838 0.99131685 1.0034139 0.6696748 0.66577744 0.6802505 0 0.68000287 0.4215892 0.6684547 0.6616586 0.65612173 0.6616586 0.68000287
0.97720057 0.48622596 0.48756576 1.0130024 1.0160967 0.48507947 0.47389796 1.0227151 0.48089057 0.9969631 0.4960426 0.48127043 0.4856525 1.0060863 1.0053219 1.0030329 0.38345262 1.0083846 1.0133885 0.3816207 0.3781358 0.016991017 0.68000287 0 0.67212105 0.37797028 0.48507947 0.42176464 0.43023533 0.5040287
1.0133885 0.64682555 0.6575622 1.0095364 1.0215429 0.6640787 0.6437523 0.9969631 0.64682555 0.99734104 0.6402217 0.65516293 0.64116156 1.0003713 1.01146 1.0223241 0.6602102 0.99658537 0.9898184 0.65876466 0.6494359 0.6731017 0.4215892 0.67212105 0 0.6501494 0.6413967 0.64540553 0.64919823 0.6694307
0.9768326 0.48165047 0.47861555 0.99923354 1.0045581 0.48603475 0.47333384 1.0060863 0.48089057 0.9673296 0.48718274 0.47748062 0.48393473 0.9853408 0.9946995 0.9939465 0.38445374 0.9898184 0.9857129 0.38712993 0.38462073 0.38345262 0.6684547 0.37797028 0.6501494 0 0.487949 0.42264256 0.4245776 0.5001224
0.95794547 0.47540435 0.4788049 0.9894442 0.9860852 0.35611138 0.34970793 0.9764649 0.35723764 0.97499573 0.36127383 0.46846247 0.35322306 0.98496884 0.9894442 0.9950763 0.4935281 0.9790429 0.98794943 0.48184055 0.48317254 0.48871607 0.6616586 0.48507947 0.6413967 0.487949 0 0.47861555 0.47842628 0.49063718
0.97609735 0.47956264 0.47861555 0.98051995 0.9931942 0.472958 0.46139923 0.9962078 0.471644 0.97867405 0.47842628 0.47578144 0.46864927 0.99885464 0.990942 0.9950763 0.41843793 0.990942 0.9845971 0.42281827 0.4170416 0.4224669 0.65612173 0.42176464 0.64540553 0.42264256 0.47861555 0 0.31940395 0.49526802
0.98645765 0.48871607 0.48852423 0.99734104 0.98645765 0.4720192 0.46678358 0.9857129 0.471269 0.9768326 0.4822209 0.47994182 0.47502747 0.9977191 0.98757625 1.0037951 0.42863977 0.9816297 0.9872032 0.43343666 0.42810866 0.4313009 0.6616586 0.43023533 0.64919823 0.4245776 0.47842628 0.31940395 0 0.49740008
0.9662408 0.3226258 0.32354885 0.98125964 0.98348296 0.48527044 0.48660854 0.97499573 0.48622596 0.96298385 0.4943009 0.48929188 0.48679987 0.9790429 0.98125964 0.9920673 0.4956552 0.97170067 0.9808897 0.4999276 0.4958489 0.5085462 0.68000287 0.5040287 0.6694307 0.5001224 0.49063718 0.49526802 0.49740008 0
