0 0.93151563 0.7072328 0.9790429 0.7191378 0.71186876 0.97609735 0.97573 0.9504507 0.9465546 0.9779369 1.0034139 0.9593815 0.9775687 0.9476152 0.9518725 1.0064689 1.0064689 0.9709704 0.98125964 0.9860852 0.97352946 0.9853408 0.9709704 0.70928967 0.98496884 0.9727974 0.9691478 0.98125964 0.70466954
0.93151563 0 0.98907024 0.4720192 1.0034139 1.0015109 0.4628807 0.46827576 0.48890796 0.21389721 0.9753628 0.97720057 0.59400773 0.60222155 0.2105795 0.20978543 0.99885464 1.0003713 0.4927561 0.98832285 0.9950763 0.4935281 0.98125964 0.49372122 0.9808897 0.99658537 0.9831119 0.6093986 0.97609735 0.99961257
0.7072328 0.98907024 0 1.005704 0.20582764 0.20359412 0.99131685 0.9894442 1.000751 1.0072346 1.0305767 1.0465518 0.9779369 0.9872032 1.0041765 1.0122308 1.0381224 1.0421246 1.0080011 1.0172604 1.0195932 1.0118452 1.0246727 1.0087683 0.3695756 1.0262426 1.0207624 0.98794943 1.019204 0.20978543
0.9790429 0.4720192 1.005704 0 1.033348 1.0242808 0.16660804 0.17111707 0.5038329 0.4744625 1.002652 1.0223241 0.6118817 0.61482686 0.4675293 0.471644 1.0103053 1.0164845 0.50481236 1.0188149 1.0274222 0.5055969 1.0083846 0.5040287 1.0122308 1.0199828 0.99281836 0.615281 1.0022715 1.0157093
0.7191378 1.0034139 0.20582764 1.033348 0 0.1218892 1.0188149 1.0219333 0.9950763 1.019204 1.0341415 1.0534456 0.9931942 1.0015109 1.0083846 1.01069 1.0188149 1.0293922 1.0076177 1.015322 1.019204 1.0160967 1.0211525 1.0133885 0.37863266 1.019204 1.0207624 1.0022715 1.0246727 0.21230288
0.71186876 1.0015109 0.20359412 1.0242808 0.1218892 0 1.001891 1.0049399 1.0003713 1.014548 1.0254573 1.0554852 1.0060863 1.0126165 1.0041765 1.0110749 1.0238891 1.036926 1.0060863 1.0137748 1.0188149 1.0164845 1.019204 1.0133885 0.3733498 1.0195932 1.0278157 1.005704 1.0231062 0.20661752
0.97609735 0.4628807 0.99131685 0.16660804 1.0188149 1.001891 0 0.11719802 0.50344145 0.47108158 0.99281836 1.0053219 0.6060258 0.60804766 0.4675293 0.47089422 1.001891 1.0083846 0.5061858 0.99961257 1.0060863 0.5079554 0.9980974 0.50736505 1.0091523 1.0099207 0.9943229 0.61052626 0.9962078 1.0068517
0.97573 0.46827576 0.9894442 0.17111707 1.0219333 1.0049399 0.11719802 0 0.5040287 0.48089057 1.0133885 1.0130024 0.61391944 0.61482686 0.47070688 0.47427428 1.0157093 1.0195932 0.50992644 1.0234975 1.0325551 0.5091374 1.0223241 0.50992644 0.99961257 1.0207624 0.99734104 0.6155082 1.0126165 0.99961257
0.9504507 0.48890796 1.000751 0.5038329 0.9950763 1.0003713 0.50344145 0.5040287 0 0.50422454 1.0068517 1.0227151 0.6082727 0.62006605 0.4979826 0.4983712 0.9939465 1.000751 0.10801826 1.0149349 1.030972 0.107325636 0.98496884 0.1070949 0.9853408 1.01146 0.98683035 0.6116556 1.0022715 1.0003713
0.9465546 0.21389721 1.0072346 0.4744625 1.019204 1.014548 0.47108158 0.48089057 0.50422454 0 0.98496884 1.0015109 0.610752 0.62304366 0.10801826 0.10790278 0.98907024 0.9939465 0.50598943 0.99923354 1.0072346 0.5024637 0.9958304 0.50285465 1.0045581 0.99999183 0.9738958 0.6232732 0.9860852 1.0049399
0.9779369 0.9753628 1.0305767 1.002652 1.0341415 1.0254573 0.99281836 1.0133885 1.0068517 0.98496884 0 0.64729947 1.0049399 1.0099207 0.98237044 0.98757625 0.50363714 0.5052045 1.0034139 0.10398692 0.105366655 1.005704 0.6015522 1.0030329 1.0037951 0.31360888 0.2967846 1.0049399 0.23617005 1.0242808
1.0034139 0.97720057 1.0465518 1.0223241 1.0534456 1.0554852 1.0053219 1.0130024 1.0227151 1.0015109 0.64729947 0 1.0199828 1.0195932 0.99658537 1.0030329 0.67212105 0.67114156 1.0262426 0.6580429 0.6558819 1.0274222 0.6619002 1.0278157 0.9946995 0.65110177 0.6449328 1.0286036 0.6465887 1.0286036
0.9593815 0.59400773 0.9779369 0.6118817 0.9931942 1.0060863 0.6060258 0.61391944 0.6082727 0.610752 1.0049399 1.0199828 0 0.07040341 0.6015522 0.6040094 1.0049399 1.0091523 0.6121078 1.0157093 1.0199828 0.61391944 0.98869646 0.6155082 0.98794943 1.0258498 0.9939465 0.24971882 0.990942 1.0064689
0.9775687 0.60222155 0.9872032 0.61482686 1.0015109 1.0126165 0.60804766 0.61482686 0.62006605 0.62304366 1.0099207 1.0195932 0.07040341 0 0.610075 0.6130131 1.0015109 1.0045581 0.62511194 1.0164845 1.0238891 0.6255724 0.99169195 0.62649405 0.99056727 1.019204 0.99281836 0.2551795 0.98683035 1.0180373
0.9476152 0.2105795 1.0041765 0.4675293 1.0083846 1.0041765 0.4675293 0.47070688 0.4979826 0.10801826 0.98237044 0.99658537 0.6015522 0.610075 0 0.06242752 0.9872032 0.9894442 0.49934357 0.99169195 0.9958304 0.4958489 0.9816297 0.49623638 0.98683035 0.9939465 0.9680563 0.61391944 0.9783054 0.9980974
0.9518725 0.20978543 1.0122308 0.471644 1.01069 1.0110749 0.47089422 0.47427428 0.4983712 0.10790278 0.98757625 1.0030329 0.6040094 0.6130131 0.06242752 0 0.9950763 0.9962078 0.4995382 0.99923354 1.0076177 0.497206 0.9969631 0.49856558 0.99169195 1.0064689 0.9738958 0.614373 0.98496884 1.0087683
1.0064689 0.99885464 1.0381224 1.0103053 1.0188149 1.0238891 1.001891 1.0157093 0.9939465 0.98907024 0.50363714 0.67212105 1.0049399 1.0015109 0.9872032 0.9950763 0 0.060148705 1.0049399 0.5091374 0.50953186 1.0122308 0.6033384 1.0068517 1.018426 0.5071684 0.5046164 1.0223241 0.5032458 1.0172604
1.0064689 1.0003713 1.0421246 1.0164845 1.0293922 1.036926 1.0083846 1.0195932 1.000751 0.9939465 0.5052045 0.67114156 1.0091523 1.0045581 0.9894442 0.9962078 0.060148705 0 1.0076177 0.5113093 0.5105188 1.0149349 0.603562 1.0095364 1.0231062 0.50736505 0.5089403 1.0301816 0.50148726 1.0215429
0.9709704 0.4927561 1.0080011 0.50481236 1.0076177 1.0060863 0.5061858 0.50992644 0.10801826 0.50598943 1.0034139 1.0262426 0.6121078 0.62511194 0.49934357 0.4995382 1.0049399 1.0076177 0 1.0168724 1.0337447 0.049391206 0.99885464 0.04875064 0.9920673 1.0188149 1.0045581 0.61369276 1.0060863 1.0137748
0.98125964 0.98832285 1.0172604 1.0188149 1.015322 1.0137748 0.99961257 1.0234975 1.0149349 0.99923354 0.10398692 0.6580429 1.0157093 1.0164845 0.99169195 0.99923354 0.5091374 0.5113093 1.0168724 0 0.023360047 1.014548 0.60535306 1.0137748 0.9924427 0.31711105 0.29782516 1.0258498 0.23836544 1.018426
0.9860852 0.9950763 1.0195932 1.0274222 1.019204 1.0188149 1.0060863 1.0325551 1.030972 1.0072346 0.105366655 0.6558819 1.0199828 1.0238891 0.9958304 1.0076177 0.50953186 0.5105188 1.0337447 0.023360047 0 1.0305767 0.6006607 1.0293922 0.990942 0.31512955 0.2981227 1.0278157 0.23644413 1.0172604
0.97352946 0.4935281 1.0118452 0.5055969 1.0160967 1.0164845 0.5079554 0.5091374 0.107325636 0.5024637 1.005704 1.0274222 0.61391944 0.6255724 0.4958489 0.497206 1.0122308 1.0149349 0.049391206 1.014548 1.0305767 0 1.000751 0.011690643 1.001891 1.0203725 0.99999183 0.6132396 1.0076177 1.0168724
0.9853408 0.98125964 1.0246727 1.0083846 1.0211525 1.019204 0.9980974 1.0223241 0.98496884 0.9958304 0.6015522 0.6619002 0.98869646 0.99169195 0.9816297 0.9969631 0.6033384 0.603562 0.99885464 0.60535306 0.6006607 1.000751 0 1.0003713 0.9939465 0.6073731 0.6028915 1.0126165 0.59422857 1.0199828
0.9709704 0.49372122 1.0087683 0.5040287 1.0133885 1.0133885 0.50736505 0.50992644 0.1070949 0.50285465 1.0030329 1.0278157 0.6155082 0.62649405 0.49623638 0.49856558 1.0068517 1.0095364 0.04875064 1.0137748 1.0293922 0.011690643 1.0003713 0 0.99658537 1.0130024 0.9950763 0.614373 1.0037951 1.0168724
0.70928967 0.9808897 0.3695756 1.0122308 0.37863266 0.3733498 1.0091523 0.99961257 0.9853408 1.0045581 1.0037951 0.9946995 0.98794943 0.99056727 0.98683035 0.99169195 1.018426 1.0231062 0.9920673 0.9924427 0.990942 1.001891 0.9939465 0.99658537 0 1.0095364 1.0041765 0.9931942 1.0011308 0.3731853
0.98496884 0.99658537 1.0262426 1.0199828 1.019204 1.0195932 1.0099207 1.0207624 1.01146 0.99999183 0.31360888 0.65110177 1.0258498 1.019204 0.9939465 1.0064689 0.5071684 0.50736505 1.0188149 0.31711105 0.31512955 1.0203725 0.6073731 1.0130024 1.0095364 0 0.31833306 1.0246727 0.3084615 1.0041765
0.9727974 0.9831119 1.0207624 0.99281836 1.0207624 1.0278157 0.9943229 0.99734104 0.98683035 0.9738958 0.2967846 0.6449328 0.9939465 0.99281836 0.9680563 0.9738958 0.5046164 0.5089403 1.0045581 0.29782516 0.2981227 0.99999183 0.6028915 0.9950763 1.0041765 0.31833306 0 0.99999183 0.2888058 1.0076177
0.9691478 0.6093986 0.98794943 0.615281 1.0022715 1.005704 0.61052626 0.6155082 0.6116556 0.6232732 1.0049399 1.0286036 0.24971882 0.2551795 0.61391944 0.614373 1.0223241 1.0301816 0.61369276 1.0258498 1.0278157 0.6132396 1.0126165 0.614373 0.9931942 1.0246727 0.99999183 0 0.9857129 1.0076177
0.98125964 0.97609735 1.019204 1.0022715 1.0246727 1.0231062 0.9962078 1.0126165 1.0022715 0.9860852 0.23617005 0.6465887 0.990942 0.98683035 0.9783054 0.98496884 0.5032458 0.50148726 1.0060863 0.23836544 0.23644413 1.0076177 0.59422857 1.0037951 1.0011308 0.3084615 0.2888058 0.9857129 0 1.0231062
0.70466954 0.99961257 0.20978543 1.0157093 0.21230288 0.20661752 1.0068517 0.99961257 1.0003713 1.0049399 1.0242808 1.0286036 1.0064689 1.0180373 0.9980974 1.0087683 1.0172604 1.0215429 1.0137748 1.018426 1.0172604 1.0168724 1.0199828 1.0168724 0.3731853 1.0041765 1.0076177 1.0076177 1.0231062 0
