0 0.9465546 0.9339434 0.927372 1.000751 1.0072346 0.9270277 0.91983426 0.9746289 0.9229087 0.9096761 0.91983426 0.94232726 0.94514287 0.9301319 0.9259958 1.0164845 0.9658782 0.96298385 0.9458484 0.9465546 1.0037951 0.8179831 1.0060863 0.8203678 0.9205164 0.93324894 0.9611805 0.9554389 0.94903165
0.9465546 0 0.64587855 0.6475366 0.9969631 0.99545324 0.8713238 0.88291705 0.85645306 0.90264636 0.89932185 0.88943595 0.33159682 0.3348716 0.88194406 0.88780093 1.0238891 0.8495923 0.84928197 0.6306556 0.6318157 1.019204 0.9402225 1.0180373 0.93847305 0.63251257 0.65348804 0.8602219 0.8517685 0.8662283
0.9339434 0.64587855 0 0.18621783 0.98496884 0.98683035 0.86148244 0.85707986 0.87774235 0.91439945 0.91169673 0.86972773 0.64824826 0.6542054 0.8649598 0.86813504 1.0118452 0.86877173 0.8713238 0.6267246 0.627186 1.0122308 0.93672764 1.0118452 0.936379 0.59888077 0.5761186 0.8567664 0.85896355 0.86718106
0.927372 0.6475366 0.18621783 0 0.9738958 0.97316337 0.8495923 0.84587634 0.87484723 0.9029796 0.8914027 0.86718106 0.65516293 0.6599691 0.8800019 0.88194406 1.005704 0.8684533 0.86749893 0.6182396 0.6180116 1.0015109 0.92771643 1.0037951 0.9304776 0.5946704 0.5703204 0.85864925 0.8499028 0.8611671
1.000751 0.9969631 0.98496884 0.9738958 0 0.19317186 0.9790429 0.9801504 1.001891 1.000751 1.0083846 0.990942 0.9831119 0.9946995 0.9842255 0.98907024 0.5626586 0.9939465 0.99734104 0.9950763 0.99131685 0.5607553 0.99056727 0.5584356 0.9901927 0.9673296 0.9695119 1.0037951 0.9779369 1.0286036
1.0072346 0.99545324 0.98683035 0.97316337 0.19317186 0 0.9644296 0.9572284 0.99545324 0.99734104 1.0034139 0.9894442 0.9939465 0.99734104 0.97941184 0.9894442 0.55801463 0.98237044 0.98496884 0.98237044 0.98348296 0.5561231 0.99056727 0.55381763 0.9943229 0.99281836 0.97352946 1.0110749 0.9857129 1.0313674
0.9270277 0.8713238 0.86148244 0.8495923 0.9790429 0.9644296 0 0.16623351 0.87581104 0.8787099 0.88682157 0.58304906 0.8694089 0.8858435 0.62903446 0.6283408 0.97609735 0.87420535 0.87324363 0.8455675 0.84587634 0.9779369 0.90031767 0.9768326 0.9297863 0.8684533 0.85207987 0.87484723 0.87100434 0.87484723
0.91983426 0.88291705 0.85707986 0.84587634 0.9801504 0.9572284 0.16623351 0 0.87677604 0.8881276 0.8910746 0.57461107 0.87677604 0.8881276 0.6193806 0.6212099 0.9713354 0.87324363 0.8716434 0.8514572 0.8508351 0.97206604 0.90231323 0.9709704 0.91983426 0.8738847 0.8489717 0.87420535 0.85582674 0.8726031
0.9746289 0.85645306 0.87774235 0.87484723 1.001891 0.99545324 0.87581104 0.87677604 0 0.8937039 0.8970035 0.87324363 0.85802114 0.86148244 0.8851922 0.8832416 1.0325551 0.13554212 0.13518278 0.8592779 0.8573935 1.0337447 0.95472425 1.0313674 0.9543672 0.8599071 0.86813504 0.7235857 0.69804585 0.44565544
0.9229087 0.90264636 0.91439945 0.9029796 1.000751 0.99734104 0.8787099 0.8881276 0.8937039 0 0.13626131 0.8904187 0.9110226 0.91779155 0.86337715 0.8605368 0.9969631 0.9029796 0.8996537 0.8874743 0.8842163 0.98683035 0.9346385 0.9860852 0.9218825 0.88291705 0.8927168 0.9073255 0.90264636 0.8933747
0.9096761 0.89932185 0.91169673 0.8914027 1.0083846 1.0034139 0.88682157 0.8910746 0.8970035 0.13626131 0 0.89667284 0.91779155 0.9266836 0.85959244 0.8599071 1.0083846 0.8970035 0.8989902 0.8910746 0.8884545 0.99999183 0.93777436 0.9977191 0.93777436 0.8999856 0.89304566 0.910349 0.90799636 0.8835664
0.91983426 0.88943595 0.86972773 0.86718106 0.990942 0.9894442 0.58304906 0.57461107 0.87324363 0.8904187 0.89667284 0 0.87967867 0.88910866 0.63857985 0.6374092 1.0045581 0.86274505 0.8624292 0.8592779 0.8605368 1.0064689 0.9130469 1.0034139 0.9184719 0.864643 0.8573935 0.8602219 0.8523914 0.8700467
0.94232726 0.33159682 0.64824826 0.65516293 0.9831119 0.9939465 0.8694089 0.87677604 0.85802114 0.9110226 0.91779155 0.87967867 0 0.13076504 0.8745262 0.88064873 1.0003713 0.8605368 0.8599071 0.64469653 0.64587855 0.9977191 0.93812364 1.000751 0.9458484 0.63251257 0.6437523 0.8592779 0.8523914 0.877098
0.94514287 0.3348716 0.6542054 0.6599691 0.9946995 0.99734104 0.8858435 0.8881276 0.86148244 0.91779155 0.9266836 0.88910866 0.13076504 0 0.8871479 0.8943626 1.0215429 0.86654574 0.864643 0.6539662 0.65540254 1.0176488 0.946908 1.0199828 0.9430302 0.6376432 0.6530102 0.864643 0.86337715 0.8884545
0.9301319 0.88194406 0.8649598 0.8800019 0.9842255 0.97941184 0.62903446 0.6193806 0.8851922 0.86337715 0.85959244 0.63857985 0.8745262 0.8871479 0 0.07735557 0.9838541 0.8803252 0.8774201 0.8517685 0.8505242 0.9790429 0.9046481 0.97499573 0.9342909 0.8599071 0.8621135 0.8874743 0.88226825 0.88780093
0.9259958 0.88780093 0.86813504 0.88194406 0.98907024 0.9894442 0.6283408 0.6212099 0.8832416 0.8605368 0.8599071 0.6374092 0.88064873 0.8943626 0.07735557 0 0.99131685 0.87967867 0.87677604 0.8461853 0.84187144 0.98683035 0.90231323 0.982 0.936379 0.8636934 0.85833514 0.8983274 0.8864954 0.8874743
1.0164845 1.0238891 1.0118452 1.005704 0.5626586 0.55801463 0.97609735 0.9713354 1.0325551 0.9969631 1.0083846 1.0045581 1.0003713 1.0215429 0.9838541 0.99131685 0 1.0207624 1.0180373 1.0060863 1.0049399 0.04949802 1.025065 0.047897395 1.015322 1.0003713 0.9901927 1.0149349 0.9931942 1.0341415
0.9658782 0.8495923 0.86877173 0.8684533 0.9939465 0.98237044 0.87420535 0.87324363 0.13554212 0.9029796 0.8970035 0.86274505 0.8605368 0.86654574 0.8803252 0.87967867 1.0207624 0 0.023669602 0.84310144 0.84310144 1.0234975 0.9440858 1.0227151 0.9476152 0.84711295 0.85488826 0.7175742 0.6955138 0.44060004
0.96298385 0.84928197 0.8713238 0.86749893 0.99734104 0.98496884 0.87324363 0.8716434 0.13518278 0.8996537 0.8989902 0.8624292 0.8599071 0.864643 0.8774201 0.87677604 1.0180373 0.023669602 0 0.84156424 0.84125715 1.0207624 0.94373375 1.019204 0.94127417 0.85207987 0.8592779 0.71549445 0.6945033 0.44276246
0.9458484 0.6306556 0.6267246 0.6182396 0.9950763 0.98237044 0.8455675 0.8514572 0.8592779 0.8874743 0.8910746 0.8592779 0.64469653 0.6539662 0.8517685 0.8461853 1.0060863 0.84310144 0.84156424 0 0.014132316 1.0034139 0.91575444 1.0037951 0.94092345 0.5761186 0.62396216 0.84711295 0.8605368 0.8832416
0.9465546 0.6318157 0.627186 0.6180116 0.99131685 0.98348296 0.84587634 0.8508351 0.8573935 0.8842163 0.8884545 0.8605368 0.64587855 0.65540254 0.8505242 0.84187144 1.0049399 0.84310144 0.84125715 0.014132316 0 1.0037951 0.91541547 1.0045581 0.94127417 0.57590306 0.6216679 0.8480418 0.8602219 0.8832416
1.0037951 1.019204 1.0122308 1.0015109 0.5607553 0.5561231 0.9779369 0.97206604 1.0337447 0.98683035 0.99999183 1.0064689 0.9977191 1.0176488 0.9790429 0.98683035 0.04949802 1.0234975 1.0207624 1.0034139 1.0037951 0 1.0149349 0.009054436 1.0118452 1.0022715 0.99281836 1.0231062 0.990942 1.0266355
0.8179831 0.9402225 0.93672764 0.92771643 0.99056727 0.99056727 0.90031767 0.90231323 0.95472425 0.9346385 0.93777436 0.9130469 0.93812364 0.946908 0.9046481 0.90231323 1.025065 0.9440858 0.94373375 0.91575444 0.91541547 1.0149349 0 1.0130024 0.6028915 0.9253087 0.91575444 0.9353342 0.9497408 0.9374253
1.0060863 1.0180373 1.0118452 1.0037951 0.5584356 0.55381763 0.9768326 0.9709704 1.0313674 0.9860852 0.9977191 1.0034139 1.000751 1.0199828 0.97499573 0.982 0.047897395 1.0227151 1.019204 1.0037951 1.0045581 0.009054436 1.0130024 0 1.0118452 1.0034139 0.9939465 1.0231062 0.9860852 1.0270288
0.8203678 0.93847305 0.936379 0.9304776 0.9901927 0.9943229 0.9297863 0.91983426 0.9543672 0.9218825 0.93777436 0.9184719 0.9458484 0.9430302 0.9342909 0.936379 1.015322 0.9476152 0.94127417 0.94092345 0.94127417 1.0118452 0.6028915 1.0118452 0 0.91711193 0.927372 0.92359364 0.92840576 0.931862
0.9205164 0.63251257 0.59888077 0.5946704 0.9673296 0.99281836 0.8684533 0.8738847 0.8599071 0.88291705 0.8999856 0.864643 0.63251257 0.6376432 0.8599071 0.8636934 1.0003713 0.84711295 0.85207987 0.5761186 0.57590306 1.0022715 0.9253087 1.0034139 0.91711193 0 0.6013292 0.8793556 0.8855178 0.86179787
0.93324894 0.65348804 0.5761186 0.5703204 0.9695119 0.97352946 0.85207987 0.8489717 0.86813504 0.8927168 0.89304566 0.8573935 0.6437523 0.6530102 0.8621135 0.85833514 0.9901927 0.85488826 0.8592779 0.62396216 0.6216679 0.99281836 0.91575444 0.9939465 0.927372 0.6013292 0 0.8694089 0.85613984 0.8608519
0.9611805 0.8602219 0.8567664 0.85864925 1.0037951 1.0110749 0.87484723 0.87420535 0.7235857 0.9073255 0.910349 0.8602219 0.8592779 0.864643 0.8874743 0.8983274 1.0149349 0.7175742 0.71549445 0.84711295 0.8480418 1.0231062 0.9353342 1.0231062 0.92359364 0.8793556 0.8694089 0 0.53726065 0.70903224
0.9554389 0.8517685 0.85896355 0.8499028 0.9779369 0.9857129 0.87100434 0.85582674 0.69804585 0.90264636 0.90799636 0.8523914 0.8523914 0.86337715 0.88226825 0.8864954 0.9931942 0.6955138 0.6945033 0.8605368 0.8602219 0.990942 0.9497408 0.9860852 0.92840576 0.8855178 0.85613984 0.53726065 0 0.70288044
0.94903165 0.8662283 0.86718106 0.8611671 1.0286036 1.0313674 0.87484723 0.8726031 0.44565544 0.8933747 0.8835664 0.8700467 0.877098 0.8884545 0.88780093 0.8874743 1.0341415 0.44060004 0.44276246 0.8832416 0.8832416 1.0266355 0.9374253 1.0270288 0.931862 0.86179787 0.8608519 0.70903224 0.70288044 0
