0 0.8474224 1.0188149 1.0099207 0.853951 0.85896355 1.0522244 1.0493827 1.025065 1.0289978 0.8643263 0.74057156 0.84587634 0.8502134 1.0149349 1.0110749 0.8542633 1.0604033 1.0567118 0.85488826 0.8517685 0.8542633 0.72489893 0.85363877 1.0385218 1.0118452 0.7389627 0.7317652 1.0064689 0.8424862
0.8474224 0 1.0172604 0.99999183 0.3297319 0.32047635 1.0203725 1.0270288 1.0118452 1.0130024 0.3288012 0.83210325 0.32247207 0.3286462 0.97426224 0.9698763 0.32895625 0.99734104 0.9969631 0.3288012 0.3291113 0.32354885 0.82335943 0.3241649 1.0041765 0.9746289 0.84402525 0.8489717 0.9779369 0.2195042
1.0188149 1.0172604 0 0.21496198 0.99357027 0.9860852 0.5839199 0.573751 0.30605137 0.30891424 0.99545324 0.99056727 0.9783054 0.98832285 0.6542054 0.6575622 0.9980974 0.58982456 0.58610135 1.002652 1.0015109 0.98907024 0.990942 0.9857129 0.66577744 0.6501494 0.9939465 1.025065 0.6631097 1.0015109
1.0099207 0.99999183 0.21496198 0 0.9827411 0.9764649 0.58675706 0.57439595 0.30997178 0.3145209 0.9779369 0.97316337 0.9698763 0.98348296 0.6515784 0.65444463 0.9860852 0.58413774 0.5839199 0.99169195 0.98907024 0.9706055 0.9698763 0.9695119 0.66577744 0.65181684 0.9831119 1.0091523 0.66456366 0.9838541
0.853951 0.3297319 0.99357027 0.9827411 0 0.192396 1.0223241 1.0381224 0.9831119 0.9950763 0.19524476 0.8483516 0.18532108 0.18942927 1.002652 0.9977191 0.19097567 1.0215429 1.0219333 0.19084668 0.19045985 0.19084668 0.8474224 0.19097567 0.99885464 0.98348296 0.87613255 0.8751683 1.002652 0.32247207
0.85896355 0.32047635 0.9860852 0.9764649 0.192396 0 1.0223241 1.0242808 0.9872032 0.99281836 0.17577977 0.8388052 0.187244 0.19265454 0.99056727 0.98496884 0.192396 1.0176488 1.014548 0.19136275 0.19162093 0.17048919 0.84433347 0.17136838 1.0080011 0.9779369 0.8602219 0.86274505 0.98645765 0.3172637
1.0522244 1.0203725 0.5839199 0.58675706 1.0223241 1.0223241 0 0.15177076 0.59004414 0.5971051 1.0353336 1.0149349 0.99923354 1.0037951 0.68397504 0.6834774 1.0076177 0.38228634 0.3814544 1.0126165 1.0110749 1.0188149 1.019204 1.0195932 0.68000287 0.675067 1.0313674 1.0353336 0.6785187 1.015322
1.0493827 1.0270288 0.573751 0.57439595 1.0381224 1.0242808 0.15177076 0 0.58304906 0.58239657 1.0329514 0.9943229 1.0080011 1.0133885 0.68000287 0.6775309 1.0160967 0.37302083 0.37137827 1.0207624 1.0195932 1.014548 1.0099207 1.0164845 0.6682109 0.6696748 1.0188149 1.0293922 0.6777777 1.0137748
1.025065 1.0118452 0.30605137 0.30997178 0.9831119 0.9872032 0.59004414 0.58304906 0 0.118719436 0.9853408 1.0015109 0.9775687 0.9827411 0.6599691 0.6590054 0.98794943 0.5926842 0.59180313 0.9931942 0.98757625 0.9831119 0.97941184 0.98237044 0.65660155 0.6539662 1.0122308 1.0215429 0.6575622 1.0011308
1.0289978 1.0130024 0.30891424 0.3145209 0.9950763 0.99281836 0.5971051 0.58239657 0.118719436 0 0.9931942 1.0080011 0.98832285 0.9920673 0.66553456 0.66918653 0.9962078 0.59865856 0.59533364 0.99999183 0.99545324 0.9939465 0.9860852 0.9931942 0.67089695 0.67114156 1.0141612 1.019204 0.67261124 1.0022715
0.8643263 0.3288012 0.99545324 0.9779369 0.19524476 0.17577977 1.0353336 1.0329514 0.9853408 0.9931942 0 0.84525883 0.19058877 0.19875582 1.0022715 0.9920673 0.19849518 1.0282096 1.0223241 0.19758363 0.19758363 0.09213437 0.83727676 0.09224745 1.0164845 0.9901927 0.8719632 0.86337715 0.99545324 0.32524413
0.74057156 0.83210325 0.99056727 0.97316337 0.8483516 0.8388052 1.0149349 0.9943229 1.0015109 1.0080011 0.84525883 0 0.83788776 0.83972377 0.97206604 0.97206604 0.84525883 1.0172604 1.01146 0.8514572 0.8499028 0.83941746 0.5819619 0.8400302 0.98832285 0.9816297 0.5973268 0.59599745 0.9790429 0.82998335
0.84587634 0.32247207 0.9783054 0.9698763 0.18532108 0.187244 0.99923354 1.0080011 0.9775687 0.98832285 0.19058877 0.83788776 0 0.08358984 0.9783054 0.9746289 0.08325454 1.014548 1.0110749 0.08392528 0.084372774 0.1844254 0.8455675 0.1844254 1.0087683 0.97316337 0.8636934 0.8729233 0.9727974 0.31042543
0.8502134 0.3286462 0.98832285 0.98348296 0.18942927 0.19265454 1.0037951 1.0133885 0.9827411 0.9920673 0.19875582 0.83972377 0.08358984 0 0.9816297 0.98051995 0.065476745 1.0130024 1.0103053 0.06471328 0.064822294 0.19175006 0.84310144 0.19226676 1.0126165 0.9775687 0.8608519 0.8592779 0.98125964 0.31604344
1.0149349 0.97426224 0.6542054 0.6515784 1.002652 0.99056727 0.68397504 0.68000287 0.6599691 0.66553456 1.0022715 0.97206604 0.9783054 0.9816297 0 0.036892682 0.97867405 0.6740837 0.67261124 0.9857129 0.9853408 0.9939465 0.9779369 0.9931942 0.54013187 0.30951837 0.9860852 1.0080011 0.24015395 0.982
1.0110749 0.9698763 0.6575622 0.65444463 0.9977191 0.98496884 0.6834774 0.6775309 0.6590054 0.66918653 0.9920673 0.97206604 0.9746289 0.98051995 0.036892682 0 0.9775687 0.67285645 0.67261124 0.9831119 0.9816297 0.9827411 0.97867405 0.9831119 0.5430141 0.3098206 0.9860852 1.0076177 0.23891531 0.9779369
0.8542633 0.32895625 0.9980974 0.9860852 0.19097567 0.192396 1.0076177 1.0160967 0.98794943 0.9962078 0.19849518 0.84525883 0.08325454 0.065476745 0.97867405 0.9775687 0 1.0231062 1.0176488 0.039734192 0.040367104 0.19136275 0.85114604 0.19200836 1.0160967 0.98237044 0.87100434 0.8713238 0.9853408 0.3189448
1.0604033 0.99734104 0.58982456 0.58413774 1.0215429 1.0176488 0.38228634 0.37302083 0.5926842 0.59865856 1.0282096 1.0172604 1.014548 1.0130024 0.6740837 0.67285645 1.0231062 0 0.025426164 1.0246727 1.0215429 1.0242808 1.0149349 1.0242808 0.67876583 0.6767909 1.0133885 1.0365276 0.6689425 1.0060863
1.0567118 0.9969631 0.58610135 0.5839199 1.0219333 1.014548 0.3814544 0.37137827 0.59180313 0.59533364 1.0223241 1.01146 1.0110749 1.0103053 0.67261124 0.67261124 1.0176488 0.025426164 0 1.0199828 1.0168724 1.0188149 1.0130024 1.019204 0.67802465 0.6767909 1.0034139 1.0274222 0.6696748 1.0049399
0.85488826 0.3288012 1.002652 0.99169195 0.19084668 0.19136275 1.0126165 1.0207624 0.9931942 0.99999183 0.19758363 0.8514572 0.08392528 0.06471328 0.9857129 0.9831119 0.039734192 1.0246727 1.0199828 0 0.011081465 0.18994439 0.85114604 0.19084668 1.0203725 0.9827411 0.8694089 0.8729233 0.98794943 0.3181802
0.8517685 0.3291113 1.0015109 0.98907024 0.19045985 0.19162093 1.0110749 1.0195932 0.98757625 0.99545324 0.19758363 0.8499028 0.084372774 0.064822294 0.9853408 0.9816297 0.040367104 1.0215429 1.0168724 0.011081465 0 0.19033095 0.84928197 0.19123371 1.0199828 0.9816297 0.8700467 0.870685 0.9857129 0.31802738
0.8542633 0.32354885 0.98907024 0.9706055 0.19084668 0.17048919 1.0188149 1.014548 0.9831119 0.9939465 0.09213437 0.83941746 0.1844254 0.19175006 0.9939465 0.9827411 0.19136275 1.0242808 1.0188149 0.18994439 0.19033095 0 0.8345334 0.00572177 1.0037951 0.9857129 0.86337715 0.8592779 0.9894442 0.31802738
0.72489893 0.82335943 0.990942 0.9698763 0.8474224 0.84433347 1.019204 1.0099207 0.97941184 0.9860852 0.83727676 0.5819619 0.8455675 0.84310144 0.9779369 0.97867405 0.85114604 1.0149349 1.0130024 0.85114604 0.84928197 0.8345334 0 0.8345334 0.98869646 0.98645765 0.58217925 0.5707484 0.9898184 0.8305884
0.85363877 0.3241649 0.9857129 0.9695119 0.19097567 0.17136838 1.0195932 1.0164845 0.98237044 0.9931942 0.09224745 0.8400302 0.1844254 0.19226676 0.9931942 0.9831119 0.19200836 1.0242808 1.019204 0.19084668 0.19123371 0.00572177 0.8345334 0 1.0037951 0.98125964 0.8640098 0.8608519 0.9872032 0.31787458
1.0385218 1.0041765 0.66577744 0.66577744 0.99885464 1.0080011 0.68000287 0.6682109 0.65660155 0.67089695 1.0164845 0.98832285 1.0087683 1.0126165 0.54013187 0.5430141 1.0160967 0.67876583 0.67802465 1.0203725 1.0199828 1.0037951 0.98869646 1.0037951 0 0.5450797 1.005704 1.0168724 0.54054296 1.0141612
1.0118452 0.9746289 0.6501494 0.65181684 0.98348296 0.9779369 0.675067 0.6696748 0.6539662 0.67114156 0.9901927 0.9816297 0.97316337 0.9775687 0.30951837 0.3098206 0.98237044 0.6767909 0.6767909 0.9827411 0.9816297 0.9857129 0.98645765 0.98125964 0.5450797 0 0.9977191 1.01146 0.32201102 0.97573
0.7389627 0.84402525 0.9939465 0.9831119 0.87613255 0.8602219 1.0313674 1.0188149 1.0122308 1.0141612 0.8719632 0.5973268 0.8636934 0.8608519 0.9860852 0.9860852 0.87100434 1.0133885 1.0034139 0.8694089 0.8700467 0.86337715 0.58217925 0.8640098 1.005704 0.9977191 0 0.28222105 0.98832285 0.8567664
0.7317652 0.8489717 1.025065 1.0091523 0.8751683 0.86274505 1.0353336 1.0293922 1.0215429 1.019204 0.86337715 0.59599745 0.8729233 0.8592779 1.0080011 1.0076177 0.8713238 1.0365276 1.0274222 0.8729233 0.870685 0.8592779 0.5707484 0.8608519 1.0168724 1.01146 0.28222105 0 1.0091523 0.8611671
1.0064689 0.9779369 0.6631097 0.66456366 1.002652 0.98645765 0.6785187 0.6777777 0.6575622 0.67261124 0.99545324 0.9790429 0.9727974 0.98125964 0.24015395 0.23891531 0.9853408 0.6689425 0.6696748 0.98794943 0.9857129 0.9894442 0.9898184 0.9872032 0.54054296 0.32201102 0.98832285 1.0091523 0 0.9746289
0.8424862 0.2195042 1.0015109 0.9838541 0.32247207 0.3172637 1.015322 1.0137748 1.0011308 1.0022715 0.32524413 0.82998335 0.31042543 0.31604344 0.982 0.9779369 0.3189448 1.0060863 1.0049399 0.3181802 0.31802738 0.31802738 0.8305884 0.31787458 1.0141612 0.97573 0.8567664 0.8611671 0.9746289 0
