0 0.9673296 0.99056727 0.97426224 0.96010065 1.0137748 1.0072346 0.5256829 0.68796843 0.6882187 0.6827315 0.6899731 0.68972224 0.5384899 0.54013187 0.9768326 0.9842255 0.9958304 0.99885464 0.5399264 0.5399264 0.5246758 0.97867405 0.5246758 0.98794943 0.5374654 0.5352165 0.5419835 0.53644234 0.97720057
0.9673296 0 0.40099728 0.21722966 0.21071193 0.891731 0.87484723 0.9604604 0.9666036 0.97426224 0.9709704 0.9572284 0.97316337 0.9402225 0.94232726 0.39997387 0.40854537 0.89932185 0.8989902 0.94127417 0.9405729 0.9511613 0.40253505 0.9522284 0.39487758 0.94232726 0.9575869 0.96841997 0.97316337 0.19524476
0.99056727 0.40099728 0 0.4212384 0.40992597 0.9174517 0.90264636 0.96479154 0.98757625 0.9816297 0.9845971 0.98237044 0.9827411 0.96010065 0.96334505 0.20595923 0.21005002 0.89865875 0.9013148 0.953297 0.95258445 0.9554389 0.40253505 0.95794547 0.39912206 0.9709704 0.97499573 0.97978103 0.9691478 0.40476185
0.97426224 0.21722966 0.4212384 0 0.15520664 0.90398026 0.8884545 0.95794547 0.9680563 0.9655158 0.9695119 0.98869646 0.9673296 0.95866317 0.9604604 0.42088777 0.42846268 0.89766514 0.8973342 0.9662408 0.9669665 0.9419761 0.41286817 0.9458484 0.40304834 0.95866317 0.97499573 0.9872032 0.9790429 0.22501844
0.96010065 0.21071193 0.40992597 0.15520664 0 0.8874743 0.8745262 0.9611805 0.97316337 0.97426224 0.97573 0.9709704 0.97978103 0.9433819 0.94479036 0.4087178 0.41529983 0.8851922 0.8838912 0.9493862 0.9493862 0.9472615 0.40219304 0.95151687 0.39725155 0.9419761 0.9583042 0.96841997 0.97170067 0.21722966
1.0137748 0.891731 0.9174517 0.90398026 0.8874743 0 0.14228158 0.98832285 0.9857129 0.9894442 0.99131685 0.9950763 0.99169195 0.98757625 0.9860852 0.8923881 0.89601207 0.3348716 0.3353406 0.9842255 0.97867405 0.9698763 0.9100125 0.9691478 0.9150766 0.99169195 0.98051995 0.99734104 0.99545324 0.88943595
1.0072346 0.87484723 0.90264636 0.8884545 0.8745262 0.14228158 0 0.9801504 0.97499573 0.9801504 0.9831119 0.9943229 0.97978103 0.98125964 0.98496884 0.87774235 0.88454145 0.3274073 0.32771683 0.9768326 0.97206604 0.9680563 0.89932185 0.96769285 0.90933985 0.98125964 0.9845971 1.0041765 0.99658537 0.8812961
0.5256829 0.9604604 0.96479154 0.95794547 0.9611805 0.98832285 0.9801504 0 0.6686986 0.67212105 0.67359257 0.6827315 0.6684547 0.37664723 0.3768125 0.95508146 0.9626228 0.96769285 0.97206604 0.3738435 0.37351432 0.082472764 0.98237044 0.08347805 0.9568702 0.38830376 0.41582194 0.41356212 0.21829918 0.9673296
0.68796843 0.9666036 0.98757625 0.9680563 0.97316337 0.9857129 0.97499573 0.6686986 0 0.074920505 0.07447861 0.42669424 0.07635845 0.6667499 0.66602045 0.96841997 0.9768326 0.97426224 0.97573 0.67163116 0.6696748 0.6606927 0.9838541 0.66093403 0.97609735 0.65181684 0.67654437 0.66577744 0.675067 0.99131685
0.6882187 0.97426224 0.9816297 0.9655158 0.97426224 0.9894442 0.9801504 0.67212105 0.074920505 0 0.06253621 0.42106307 0.06427736 0.6662635 0.66456366 0.96406794 0.97316337 0.97426224 0.9753628 0.6667499 0.66480625 0.6623838 0.982 0.6619002 0.9775687 0.6508636 0.68000287 0.6696748 0.67040783 0.98869646
0.6827315 0.9709704 0.9845971 0.9695119 0.97573 0.99131685 0.9831119 0.67359257 0.07447861 0.06253621 0 0.42176464 0.06504038 0.6689425 0.6689425 0.9691478 0.9808897 0.97206604 0.9738958 0.6686986 0.66650665 0.66456366 0.98869646 0.6640787 0.9790429 0.6522939 0.680994 0.66748005 0.67555916 0.98907024
0.6899731 0.9572284 0.98237044 0.98869646 0.9709704 0.9950763 0.9943229 0.6827315 0.42669424 0.42106307 0.42176464 0 0.4215892 0.6775309 0.68049824 0.97024083 0.9860852 0.9831119 0.9838541 0.6713863 0.67114156 0.67212105 0.98794943 0.67359257 0.9831119 0.6770375 0.6899731 0.68621874 0.68397504 0.9779369
0.68972224 0.97316337 0.9827411 0.9673296 0.97978103 0.99169195 0.97978103 0.6684547 0.07635845 0.06427736 0.06504038 0.4215892 0 0.6669932 0.66650665 0.9691478 0.9768326 0.9768326 0.9779369 0.67016345 0.6684547 0.65660155 0.9790429 0.65660155 0.97352946 0.64540553 0.67212105 0.6619002 0.67089695 0.99056727
0.5384899 0.9402225 0.96010065 0.95866317 0.9433819 0.98757625 0.98125964 0.37664723 0.6667499 0.6662635 0.6689425 0.6775309 0.6669932 0 0.03773349 0.946908 0.95080596 0.9695119 0.97206604 0.0939457 0.09383236 0.37995923 0.9662408 0.37962735 0.94867724 0.3836194 0.41582194 0.40321952 0.38462073 0.95472425
0.54013187 0.94232726 0.96334505 0.9604604 0.94479036 0.9860852 0.98496884 0.3768125 0.66602045 0.66456366 0.6689425 0.68049824 0.66650665 0.03773349 0 0.9522284 0.9540103 0.96841997 0.9709704 0.093379185 0.093605734 0.37730846 0.96226203 0.37747386 0.9497408 0.3816207 0.41495198 0.40424737 0.38278595 0.95472425
0.9768326 0.39997387 0.20595923 0.42088777 0.4087178 0.8923881 0.87774235 0.95508146 0.96841997 0.96406794 0.9691478 0.97024083 0.9691478 0.946908 0.9522284 0 0.0375232 0.8751683 0.87613255 0.944438 0.94514287 0.94867724 0.39640284 0.9518725 0.3925111 0.95258445 0.96010065 0.9568702 0.96479154 0.40854537
0.9842255 0.40854537 0.21005002 0.42846268 0.41529983 0.89601207 0.88454145 0.9626228 0.9768326 0.97316337 0.9808897 0.9860852 0.9768326 0.95080596 0.9540103 0.0375232 0 0.8809723 0.8812961 0.94867724 0.9479691 0.9536536 0.40441883 0.9572284 0.3981012 0.9615409 0.9666036 0.96190137 0.9753628 0.41582194
0.9958304 0.89932185 0.89865875 0.89766514 0.8851922 0.3348716 0.3274073 0.96769285 0.97426224 0.97426224 0.97206604 0.9831119 0.9768326 0.9695119 0.96841997 0.8751683 0.8809723 0 0.0074367486 0.9626228 0.96010065 0.95615417 0.90665525 0.95794547 0.89766514 0.9709704 0.9872032 0.99999183 0.9691478 0.88291705
0.99885464 0.8989902 0.9013148 0.8973342 0.8838912 0.3353406 0.32771683 0.97206604 0.97573 0.9753628 0.9738958 0.9838541 0.9779369 0.97206604 0.9709704 0.87613255 0.8812961 0.0074367486 0 0.96406794 0.9615409 0.9608204 0.90799636 0.9626228 0.8983274 0.9768326 0.99056727 1.0037951 0.97426224 0.8838912
0.5399264 0.94127417 0.953297 0.9662408 0.9493862 0.9842255 0.9768326 0.3738435 0.67163116 0.6667499 0.6686986 0.6713863 0.67016345 0.0939457 0.093379185 0.944438 0.94867724 0.9626228 0.96406794 0 0.005923329 0.3749967 0.9651536 0.37483186 0.95615417 0.38295257 0.41373572 0.40562007 0.38195345 0.9593815
0.5399264 0.9405729 0.95258445 0.9669665 0.9493862 0.97867405 0.97206604 0.37351432 0.6696748 0.66480625 0.66650665 0.67114156 0.6684547 0.09383236 0.093605734 0.94514287 0.9479691 0.96010065 0.9615409 0.005923329 0 0.37417278 0.9626228 0.37400812 0.9575869 0.38311923 0.414083 0.40613547 0.38112187 0.9590223
0.5246758 0.9511613 0.9554389 0.9419761 0.9472615 0.9698763 0.9680563 0.082472764 0.6606927 0.6623838 0.66456366 0.67212105 0.65660155 0.37995923 0.37730846 0.94867724 0.9536536 0.95615417 0.9608204 0.3749967 0.37417278 0 0.96769285 0.005520266 0.9433819 0.3856234 0.41148216 0.40527666 0.21843298 0.95615417
0.97867405 0.40253505 0.40253505 0.41286817 0.40219304 0.9100125 0.89932185 0.98237044 0.9838541 0.982 0.98869646 0.98794943 0.9790429 0.9662408 0.96226203 0.39640284 0.40441883 0.90665525 0.90799636 0.9651536 0.9626228 0.96769285 0 0.9673296 0.38931137 0.9615409 0.9644296 0.97720057 0.98683035 0.40544835
0.5246758 0.9522284 0.95794547 0.9458484 0.95151687 0.9691478 0.96769285 0.08347805 0.66093403 0.6619002 0.6640787 0.67359257 0.65660155 0.37962735 0.37747386 0.9518725 0.9572284 0.95794547 0.9626228 0.37483186 0.37400812 0.005520266 0.9673296 0 0.94514287 0.3856234 0.41252142 0.40665123 0.2188345 0.9583042
0.98794943 0.39487758 0.39912206 0.40304834 0.39725155 0.9150766 0.90933985 0.9568702 0.97609735 0.9775687 0.9790429 0.9831119 0.97352946 0.94867724 0.9497408 0.3925111 0.3981012 0.89766514 0.8983274 0.95615417 0.9575869 0.9433819 0.38931137 0.94514287 0 0.95294064 0.96298385 0.97170067 0.97573 0.39963302
0.5374654 0.94232726 0.9709704 0.95866317 0.9419761 0.99169195 0.98125964 0.38830376 0.65181684 0.6508636 0.6522939 0.6770375 0.64540553 0.3836194 0.3816207 0.95258445 0.9615409 0.9709704 0.9768326 0.38295257 0.38311923 0.3856234 0.9615409 0.3856234 0.95294064 0 0.40665123 0.401168 0.39844134 0.95258445
0.5352165 0.9575869 0.97499573 0.97499573 0.9583042 0.98051995 0.9845971 0.41582194 0.67654437 0.68000287 0.680994 0.6899731 0.67212105 0.41582194 0.41495198 0.96010065 0.9666036 0.9872032 0.99056727 0.41373572 0.414083 0.41148216 0.9644296 0.41252142 0.96298385 0.40665123 0 0.22084542 0.42440146 0.9713354
0.5419835 0.96841997 0.97978103 0.9872032 0.96841997 0.99734104 1.0041765 0.41356212 0.66577744 0.6696748 0.66748005 0.68621874 0.6619002 0.40321952 0.40424737 0.9568702 0.96190137 0.99999183 1.0037951 0.40562007 0.40613547 0.40527666 0.97720057 0.40665123 0.97170067 0.401168 0.22084542 0 0.41512588 0.9808897
0.53644234 0.97316337 0.9691478 0.9790429 0.97170067 0.99545324 0.99658537 0.21829918 0.675067 0.67040783 0.67555916 0.68397504 0.67089695 0.38462073 0.38278595 0.96479154 0.9753628 0.9691478 0.97426224 0.38195345 0.38112187 0.21843298 0.98683035 0.2188345 0.97573 0.39844134 0.42440146 0.41512588 0 0.97573
0.97720057 0.19524476 0.40476185 0.22501844 0.21722966 0.88943595 0.8812961 0.9673296 0.99131685 0.98869646 0.98907024 0.9779369 0.99056727 0.95472425 0.95472425 0.40854537 0.41582194 0.88291705 0.8838912 0.9593815 0.9590223 0.95615417 0.40544835 0.9583042 0.39963302 0.95258445 0.9713354 0.9808897 0.97573 0
