0 0.50481236 0.502073 1.01069 1.0083846 0.5050084 0.7243734 0.5071684 0.50815225 1.0160967 1.0289978 0.7317652 0.7365559 0.73735726 0.5202605 0.5902638 0.59224355 0.51547325 0.51487696 0.6017752 0.603562 0.5126947 0.85270303 0.51249665 0.83089113 0.70697606 0.71032023 0.5847917 0.5850098 0.58982456
0.50481236 0 0.21044709 1.0157093 1.0053219 0.24526776 0.7486681 0.24693382 0.24623917 1.0076177 0.99999183 0.73815954 0.74514884 0.74406934 0.4393415 0.59224355 0.58916616 0.44078 0.44042012 0.6028915 0.6031149 0.43575725 0.8455675 0.43700978 0.8461853 0.69122875 0.6947558 0.57762915 0.58850837 0.5754721
0.502073 0.21044709 0 1.000751 0.9901927 0.24485183 0.7333587 0.24679483 0.24429761 1.0037951 1.0049399 0.71627367 0.7309697 0.7365559 0.4389823 0.5948914 0.58850837 0.44060004 0.4398806 0.6017752 0.6019983 0.43808508 0.83788776 0.43952116 0.8263631 0.67654437 0.6892207 0.5810934 0.58916616 0.58152753
1.01069 1.0157093 1.000751 0 0.15545265 1.0188149 0.98051995 1.0313674 1.0393208 0.68721807 0.6877182 1.0095364 0.98645765 0.98496884 1.0325551 1.0301816 1.018426 1.0286036 1.0246727 1.0231062 1.0227151 1.0297868 1.0080011 1.030972 1.0211525 1.0429276 1.0489776 1.0053219 1.0072346 1.0030329
1.0083846 1.0053219 0.9901927 0.15545265 0 1.0076177 0.9842255 1.0188149 1.0293922 0.67876583 0.6745752 1.0110749 0.98051995 0.9790429 1.0329514 1.0461482 1.0341415 1.0266355 1.0223241 1.0207624 1.0207624 1.0087683 1.0037951 1.01069 1.0254573 1.0289978 1.030972 1.0122308 1.015322 1.0034139
0.5050084 0.24526776 0.24485183 1.0188149 1.0076177 0 0.7437997 0.1633683 0.16212596 1.0223241 1.0207624 0.72779626 0.73923063 0.73789203 0.4463804 0.5902638 0.58982456 0.4458366 0.4463804 0.61256033 0.6132396 0.44384602 0.8499028 0.44384602 0.85645306 0.6904751 0.69148016 0.5808764 0.59400773 0.5793593
0.7243734 0.7486681 0.7333587 0.98051995 0.9842255 0.7437997 0 0.74406934 0.7432607 1.0164845 1.0118452 0.33753312 0.13017003 0.13326922 0.7535683 0.7344229 0.7312348 0.7532952 0.75493515 0.7579511 0.7585007 0.73789203 0.870685 0.7386949 0.8624292 0.74975425 0.7601521 0.7262145 0.7317652 0.7333587
0.5071684 0.24693382 0.24679483 1.0313674 1.0188149 0.1633683 0.74406934 0 0.11276841 1.0262426 1.0234975 0.7408401 0.7338906 0.7386949 0.44837776 0.5962188 0.593787 0.44910538 0.4500159 0.6116556 0.6132396 0.4463804 0.85833514 0.44656178 0.85520095 0.6924865 0.69399863 0.57482624 0.5935663 0.58785117
0.50815225 0.24623917 0.24429761 1.0393208 1.0293922 0.16212596 0.7432607 0.11276841 0 1.015322 1.0122308 0.74164605 0.73522204 0.7386949 0.45056275 0.59312516 0.5929046 0.44928738 0.44983372 0.6103006 0.61142963 0.4418607 0.8567664 0.4418607 0.8489717 0.6960195 0.6929902 0.56967896 0.59246385 0.58413774
1.0160967 1.0076177 1.0037951 0.68721807 0.67876583 1.0223241 1.0164845 1.0262426 1.015322 0 0.08829978 1.0258498 1.0157093 1.0270288 1.0211525 1.0195932 1.005704 1.0242808 1.0223241 1.0242808 1.0278157 1.0227151 1.0172604 1.0234975 1.0231062 1.014548 1.0270288 0.98348296 0.98907024 0.9962078
1.0289978 0.99999183 1.0049399 0.6877182 0.6745752 1.0207624 1.0118452 1.0234975 1.0122308 0.08829978 0 1.0274222 1.0126165 1.0172604 1.0168724 1.0219333 1.0087683 1.0211525 1.0215429 1.0207624 1.0262426 1.0274222 1.0133885 1.0274222 1.0278157 1.0180373 1.030972 0.99658537 1.0003713 0.9946995
0.7317652 0.73815954 0.71627367 1.0095364 1.0110749 0.72779626 0.33753312 0.7408401 0.74164605 1.0258498 1.0274222 0 0.34004673 0.3427267 0.7483968 0.7365559 0.7346892 0.75466156 0.7478545 0.75056994 0.7494826 0.7427221 0.8624292 0.7446089 0.84310144 0.75493515 0.7543881 0.7389627 0.7304399 0.72568804
0.7365559 0.74514884 0.7309697 0.98645765 0.98051995 0.73923063 0.13017003 0.7338906 0.73522204 1.0157093 1.0126165 0.34004673 0 0.061450038 0.7473126 0.72726864 0.72463614 0.74650043 0.7478545 0.7563045 0.75712734 0.73735726 0.8719632 0.73735726 0.86909026 0.7446089 0.7429914 0.72832423 0.72463614 0.7291169
0.73735726 0.74406934 0.7365559 0.98496884 0.9790429 0.73789203 0.13326922 0.7386949 0.7386949 1.0270288 1.0172604 0.3427267 0.061450038 0 0.74704176 0.7293813 0.72726864 0.7481256 0.7502979 0.750842 0.75138646 0.7346892 0.88682157 0.73495555 0.8800019 0.75165886 0.74893945 0.72991043 0.72253674 0.7291169
0.5202605 0.4393415 0.4389823 1.0325551 1.0329514 0.4463804 0.7535683 0.44837776 0.45056275 1.0211525 1.0168724 0.7483968 0.7473126 0.74704176 0 0.59888077 0.593787 0.040578194 0.041951723 0.5984365 0.60043794 0.37697777 0.85896355 0.37830138 0.85520095 0.7005865 0.7126442 0.57957584 0.5975486 0.58763224
0.5902638 0.59224355 0.5948914 1.0301816 1.0461482 0.5902638 0.7344229 0.5962188 0.59312516 1.0195932 1.0219333 0.7365559 0.72726864 0.7293813 0.59888077 0 0.036052816 0.5973268 0.5968834 0.60535306 0.6058015 0.5874133 0.8605368 0.58828926 0.85207987 0.7018601 0.7113522 0.44910538 0.45147505 0.23699258
0.59224355 0.58916616 0.58850837 1.018426 1.0341415 0.58982456 0.7312348 0.593787 0.5929046 1.005704 1.0087683 0.7346892 0.72463614 0.72726864 0.593787 0.036052816 0 0.593787 0.59246385 0.6028915 0.6033384 0.57979244 0.85645306 0.58065945 0.8502134 0.69753873 0.70954716 0.442582 0.44565544 0.23179846
0.51547325 0.44078 0.44060004 1.0286036 1.0266355 0.4458366 0.7532952 0.44910538 0.44928738 1.0242808 1.0211525 0.75466156 0.74650043 0.7481256 0.040578194 0.5973268 0.593787 0 0.020888196 0.5975486 0.59888077 0.37598658 0.8599071 0.3776393 0.8567664 0.7026252 0.71549445 0.5769814 0.5984365 0.58828926
0.51487696 0.44042012 0.4398806 1.0246727 1.0223241 0.4463804 0.75493515 0.4500159 0.44983372 1.0223241 1.0215429 0.7478545 0.7478545 0.7502979 0.041951723 0.5968834 0.59246385 0.020888196 0 0.5957761 0.5973268 0.37598658 0.85896355 0.37747386 0.85770726 0.7013504 0.71316165 0.57525676 0.5966618 0.5856646
0.6017752 0.6028915 0.6017752 1.0231062 1.0207624 0.61256033 0.7579511 0.6116556 0.6103006 1.0242808 1.0207624 0.75056994 0.7563045 0.750842 0.5984365 0.60535306 0.6028915 0.5975486 0.5957761 0 0.009358142 0.5975486 0.8605368 0.5975486 0.8694089 0.71627367 0.7262145 0.5971051 0.58916616 0.6026681
0.603562 0.6031149 0.6019983 1.0227151 1.0207624 0.6132396 0.7585007 0.6132396 0.61142963 1.0278157 1.0262426 0.7494826 0.75712734 0.75138646 0.60043794 0.6058015 0.6033384 0.59888077 0.5973268 0.009358142 0 0.5982144 0.8599071 0.5982144 0.86972773 0.7170537 0.7275324 0.59599745 0.58916616 0.603562
0.5126947 0.43575725 0.43808508 1.0297868 1.0087683 0.44384602 0.73789203 0.4463804 0.4418607 1.0227151 1.0274222 0.7427221 0.73735726 0.7346892 0.37697777 0.5874133 0.57979244 0.37598658 0.37598658 0.5975486 0.5982144 0 0.85114604 0.004010705 0.8468036 0.68796843 0.7018601 0.5735361 0.58938557 0.5765499
0.85270303 0.8455675 0.83788776 1.0080011 1.0037951 0.8499028 0.870685 0.85833514 0.8567664 1.0172604 1.0133885 0.8624292 0.8719632 0.88682157 0.85896355 0.8605368 0.85645306 0.8599071 0.85896355 0.8605368 0.8599071 0.85114604 0 0.85270303 0.30245066 0.87324363 0.86972773 0.84928197 0.8505242 0.8257614
0.51249665 0.43700978 0.43952116 1.030972 1.01069 0.44384602 0.7386949 0.44656178 0.4418607 1.0234975 1.0274222 0.7446089 0.73735726 0.73495555 0.37830138 0.58828926 0.58065945 0.3776393 0.37747386 0.5975486 0.5982144 0.004010705 0.85270303 0 0.8480418 0.6889701 0.70109564 0.5735361 0.58938557 0.57827747
0.83089113 0.8461853 0.8263631 1.0211525 1.0254573 0.85645306 0.8624292 0.85520095 0.8489717 1.0231062 1.0278157 0.84310144 0.86909026 0.8800019 0.85520095 0.85207987 0.8502134 0.8567664 0.85770726 0.8694089 0.86972773 0.8468036 0.30245066 0.8480418 0 0.8838912 0.88454145 0.83849925 0.85613984 0.8357514
0.70697606 0.69122875 0.67654437 1.0429276 1.0289978 0.6904751 0.74975425 0.6924865 0.6960195 1.014548 1.0180373 0.75493515 0.7446089 0.75165886 0.7005865 0.7018601 0.69753873 0.7026252 0.7013504 0.71627367 0.7170537 0.68796843 0.87324363 0.6889701 0.8838912 0 0.27367437 0.67926043 0.675067 0.6874681
0.71032023 0.6947558 0.6892207 1.0489776 1.030972 0.69148016 0.7601521 0.69399863 0.6929902 1.0270288 1.030972 0.7543881 0.7429914 0.74893945 0.7126442 0.7113522 0.70954716 0.71549445 0.71316165 0.7262145 0.7275324 0.7018601 0.86972773 0.70109564 0.88454145 0.27367437 0 0.6889701 0.6837262 0.68721807
0.5847917 0.57762915 0.5810934 1.0053219 1.0122308 0.5808764 0.7262145 0.57482624 0.56967896 0.98348296 0.99658537 0.7389627 0.72832423 0.72991043 0.57957584 0.44910538 0.442582 0.5769814 0.57525676 0.5971051 0.59599745 0.5735361 0.84928197 0.5735361 0.83849925 0.67926043 0.6889701 0 0.26822084 0.4393415
0.5850098 0.58850837 0.58916616 1.0072346 1.015322 0.59400773 0.7317652 0.5935663 0.59246385 0.98907024 1.0003713 0.7304399 0.72463614 0.72253674 0.5975486 0.45147505 0.44565544 0.5984365 0.5966618 0.58916616 0.58916616 0.58938557 0.8505242 0.58938557 0.85613984 0.675067 0.6837262 0.26822084 0 0.4398806
0.58982456 0.5754721 0.58152753 1.0030329 1.0034139 0.5793593 0.7333587 0.58785117 0.58413774 0.9962078 0.9946995 0.72568804 0.7291169 0.7291169 0.58763224 0.23699258 0.23179846 0.58828926 0.5856646 0.6026681 0.603562 0.5765499 0.8257614 0.57827747 0.8357514 0.6874681 0.68721807 0.4393415 0.4398806 0
