0 1.014548 1.0133885 0.8851922 0.8803252 1.0045581 1.0126165 0.77489936 0.87967867 0.7760242 0.87774235 0.778279 0.85959244 0.8592779 1.0223241 1.0110749 1.0149349 0.76512814 0.7620833 0.7802575 0.7763057 0.8684533 0.8793556 0.864643 0.88454145 0.99131685 1.0164845 1.018426 0.86148244 1.0207624
1.014548 0 0.2749718 1.0130024 1.0149349 0.47861555 0.48718274 1.0357314 1.0149349 1.0282096 1.0357314 1.018426 1.0219333 1.0211525 0.27281064 0.2649392 0.27223536 1.0238891 1.01146 1.0130024 1.014548 1.0282096 1.0266355 1.0293922 1.015322 0.47729164 0.48070073 0.48070073 1.0227151 0.2768499
1.0133885 0.2749718 0 1.0103053 0.9894442 0.47785875 0.49121448 1.0168724 0.99734104 1.0118452 1.033348 1.005704 1.0118452 1.0022715 0.2718042 0.26565138 0.27338633 1.0022715 0.99281836 1.0110749 1.0164845 0.99734104 1.005704 0.99847597 1.014548 0.47823706 0.47861555 0.49372122 1.0053219 0.27554917
0.8851922 1.0130024 1.0103053 0 0.21005002 0.9969631 0.9853408 0.86179787 0.60984945 0.8602219 0.5202605 0.8719632 0.5055969 0.6033384 1.0137748 1.0068517 1.019204 0.87324363 0.85207987 0.87967867 0.8719632 0.6082727 0.51190275 0.6091733 0.52628785 0.9962078 1.0049399 0.97720057 0.50953186 0.9977191
0.8803252 1.0149349 0.9894442 0.21005002 0 0.99169195 0.9709704 0.86877173 0.604457 0.8555138 0.5254814 0.8716434 0.5055969 0.58916616 1.0034139 1.0041765 1.0172604 0.8668633 0.8514572 0.8783872 0.86654574 0.593787 0.5152744 0.59422857 0.5299277 0.99169195 1.0110749 0.98125964 0.5198604 0.98832285
1.0045581 0.47861555 0.47785875 0.9969631 0.99169195 0 0.19823462 1.0003713 0.9842255 1.0223241 0.99545324 1.0168724 0.9946995 0.9779369 0.47937313 0.47559288 0.48241112 1.0041765 0.99885464 1.01146 1.0076177 0.9779369 1.0126165 0.97978103 0.97573 0.4617693 0.46195444 0.466411 0.9920673 0.46158424
1.0126165 0.48718274 0.49121448 0.9853408 0.9709704 0.19823462 0 1.0133885 0.9924427 1.0325551 1.0172604 1.0118452 1.0149349 0.99545324 0.49623638 0.48871607 0.493142 1.0022715 0.9950763 1.0227151 1.018426 0.98125964 1.0246727 0.9842255 0.98496884 0.46380812 0.46771583 0.47070688 1.0037951 0.47766966
0.77489936 1.0357314 1.0168724 0.86179787 0.86877173 1.0003713 1.0133885 0 0.910349 0.2402917 0.8910746 0.5358292 0.86654574 0.8881276 1.018426 1.030972 1.0262426 0.16063786 0.15410052 0.23987852 0.24125668 0.88910866 0.88064873 0.891731 0.8884545 1.0049399 1.014548 1.0095364 0.86972773 1.0188149
0.87967867 1.0149349 0.99734104 0.60984945 0.604457 0.9842255 0.9924427 0.910349 0 0.89932185 0.6285719 0.9036466 0.6130131 0.15791732 1.015322 1.0015109 1.0072346 0.90933985 0.8943626 0.90900373 0.9036466 0.16076176 0.6155082 0.15989491 0.61915225 0.99658537 0.97867405 1.005704 0.6118817 1.000751
0.7760242 1.0282096 1.0118452 0.8602219 0.8555138 1.0223241 1.0325551 0.2402917 0.89932185 0 0.8713238 0.5393104 0.8455675 0.8703658 1.0087683 1.0223241 1.0262426 0.24291384 0.23905283 0.1518932 0.15226063 0.8783872 0.8652767 0.8809723 0.8716434 1.0137748 1.0091523 1.0130024 0.85582674 1.002652
0.87774235 1.0357314 1.033348 0.5202605 0.5254814 0.99545324 1.0172604 0.8910746 0.6285719 0.8713238 0 0.90164745 0.12696517 0.6212099 1.0526313 1.0373245 1.0433295 0.8858435 0.87100434 0.89469224 0.8858435 0.62488186 0.36273217 0.62465185 0.37400812 0.99885464 1.01069 1.002652 0.29352373 1.0234975
0.778279 1.018426 1.005704 0.8719632 0.8716434 1.0168724 1.0118452 0.5358292 0.9036466 0.5393104 0.90164745 0 0.87677604 0.8970035 1.000751 1.0049399 1.01069 0.52689326 0.5232681 0.5438397 0.54632175 0.9036466 0.8719632 0.9053166 0.8838912 1.0087683 1.002652 0.9977191 0.8858435 1.0149349
0.85959244 1.0219333 1.0118452 0.5055969 0.5055969 0.9946995 1.0149349 0.86654574 0.6130131 0.8455675 0.12696517 0.87677604 0 0.6058015 1.0301816 1.0203725 1.0199828 0.8636934 0.85114604 0.86749893 0.85707986 0.60849774 0.34446594 0.60849774 0.3562722 0.99281836 0.99885464 0.9977191 0.27945808 1.0099207
0.8592779 1.0211525 1.0022715 0.6033384 0.58916616 0.9779369 0.99545324 0.8881276 0.15791732 0.8703658 0.6212099 0.8970035 0.6058015 0 1.0157093 1.0110749 1.0164845 0.88226825 0.8716434 0.8858435 0.87967867 0.10894276 0.6075979 0.10824928 0.6193806 1.0011308 0.9845971 0.9898184 0.603562 1.0022715
1.0223241 0.27281064 0.2718042 1.0137748 1.0034139 0.47937313 0.49623638 1.018426 1.015322 1.0087683 1.0526313 1.000751 1.0301816 1.0157093 0 0.105021484 0.10998418 1.0137748 1.0003713 0.99847597 1.0037951 1.0160967 1.0270288 1.018426 1.0215429 0.47804788 0.48355353 0.4822209 1.0258498 0.2754048
1.0110749 0.2649392 0.26565138 1.0068517 1.0041765 0.47559288 0.48871607 1.030972 1.0015109 1.0223241 1.0373245 1.0049399 1.0203725 1.0110749 0.105021484 0 0.07106275 1.018426 1.0083846 1.0072346 1.0091523 1.0076177 1.019204 1.0110749 1.0231062 0.4731459 0.4752159 0.4771027 1.014548 0.26922247
1.0149349 0.27223536 0.27338633 1.019204 1.0172604 0.48241112 0.493142 1.0262426 1.0072346 1.0262426 1.0433295 1.01069 1.0199828 1.0164845 0.10998418 0.07106275 0 1.0207624 1.0103053 1.0137748 1.014548 1.0168724 1.0141612 1.018426 1.0297868 0.48070073 0.48165047 0.4856525 1.0246727 0.2743949
0.76512814 1.0238891 1.0022715 0.87324363 0.8668633 1.0041765 1.0022715 0.16063786 0.90933985 0.24291384 0.8858435 0.52689326 0.8636934 0.88226825 1.0137748 1.018426 1.0207624 0 0.06744353 0.2420848 0.24402064 0.88064873 0.8754896 0.88194406 0.88616943 0.98683035 1.0122308 1.0122308 0.87100434 1.0037951
0.7620833 1.01146 0.99281836 0.85207987 0.8514572 0.99885464 0.9950763 0.15410052 0.8943626 0.23905283 0.87100434 0.5232681 0.85114604 0.8716434 1.0003713 1.0083846 1.0103053 0.06744353 0 0.23644413 0.23795332 0.8703658 0.8592779 0.87356406 0.8783872 0.9838541 0.99885464 1.002652 0.8567664 0.99658537
0.7802575 1.0130024 1.0110749 0.87967867 0.8783872 1.01146 1.0227151 0.23987852 0.90900373 0.1518932 0.89469224 0.5438397 0.86749893 0.8858435 0.99847597 1.0072346 1.0137748 0.2420848 0.23644413 0 0.052602287 0.890091 0.87774235 0.88943595 0.8800019 1.0011308 1.0103053 1.001891 0.8716434 0.99961257
0.7763057 1.014548 1.0164845 0.8719632 0.86654574 1.0076177 1.018426 0.24125668 0.9036466 0.15226063 0.8858435 0.54632175 0.85707986 0.87967867 1.0037951 1.0091523 1.014548 0.24402064 0.23795332 0.052602287 0 0.8851922 0.87420535 0.88682157 0.877098 0.99658537 1.01069 0.9939465 0.8636934 0.99999183
0.8684533 1.0282096 0.99734104 0.6082727 0.593787 0.9779369 0.98125964 0.88910866 0.16076176 0.8783872 0.62488186 0.9036466 0.60849774 0.10894276 1.0160967 1.0076177 1.0168724 0.88064873 0.8703658 0.890091 0.8851922 0 0.609624 0.015254078 0.6198375 0.9946995 0.9857129 0.9969631 0.6091733 1.0034139
0.8793556 1.0266355 1.005704 0.51190275 0.5152744 1.0126165 1.0246727 0.88064873 0.6155082 0.8652767 0.36273217 0.8719632 0.34446594 0.6075979 1.0270288 1.019204 1.0141612 0.8754896 0.8592779 0.87774235 0.87420535 0.609624 0 0.60669917 0.35675475 1.0095364 1.0095364 0.9980974 0.36030313 1.0060863
0.864643 1.0293922 0.99847597 0.6091733 0.59422857 0.97978103 0.9842255 0.891731 0.15989491 0.8809723 0.62465185 0.9053166 0.60849774 0.10824928 1.018426 1.0110749 1.018426 0.88194406 0.87356406 0.88943595 0.88682157 0.015254078 0.60669917 0 0.6205234 0.9939465 0.98757625 0.9946995 0.60894805 1.0022715
0.88454145 1.015322 1.014548 0.52628785 0.5299277 0.97573 0.98496884 0.8884545 0.61915225 0.8716434 0.37400812 0.8838912 0.3562722 0.6193806 1.0215429 1.0231062 1.0297868 0.88616943 0.8783872 0.8800019 0.877098 0.6198375 0.35675475 0.6205234 0 1.0022715 0.9977191 0.98348296 0.3650064 1.0068517
0.99131685 0.47729164 0.47823706 0.9962078 0.99169195 0.4617693 0.46380812 1.0049399 0.99658537 1.0137748 0.99885464 1.0087683 0.99281836 1.0011308 0.47804788 0.4731459 0.48070073 0.98683035 0.9838541 1.0011308 0.99658537 0.9946995 1.0095364 0.9939465 1.0022715 0 0.33910313 0.34320065 0.9950763 0.46380812
1.0164845 0.48070073 0.47861555 1.0049399 1.0110749 0.46195444 0.46771583 1.014548 0.97867405 1.0091523 1.01069 1.002652 0.99885464 0.9845971 0.48355353 0.4752159 0.48165047 1.0122308 0.99885464 1.0103053 1.01069 0.9857129 1.0095364 0.98757625 0.9977191 0.33910313 0 0.32663402 1.0034139 0.469958
1.018426 0.48070073 0.49372122 0.97720057 0.98125964 0.466411 0.47070688 1.0095364 1.005704 1.0130024 1.002652 0.9977191 0.9977191 0.9898184 0.4822209 0.4771027 0.4856525 1.0122308 1.002652 1.001891 0.9939465 0.9969631 0.9980974 0.9946995 0.98348296 0.34320065 0.32663402 0 1.0011308 0.4752159
0.86148244 1.0227151 1.0053219 0.50953186 0.5198604 0.9920673 1.0037951 0.86972773 0.6118817 0.85582674 0.29352373 0.8858435 0.27945808 0.603562 1.0258498 1.014548 1.0246727 0.87100434 0.8567664 0.8716434 0.8636934 0.6091733 0.36030313 0.60894805 0.3650064 0.9950763 1.0034139 1.0011308 0 1.005704
1.0207624 0.2768499 0.27554917 0.9977191 0.98832285 0.46158424 0.47766966 1.0188149 1.000751 1.002652 1.0234975 1.0149349 1.0099207 1.0022715 0.2754048 0.26922247 0.2743949 1.0037951 0.99658537 0.99961257 0.99999183 1.0034139 1.0060863 1.0022715 1.0068517 0.46380812 0.469958 0.4752159 1.005704 0
