0 0.9898184 1.0141612 1.0130024 1.0157093 1.0211525 0.42917123 0.4261645 0.4231698 0.4270476 1.0219333 0.99056727 1.0188149 0.9943229 1.0003713 0.4352211 0.43254602 0.9943229 0.99056727 0.99545324 0.99999183 0.9898184 0.99734104 0.98757625 0.42899403 1.0168724 1.0099207 0.99734104 0.98869646 0.4389823
0.9898184 0 0.5544457 0.5552839 0.3816207 0.37912986 0.9969631 0.99169195 0.9857129 0.99923354 0.5571734 0.3738435 0.5578042 0.2774287 0.27800795 0.99961257 0.99056727 0.31940395 0.31695846 0.2788777 0.27902275 0.09258679 0.2868976 0.08965093 0.9943229 0.56117785 0.2806202 0.27786312 0.31863886 0.9977191
1.0141612 0.5544457 0 0.0885248 0.5571734 0.5536084 0.99131685 0.9860852 0.9853408 0.98683035 0.11942267 0.5471509 0.12083112 0.5471509 0.5471509 0.97867405 0.9709704 0.5374654 0.5368514 0.54694355 0.5477734 0.556543 0.5440462 0.55256313 0.99545324 0.17996301 0.5544457 0.54528654 0.532364 0.9943229
1.0130024 0.5552839 0.0885248 0 0.5569632 0.55131066 1.0030329 0.9931942 0.99131685 0.99658537 0.122477666 0.549644 0.123302296 0.5454935 0.5459075 0.99169195 0.98348296 0.5397211 0.5386949 0.54652894 0.5471509 0.55675304 0.54570043 0.5533992 1.0041765 0.18327539 0.556333 0.5475659 0.5346044 1.0049399
1.0157093 0.3816207 0.5571734 0.5569632 0 0.08616542 1.0122308 0.99999183 1.005704 1.0091523 0.5637181 0.2888058 0.5628704 0.37780476 0.37830138 1.0254573 1.0160967 0.3768125 0.37417278 0.37714309 0.37863266 0.3832859 0.3768125 0.38045728 1.0305767 0.56477904 0.3776393 0.3733498 0.37302083 1.0286036
1.0211525 0.37912986 0.5536084 0.55131066 0.08616542 0 1.0130024 1.0022715 1.0049399 1.0110749 0.5569632 0.28821814 0.5578042 0.37483186 0.37549147 1.0231062 1.0118452 0.37219912 0.3685941 0.37417278 0.3758215 0.37962735 0.37187067 0.37549147 1.0353336 0.5597 0.37072223 0.3749967 0.36794052 1.0274222
0.42917123 0.9969631 0.99131685 1.0030329 1.0122308 1.0130024 0 0.062318847 0.093492456 0.09644342 1.000751 0.9872032 0.99847597 0.99961257 1.0068517 0.3723634 0.36614606 0.9977191 0.9958304 1.0022715 1.0041765 0.99734104 1.0122308 0.9920673 0.27713925 1.0015109 1.0015109 1.0072346 0.99169195 0.3781358
0.4261645 0.99169195 0.9860852 0.9931942 0.99999183 1.0022715 0.062318847 0 0.09100451 0.0931527 0.99923354 0.97978103 0.99281836 0.98683035 0.99281836 0.37072223 0.36468107 0.98348296 0.9827411 0.98832285 0.990942 0.98832285 0.99999183 0.9831119 0.27453908 0.99545324 0.99847597 1.0015109 0.9768326 0.37351432
0.4231698 0.9857129 0.9853408 0.99131685 1.005704 1.0049399 0.093492456 0.09100451 0 0.049070854 0.99131685 0.9827411 0.99056727 0.98496884 0.98907024 0.3628944 0.35755974 0.98051995 0.97978103 0.9842255 0.98832285 0.97941184 1.0003713 0.9768326 0.2754048 0.9931942 0.9860852 0.9901927 0.97499573 0.36712432
0.4270476 0.99923354 0.98683035 0.99658537 1.0091523 1.0110749 0.09644342 0.0931527 0.049070854 0 0.9950763 0.9872032 0.9958304 0.9931942 0.99961257 0.3677772 0.36240783 0.98869646 0.98794943 0.9920673 0.99658537 0.9969631 1.0083846 0.9924427 0.27786312 1.0003713 0.99999183 1.0049399 0.9853408 0.3717065
1.0219333 0.5571734 0.11942267 0.122477666 0.5637181 0.5569632 1.000751 0.99923354 0.99131685 0.9950763 0 0.5440462 0.03889114 0.55110216 0.549644 0.9946995 0.98645765 0.5477734 0.54632175 0.5488121 0.5502686 0.5575939 0.5519366 0.5519366 1.0053219 0.18250969 0.5575939 0.55110216 0.5346044 1.01069
0.99056727 0.3738435 0.5471509 0.549644 0.2888058 0.28821814 0.9872032 0.97978103 0.9827411 0.9872032 0.5440462 0 0.5459075 0.37072223 0.36810386 0.97243166 0.9680563 0.36403087 0.36078832 0.3697393 0.3712142 0.3753265 0.37351432 0.37187067 0.9898184 0.55277205 0.3672875 0.36663502 0.36663502 0.97499573
1.0188149 0.5578042 0.12083112 0.123302296 0.5628704 0.5578042 0.99847597 0.99281836 0.99056727 0.9958304 0.03889114 0.5459075 0 0.54902 0.547981 0.9898184 0.9808897 0.54528654 0.5444594 0.54632175 0.547981 0.56054413 0.55131066 0.5557034 0.99999183 0.1846812 0.5561231 0.5502686 0.53419656 1.0053219
0.9943229 0.2774287 0.5471509 0.5454935 0.37780476 0.37483186 0.99961257 0.98683035 0.98496884 0.9931942 0.55110216 0.37072223 0.54902 0 0.031867538 0.9977191 0.9901927 0.31573868 0.31148508 0.041634534 0.041211817 0.27641606 0.27713925 0.27266678 1.001891 0.55675304 0.26965213 0.26822084 0.31528178 0.99658537
1.0003713 0.27800795 0.5471509 0.5459075 0.37830138 0.37549147 1.0068517 0.99281836 0.98907024 0.99961257 0.549644 0.36810386 0.547981 0.031867538 0 0.99545324 0.98794943 0.31345698 0.30951837 0.041211817 0.041528832 0.27627152 0.27858767 0.27266678 1.0049399 0.5536084 0.26936567 0.26822084 0.31406474 0.9939465
0.4352211 0.99961257 0.97867405 0.99169195 1.0254573 1.0231062 0.3723634 0.37072223 0.3628944 0.3677772 0.9946995 0.97243166 0.9898184 0.9977191 0.99545324 0 0.029991755 0.99961257 0.9958304 0.99357027 0.9969631 0.99658537 1.0172604 0.9924427 0.3667981 0.9827411 0.9958304 0.99999183 0.982 0.1295755
0.43254602 0.99056727 0.9709704 0.98348296 1.0160967 1.0118452 0.36614606 0.36468107 0.35755974 0.36240783 0.98645765 0.9680563 0.9808897 0.9901927 0.98794943 0.029991755 0 0.9924427 0.99131685 0.9872032 0.98907024 0.9853408 1.0087683 0.9808897 0.36257 0.9738958 0.98794943 0.99281836 0.9779369 0.12791333
0.9943229 0.31940395 0.5374654 0.5397211 0.3768125 0.37219912 0.9977191 0.98348296 0.98051995 0.98869646 0.5477734 0.36403087 0.54528654 0.31573868 0.31345698 0.99961257 0.9924427 0 0.021196732 0.31619588 0.31619588 0.32201102 0.3119397 0.31848595 0.9962078 0.5421895 0.3166533 0.3181802 0.13207571 0.99999183
0.99056727 0.31695846 0.5368514 0.5386949 0.37417278 0.3685941 0.9958304 0.9827411 0.97978103 0.98794943 0.54632175 0.36078832 0.5444594 0.31148508 0.30951837 0.9958304 0.99131685 0.021196732 0 0.31133363 0.31148508 0.31940395 0.3093673 0.31573868 0.99545324 0.5423956 0.31604344 0.31619588 0.13052699 0.99734104
0.99545324 0.2788777 0.54694355 0.54652894 0.37714309 0.37417278 1.0022715 0.98832285 0.9842255 0.9920673 0.5488121 0.3697393 0.54632175 0.041634534 0.041211817 0.99357027 0.9872032 0.31619588 0.31133363 0 0.019757982 0.2756936 0.27612698 0.27223536 1.001891 0.55131066 0.2702254 0.26722056 0.31543407 0.9946995
0.99999183 0.27902275 0.5477734 0.5471509 0.37863266 0.3758215 1.0041765 0.990942 0.98832285 0.99658537 0.5502686 0.3712142 0.547981 0.041211817 0.041528832 0.9969631 0.98907024 0.31619588 0.31148508 0.019757982 0 0.27641606 0.27757347 0.27266678 1.0053219 0.5536084 0.26850688 0.2675062 0.31528178 0.99923354
0.9898184 0.09258679 0.556543 0.55675304 0.3832859 0.37962735 0.99734104 0.98832285 0.97941184 0.9969631 0.5575939 0.3753265 0.56054413 0.27641606 0.27627152 0.99658537 0.9853408 0.32201102 0.31940395 0.2756936 0.27641606 0 0.28528675 0.017093316 0.99056727 0.5643545 0.2774287 0.27511612 0.31802738 0.9962078
0.99734104 0.2868976 0.5440462 0.54570043 0.3768125 0.37187067 1.0122308 0.99999183 1.0003713 1.0083846 0.5519366 0.37351432 0.55131066 0.27713925 0.27858767 1.0172604 1.0087683 0.3119397 0.3093673 0.27612698 0.27757347 0.28528675 0 0.2825125 1.0203725 0.5454935 0.28324157 0.28367934 0.30906525 1.0072346
0.98757625 0.08965093 0.55256313 0.5533992 0.38045728 0.37549147 0.9920673 0.9831119 0.9768326 0.9924427 0.5519366 0.37187067 0.5557034 0.27266678 0.27266678 0.9924427 0.9808897 0.31848595 0.31573868 0.27223536 0.27266678 0.017093316 0.2825125 0 0.9838541 0.5586462 0.2759825 0.27324238 0.31604344 0.9950763
0.42899403 0.9943229 0.99545324 1.0041765 1.0305767 1.0353336 0.27713925 0.27453908 0.2754048 0.27786312 1.0053219 0.9898184 0.99999183 1.001891 1.0049399 0.3667981 0.36257 0.9962078 0.99545324 1.001891 1.0053219 0.99056727 1.0203725 0.9838541 0 1.0149349 1.000751 1.0041765 0.990942 0.37631682
1.0168724 0.56117785 0.17996301 0.18327539 0.56477904 0.5597 1.0015109 0.99545324 0.9931942 1.0003713 0.18250969 0.55277205 0.1846812 0.55675304 0.5536084 0.9827411 0.9738958 0.5421895 0.5423956 0.55131066 0.5536084 0.5643545 0.5454935 0.5586462 1.0149349 0 0.5575939 0.54570043 0.5393104 0.99923354
1.0099207 0.2806202 0.5544457 0.556333 0.3776393 0.37072223 1.0015109 0.99847597 0.9860852 0.99999183 0.5575939 0.3672875 0.5561231 0.26965213 0.26936567 0.9958304 0.98794943 0.3166533 0.31604344 0.2702254 0.26850688 0.2774287 0.28324157 0.2759825 1.000751 0.5575939 0 0.16760771 0.31680587 0.99847597
0.99734104 0.27786312 0.54528654 0.5475659 0.3733498 0.3749967 1.0072346 1.0015109 0.9901927 1.0049399 0.55110216 0.36663502 0.5502686 0.26822084 0.26822084 0.99999183 0.99281836 0.3181802 0.31619588 0.26722056 0.2675062 0.27511612 0.28367934 0.27324238 1.0041765 0.54570043 0.16760771 0 0.31406474 0.99923354
0.98869646 0.31863886 0.532364 0.5346044 0.37302083 0.36794052 0.99169195 0.9768326 0.97499573 0.9853408 0.5346044 0.36663502 0.53419656 0.31528178 0.31406474 0.982 0.9779369 0.13207571 0.13052699 0.31543407 0.31528178 0.31802738 0.30906525 0.31604344 0.990942 0.5393104 0.31680587 0.31406474 0 0.9920673
0.4389823 0.9977191 0.9943229 1.0049399 1.0286036 1.0274222 0.3781358 0.37351432 0.36712432 0.3717065 1.01069 0.97499573 1.0053219 0.99658537 0.9939465 0.1295755 0.12791333 0.99999183 0.99734104 0.9946995 0.99923354 0.9962078 1.0072346 0.9950763 0.37631682 0.99923354 0.99847597 0.99923354 0.9920673 0
