0 0.67377860327 0.68740410327 0.69066113327 0.86482903327 0.87055183327 0.91357083327 0.90516830327 0.97481493327 0.97996706327 0.91222006327 0.90617163327 0.91019853327 0.91458548327 0.91154563327 0.69191766327 0.69166619327 0.92343713327 0.92070243327 0.71438353327 0.70999083327 0.68690423327 0.85476173327 0.68715413327 0.86072283327 0.74452508327 0.68540673327 0.72508496327 0.73062593327 0.71568048327
0.67377860327 0 0.14017421327 0.14283038327 0.85288906327 0.86546273327 0.94638747327 0.92893673327 0.99979860327 1.01628273327 0.94040853327 0.93621663327 0.93100948327 0.92686963327 0.92480827327 0.40993929327 0.40683726327 0.94992683327 0.94251329327 0.71906299327 0.71594013327 0.32620201327 0.86451233327 0.32620201327 0.85413703327 0.75021208327 0.40409063327 0.74452508327 0.73727608327 0.73168600327
0.68740410327 0.14017421327 0 0.14902423327 0.85569983327 0.86609698327 0.94886327327 0.92928178327 0.99601643327 1.00321893327 0.93378213327 0.92721373327 0.92997233327 0.93031793327 0.92343713327 0.41548586327 0.41288081327 0.95813150327 0.94815513327 0.74371618327 0.73995273327 0.32651097327 0.87342966327 0.32651097327 0.85413703327 0.76006263327 0.40580610327 0.74885413327 0.74668646327 0.74156333327
0.69066113327 0.14283038327 0.14902423327 0 0.86356318327 0.86991376327 0.94568158327 0.92824703327 0.99450893327 1.00512593327 0.93761133327 0.94391978327 0.93447693327 0.93308803327 0.92309473327 0.41479031327 0.41166819327 0.95598253327 0.94638747327 0.74102613327 0.73807806327 0.33147173327 0.88375243327 0.33147173327 0.86261523327 0.76698023327 0.40718130327 0.75539488327 0.75512118327 0.74776953327
0.86482903327 0.85288906327 0.85569983327 0.86356318327 0 0.13620754327 0.92686963327 0.90918976327 0.98033643327 0.98107573327 0.93621663327 0.89884478327 0.93691367327 0.92893673327 0.92377967327 0.87119037327 0.86959493327 0.93830967327 0.93691367327 0.85413703327 0.85538698327 0.86546273327 0.37320686327 0.86546273327 0.36454193327 0.87889593327 0.87214923327 0.88180603327 0.89158873327 0.86261523327
0.87055183327 0.86546273327 0.86609698327 0.86991376327 0.13620754327 0 0.92515143327 0.91390893327 0.97518176327 0.97481493327 0.93552023327 0.90349903327 0.94181109327 0.93204803327 0.92618183327 0.87728403327 0.87889593327 0.93274117327 0.93170166327 0.85977847327 0.86072283327 0.87407073327 0.36454193327 0.87407073327 0.36178369327 0.88148213327 0.88213009327 0.88018793327 0.89191703327 0.87664026327
0.91357083327 0.94638747327 0.94886327327 0.94568158327 0.92686963327 0.92515143327 0 0.0779851932700001 1.03234503327 1.02760823327 0.79185063327 0.50892920327 0.78984183327 0.78869633327 0.78498563327 0.93343497327 0.93378213327 0.32682005327 0.32682005327 0.93726243327 0.93308803327 0.95205853327 0.92206853327 0.95241443327 0.92138517327 0.95028173327 0.93830967327 0.92928178327 0.95348303327 0.95241443327
0.90516830327 0.92893673327 0.92928178327 0.92824703327 0.90918976327 0.91390893327 0.0779851932700001 0 1.01822333327 1.01473403327 0.78441633327 0.50147820327 0.78072663327 0.78327913327 0.77677333327 0.92343713327 0.92172677327 0.32250438327 0.32158283327 0.93412943327 0.93066363327 0.93900863327 0.91323293327 0.93935833327 0.91087173327 0.95419633327 0.92686963327 0.93482453327 0.95205853327 0.94744753327
0.97481493327 0.99979860327 0.99601643327 0.99450893327 0.98033643327 0.97518176327 1.03234503327 1.01822333327 0 0.0784290432700001 0.99037873327 0.98925627327 0.99150288327 0.98850888327 0.99375630327 0.97334940327 0.97775473327 1.01203123327 1.00972243327 1.00398113327 1.00703773327 0.99413253327 0.99752707327 0.99450893327 1.00512593327 1.03990683327 0.97996706327 1.01512093327 1.02055853327 1.01705843327
0.97996706327 1.01628273327 1.00321893327 1.00512593327 0.98107573327 0.97481493327 1.02760823327 1.01473403327 0.0784290432700001 0 0.99225333327 0.99000443327 0.98738923327 0.98813546327 0.99225333327 0.99112803327 0.99526233327 1.01550803327 1.01241683327 1.00933833327 1.01203123327 0.99828343327 0.99413253327 0.99866200327 0.99828343327 1.04030683327 0.99601643327 1.01861203327 1.02525103327 1.02055853327
0.91222006327 0.94040853327 0.93378213327 0.93761133327 0.93621663327 0.93552023327 0.79185063327 0.78441633327 0.99037873327 0.99225333327 0 0.76809299327 0.0732302932700001 0.0744437932700001 0.0744437932700001 0.93726243327 0.93204803327 0.79127616327 0.78841023327 0.94216213327 0.94462403327 0.94957223327 0.93100948327 0.94921768327 0.91188276327 0.93621663327 0.93135548327 0.92721373327 0.93517233327 0.94815513327
0.90617163327 0.93621663327 0.92721373327 0.94391978327 0.89884478327 0.90349903327 0.50892920327 0.50147820327 0.98925627327 0.99000443327 0.76809299327 0 0.77256063327 0.76920743327 0.76698023327 0.92859179327 0.93517233327 0.49894603327 0.49836290327 0.92104370327 0.91933877327 0.92446523327 0.90316563327 0.92515143327 0.91255753327 0.95383963327 0.93482453327 0.93865908327 0.94075893327 0.93031793327
0.91019853327 0.93100948327 0.92997233327 0.93447693327 0.93691367327 0.94181109327 0.78984183327 0.78072663327 0.99150288327 0.98738923327 0.0732302932700001 0.77256063327 0 0.0557977832700001 0.0555824182700001 0.94040853327 0.93830967327 0.78755260327 0.78555533327 0.93170166327 0.93412943327 0.94780123327 0.93517233327 0.94744753327 0.91763773327 0.93935833327 0.93621663327 0.92309473327 0.93865908327 0.94110948327
0.91458548327 0.92686963327 0.93031793327 0.93308803327 0.92893673327 0.93204803327 0.78869633327 0.78327913327 0.98850888327 0.98813546327 0.0744437932700001 0.76920743327 0.0557977832700001 0 0.0525738182700001 0.92893673327 0.92618183327 0.78841023327 0.78584028327 0.93412943327 0.93656503327 0.94603443327 0.92997233327 0.94568158327 0.91087173327 0.93412943327 0.92790246327 0.92104370327 0.93135548327 0.94568158327
0.91154563327 0.92480827327 0.92343713327 0.92309473327 0.92377967327 0.92618183327 0.78498563327 0.77677333327 0.99375630327 0.99225333327 0.0744437932700001 0.76698023327 0.0555824182700001 0.0525738182700001 0 0.93170166327 0.92721373327 0.78669596327 0.78413189327 0.92859179327 0.93135548327 0.94216213327 0.91661889327 0.94181109327 0.90583706327 0.93274117327 0.92859179327 0.91933877327 0.93066363327 0.94075893327
0.69191766327 0.40993929327 0.41548586327 0.41479031327 0.87119037327 0.87728403327 0.93343497327 0.92343713327 0.97334940327 0.99112803327 0.93726243327 0.92859179327 0.94040853327 0.92893673327 0.93170166327 0 0.0387612732700001 0.92997233327 0.92824703327 0.73062593327 0.72930293327 0.41132209327 0.89290283327 0.41132209327 0.86832107327 0.74048919327 0.15563868327 0.73381063327 0.73221663327 0.73540807327
0.69166619327 0.40683726327 0.41288081327 0.41166819327 0.86959493327 0.87889593327 0.93378213327 0.92172677327 0.97775473327 0.99526233327 0.93204803327 0.93517233327 0.93830967327 0.92618183327 0.92721373327 0.0387612732700001 0 0.93308803327 0.93204803327 0.72719098327 0.72534793327 0.40993929327 0.88831363327 0.40993929327 0.86609698327 0.73914873327 0.15502377327 0.73514158327 0.73248203327 0.73195123327
0.92343713327 0.94992683327 0.95813150327 0.95598253327 0.93830967327 0.93274117327 0.32682005327 0.32250438327 1.01203123327 1.01550803327 0.79127616327 0.49894603327 0.78755260327 0.78841023327 0.78669596327 0.92997233327 0.93308803327 0 0.0140127052700001 0.93343497327 0.92893673327 0.96715253327 0.94005829327 0.96751563327 0.93239453327 0.95884920327 0.94181109327 0.92790246327 0.93900863327 0.93761133327
0.92070243327 0.94251329327 0.94815513327 0.94638747327 0.93691367327 0.93170166327 0.32682005327 0.32158283327 1.00972243327 1.01241683327 0.78841023327 0.49836290327 0.78555533327 0.78584028327 0.78413189327 0.92824703327 0.93204803327 0.0140127052700001 0 0.93204803327 0.92755803327 0.96316988327 0.93900863327 0.96353108327 0.93204803327 0.95813150327 0.93970823327 0.92446523327 0.93552023327 0.93343497327
0.71438353327 0.71906299327 0.74371618327 0.74102613327 0.85413703327 0.85977847327 0.93726243327 0.93412943327 1.00398113327 1.00933833327 0.94216213327 0.92104370327 0.93170166327 0.93412943327 0.92859179327 0.73062593327 0.72719098327 0.93343497327 0.93204803327 0 0.0110645477700001 0.72561093327 0.87825078327 0.72534793327 0.86229953327 0.45587200327 0.73968463327 0.45330603327 0.45422143327 0.13884966327
0.70999083327 0.71594013327 0.73995273327 0.73807806327 0.85538698327 0.86072283327 0.93308803327 0.93066363327 1.00703773327 1.01203123327 0.94462403327 0.91933877327 0.93412943327 0.93656503327 0.93135548327 0.72930293327 0.72534793327 0.92893673327 0.92755803327 0.0110645477700001 0 0.72482217327 0.87825078327 0.72455943327 0.86419583327 0.45697439327 0.73888093327 0.45275730327 0.45422143327 0.13884966327
0.68690423327 0.32620201327 0.32651097327 0.33147173327 0.86546273327 0.87407073327 0.95205853327 0.93900863327 0.99413253327 0.99828343327 0.94957223327 0.92446523327 0.94780123327 0.94603443327 0.94216213327 0.41132209327 0.40993929327 0.96715253327 0.96316988327 0.72561093327 0.72482217327 0 0.87407073327 0.000686200000000108 0.85444933327 0.74831163327 0.40907631327 0.74939698327 0.73941666327 0.72824623327
0.85476173327 0.86451233327 0.87342966327 0.88375243327 0.37320686327 0.36454193327 0.92206853327 0.91323293327 0.99752707327 0.99413253327 0.93100948327 0.90316563327 0.93517233327 0.92997233327 0.91661889327 0.89290283327 0.88831363327 0.94005829327 0.93900863327 0.87825078327 0.87825078327 0.87407073327 0 0.87407073327 0.26157439327 0.88635546327 0.89619810327 0.86895776327 0.87439138327 0.88440233327
0.68715413327 0.32620201327 0.32651097327 0.33147173327 0.86546273327 0.87407073327 0.95241443327 0.93935833327 0.99450893327 0.99866200327 0.94921768327 0.92515143327 0.94744753327 0.94568158327 0.94181109327 0.41132209327 0.40993929327 0.96751563327 0.96353108327 0.72534793327 0.72455943327 0.000686200000000108 0.87407073327 0 0.85507429327 0.74776953327 0.40907631327 0.74912548327 0.73914873327 0.72798229327
0.86072283327 0.85413703327 0.85413703327 0.86261523327 0.36454193327 0.36178369327 0.92138517327 0.91087173327 1.00512593327 0.99828343327 0.91188276327 0.91255753327 0.91763773327 0.91087173327 0.90583706327 0.86832107327 0.86609698327 0.93239453327 0.93204803327 0.86229953327 0.86419583327 0.85444933327 0.26157439327 0.85507429327 0 0.88115833327 0.86704933327 0.87631858327 0.87246913327 0.87599707327
0.74452508327 0.75021208327 0.76006263327 0.76698023327 0.87889593327 0.88148213327 0.95028173327 0.95419633327 1.03990683327 1.04030683327 0.93621663327 0.95383963327 0.93935833327 0.93412943327 0.93274117327 0.74048919327 0.73914873327 0.95884920327 0.95813150327 0.45587200327 0.45697439327 0.74831163327 0.88635546327 0.74776953327 0.88115833327 0 0.74668646327 0.25144101327 0.25158081327 0.45992208327
0.68540673327 0.40409063327 0.40580610327 0.40718130327 0.87214923327 0.88213009327 0.93830967327 0.92686963327 0.97996706327 0.99601643327 0.93135548327 0.93482453327 0.93621663327 0.92790246327 0.92859179327 0.15563868327 0.15502377327 0.94181109327 0.93970823327 0.73968463327 0.73888093327 0.40907631327 0.89619810327 0.40907631327 0.86704933327 0.74668646327 0 0.74183208327 0.73834557327 0.74587523327
0.72508496327 0.74452508327 0.74885413327 0.75539488327 0.88180603327 0.88018793327 0.92928178327 0.93482453327 1.01512093327 1.01861203327 0.92721373327 0.93865908327 0.92309473327 0.92104370327 0.91933877327 0.73381063327 0.73514158327 0.92790246327 0.92446523327 0.45330603327 0.45275730327 0.74939698327 0.86895776327 0.74912548327 0.87631858327 0.25144101327 0.74183208327 0 0.16008094327 0.45257450327
0.73062593327 0.73727608327 0.74668646327 0.75512118327 0.89158873327 0.89191703327 0.95348303327 0.95205853327 1.02055853327 1.02525103327 0.93517233327 0.94075893327 0.93865908327 0.93135548327 0.93066363327 0.73221663327 0.73248203327 0.93900863327 0.93552023327 0.45422143327 0.45422143327 0.73941666327 0.87439138327 0.73914873327 0.87246913327 0.25158081327 0.73834557327 0.16008094327 0 0.45863103327
0.71568048327 0.73168600327 0.74156333327 0.74776953327 0.86261523327 0.87664026327 0.95241443327 0.94744753327 1.01705843327 1.02055853327 0.94815513327 0.93031793327 0.94110948327 0.94568158327 0.94075893327 0.73540807327 0.73195123327 0.93761133327 0.93343497327 0.13884966327 0.13884966327 0.72824623327 0.88440233327 0.72798229327 0.87599707327 0.45992208327 0.74587523327 0.45257450327 0.45863103327 0
