0 0.60647464 0.6060258 0.59224355 0.5962188 0.9969631 0.5911431 0.6091733 0.60872287 0.9827411 0.6859691 0.6785187 0.6837262 0.68298006 0.9801504 0.9943229 0.9857129 0.9655158 0.99961257 0.9958304 1.0015109 0.58413774 0.68621874 0.58631986 0.68173814 0.6907262 1.015322 0.99357027 1.002652 0.9946995
0.60647464 0 0.2551795 0.4714565 0.4843161 1.0049399 0.46920985 0.24902159 0.2522342 0.99961257 0.6767909 0.69349426 0.67876583 0.67089695 1.0003713 1.0076177 1.0122308 0.99658537 0.9969631 1.0030329 0.99923354 0.46939683 0.6907262 0.46977088 0.6874681 0.6859691 1.0060863 1.015322 1.0049399 0.9980974
0.6060258 0.2551795 0 0.48032117 0.4890999 1.002652 0.47653615 0.25097546 0.25167447 0.98496884 0.6955138 0.6877182 0.6982995 0.6932422 0.99169195 0.9943229 0.990942 0.9842255 0.99169195 0.99169195 0.98907024 0.47804788 0.7023701 0.47937313 0.6922348 0.69804585 1.0064689 1.005704 1.0041765 1.0011308
0.59224355 0.4714565 0.48032117 0 0.22366977 1.0049399 0.22420895 0.48127043 0.47994182 0.97941184 0.68000287 0.68796843 0.68571955 0.68397504 0.9831119 0.9943229 0.9898184 0.9816297 0.9857129 0.99056727 0.99281836 0.22299634 0.6892207 0.22272713 0.6782716 0.6834774 0.982 0.9698763 0.9695119 0.9706055
0.5962188 0.4843161 0.4890999 0.22366977 0 1.0122308 0.2311177 0.48756576 0.4846977 0.9860852 0.68298006 0.68721807 0.6847222 0.6844731 0.99357027 1.001891 0.99281836 0.9838541 0.9845971 0.99281836 0.9894442 0.22989386 0.702115 0.23030159 0.68298006 0.6965256 0.9980974 0.99169195 0.98348296 0.98832285
0.9969631 1.0049399 1.002652 1.0049399 1.0122308 0 1.0076177 0.99999183 0.9969631 0.23343483 0.99885464 1.0141612 0.9946995 1.0064689 0.20254536 0.20793585 0.23439102 0.23179846 0.5977705 0.6013292 0.6011063 1.0172604 1.01146 1.0126165 0.9901927 0.99847597 0.6075979 0.6040094 0.5979924 0.6157354
0.5911431 0.46920985 0.47653615 0.22420895 0.2311177 1.0076177 0 0.4746508 0.4744625 0.98832285 0.6740837 0.68049824 0.6777777 0.6767909 0.99357027 1.0064689 0.9977191 0.9872032 0.9872032 0.99281836 0.99056727 0.14555272 0.69425094 0.14324932 0.67629796 0.6782716 0.9950763 0.9783054 0.97024083 0.96769285
0.6091733 0.24902159 0.25097546 0.48127043 0.48756576 0.99999183 0.4746508 0 0.09906361 0.9920673 0.68621874 0.68721807 0.6847222 0.6790131 0.98757625 0.99658537 1.0045581 0.9894442 1.0049399 1.0080011 1.0087683 0.47766966 0.6924865 0.47578144 0.69399863 0.69425094 1.0118452 1.0246727 1.0219333 1.0003713
0.60872287 0.2522342 0.25167447 0.47994182 0.4846977 0.9969631 0.4744625 0.09906361 0 0.98757625 0.6882187 0.682483 0.68621874 0.68397504 0.98051995 0.98757625 0.9962078 0.98645765 0.99885464 1.0011308 1.001891 0.47578144 0.69198316 0.47672495 0.69399863 0.6887196 1.001891 1.0130024 1.0095364 0.99658537
0.9827411 0.99961257 0.98496884 0.97941184 0.9860852 0.23343483 0.98832285 0.9920673 0.98757625 0 0.9680563 1.0030329 0.9611805 0.97426224 0.22286172 0.2284008 0.090778746 0.08818729 0.5979924 0.59932536 0.5999927 0.9946995 0.99169195 0.98794943 0.9738958 0.98125964 0.5904835 0.59004414 0.59004414 0.6006607
0.6859691 0.6767909 0.6955138 0.68000287 0.68298006 0.99885464 0.6740837 0.68621874 0.6882187 0.9680563 0 0.57806134 0.07139264 0.07271364 0.99281836 0.9958304 0.97941184 0.9783054 0.99658537 0.98645765 0.9943229 0.69198316 0.5711766 0.68796843 0.57461107 0.56456673 0.9980974 0.9838541 0.9857129 0.9958304
0.6785187 0.69349426 0.6877182 0.68796843 0.68721807 1.0141612 0.68049824 0.68721807 0.682483 1.0030329 0.57806134 0 0.58348435 0.57957584 0.99281836 1.0072346 1.002652 0.9962078 0.9962078 0.99999183 0.99734104 0.6770375 0.51926064 0.67802465 0.51646805 0.5182621 0.99885464 0.98794943 0.98237044 1.0030329
0.6837262 0.67876583 0.6982995 0.68571955 0.6847222 0.9946995 0.6777777 0.6847222 0.68621874 0.9611805 0.07139264 0.58348435 0 0.06744353 0.9857129 0.99056727 0.9764649 0.97352946 0.9857129 0.98237044 0.98794943 0.68972224 0.5713908 0.6869681 0.5694652 0.567971 0.99357027 0.9816297 0.98348296 0.990942
0.68298006 0.67089695 0.6932422 0.68397504 0.6844731 1.0064689 0.6767909 0.6790131 0.68397504 0.97426224 0.07271364 0.57957584 0.06744353 0 1.0022715 1.0045581 0.98645765 0.9853408 0.9901927 0.98683035 0.9898184 0.69097745 0.5709624 0.68721807 0.5709624 0.5626586 1.0045581 0.990942 0.99545324 1.0041765
0.9801504 1.0003713 0.99169195 0.9831119 0.99357027 0.20254536 0.99357027 0.98757625 0.98051995 0.22286172 0.99281836 0.99281836 0.9857129 1.0022715 0 0.053138807 0.2256937 0.22165129 0.5802258 0.5828315 0.5847917 1.0072346 0.99281836 1.002652 0.97941184 0.9779369 0.5819619 0.58174473 0.5754721 0.58938557
0.9943229 1.0076177 0.9943229 0.9943229 1.001891 0.20793585 1.0064689 0.99658537 0.98757625 0.2284008 0.9958304 1.0072346 0.99056727 1.0045581 0.053138807 0 0.23098162 0.22785859 0.59180313 0.593787 0.59533364 1.019204 1.0030329 1.015322 0.98496884 0.97941184 0.58982456 0.58938557 0.58435565 0.5975486
0.9857129 1.0122308 0.990942 0.9898184 0.99281836 0.23439102 0.9977191 1.0045581 0.9962078 0.090778746 0.97941184 1.002652 0.9764649 0.98645765 0.2256937 0.23098162 0 0.048643928 0.6013292 0.59954774 0.604457 1.0060863 1.0011308 0.99885464 0.9845971 0.982 0.5926842 0.59224355 0.59312516 0.604457
0.9655158 0.99658537 0.9842255 0.9816297 0.9838541 0.23179846 0.9872032 0.9894442 0.98645765 0.08818729 0.9783054 0.9962078 0.97352946 0.9853408 0.22165129 0.22785859 0.048643928 0 0.5962188 0.5964403 0.5999927 0.9924427 0.98869646 0.98757625 0.97609735 0.96841997 0.59246385 0.59004414 0.58938557 0.5975486
0.99961257 0.9969631 0.99169195 0.9857129 0.9845971 0.5977705 0.9872032 1.0049399 0.99885464 0.5979924 0.99658537 0.9962078 0.9857129 0.9901927 0.5802258 0.59180313 0.6013292 0.5962188 0 0.049284406 0.049177624 0.9831119 1.0118452 0.9779369 0.9838541 0.9727974 0.41843793 0.41966185 0.43254602 0.43325844
0.9958304 1.0030329 0.99169195 0.99056727 0.99281836 0.6013292 0.99281836 1.0080011 1.0011308 0.59932536 0.98645765 0.99999183 0.98237044 0.98683035 0.5828315 0.593787 0.59954774 0.5964403 0.049284406 0 0.03815425 0.99357027 1.0126165 0.98832285 0.9808897 0.9713354 0.42404935 0.41983685 0.43183428 0.43236804
1.0015109 0.99923354 0.98907024 0.99281836 0.9894442 0.6011063 0.99056727 1.0087683 1.001891 0.5999927 0.9943229 0.99734104 0.98794943 0.9898184 0.5847917 0.59533364 0.604457 0.5999927 0.049177624 0.03815425 0 0.990942 1.0110749 0.98794943 0.9838541 0.97206604 0.42194015 0.41826323 0.43165645 0.43041283
0.58413774 0.46939683 0.47804788 0.22299634 0.22989386 1.0172604 0.14555272 0.47766966 0.47578144 0.9946995 0.69198316 0.6770375 0.68972224 0.69097745 1.0072346 1.019204 1.0060863 0.9924427 0.9831119 0.99357027 0.990942 0 0.6947558 0.020888196 0.6802505 0.68972224 1.0011308 0.99131685 0.9838541 0.9831119
0.68621874 0.6907262 0.7023701 0.6892207 0.702115 1.01146 0.69425094 0.6924865 0.69198316 0.99169195 0.5711766 0.51926064 0.5713908 0.5709624 0.99281836 1.0030329 1.0011308 0.98869646 1.0118452 1.0126165 1.0110749 0.6947558 0 0.69399863 0.3545054 0.34732068 1.0030329 1.0068517 1.0195932 1.0176488
0.58631986 0.46977088 0.47937313 0.22272713 0.23030159 1.0126165 0.14324932 0.47578144 0.47672495 0.98794943 0.68796843 0.67802465 0.6869681 0.68721807 1.002652 1.015322 0.99885464 0.98757625 0.9779369 0.98832285 0.98794943 0.020888196 0.69399863 0 0.68298006 0.68972224 0.9950763 0.98757625 0.97867405 0.9827411
0.68173814 0.6874681 0.6922348 0.6782716 0.68298006 0.9901927 0.67629796 0.69399863 0.69399863 0.9738958 0.57461107 0.51646805 0.5694652 0.5709624 0.97941184 0.98496884 0.9845971 0.97609735 0.9838541 0.9808897 0.9838541 0.6802505 0.3545054 0.68298006 0 0.31558636 0.9898184 0.9816297 0.9931942 0.9920673
0.6907262 0.6859691 0.69804585 0.6834774 0.6965256 0.99847597 0.6782716 0.69425094 0.6887196 0.98125964 0.56456673 0.5182621 0.567971 0.5626586 0.9779369 0.97941184 0.982 0.96841997 0.9727974 0.9713354 0.97206604 0.68972224 0.34732068 0.68972224 0.31558636 0 0.97243166 0.959741 0.9626228 0.9706055
1.015322 1.0060863 1.0064689 0.982 0.9980974 0.6075979 0.9950763 1.0118452 1.001891 0.5904835 0.9980974 0.99885464 0.99357027 1.0045581 0.5819619 0.58982456 0.5926842 0.59246385 0.41843793 0.42404935 0.42194015 1.0011308 1.0030329 0.9950763 0.9898184 0.97243166 0 0.2774287 0.28675103 0.29441166
0.99357027 1.015322 1.005704 0.9698763 0.99169195 0.6040094 0.9783054 1.0246727 1.0130024 0.59004414 0.9838541 0.98794943 0.9816297 0.990942 0.58174473 0.58938557 0.59224355 0.59004414 0.41966185 0.41983685 0.41826323 0.99131685 1.0068517 0.98757625 0.9816297 0.959741 0.2774287 0 0.27800795 0.28601852
1.002652 1.0049399 1.0041765 0.9695119 0.98348296 0.5979924 0.97024083 1.0219333 1.0095364 0.59004414 0.9857129 0.98237044 0.98348296 0.99545324 0.5754721 0.58435565 0.59312516 0.58938557 0.43254602 0.43183428 0.43165645 0.9838541 1.0195932 0.97867405 0.9931942 0.9626228 0.28675103 0.27800795 0 0.2738184
0.9946995 0.9980974 1.0011308 0.9706055 0.98832285 0.6157354 0.96769285 1.0003713 0.99658537 0.6006607 0.9958304 1.0030329 0.990942 1.0041765 0.58938557 0.5975486 0.604457 0.5975486 0.43325844 0.43236804 0.43041283 0.9831119 1.0176488 0.9827411 0.9920673 0.9706055 0.29441166 0.28601852 0.2738184 0
