0 0.35893124333 0.32550129333 0.36329784333 0.94535603333 0.95208254333 0.96102607333 0.97519457333 0.34852221333 0.32303774333 0.95994717333 0.96571927333 0.96825852333 0.32473057333 0.32226952333 0.35202911333 0.35458993333 0.36459654333 0.36654883333 0.33387607333 0.33418804333 0.35732042333 0.97556140333 0.35764231333 0.98590647333 0.36103051333 0.35571307333 0.34709227333 0.34203001333 0.32704513333
0.35893124333 0 0.36736377333 0.28702360333 0.96138607333 0.96862197333 0.97703057333 1.00207657333 0.36378457333 0.36965037333 0.99413594333 0.99225762333 1.00017824333 0.37177987333 0.37243634333 0.36638593333 0.36752685333 0.17748401333 0.17862431333 0.37342207333 0.37440917333 0.28687712333 0.98888852333 0.28702360333 0.98219537333 0.29556987333 0.29527353333 0.35732042333 0.35154992333 0.36394691333
0.32550129333 0.36736377333 0 0.36932327333 0.96066632333 0.95743587333 0.96789527333 0.99413594333 0.35651629333 0.13983109333 0.99000987333 0.98776887333 0.99150767333 0.14224305333 0.14429934333 0.35764231333 0.36103051333 0.37721290333 0.37837043333 0.19464371333 0.19490283333 0.36443409333 0.98963591333 0.36475902333 0.99188252333 0.36671173333 0.36573475333 0.35027360333 0.34518992333 0.18575873333
0.36329784333 0.28702360333 0.36932327333 0 0.96644387333 0.95851114333 0.98108562333 1.01010207333 0.36654883333 0.37292907333 0.99601891333 1.01087097333 0.99790671333 0.37721290333 0.37754344333 0.36768999333 0.37128790333 0.29202165333 0.29275950333 0.38202007333 0.38385157333 0.14466279333 0.99828477333 0.14490520333 1.00474217333 0.29720174333 0.29794469333 0.36557207333 0.36103051333 0.37079627333
0.94535603333 0.96138607333 0.96066632333 0.96644387333 0 0.12895352333 0.13610779333 0.52524147333 0.96066632333 0.95386267333 0.52624857333 0.51743207333 0.52564417333 0.95815257333 0.95421927333 0.97007757333 0.97007757333 0.95886987333 0.96066632333 0.96862197333 0.96898564333 0.96898564333 0.22450498333 0.96971347333 0.21339961333 0.95743587333 0.96571927333 0.96644387333 0.95315012333 0.95815257333
0.95208254333 0.96862197333 0.95743587333 0.95851114333 0.12895352333 0 0.10800669333 0.52745893333 0.95851114333 0.95243817333 0.52423567333 0.52343207333 0.52403470333 0.95636217333 0.95421927333 0.96789527333 0.96644387333 0.95421927333 0.95600457333 0.96644387333 0.96716927333 0.96535721333 0.22490947333 0.96608147333 0.21061569333 0.95350631333 0.96463361333 0.96138607333 0.94959732333 0.95528992333
0.96102607333 0.97703057333 0.96789527333 0.98108562333 0.13610779333 0.10800669333 0 0.52604707333 0.96753217333 0.96066632333 0.52604707333 0.52042607333 0.52343207333 0.96354952333 0.96354952333 0.97739827333 0.97739827333 0.96862197333 0.97044197333 0.97226634333 0.97190107333 0.98516277333 0.23100322333 0.98590647333 0.22047199333 0.97519457333 0.97482791333 0.97409513333 0.95922884333 0.96354952333
0.97519457333 1.00207657333 0.99413594333 1.01010207333 0.52524147333 0.52745893333 0.52604707333 0 0.97666302333 0.98256567333 0.10754523333 0.30361523333 0.10524214333 0.98071607333 0.97739827333 0.99113294333 0.99225762333 0.98516277333 0.98627857333 0.99150767333 0.98963591333 1.00895027333 0.53049337333 1.00933397333 0.53415087333 0.98590647333 0.98665087333 0.97372904333 0.96971347333 0.97629567333
0.34852221333 0.36378457333 0.35651629333 0.36654883333 0.96066632333 0.95851114333 0.96753217333 0.97666302333 0 0.35844763333 0.96716927333 0.97519457333 0.97190107333 0.36183950333 0.36410927333 0.0933787773300001 0.0954186733300001 0.36850619333 0.37112399333 0.36817961333 0.36932327333 0.36475902333 0.97592847333 0.36508413333 0.98963591333 0.36264931333 0.36427167333 0.20088725333 0.19932149333 0.35748135333
0.32303774333 0.36965037333 0.13983109333 0.37292907333 0.95386267333 0.95243817333 0.96066632333 0.98256567333 0.35844763333 0 0.97117117333 0.98293611333 0.97044197333 0.0382991633300001 0.0409327773300001 0.36248727333 0.36475902333 0.37688249333 0.37803953333 0.19179938333 0.19270322333 0.36378457333 0.98776887333 0.36410927333 0.99488857333 0.36459654333 0.36540937333 0.35523152333 0.34947702333 0.18192828333
0.95994717333 0.99413594333 0.99000987333 0.99601891333 0.52624857333 0.52423567333 0.52604707333 0.10754523333 0.96716927333 0.97117117333 0 0.30736937333 0.0364086693300001 0.96644387333 0.96644387333 0.98441977333 0.98404863333 0.97372904333 0.97556140333 0.97703057333 0.97850257333 0.99488857333 0.53496607333 0.99526517333 0.53252312333 0.97519457333 0.97372904333 0.97007757333 0.95994717333 0.97044197333
0.96571927333 0.99225762333 0.98776887333 1.01087097333 0.51743207333 0.52343207333 0.52042607333 0.30361523333 0.97519457333 0.98293611333 0.30736937333 0 0.30616602333 0.98627857333 0.98182531333 0.98851510333 0.98776887333 0.98108562333 0.98182531333 1.00321767333 1.00359857333 0.99526517333 0.52745893333 0.99488857333 0.53619057333 0.98219537333 0.99979921333 0.97336307333 0.96608147333 0.98034670333
0.96825852333 1.00017824333 0.99150767333 0.99790671333 0.52564417333 0.52403470333 0.52343207333 0.10524214333 0.97190107333 0.97044197333 0.0364086693300001 0.30616602333 0 0.96789527333 0.96716927333 0.98367757333 0.98404863333 0.97776624333 0.98108562333 0.98145537333 0.98256567333 0.99752877333 0.53272637333 0.99790671333 0.53313311333 0.98516277333 0.97703057333 0.96862197333 0.96066632333 0.97117117333
0.32473057333 0.37177987333 0.14224305333 0.37721290333 0.95815257333 0.95636217333 0.96354952333 0.98071607333 0.36183950333 0.0382991633300001 0.96644387333 0.98627857333 0.96789527333 0 0.0327462993300001 0.36329784333 0.36606027333 0.37986132333 0.38085689333 0.19360816333 0.19425521333 0.36752685333 0.98665087333 0.36785317333 0.99375987333 0.36736377333 0.36834287333 0.35378873333 0.35123064333 0.18409647333
0.32226952333 0.37243634333 0.14429934333 0.37754344333 0.95421927333 0.95421927333 0.96354952333 0.97739827333 0.36410927333 0.0409327773300001 0.96644387333 0.98182531333 0.96716927333 0.0327462993300001 0 0.36638593333 0.36965037333 0.37986132333 0.38052490333 0.19503242333 0.19568070333 0.37046870333 0.97997751333 0.37079627333 0.98441977333 0.36752685333 0.37046870333 0.35732042333 0.35410910333 0.18729640333
0.35202911333 0.36638593333 0.35764231333 0.36768999333 0.97007757333 0.96789527333 0.97739827333 0.99113294333 0.0933787773300001 0.36248727333 0.98441977333 0.98851510333 0.98367757333 0.36329784333 0.36638593333 0 0.0176589893300001 0.37079627333 0.37358650333 0.36573475333 0.36687469333 0.36589750333 0.97960857333 0.36622309333 0.99942031333 0.36410927333 0.36167761333 0.19867005333 0.19984304333 0.35909253333
0.35458993333 0.36752685333 0.36103051333 0.37128790333 0.97007757333 0.96644387333 0.97739827333 0.99225762333 0.0954186733300001 0.36475902333 0.98404863333 0.98776887333 0.98404863333 0.36606027333 0.36965037333 0.0176589893300001 0 0.37112399333 0.37391547333 0.36801635333 0.36915977333 0.36834287333 0.97776624333 0.36866953333 0.99677347333 0.36687469333 0.36443409333 0.19919116333 0.20219455333 0.36070717333
0.36459654333 0.17748401333 0.37721290333 0.29202165333 0.95886987333 0.95421927333 0.96862197333 0.98516277333 0.36850619333 0.37688249333 0.97372904333 0.98108562333 0.97776624333 0.37986132333 0.37986132333 0.37079627333 0.37112399333 0 0.00769949333000013 0.38418507333 0.38535341333 0.28966547333 0.98034670333 0.28981253333 0.98219537333 0.30376505333 0.29853957333 0.36606027333 0.35410910333 0.37227217333
0.36654883333 0.17862431333 0.37837043333 0.29275950333 0.96066632333 0.95600457333 0.97044197333 0.98627857333 0.37112399333 0.37803953333 0.97556140333 0.98182531333 0.98108562333 0.38085689333 0.38052490333 0.37358650333 0.37391547333 0.00769949333000013 0 0.38468557333 0.38602184333 0.28937147333 0.98367757333 0.28951847333 0.98367757333 0.30541487333 0.29973077333 0.36817961333 0.35683787333 0.37227217333
0.33387607333 0.37342207333 0.19464371333 0.38202007333 0.96862197333 0.96644387333 0.97226634333 0.99150767333 0.36817961333 0.19179938333 0.97703057333 1.00321767333 0.98145537333 0.19360816333 0.19503242333 0.36573475333 0.36801635333 0.38418507333 0.38468557333 0 0.00568309233000013 0.37523269333 0.99904164333 0.37556237333 0.99150767333 0.37358650333 0.37803953333 0.36346007333 0.35973795333 0.18729640333
0.33418804333 0.37440917333 0.19490283333 0.38385157333 0.96898564333 0.96716927333 0.97190107333 0.98963591333 0.36932327333 0.19270322333 0.97850257333 1.00359857333 0.98256567333 0.19425521333 0.19568070333 0.36687469333 0.36915977333 0.38535341333 0.38602184333 0.00568309233000013 0 0.37688249333 1.00055750333 0.37721290333 0.99188252333 0.37523269333 0.37936404333 0.36410927333 0.36054554333 0.18768131333
0.35732042333 0.28687712333 0.36443409333 0.14466279333 0.96898564333 0.96535721333 0.98516277333 1.00895027333 0.36475902333 0.36378457333 0.99488857333 0.99526517333 0.99752877333 0.36752685333 0.37046870333 0.36589750333 0.36834287333 0.28966547333 0.28937147333 0.37523269333 0.37688249333 0 1.00207657333 0.000765700000000127 1.00703457333 0.30167047333 0.29482927333 0.36054554333 0.35973795333 0.36736377333
0.97556140333 0.98888852333 0.98963591333 0.99828477333 0.22450498333 0.22490947333 0.23100322333 0.53049337333 0.97592847333 0.98776887333 0.53496607333 0.52745893333 0.53272637333 0.98665087333 0.97997751333 0.97960857333 0.97776624333 0.98034670333 0.98367757333 0.99904164333 1.00055750333 1.00207657333 0 1.00283717333 0.23810709333 0.97703057333 0.98479117333 0.97226634333 0.96354952333 0.99263297333
0.35764231333 0.28702360333 0.36475902333 0.14490520333 0.96971347333 0.96608147333 0.98590647333 1.00933397333 0.36508413333 0.36410927333 0.99526517333 0.99488857333 0.99790671333 0.36785317333 0.37079627333 0.36622309333 0.36866953333 0.28981253333 0.28951847333 0.37556237333 0.37721290333 0.000765700000000127 1.00283717333 0 1.00780027333 0.30196934333 0.29497733333 0.36086880333 0.35989939333 0.36768999333
0.98590647333 0.98219537333 0.99188252333 1.00474217333 0.21339961333 0.21061569333 0.22047199333 0.53415087333 0.98963591333 0.99488857333 0.53252312333 0.53619057333 0.53313311333 0.99375987333 0.98441977333 0.99942031333 0.99677347333 0.98219537333 0.98367757333 0.99150767333 0.99188252333 1.00703457333 0.23810709333 1.00780027333 0 0.98590647333 1.00245667333 0.98516277333 0.98108562333 0.99225762333
0.36103051333 0.29556987333 0.36671173333 0.29720174333 0.95743587333 0.95350631333 0.97519457333 0.98590647333 0.36264931333 0.36459654333 0.97519457333 0.98219537333 0.98516277333 0.36736377333 0.36752685333 0.36410927333 0.36687469333 0.30376505333 0.30541487333 0.37358650333 0.37523269333 0.30167047333 0.97703057333 0.30196934333 0.98590647333 0 0.21566085333 0.35539200333 0.35491067333 0.36492157333
0.35571307333 0.29527353333 0.36573475333 0.29794469333 0.96571927333 0.96463361333 0.97482791333 0.98665087333 0.36427167333 0.36540937333 0.97372904333 0.99979921333 0.97703057333 0.36834287333 0.37046870333 0.36167761333 0.36443409333 0.29853957333 0.29973077333 0.37803953333 0.37936404333 0.29482927333 0.98479117333 0.29497733333 1.00245667333 0.21566085333 0 0.35683787333 0.35571307333 0.36492157333
0.34709227333 0.35732042333 0.35027360333 0.36557207333 0.96644387333 0.96138607333 0.97409513333 0.97372904333 0.20088725333 0.35523152333 0.97007757333 0.97336307333 0.96862197333 0.35378873333 0.35732042333 0.19867005333 0.19919116333 0.36606027333 0.36817961333 0.36346007333 0.36410927333 0.36054554333 0.97226634333 0.36086880333 0.98516277333 0.35539200333 0.35683787333 0 0.17685127333 0.35011422333
0.34203001333 0.35154992333 0.34518992333 0.36103051333 0.95315012333 0.94959732333 0.95922884333 0.96971347333 0.19932149333 0.34947702333 0.95994717333 0.96608147333 0.96066632333 0.35123064333 0.35410910333 0.19984304333 0.20219455333 0.35410910333 0.35683787333 0.35973795333 0.36054554333 0.35973795333 0.96354952333 0.35989939333 0.98108562333 0.35491067333 0.35571307333 0.17685127333 0 0.34788635333
0.32704513333 0.36394691333 0.18575873333 0.37079627333 0.95815257333 0.95528992333 0.96354952333 0.97629567333 0.35748135333 0.18192828333 0.97044197333 0.98034670333 0.97117117333 0.18409647333 0.18729640333 0.35909253333 0.36070717333 0.37227217333 0.37227217333 0.18729640333 0.18768131333 0.36736377333 0.99263297333 0.36768999333 0.99225762333 0.36492157333 0.36492157333 0.35011422333 0.34788635333 0
