0 0.9721213933 0.9569474933 0.4319189133 0.4326296733 0.9706628933 0.9677545933 0.9746804533 0.5351436933 0.5439588933 0.4248483933 0.5421052233 0.4283753333 0.9743143633 0.9626918933 0.4301450233 0.4276686333 0.4252003433 0.4297907633 0.4426512733 0.4426512733 0.4478941533 0.9765137933 0.4478941533 0.9879813433 0.4477127733 0.4449970133 0.4498924633 0.4385190333 0.4504383733
0.9721213933 0 0.1135708073 0.9857480933 0.9894738433 0.5218117933 0.6232771933 0.6297228933 0.9932182933 1.0072372933 0.9883541933 0.9887272433 0.9920929933 0.5274388433 0.5214114933 0.9827806933 0.9905951933 0.9787196933 0.9805628333 0.9872361933 0.9872361933 0.9981140933 0.5359593333 0.9984920333 0.2498938733 1.0076198933 0.9902212333 0.9820406933 0.9928429433 0.9898474533
0.9569474933 0.1135708073 0 0.9717564933 0.9772483433 0.5164253933 0.6035957633 0.6100990433 0.9761467233 0.9913436933 0.9757798933 0.9702987933 0.9787196933 0.5256255533 0.5212113933 0.9681174933 0.9757798933 0.9692072933 0.9710272933 0.9692072933 0.9695709633 0.9838920933 0.5254243333 0.9842628933 0.2505908433 0.9928429433 0.9743143633 0.9681174933 0.9857480933 0.9754132333
0.4319189133 0.9857480933 0.9717564933 0 0.1171807833 0.9526678633 0.9805628333 0.9861198333 0.5408720933 0.5437526933 0.1121780533 0.5353475533 0.1104407333 0.9594551933 0.9526678633 0.1140356433 0.1115984933 0.4216882933 0.4253763933 0.4344094333 0.4338750533 0.4335190333 0.9688438433 0.4335190333 0.9702987933 0.4386982333 0.4369082433 0.4347658933 0.1351372233 0.4329852733
0.4326296733 0.9894738433 0.9772483433 0.1171807833 0 0.9713918233 0.9973587933 0.9891004233 0.5394358333 0.5439588933 0.1109036233 0.5357553933 0.1103250583 0.9728516633 0.9663045933 0.1135708073 0.1121780533 0.4194142233 0.4223893933 0.4369082433 0.4365507633 0.4345876533 0.9973587933 0.4345876533 0.9876086433 0.4379817233 0.4374447933 0.4372658933 0.1394537833 0.4333410533
0.9706628933 0.5218117933 0.5164253933 0.9526678633 0.9713918233 0 0.6221319933 0.6276450433 0.9827806933 0.9813013933 0.9688438433 0.9783515633 0.9565898933 0.1058274633 0.1027294733 0.9616113933 0.9684805933 0.9519569533 0.9612516433 0.9743143633 0.9739483933 1.0110716933 0.3479951333 1.0095355933 0.5188145933 1.0049460933 0.9950974933 0.9857480933 0.9761467233 0.9864917933
0.9677545933 0.6232771933 0.6035957633 0.9805628333 0.9973587933 0.6221319933 0 0.1002146033 1.0057090933 1.0126109933 0.9827806933 0.9724863933 0.9846339533 0.6148437533 0.6207600533 0.9772483433 0.9801938933 0.9962272933 1.0038029933 1.0133817933 1.0137674933 1.0195769933 0.6132587933 1.0191882933 0.6244241933 1.0215234933 1.0153121933 1.0080026933 1.0007635633 1.0053274933
0.9746804533 0.6297228933 0.6100990433 0.9861198333 0.9891004233 0.6276450433 0.1002146033 0 1.0118409933 1.0133817933 0.9842628933 0.9809320233 0.9827806933 0.6203032433 0.6264931233 0.9768809933 0.9835214333 1.0007635633 1.0122258933 1.0242571933 1.0246484933 1.0281797933 0.6223608933 1.0277864933 0.6271840633 1.0273935933 1.0230842933 1.0145394933 1.0076198933 1.0064728933
0.5351436933 0.9932182933 0.9761467233 0.5408720933 0.5394358333 0.9827806933 1.0057090933 1.0118409933 0 0.0914784033000002 0.5406667233 0.3824390933 0.5371844933 0.9842628933 0.9827806933 0.5390259933 0.5439588933 0.5337184333 0.5396408933 0.5470584933 0.5472655533 0.5472655533 1.0076198933 0.5470584933 0.9879813433 0.5410773933 0.5483018933 0.5510031233 0.5451971933 0.5499630933
0.5439588933 1.0072372933 0.9913436933 0.5437526933 0.5439588933 0.9813013933 1.0126109933 1.0133817933 0.0914784033000002 0 0.5449906933 0.3844368933 0.5435465933 0.9864917933 0.9820406933 0.5456103933 0.5470584933 0.5476799333 0.5532963933 0.5576939933 0.5576939933 0.5629630933 1.0110716933 0.5623288433 0.9988700933 0.5551779533 0.5614839933 0.5595865933 0.5493396933 0.5610619433
0.4248483933 0.9883541933 0.9757798933 0.1121780533 0.1109036233 0.9688438433 0.9827806933 0.9842628933 0.5406667233 0.5449906933 0 0.5335149933 0.0770667033000002 0.9732170333 0.9673917933 0.0852999893000002 0.0848526233000002 0.4136724133 0.4174953933 0.4287289333 0.4280218933 0.4287289333 0.9838920933 0.4287289333 0.9798250433 0.4333410533 0.4338750533 0.4353009133 0.1352567933 0.4257285933
0.5421052233 0.9887272433 0.9702987933 0.5353475533 0.5357553933 0.9783515633 0.9724863933 0.9809320233 0.3824390933 0.3844368933 0.5335149933 0 0.5335149933 0.9735826533 0.9724863933 0.5337184333 0.5363674933 0.5318898933 0.5351436933 0.5441650933 0.5441650933 0.5551779533 0.9879813433 0.5553872933 0.9757798933 0.5510031233 0.5510031233 0.5564348933 0.5439588933 0.5558061933
0.4283753333 0.9920929933 0.9787196933 0.1104407333 0.1103250583 0.9565898933 0.9846339533 0.9827806933 0.5371844933 0.5435465933 0.0770667033000002 0.5335149933 0 0.9655805933 0.9551612933 0.0851881183000002 0.0835121433000002 0.4157552733 0.4192395933 0.4322742233 0.4320965433 0.4290827233 0.9835214333 0.4290827233 0.9827806933 0.4338750533 0.4354793433 0.4356577933 0.1339425733 0.4283753333
0.9743143633 0.5274388433 0.5256255533 0.9594551933 0.9728516633 0.1058274633 0.6148437533 0.6203032433 0.9842628933 0.9864917933 0.9732170333 0.9735826533 0.9655805933 0 0.0728736633000002 0.9677545933 0.9732170333 0.9692072933 0.9787196933 0.9920929933 0.9917182633 1.0184113933 0.3497439333 1.0168602933 0.5236159233 1.0226938933 1.0049460933 1.0011428233 0.9798250433 0.9928429433
0.9626918933 0.5214114933 0.5212113933 0.9526678633 0.9663045933 0.1027294733 0.6207600533 0.6264931233 0.9827806933 0.9820406933 0.9673917933 0.9724863933 0.9551612933 0.0728736633000002 0 0.9637737933 0.9659425333 0.9562324533 0.9663045933 0.9798250433 0.9794563933 1.0057090933 0.3468843633 1.0041838933 0.5218117933 1.0045648933 0.9928429433 0.9864917933 0.9724863933 0.9824106333
0.4301450233 0.9827806933 0.9681174933 0.1140356433 0.1135708073 0.9616113933 0.9772483433 0.9768809933 0.5390259933 0.5456103933 0.0852999893000002 0.5337184333 0.0851881183000002 0.9677545933 0.9637737933 0 0.0476639363000002 0.4180182533 0.4225647733 0.4374447933 0.4374447933 0.4367294933 0.9835214333 0.4363720933 0.9787196933 0.4374447933 0.4383398933 0.4392360733 0.1381321933 0.4345876533
0.4276686333 0.9905951933 0.9757798933 0.1115984933 0.1121780533 0.9684805933 0.9801938933 0.9835214333 0.5439588933 0.5470584933 0.0848526233000002 0.5363674933 0.0835121433000002 0.9732170333 0.9659425333 0.0476639363000002 0 0.4166248433 0.4213379933 0.4347658933 0.4345876533 0.4363720933 0.9898474533 0.4360148633 0.9831509933 0.4369082433 0.4351225433 0.4397742733 0.1358549233 0.4356577933
0.4252003433 0.9787196933 0.9692072933 0.4216882933 0.4194142233 0.9519569533 0.9962272933 1.0007635633 0.5337184333 0.5476799333 0.4136724133 0.5318898933 0.4157552733 0.9692072933 0.9562324533 0.4180182533 0.4166248433 0 0.0224505993000002 0.3672970533 0.3672970533 0.3731858733 0.9677545933 0.3733501133 0.9783515633 0.3686016733 0.3713815933 0.3718732233 0.4213379933 0.3731858733
0.4297907633 0.9805628333 0.9710272933 0.4253763933 0.4223893933 0.9612516433 1.0038029933 1.0122258933 0.5396408933 0.5532963933 0.4174953933 0.5351436933 0.4192395933 0.9787196933 0.9663045933 0.4225647733 0.4213379933 0.0224505993000002 0 0.3707265933 0.3707265933 0.3769724933 0.9754132333 0.3771375733 0.9838920933 0.3718732233 0.3753237733 0.3756532333 0.4241450133 0.3769724933
0.4426512733 0.9872361933 0.9692072933 0.4344094333 0.4369082433 0.9743143633 1.0133817933 1.0242571933 0.5470584933 0.5576939933 0.4287289333 0.5441650933 0.4322742233 0.9920929933 0.9798250433 0.4374447933 0.4347658933 0.3672970533 0.3707265933 0 0.00245212130000024 0.2134538733 0.9783515633 0.2133211633 0.9902212333 0.2778562333 0.2775670533 0.2807542333 0.4381607733 0.2122603333
0.4426512733 0.9872361933 0.9695709633 0.4338750533 0.4365507633 0.9739483933 1.0137674933 1.0246484933 0.5472655533 0.5576939933 0.4280218933 0.5441650933 0.4320965433 0.9917182633 0.9794563933 0.4374447933 0.4345876533 0.3672970533 0.3707265933 0.00245212130000024 0 0.2135865933 0.9783515633 0.2134538733 0.9894738433 0.2780008933 0.2774225133 0.2807542333 0.4374447933 0.2123928633
0.4478941533 0.9981140933 0.9838920933 0.4335190333 0.4345876533 1.0110716933 1.0195769933 1.0281797933 0.5472655533 0.5629630933 0.4287289333 0.5551779533 0.4290827233 1.0184113933 1.0057090933 0.4367294933 0.4363720933 0.3731858733 0.3769724933 0.2134538733 0.2135865933 0 0.9924678433 0.00155110000000024 0.9966042333 0.2848303333 0.2864377433 0.2884885333 0.4370870533 0.1329882233
0.9765137933 0.5359593333 0.5254243333 0.9688438433 0.9973587933 0.3479951333 0.6132587933 0.6223608933 1.0076198933 1.0110716933 0.9838920933 0.9879813433 0.9835214333 0.3497439333 0.3468843633 0.9835214333 0.9898474533 0.9677545933 0.9754132333 0.9783515633 0.9783515633 0.9924678433 0 0.9920929933 0.5298633933 1.0156989933 1.0007635633 1.0041838933 1.0003845333 0.9743143633
0.4478941533 0.9984920333 0.9842628933 0.4335190333 0.4345876533 1.0095355933 1.0191882933 1.0277864933 0.5470584933 0.5623288433 0.4287289333 0.5553872933 0.4290827233 1.0168602933 1.0041838933 0.4363720933 0.4360148633 0.3733501133 0.3771375733 0.2133211633 0.2134538733 0.00155110000000024 0.9920929933 0 0.9969813933 0.2845384433 0.2864377433 0.2884885333 0.4370870533 0.1329882233
0.9879813433 0.2498938733 0.2505908433 0.9702987933 0.9876086433 0.5188145933 0.6244241933 0.6271840633 0.9879813433 0.9988700933 0.9798250433 0.9757798933 0.9827806933 0.5236159233 0.5218117933 0.9787196933 0.9831509933 0.9783515633 0.9838920933 0.9902212333 0.9894738433 0.9966042333 0.5298633933 0.9969813933 0 0.9958504933 0.9846339533 0.9905951933 0.9891004233 0.9883541933
0.4477127733 1.0076198933 0.9928429433 0.4386982333 0.4379817233 1.0049460933 1.0215234933 1.0273935933 0.5410773933 0.5551779533 0.4333410533 0.5510031233 0.4338750533 1.0226938933 1.0045648933 0.4374447933 0.4369082433 0.3686016733 0.3718732233 0.2778562333 0.2780008933 0.2848303333 1.0156989933 0.2845384433 0.9958504933 0 0.1556200333 0.1590683133 0.4477127733 0.2820619933
0.4449970133 0.9902212333 0.9743143633 0.4369082433 0.4374447933 0.9950974933 1.0153121933 1.0230842933 0.5483018933 0.5614839933 0.4338750533 0.5510031233 0.4354793433 1.0049460933 0.9928429433 0.4383398933 0.4351225433 0.3713815933 0.3753237733 0.2775670533 0.2774225133 0.2864377433 1.0007635633 0.2864377433 0.9846339533 0.1556200333 0 0.1554971733 0.4480756233 0.2835177433
0.4498924633 0.9820406933 0.9681174933 0.4347658933 0.4372658933 0.9857480933 1.0080026933 1.0145394933 0.5510031233 0.5595865933 0.4353009133 0.5564348933 0.4356577933 1.0011428233 0.9864917933 0.4392360733 0.4397742733 0.3718732233 0.3756532333 0.2807542333 0.2807542333 0.2884885333 1.0041838933 0.2884885333 0.9905951933 0.1590683133 0.1554971733 0 0.4451777633 0.2822074533
0.4385190333 0.9928429433 0.9857480933 0.1351372233 0.1394537833 0.9761467233 1.0007635633 1.0076198933 0.5451971933 0.5493396933 0.1352567933 0.5439588933 0.1339425733 0.9798250433 0.9724863933 0.1381321933 0.1358549233 0.4213379933 0.4241450133 0.4381607733 0.4374447933 0.4370870533 1.0003845333 0.4370870533 0.9891004233 0.4477127733 0.4480756233 0.4451777633 0 0.4360148633
0.4504383733 0.9898474533 0.9754132333 0.4329852733 0.4333410533 0.9864917933 1.0053274933 1.0064728933 0.5499630933 0.5610619433 0.4257285933 0.5558061933 0.4283753333 0.9928429433 0.9824106333 0.4345876533 0.4356577933 0.3731858733 0.3769724933 0.2122603333 0.2123928633 0.1329882233 0.9743143633 0.1329882233 0.9883541933 0.2820619933 0.2835177433 0.2822074533 0.4360148633 0
