0 0.99357027 1.002652 0.99131685 0.99885464 0.97499573 0.5001224 0.5030502 0.9842255 1.0246727 0.96769285 0.5065787 0.9658782 0.97573 0.9920673 0.98496884 0.9808897 1.0072346 0.99545324 1.0064689 1.0011308 0.98869646 0.99281836 0.9894442 0.97573 0.9842255 0.56733155 0.5643545 0.9779369 0.98683035
0.99357027 0 0.8897634 0.85270303 0.8573935 0.82156307 1.0015109 1.0045581 0.8611671 0.870685 0.8200693 1.0223241 0.8284728 0.83210325 0.83911127 0.8608519 0.86909026 0.86718106 0.85582674 0.8652767 0.86877173 0.84217876 0.8251602 0.8468036 0.8284728 0.8400302 0.98832285 0.9853408 0.87356406 0.36712432
1.002652 0.8897634 0 0.32617044 0.3738435 0.85207987 1.019204 1.0373245 0.3685941 0.3545054 0.8599071 1.0477637 0.85613984 0.8729233 0.8832416 0.3702306 0.3700668 0.35002682 0.34859294 0.3588495 0.35868815 0.60043794 0.8608519 0.60244477 0.8729233 0.85896355 0.99545324 0.9857129 0.60222155 0.8812961
0.99131685 0.85270303 0.32617044 0 0.36386842 0.83636117 0.9977191 1.0122308 0.35098425 0.33910313 0.83483773 1.005704 0.84340924 0.8499028 0.8567664 0.35933372 0.35868815 0.3340906 0.3339345 0.33910313 0.33973208 0.5955548 0.8486616 0.5964403 0.8508351 0.84187144 0.96479154 0.97941184 0.6026681 0.84649444
0.99885464 0.8573935 0.3738435 0.36386842 0 0.8662283 0.99847597 1.0254573 0.27108616 0.36582026 0.85833514 1.0203725 0.8624292 0.8489717 0.8602219 0.27627152 0.27554917 0.36468107 0.36403087 0.36533183 0.36810386 0.59246385 0.8461853 0.5946704 0.8662283 0.8502134 0.9977191 0.9931942 0.6015522 0.8599071
0.97499573 0.82156307 0.85207987 0.83636117 0.8662283 0 0.99961257 0.9838541 0.82998335 0.85959244 0.27309844 1.014548 0.2738184 0.7607034 0.77546155 0.83697146 0.8357514 0.864643 0.85707986 0.85582674 0.8523914 0.85896355 0.65660155 0.85770726 0.66918653 0.4540354 0.98907024 0.99357027 0.8592779 0.8150128
0.5001224 1.0015109 1.019204 0.9977191 0.99847597 0.99961257 0 0.26351684 1.0003713 1.0041765 1.0045581 0.49121448 0.99056727 0.99885464 1.0099207 0.9943229 0.9939465 1.015322 1.0068517 1.0076177 1.01146 1.0049399 0.9894442 1.0041765 1.0030329 1.0293922 0.5850098 0.57267725 1.005704 1.0068517
0.5030502 1.0045581 1.0373245 1.0122308 1.0254573 0.9838541 0.26351684 0 1.0160967 1.0168724 0.9939465 0.51547325 0.9842255 0.9901927 1.001891 1.0172604 1.0110749 1.0266355 1.0095364 1.0110749 1.0130024 0.9977191 1.0022715 0.99658537 0.99961257 1.01146 0.59312516 0.5763342 1.0049399 1.0234975
0.9842255 0.8611671 0.3685941 0.35098425 0.27108616 0.82998335 1.0003713 1.0160967 0 0.36403087 0.8345334 1.0076177 0.8345334 0.84095025 0.85114604 0.1740121 0.17350781 0.35772082 0.35402426 0.35901088 0.3614357 0.58785117 0.85207987 0.5874133 0.86749893 0.85488826 0.9872032 0.98348296 0.5951125 0.8621135
1.0246727 0.870685 0.3545054 0.33910313 0.36582026 0.85959244 1.0041765 1.0168724 0.36403087 0 0.8381934 1.0289978 0.84495026 0.8555138 0.8608519 0.36826724 0.36630902 0.266935 0.26394325 0.16635834 0.17011271 0.5977705 0.85207987 0.59910303 0.870685 0.84279376 0.9980974 1.015322 0.6028915 0.86274505
0.96769285 0.8200693 0.8599071 0.83483773 0.85833514 0.27309844 1.0045581 0.9939465 0.8345334 0.8381934 0 1.0003713 0.16125754 0.761531 0.76346576 0.8375822 0.8345334 0.8375822 0.8354467 0.84125715 0.84095025 0.8486616 0.63975227 0.8480418 0.6604514 0.44024023 0.9808897 0.9768326 0.85520095 0.80617183
0.5065787 1.0223241 1.0477637 1.005704 1.0203725 1.014548 0.49121448 0.51547325 1.0076177 1.0289978 1.0003713 0 1.0141612 1.0087683 1.0122308 1.0080011 0.99923354 1.0286036 1.019204 1.0227151 1.0199828 1.0126165 1.0329514 1.014548 1.0278157 1.0293922 0.5999927 0.5935663 1.0141612 1.0168724
0.9658782 0.8284728 0.85613984 0.84340924 0.8624292 0.2738184 0.99056727 0.9842255 0.8345334 0.84495026 0.16125754 1.0141612 0 0.7673504 0.7712552 0.8486616 0.84340924 0.84495026 0.83788776 0.83911127 0.8461853 0.83911127 0.6475366 0.8388052 0.6619002 0.44692463 0.97316337 0.9698763 0.85833514 0.81442016
0.97573 0.83210325 0.8729233 0.8499028 0.8489717 0.7607034 0.99885464 0.9901927 0.84095025 0.8555138 0.761531 1.0087683 0.7673504 0 0.10744102 0.8400302 0.84310144 0.86179787 0.84433347 0.85520095 0.8508351 0.84402525 0.7609791 0.84649444 0.7701374 0.76346576 0.9801504 0.9845971 0.85332674 0.8269652
0.9920673 0.83911127 0.8832416 0.8567664 0.8602219 0.77546155 1.0099207 1.001891 0.85114604 0.8608519 0.76346576 1.0122308 0.7712552 0.10744102 0 0.85645306 0.8592779 0.86559373 0.8508351 0.86148244 0.85802114 0.85613984 0.7701374 0.85802114 0.7765873 0.7695792 0.98757625 0.9827411 0.87613255 0.83697146
0.98496884 0.8608519 0.3702306 0.35933372 0.27627152 0.83697146 0.9943229 1.0172604 0.1740121 0.36826724 0.8375822 1.0080011 0.8486616 0.8400302 0.85645306 0 0.059282407 0.36403087 0.35933372 0.36843067 0.37055832 0.59444946 0.83911127 0.5957761 0.86148244 0.8486616 0.99847597 0.98348296 0.60043794 0.84928197
0.9808897 0.86909026 0.3700668 0.35868815 0.27554917 0.8357514 0.9939465 1.0110749 0.17350781 0.36630902 0.8345334 0.99923354 0.84340924 0.84310144 0.8592779 0.059282407 0 0.3628944 0.35965672 0.36533183 0.36843067 0.591363 0.8400302 0.5935663 0.8592779 0.8508351 0.98645765 0.9894442 0.5951125 0.8523914
1.0072346 0.86718106 0.35002682 0.3340906 0.36468107 0.864643 1.015322 1.0266355 0.35772082 0.266935 0.8375822 1.0286036 0.84495026 0.86179787 0.86559373 0.36403087 0.3628944 0 0.037838656 0.27194792 0.2754048 0.6008834 0.8486616 0.6019983 0.8678169 0.8495923 0.9946995 0.9943229 0.60043794 0.86909026
0.99545324 0.85582674 0.34859294 0.3339345 0.36403087 0.85707986 1.0068517 1.0095364 0.35402426 0.26394325 0.8354467 1.019204 0.83788776 0.84433347 0.8508351 0.35933372 0.35965672 0.037838656 0 0.26965213 0.27223536 0.5955548 0.8468036 0.5962188 0.8624292 0.84525883 0.99281836 0.98757625 0.5951125 0.8643263
1.0064689 0.8652767 0.3588495 0.33910313 0.36533183 0.85582674 1.0076177 1.0110749 0.35901088 0.16635834 0.84125715 1.0227151 0.83911127 0.85520095 0.86148244 0.36843067 0.36533183 0.27194792 0.26965213 0 0.031867538 0.58916616 0.8508351 0.5920233 0.86654574 0.84928197 0.9727974 0.9845971 0.60557723 0.86749893
1.0011308 0.86877173 0.35868815 0.33973208 0.36810386 0.8523914 1.01146 1.0130024 0.3614357 0.17011271 0.84095025 1.0199828 0.8461853 0.8508351 0.85802114 0.37055832 0.36843067 0.2754048 0.27223536 0.031867538 0 0.5911431 0.8530148 0.59400773 0.8649598 0.8499028 0.9764649 0.98237044 0.6060258 0.86654574
0.98869646 0.84217876 0.60043794 0.5955548 0.59246385 0.85896355 1.0049399 0.9977191 0.58785117 0.5977705 0.8486616 1.0126165 0.83911127 0.84402525 0.85613984 0.59444946 0.591363 0.6008834 0.5955548 0.58916616 0.5911431 0 0.85114604 0.015049997 0.86559373 0.8530148 0.982 0.9764649 0.41338858 0.83149695
0.99281836 0.8251602 0.8608519 0.8486616 0.8461853 0.65660155 0.9894442 1.0022715 0.85207987 0.85207987 0.63975227 1.0329514 0.6475366 0.7609791 0.7701374 0.83911127 0.8400302 0.8486616 0.8468036 0.8508351 0.8530148 0.85114604 0 0.85613984 0.48622596 0.65253264 1.0091523 0.990942 0.8608519 0.81234956
0.9894442 0.8468036 0.60244477 0.5964403 0.5946704 0.85770726 1.0041765 0.99658537 0.5874133 0.59910303 0.8480418 1.014548 0.8388052 0.84649444 0.85802114 0.5957761 0.5935663 0.6019983 0.5962188 0.5920233 0.59400773 0.015049997 0.85613984 0 0.8684533 0.8542633 0.982 0.9753628 0.41651866 0.83972377
0.97573 0.8284728 0.8729233 0.8508351 0.8662283 0.66918653 1.0030329 0.99961257 0.86749893 0.870685 0.6604514 1.0278157 0.6619002 0.7701374 0.7765873 0.86148244 0.8592779 0.8678169 0.8624292 0.86654574 0.8649598 0.86559373 0.48622596 0.8684533 0 0.682483 1.0095364 0.98125964 0.8649598 0.812645
0.9842255 0.8400302 0.85896355 0.84187144 0.8502134 0.4540354 1.0293922 1.01146 0.85488826 0.84279376 0.44024023 1.0293922 0.44692463 0.76346576 0.7695792 0.8486616 0.8508351 0.8495923 0.84525883 0.84928197 0.8499028 0.8530148 0.65253264 0.8542633 0.682483 0 0.98832285 0.9764649 0.8652767 0.8257614
0.56733155 0.98832285 0.99545324 0.96479154 0.9977191 0.98907024 0.5850098 0.59312516 0.9872032 0.9980974 0.9808897 0.5999927 0.97316337 0.9801504 0.98757625 0.99847597 0.98645765 0.9946995 0.99281836 0.9727974 0.9764649 0.982 1.0091523 0.982 1.0095364 0.98832285 0 0.44114006 1.0080011 0.97867405
0.5643545 0.9853408 0.9857129 0.97941184 0.9931942 0.99357027 0.57267725 0.5763342 0.98348296 1.015322 0.9768326 0.5935663 0.9698763 0.9845971 0.9827411 0.98348296 0.9894442 0.9943229 0.98757625 0.9845971 0.98237044 0.9764649 0.990942 0.9753628 0.98125964 0.9764649 0.44114006 0 0.9901927 0.98907024
0.9779369 0.87356406 0.60222155 0.6026681 0.6015522 0.8592779 1.005704 1.0049399 0.5951125 0.6028915 0.85520095 1.0141612 0.85833514 0.85332674 0.87613255 0.60043794 0.5951125 0.60043794 0.5951125 0.60557723 0.6060258 0.41338858 0.8608519 0.41651866 0.8649598 0.8652767 1.0080011 0.9901927 0 0.86274505
0.98683035 0.36712432 0.8812961 0.84649444 0.8599071 0.8150128 1.0068517 1.0234975 0.8621135 0.86274505 0.80617183 1.0168724 0.81442016 0.8269652 0.83697146 0.84928197 0.8523914 0.86909026 0.8643263 0.86749893 0.86654574 0.83149695 0.81234956 0.83972377 0.812645 0.8257614 0.97867405 0.98907024 0.86274505 0
