0 0.9753628 0.99281836 0.9946995 0.9845971 0.97352946 0.9768326 0.9753628 0.9977191 0.9465546 0.9764649 1.0095364 0.98832285 0.98051995 0.9687838 0.93847305 0.94232726 0.9831119 0.98645765 0.97609735 0.98794943 0.9565121 0.9801504 0.9575869 0.9687838 0.9939465 0.97316337 0.9816297 0.9557965 0.9894442
0.9753628 0 0.71161044 0.78708094 0.78195757 0.6988071 0.7067194 0.4355785 0.44114006 0.7157541 0.80441606 0.7896558 0.8014989 0.695261 0.70774645 0.71549445 0.71238565 0.99923354 1.0064689 0.6927383 0.695261 0.66796726 0.6696748 0.6694307 0.67629796 0.7916646 0.7913773 0.7822413 0.67432946 0.7862246
0.99281836 0.71161044 0 0.7842303 0.7885103 0.363706 0.37203488 0.7110941 0.7056938 0.6184676 0.7867954 0.7896558 0.7902292 0.4018512 0.40562007 0.60669917 0.60804766 1.0231062 1.0203725 0.37929565 0.3821199 0.70646286 0.71627367 0.7072328 0.70928967 0.79598737 0.76485085 0.79252714 0.71161044 0.7845149
0.9946995 0.78708094 0.7842303 0 0.36273217 0.7693002 0.756853 0.7805406 0.791952 0.77546155 0.7845149 0.72779626 0.79483217 0.78082377 0.7763057 0.7743376 0.7760242 1.005704 1.0149349 0.77856135 0.78337723 0.76346576 0.7862246 0.76429653 0.77153486 0.7905161 0.7765873 0.77041674 0.77041674 0.7885103
0.9845971 0.78195757 0.7885103 0.36273217 0 0.7799746 0.782809 0.791952 0.7896558 0.7822413 0.7916646 0.7336246 0.80091685 0.7876524 0.7862246 0.7687426 0.77546155 1.0219333 1.0337447 0.79339075 0.7893693 0.77715075 0.7845149 0.776869 0.7862246 0.80705124 0.7853693 0.78736657 0.7779968 0.793967
0.97352946 0.6988071 0.363706 0.7693002 0.7799746 0 0.2451291 0.69906104 0.700841 0.6244219 0.7723746 0.76846397 0.78082377 0.39980343 0.40339074 0.6103006 0.610075 0.9962078 0.9946995 0.37730846 0.38245285 0.69097745 0.6982995 0.6937464 0.68298006 0.7729349 0.77209455 0.78110707 0.68796843 0.7896558
0.9768326 0.7067194 0.37203488 0.756853 0.782809 0.2451291 0 0.71887696 0.71445674 0.6182396 0.776869 0.79109013 0.7916646 0.41079012 0.41234812 0.6157354 0.615281 1.0049399 0.99658537 0.37830138 0.3836194 0.7149754 0.7243734 0.7170537 0.70415795 0.78082377 0.7830931 0.7853693 0.7049255 0.79656565
0.9753628 0.4355785 0.7110941 0.7805406 0.791952 0.69906104 0.71887696 0 0.20241436 0.71367943 0.79830307 0.7847996 0.80441606 0.70466954 0.7149754 0.69779223 0.7067194 1.0011308 1.0011308 0.69576657 0.69804585 0.65972805 0.65540254 0.661417 0.66359407 0.76846397 0.7746184 0.7805406 0.6575622 0.7845149
0.9977191 0.44114006 0.7056938 0.791952 0.7896558 0.700841 0.71445674 0.20241436 0 0.7072328 0.8023729 0.7905161 0.8020814 0.7170537 0.72253674 0.69804585 0.7080034 1.0037951 1.0037951 0.6929902 0.69855326 0.66480625 0.6532491 0.6672366 0.6689425 0.77884376 0.78110707 0.79339075 0.66456366 0.79656565
0.9465546 0.7157541 0.6184676 0.77546155 0.7822413 0.6244219 0.6182396 0.71367943 0.7072328 0 0.7890828 0.79310274 0.7956984 0.62396216 0.62304366 0.19745351 0.20215245 1.0219333 1.0126165 0.6093986 0.62075216 0.70646286 0.7056938 0.7080034 0.69779223 0.7822413 0.7693002 0.7945437 0.69906104 0.79483217
0.9764649 0.80441606 0.7867954 0.7845149 0.7916646 0.7723746 0.776869 0.79830307 0.8023729 0.7890828 0 0.8026644 0.17958175 0.7802575 0.7836615 0.7751804 0.7813905 1.0349361 1.0329514 0.78793824 0.7867954 0.76485085 0.7902292 0.762636 0.79310274 0.59932536 0.57827747 0.49856558 0.77209455 0.46659726
1.0095364 0.7896558 0.7896558 0.72779626 0.7336246 0.76846397 0.79109013 0.7847996 0.7905161 0.79310274 0.8026644 0 0.8161995 0.79888314 0.79627645 0.7693002 0.7847996 1.01069 1.0126165 0.7916646 0.79540956 0.7890828 0.8003352 0.7867954 0.782809 0.8082254 0.7905161 0.8082254 0.78565425 0.81087404
0.98832285 0.8014989 0.7902292 0.79483217 0.80091685 0.78082377 0.7916646 0.80441606 0.8020814 0.7956984 0.17958175 0.8161995 0 0.7825251 0.7862246 0.78994244 0.79310274 1.0317632 1.0301816 0.78793824 0.7945437 0.7712552 0.7893693 0.77041674 0.7936788 0.6033384 0.585228 0.50953186 0.7598766 0.4714565
0.98051995 0.695261 0.4018512 0.78082377 0.7876524 0.39980343 0.41079012 0.70466954 0.7170537 0.62396216 0.7802575 0.79888314 0.7825251 0 0.17514798 0.62189704 0.61960906 1.0030329 0.99734104 0.4049334 0.40476185 0.70033205 0.7113522 0.70007765 0.71212715 0.79109013 0.7737762 0.79109013 0.70441365 0.79109013
0.9687838 0.70774645 0.40562007 0.7763057 0.7862246 0.40339074 0.41234812 0.7149754 0.72253674 0.62304366 0.7836615 0.79627645 0.7862246 0.17514798 0 0.6157354 0.61778367 0.9901927 0.9816297 0.40733945 0.40699527 0.70364666 0.7196597 0.70543754 0.70748955 0.7936788 0.78167397 0.7859394 0.70466954 0.79656565
0.93847305 0.71549445 0.60669917 0.7743376 0.7687426 0.6103006 0.6157354 0.69779223 0.69804585 0.19745351 0.7751804 0.7693002 0.78994244 0.62189704 0.6157354 0 0.122006856 0.99847597 1.0068517 0.6058015 0.61346614 0.69399863 0.70441365 0.6945033 0.697032 0.7734957 0.7607034 0.7842303 0.6907262 0.78394586
0.94232726 0.71238565 0.60804766 0.7760242 0.77546155 0.610075 0.615281 0.7067194 0.7080034 0.20215245 0.7813905 0.7847996 0.79310274 0.61960906 0.61778367 0.122006856 0 1.0064689 1.0064689 0.60244477 0.60984945 0.7018601 0.70646286 0.7018601 0.69576657 0.7729349 0.7631891 0.78793824 0.69956917 0.78195757
0.9831119 0.99923354 1.0231062 1.005704 1.0219333 0.9962078 1.0049399 1.0011308 1.0037951 1.0219333 1.0349361 1.01069 1.0317632 1.0030329 0.9901927 0.99847597 1.0064689 0 0.1090584 1.0199828 1.0157093 1.0011308 1.002652 0.9969631 1.0103053 1.0068517 0.9801504 1.0095364 0.98496884 1.0313674
0.98645765 1.0064689 1.0203725 1.0149349 1.0337447 0.9946995 0.99658537 1.0011308 1.0037951 1.0126165 1.0329514 1.0126165 1.0301816 0.99734104 0.9816297 1.0068517 1.0064689 0.1090584 0 1.014548 1.0091523 0.9946995 1.0099207 0.9894442 1.019204 1.01069 0.97499573 1.015322 0.9958304 1.0270288
0.97609735 0.6927383 0.37929565 0.77856135 0.79339075 0.37730846 0.37830138 0.69576657 0.6929902 0.6093986 0.78793824 0.7916646 0.78793824 0.4049334 0.40733945 0.6058015 0.60244477 1.0199828 1.014548 0 0.079464965 0.67975533 0.70928967 0.680994 0.6965256 0.7867954 0.77489936 0.80120784 0.6854701 0.7913773
0.98794943 0.695261 0.3821199 0.78337723 0.7893693 0.38245285 0.3836194 0.69804585 0.69855326 0.62075216 0.7867954 0.79540956 0.7945437 0.40476185 0.40699527 0.61346614 0.60984945 1.0157093 1.0091523 0.079464965 0 0.6847222 0.71367943 0.68571955 0.69779223 0.7893693 0.778279 0.79627645 0.7026252 0.79310274
0.9565121 0.66796726 0.70646286 0.76346576 0.77715075 0.69097745 0.7149754 0.65972805 0.66480625 0.70646286 0.76485085 0.7890828 0.7712552 0.70033205 0.70364666 0.69399863 0.7018601 1.0011308 0.9946995 0.67975533 0.6847222 0 0.63811135 0.012910485 0.57289183 0.7796917 0.76346576 0.7902292 0.46864927 0.7765873
0.9801504 0.6696748 0.71627367 0.7862246 0.7845149 0.6982995 0.7243734 0.65540254 0.6532491 0.7056938 0.7902292 0.8003352 0.7893693 0.7113522 0.7196597 0.70441365 0.70646286 1.002652 1.0099207 0.70928967 0.71367943 0.63811135 0 0.63857985 0.6430448 0.7830931 0.7842303 0.78879654 0.63251257 0.7757428
0.9575869 0.6694307 0.7072328 0.76429653 0.776869 0.6937464 0.7170537 0.661417 0.6672366 0.7080034 0.762636 0.7867954 0.77041674 0.70007765 0.70543754 0.6945033 0.7018601 0.9969631 0.9894442 0.680994 0.68571955 0.012910485 0.63857985 0 0.573751 0.77856135 0.76346576 0.7896558 0.46977088 0.77405685
0.9687838 0.67629796 0.70928967 0.77153486 0.7862246 0.68298006 0.70415795 0.66359407 0.6689425 0.69779223 0.79310274 0.782809 0.7936788 0.71212715 0.70748955 0.697032 0.69576657 1.0103053 1.019204 0.6965256 0.69779223 0.57289183 0.6430448 0.573751 0 0.76485085 0.75960124 0.7916646 0.5669055 0.791952
0.9939465 0.7916646 0.79598737 0.7905161 0.80705124 0.7729349 0.78082377 0.76846397 0.77884376 0.7822413 0.59932536 0.8082254 0.6033384 0.79109013 0.7936788 0.7734957 0.7729349 1.0068517 1.01069 0.7867954 0.7893693 0.7796917 0.7830931 0.77856135 0.76485085 0 0.52447456 0.6002153 0.78167397 0.60804766
0.97316337 0.7913773 0.76485085 0.7765873 0.7853693 0.77209455 0.7830931 0.7746184 0.78110707 0.7693002 0.57827747 0.7905161 0.585228 0.7737762 0.78167397 0.7607034 0.7631891 0.9801504 0.97499573 0.77489936 0.778279 0.76346576 0.7842303 0.76346576 0.75960124 0.52447456 0 0.6015522 0.76429653 0.59888077
0.9816297 0.7822413 0.79252714 0.77041674 0.78736657 0.78110707 0.7853693 0.7805406 0.79339075 0.7945437 0.49856558 0.8082254 0.50953186 0.79109013 0.7859394 0.7842303 0.78793824 1.0095364 1.015322 0.80120784 0.79627645 0.7902292 0.78879654 0.7896558 0.7916646 0.6002153 0.6015522 0 0.7913773 0.50129217
0.9557965 0.67432946 0.71161044 0.77041674 0.7779968 0.68796843 0.7049255 0.6575622 0.66456366 0.69906104 0.77209455 0.78565425 0.7598766 0.70441365 0.70466954 0.6907262 0.69956917 0.98496884 0.9958304 0.6854701 0.7026252 0.46864927 0.63251257 0.46977088 0.5669055 0.78167397 0.76429653 0.7913773 0 0.7681854
0.9894442 0.7862246 0.7845149 0.7885103 0.793967 0.7896558 0.79656565 0.7845149 0.79656565 0.79483217 0.46659726 0.81087404 0.4714565 0.79109013 0.79656565 0.78394586 0.78195757 1.0313674 1.0270288 0.7913773 0.79310274 0.7765873 0.7757428 0.77405685 0.791952 0.60804766 0.59888077 0.50129217 0.7681854 0
