0 1.019204 1.0164845 1.033348 1.0361294 1.0045581 1.0238891 1.0270288 1.0234975 1.0258498 0.99357027 1.0381224 0.98794943 1.0357314 1.0049399 0.99658537 1.0234975 1.0172604 1.0045581 1.002652 1.0118452 1.0003713 1.0188149 1.0091523 1.0293922 1.0076177 1.0168724 0.6807461 0.67531306 0.6837262
1.019204 0 0.18788606 0.84310144 0.83149695 0.8269652 0.8251602 0.82546073 0.84125715 0.853951 0.8236593 0.83849925 0.82485974 0.84095025 0.814124 0.82335943 0.8269652 0.8203678 0.83849925 0.83911127 0.8545757 0.8480418 0.8542633 0.8505242 0.84525883 0.84156424 0.84217876 1.018426 1.0149349 1.0037951
1.0164845 0.18788606 0 0.85363877 0.8381934 0.8424862 0.84217876 0.83941746 0.84340924 0.85488826 0.8209652 0.8388052 0.83605623 0.8446418 0.8242593 0.83301365 0.83788776 0.8293787 0.84033674 0.83483773 0.8461853 0.8406434 0.853951 0.84310144 0.8505242 0.83849925 0.8400302 0.9924427 0.99999183 0.9872032
1.033348 0.84310144 0.85363877 0 0.18852869 0.29012972 0.2857257 0.21669547 0.27166054 0.26850688 0.62396216 0.76429653 0.6311194 0.21977226 0.28163853 0.28367934 0.21789792 0.21403022 0.6449328 0.64682555 0.65372705 0.6475366 0.7557565 0.6501494 0.6477737 0.7640195 0.77153486 0.9801504 0.98757625 0.9857129
1.0361294 0.83149695 0.8381934 0.18852869 0 0.29308018 0.2938196 0.2204428 0.27223536 0.27612698 0.62465185 0.77041674 0.6269553 0.22515345 0.28748423 0.28543305 0.22313097 0.21776423 0.63998693 0.64328057 0.6477737 0.64233804 0.75822586 0.6439882 0.6413967 0.7723746 0.7706961 0.9827411 0.9943229 0.9939465
1.0045581 0.8269652 0.8424862 0.29012972 0.29308018 0 0.15299605 0.2920462 0.29248914 0.29057157 0.6157354 0.75822586 0.6182396 0.2880713 0.21124187 0.20925651 0.28704423 0.28426346 0.6315835 0.6334428 0.6362405 0.6283408 0.74677104 0.6336756 0.6334428 0.76985824 0.7729349 0.9698763 0.98832285 0.9827411
1.0238891 0.8251602 0.84217876 0.2857257 0.2938196 0.15299605 0 0.28207538 0.28983533 0.2889528 0.6078228 0.7593259 0.61278665 0.28660446 0.20780392 0.20661752 0.2835334 0.28003892 0.63228023 0.63460726 0.6367077 0.62996036 0.7494826 0.6318157 0.6350735 0.7587757 0.7656831 0.9838541 0.9946995 0.99169195
1.0270288 0.82546073 0.83941746 0.21669547 0.2204428 0.2920462 0.28207538 0 0.2657939 0.26181358 0.61687267 0.7659607 0.6216679 0.15079197 0.27786312 0.27815285 0.14908214 0.14543132 0.6362405 0.63975227 0.6371753 0.6306556 0.7631891 0.63414127 0.6421026 0.7673504 0.76457363 0.9790429 0.9943229 0.98496884
1.0234975 0.84125715 0.84340924 0.27166054 0.27223536 0.29248914 0.28983533 0.2657939 0 0.13914502 0.61596274 0.7618071 0.6202947 0.2690793 0.28120193 0.282804 0.26636422 0.26280668 0.6350735 0.63554007 0.6465887 0.63811135 0.7640195 0.6444604 0.63928306 0.76790696 0.7746184 0.9980974 1.0099207 1.0064689
1.0258498 0.853951 0.85488826 0.26850688 0.27612698 0.29057157 0.2889528 0.26181358 0.13914502 0 0.62741685 0.76512814 0.627186 0.27094263 0.28397134 0.28324157 0.266079 0.26451218 0.6475366 0.6508636 0.6470625 0.64116156 0.7667942 0.64469653 0.64257354 0.76790696 0.7779968 1.0011308 1.005704 1.0037951
0.99357027 0.8236593 0.8209652 0.62396216 0.62465185 0.6157354 0.6078228 0.61687267 0.61596274 0.62741685 0 0.7413773 0.09963443 0.618924 0.6037857 0.6011063 0.6145999 0.61369276 0.4205373 0.4207125 0.4330803 0.43254602 0.72991043 0.4336149 0.4362938 0.7262145 0.7330929 0.9706055 0.98496884 0.9946995
1.0381224 0.83849925 0.8388052 0.76429653 0.77041674 0.75822586 0.7593259 0.7659607 0.7618071 0.76512814 0.7413773 0 0.74406934 0.7620833 0.756853 0.75138646 0.76651627 0.7631891 0.7618071 0.7598766 0.76429653 0.7618071 0.4979826 0.7623596 0.75520885 0.50265914 0.50148726 1.0118452 1.0227151 1.018426
0.98794943 0.82485974 0.83605623 0.6311194 0.6269553 0.6182396 0.61278665 0.6216679 0.6202947 0.627186 0.09963443 0.74406934 0 0.62741685 0.6121078 0.60849774 0.62373245 0.6216679 0.42036211 0.420187 0.43486387 0.43468532 0.7333587 0.43575725 0.43862328 0.7437997 0.73522204 0.9655158 0.9842255 0.9898184
1.0357314 0.84095025 0.8446418 0.21977226 0.22515345 0.2880713 0.28660446 0.15079197 0.2690793 0.27094263 0.618924 0.7620833 0.62741685 0 0.28149295 0.27771828 0.09826519 0.09439921 0.6402217 0.64233804 0.6439882 0.6364741 0.7565787 0.6395176 0.64045656 0.76374257 0.76042765 0.9816297 1.000751 0.99847597
1.0049399 0.814124 0.8242593 0.28163853 0.28748423 0.21124187 0.20780392 0.27786312 0.28120193 0.28397134 0.6037857 0.756853 0.6121078 0.28149295 0 0.06210155 0.2803295 0.27699456 0.62603307 0.62880313 0.6318157 0.6244219 0.74110866 0.6294973 0.62649405 0.7522039 0.76540554 0.9894442 0.9845971 0.9783054
0.99658537 0.82335943 0.83301365 0.28367934 0.28543305 0.20925651 0.20661752 0.27815285 0.282804 0.28324157 0.6011063 0.75138646 0.60849774 0.27771828 0.06210155 0 0.27931294 0.27526045 0.62741685 0.6283408 0.6343742 0.62741685 0.7408401 0.63228023 0.63228023 0.7473126 0.75822586 0.97206604 0.97316337 0.97170067
1.0234975 0.8269652 0.83788776 0.21789792 0.22313097 0.28704423 0.2835334 0.14908214 0.26636422 0.266079 0.6145999 0.76651627 0.62373245 0.09826519 0.2803295 0.27931294 0 0.04269236 0.6367077 0.6369415 0.64635193 0.6395176 0.7524766 0.64328057 0.6409265 0.7687426 0.76707226 0.97352946 0.98907024 0.99131685
1.0172604 0.8203678 0.8293787 0.21403022 0.21776423 0.28426346 0.28003892 0.14543132 0.26280668 0.26451218 0.61369276 0.7631891 0.6216679 0.09439921 0.27699456 0.27526045 0.04269236 0 0.63928306 0.63834554 0.6421026 0.6350735 0.7494826 0.63857985 0.63928306 0.7590508 0.762636 0.9709704 0.98907024 0.98757625
1.0045581 0.83849925 0.84033674 0.6449328 0.63998693 0.6315835 0.63228023 0.6362405 0.6350735 0.6475366 0.4205373 0.7618071 0.42036211 0.6402217 0.62603307 0.62741685 0.6367077 0.63928306 0 0.023772815 0.19953829 0.19745351 0.7336246 0.19810438 0.35949522 0.7524766 0.7481256 0.9872032 0.9920673 1.005704
1.002652 0.83911127 0.83483773 0.64682555 0.64328057 0.6334428 0.63460726 0.63975227 0.63554007 0.6508636 0.4207125 0.7598766 0.420187 0.64233804 0.62880313 0.6283408 0.6369415 0.63834554 0.023772815 0 0.19953829 0.19758363 0.7333587 0.19823462 0.35578993 0.7519313 0.7437997 0.98645765 0.99847597 0.9980974
1.0118452 0.8545757 0.8461853 0.65372705 0.6477737 0.6362405 0.6367077 0.6371753 0.6465887 0.6470625 0.4330803 0.76429653 0.43486387 0.6439882 0.6318157 0.6343742 0.64635193 0.6421026 0.19953829 0.19953829 0 0.025012486 0.7475835 0.024909101 0.36614606 0.75960124 0.75603044 0.9924427 1.0091523 1.0126165
1.0003713 0.8480418 0.8406434 0.6475366 0.64233804 0.6283408 0.62996036 0.6306556 0.63811135 0.64116156 0.43254602 0.7618071 0.43468532 0.6364741 0.6244219 0.62741685 0.6395176 0.6350735 0.19745351 0.19758363 0.025012486 0 0.7427221 0.017093316 0.3643559 0.7565787 0.75002605 0.98645765 1.001891 1.0034139
1.0188149 0.8542633 0.853951 0.7557565 0.75822586 0.74677104 0.7494826 0.7631891 0.7640195 0.7667942 0.72991043 0.4979826 0.7333587 0.7565787 0.74110866 0.7408401 0.7524766 0.7494826 0.7336246 0.7333587 0.7475835 0.7427221 0 0.74622995 0.74406934 0.44024023 0.442582 0.9872032 1.000751 1.0037951
1.0091523 0.8505242 0.84310144 0.6501494 0.6439882 0.6336756 0.6318157 0.63414127 0.6444604 0.64469653 0.4336149 0.7623596 0.43575725 0.6395176 0.6294973 0.63228023 0.64328057 0.63857985 0.19810438 0.19823462 0.024909101 0.017093316 0.74622995 0 0.3650064 0.75493515 0.7494826 0.99281836 1.0060863 1.0053219
1.0293922 0.84525883 0.8505242 0.6477737 0.6413967 0.6334428 0.6350735 0.6421026 0.63928306 0.64257354 0.4362938 0.75520885 0.43862328 0.64045656 0.62649405 0.63228023 0.6409265 0.63928306 0.35949522 0.35578993 0.36614606 0.3643559 0.74406934 0.3650064 0 0.7522039 0.7609791 1.0060863 1.0099207 1.0164845
1.0076177 0.84156424 0.83849925 0.7640195 0.7723746 0.76985824 0.7587757 0.7673504 0.76790696 0.76790696 0.7262145 0.50265914 0.7437997 0.76374257 0.7522039 0.7473126 0.7687426 0.7590508 0.7524766 0.7519313 0.75960124 0.7565787 0.44024023 0.75493515 0.7522039 0 0.3068037 0.9943229 0.9962078 0.9838541
1.0168724 0.84217876 0.8400302 0.77153486 0.7706961 0.7729349 0.7656831 0.76457363 0.7746184 0.7779968 0.7330929 0.50148726 0.73522204 0.76042765 0.76540554 0.75822586 0.76707226 0.762636 0.7481256 0.7437997 0.75603044 0.75002605 0.442582 0.7494826 0.7609791 0.3068037 0 1.002652 0.9969631 0.9845971
0.6807461 1.018426 0.9924427 0.9801504 0.9827411 0.9698763 0.9838541 0.9790429 0.9980974 1.0011308 0.9706055 1.0118452 0.9655158 0.9816297 0.9894442 0.97206604 0.97352946 0.9709704 0.9872032 0.98645765 0.9924427 0.98645765 0.9872032 0.99281836 1.0060863 0.9943229 1.002652 0 0.2991651 0.3033492
0.67531306 1.0149349 0.99999183 0.98757625 0.9943229 0.98832285 0.9946995 0.9943229 1.0099207 1.005704 0.98496884 1.0227151 0.9842255 1.000751 0.9845971 0.97316337 0.98907024 0.98907024 0.9920673 0.99847597 1.0091523 1.001891 1.000751 1.0060863 1.0099207 0.9962078 0.9969631 0.2991651 0 0.19953829
0.6837262 1.0037951 0.9872032 0.9857129 0.9939465 0.9827411 0.99169195 0.98496884 1.0064689 1.0037951 0.9946995 1.018426 0.9898184 0.99847597 0.9783054 0.97170067 0.99131685 0.98757625 1.005704 0.9980974 1.0126165 1.0034139 1.0037951 1.0053219 1.0164845 0.9838541 0.9845971 0.3033492 0.19953829 0
