0 0.41390935 0.99169195 0.3427267 0.5741809 0.56903803 0.41564786 0.41460428 0.9898184 0.9920673 0.568611 1.0080011 0.57224816 0.34383303 0.34162202 0.335497 0.34083396 0.5632941 0.56393015 0.33784685 0.33957478 1.0003713 0.34162202 0.99885464 0.9958304 1.0072346 0.56012195 0.56393015 0.5607553 0.40854537
0.41390935 0 0.9939465 0.42194015 0.56647974 0.5643545 0.18289244 0.187244 0.9946995 0.99545324 0.5613892 1.0126165 0.5613892 0.420187 0.4161702 0.40940794 0.41739044 0.5618121 0.5630822 0.41252142 0.41182843 1.0126165 0.41948688 1.0122308 0.99545324 1.0091523 0.5632941 0.56647974 0.5618121 0.18136261
0.99169195 0.9939465 0 0.98645765 0.99357027 0.9939465 0.9950763 0.99999183 0.09701225 0.09417242 1.0053219 0.31284967 1.0045581 0.9831119 0.9853408 0.9709704 0.97499573 0.9901927 0.98907024 0.97316337 0.97426224 0.36794052 0.9775687 0.36924827 0.27223536 0.36794052 0.9827411 0.9946995 0.99169195 0.98496884
0.3427267 0.42194015 0.98645765 0 0.5656289 0.56012195 0.4245776 0.42211568 0.98907024 0.9872032 0.57053435 1.0049399 0.5698927 0.091795236 0.08818729 0.28851193 0.29441166 0.56350607 0.5632941 0.2938196 0.29248914 0.9842255 0.29856926 0.9831119 0.97978103 0.99961257 0.55948913 0.5632941 0.560333 0.41966185
0.5741809 0.56647974 0.99357027 0.5656289 0 0.092813104 0.56903803 0.571605 0.99545324 0.9860852 0.56626695 1.0180373 0.567971 0.57224816 0.56882447 0.5666926 0.5735361 0.087962374 0.08965093 0.5703204 0.57224816 1.0157093 0.5713908 1.0141612 0.99961257 1.0345387 0.23084556 0.24291384 0.24098085 0.5582251
0.56903803 0.5643545 0.9939465 0.56012195 0.092813104 0 0.5616006 0.5643545 0.9946995 0.982 0.5613892 1.01146 0.5632941 0.56711847 0.5649914 0.55885684 0.56520385 0.085941106 0.08751273 0.5618121 0.56393015 1.0122308 0.5677578 1.0122308 0.9969631 1.0258498 0.22704603 0.24415912 0.2427756 0.5573836
0.41564786 0.18289244 0.9950763 0.4245776 0.56903803 0.5616006 0 0.042374857 0.99357027 0.99281836 0.5735361 1.0172604 0.5756876 0.42176464 0.4207125 0.41321507 0.41931194 0.5607553 0.56477904 0.41564786 0.41582194 1.0087683 0.42669424 1.0080011 1.002652 1.0034139 0.560333 0.56223524 0.56012195 0.18174478
0.41460428 0.187244 0.99999183 0.42211568 0.571605 0.5643545 0.042374857 0 0.9977191 0.9977191 0.571605 1.0207624 0.5750415 0.42106307 0.41843793 0.41338858 0.41948688 0.56202364 0.56626695 0.41651866 0.4161702 1.0080011 0.4251062 1.0076177 1.002652 1.0087683 0.56012195 0.5630822 0.560333 0.1841697
0.9898184 0.9946995 0.09701225 0.98907024 0.99545324 0.9946995 0.99357027 0.9977191 0 0.035842996 1.0168724 0.31512955 1.0160967 0.9872032 0.99056727 0.97206604 0.97499573 0.9946995 0.9939465 0.9746289 0.97499573 0.3697393 0.98907024 0.3702306 0.27108616 0.3695756 0.9845971 1.0030329 0.9950763 0.9816297
0.9920673 0.99545324 0.09417242 0.9872032 0.9860852 0.982 0.99281836 0.9977191 0.035842996 0 1.0095364 0.31284967 1.01146 0.98496884 0.9898184 0.9738958 0.9764649 0.9827411 0.98348296 0.9753628 0.97573 0.3654946 0.9860852 0.366472 0.26950887 0.36516908 0.9779369 0.9977191 0.9872032 0.98237044
0.568611 0.5613892 1.0053219 0.57053435 0.56626695 0.5613892 0.5735361 0.571605 1.0168724 1.0095364 0 1.019204 0.034899537 0.567971 0.56541634 0.5628704 0.56626695 0.560333 0.5582251 0.5618121 0.5630822 1.0242808 0.57439595 1.0234975 1.0130024 1.0137748 0.5550743 0.54611456 0.5471509 0.5660542
1.0080011 1.0126165 0.31284967 1.0049399 1.0180373 1.01146 1.0172604 1.0207624 0.31512955 0.31284967 1.019204 0 1.0099207 0.99999183 0.9977191 1.0076177 1.0080011 1.0223241 1.0227151 1.0034139 1.0034139 0.37995923 1.0095364 0.38045728 0.31421676 0.3672875 1.0045581 1.0176488 1.0195932 1.0003713
0.57224816 0.5613892 1.0045581 0.5698927 0.567971 0.5632941 0.5756876 0.5750415 1.0160967 1.01146 0.034899537 1.0099207 0 0.56818426 0.5669055 0.56350607 0.56754464 0.56117785 0.55906755 0.56350607 0.5649914 1.0207624 0.57482624 1.0195932 1.0060863 1.0133885 0.55675304 0.54673624 0.549644 0.56818426
0.34383303 0.420187 0.9831119 0.091795236 0.57224816 0.56711847 0.42176464 0.42106307 0.9872032 0.98496884 0.567971 0.99999183 0.56818426 0 0.026461361 0.28733754 0.29367164 0.5698927 0.57010657 0.29293236 0.29248914 0.9845971 0.2991651 0.98348296 0.9779369 0.9931942 0.5649914 0.5677578 0.5637181 0.4180886
0.34162202 0.4161702 0.9853408 0.08818729 0.56882447 0.5649914 0.4207125 0.41843793 0.99056727 0.9898184 0.56541634 0.9977191 0.5669055 0.026461361 0 0.28455567 0.29101366 0.5656289 0.5669055 0.28983533 0.2890998 0.9901927 0.2955972 0.98869646 0.9753628 1.0015109 0.5616006 0.56456673 0.560333 0.41582194
0.335497 0.40940794 0.9709704 0.28851193 0.5666926 0.55885684 0.41321507 0.41338858 0.97206604 0.9738958 0.5628704 1.0076177 0.56350607 0.28733754 0.28455567 0 0.024702376 0.5607553 0.56096655 0.032285016 0.031763207 0.9831119 0.2880713 0.9816297 0.97170067 0.9939465 0.5586462 0.5711766 0.56350607 0.41217485
0.34083396 0.41739044 0.97499573 0.29441166 0.5735361 0.56520385 0.41931194 0.41948688 0.97499573 0.9764649 0.56626695 1.0080011 0.56754464 0.29367164 0.29101366 0.024702376 0 0.56647974 0.5666926 0.036262695 0.035842996 0.98907024 0.2942636 0.98757625 0.97573 0.99734104 0.5649914 0.5763342 0.57181937 0.41931194
0.5632941 0.5618121 0.9901927 0.56350607 0.087962374 0.085941106 0.5607553 0.56202364 0.9946995 0.9827411 0.560333 1.0223241 0.56117785 0.5698927 0.5656289 0.5607553 0.56647974 0 0.017297955 0.56393015 0.56647974 1.018426 0.56733155 1.0168724 1.0030329 1.0289978 0.22515345 0.24001622 0.23726694 0.5544457
0.56393015 0.5630822 0.98907024 0.5632941 0.08965093 0.08751273 0.56477904 0.56626695 0.9939465 0.98348296 0.5582251 1.0227151 0.55906755 0.57010657 0.5669055 0.56096655 0.5666926 0.017297955 0 0.5641423 0.5669055 1.0126165 0.56647974 1.0118452 1.0022715 1.0286036 0.22636956 0.24111876 0.23864032 0.55675304
0.33784685 0.41252142 0.97316337 0.2938196 0.5703204 0.5618121 0.41564786 0.41651866 0.9746289 0.9753628 0.5618121 1.0034139 0.56350607 0.29293236 0.28983533 0.032285016 0.036262695 0.56393015 0.5641423 0 0.01484597 0.98237044 0.2916035 0.98125964 0.9764649 0.99169195 0.56202364 0.5713908 0.5669055 0.41356212
0.33957478 0.41182843 0.97426224 0.29248914 0.57224816 0.56393015 0.41582194 0.4161702 0.97499573 0.97573 0.5630822 1.0034139 0.5649914 0.29248914 0.2890998 0.031763207 0.035842996 0.56647974 0.5669055 0.01484597 0 0.98683035 0.29263687 0.9853408 0.97573 0.9950763 0.56477904 0.57289183 0.56839764 0.41390935
1.0003713 1.0126165 0.36794052 0.9842255 1.0157093 1.0122308 1.0087683 1.0080011 0.3697393 0.3654946 1.0242808 0.37995923 1.0207624 0.9845971 0.9901927 0.9831119 0.98907024 1.018426 1.0126165 0.98237044 0.98683035 0 1.0034139 0.0035081923 0.3708862 0.24748999 1.0072346 1.0168724 1.0160967 1.0003713
0.34162202 0.41948688 0.9775687 0.29856926 0.5713908 0.5677578 0.42669424 0.4251062 0.98907024 0.9860852 0.57439595 1.0095364 0.57482624 0.2991651 0.2955972 0.2880713 0.2942636 0.56733155 0.56647974 0.2916035 0.29263687 1.0034139 0 1.0030329 0.98496884 0.99658537 0.56096655 0.57525676 0.56350607 0.42334563
0.99885464 1.0122308 0.36924827 0.9831119 1.0141612 1.0122308 1.0080011 1.0076177 0.3702306 0.366472 1.0234975 0.38045728 1.0195932 0.98348296 0.98869646 0.9816297 0.98757625 1.0168724 1.0118452 0.98125964 0.9853408 0.0035081923 1.0030329 0 0.37137827 0.24832502 1.0072346 1.0168724 1.015322 0.99923354
0.9958304 0.99545324 0.27223536 0.97978103 0.99961257 0.9969631 1.002652 1.002652 0.27108616 0.26950887 1.0130024 0.31421676 1.0060863 0.9779369 0.9753628 0.97170067 0.97573 1.0030329 1.0022715 0.9764649 0.97573 0.3708862 0.98496884 0.37137827 0 0.36419335 0.9901927 1.002652 0.98869646 0.98869646
1.0072346 1.0091523 0.36794052 0.99961257 1.0345387 1.0258498 1.0034139 1.0087683 0.3695756 0.36516908 1.0137748 0.3672875 1.0133885 0.9931942 1.0015109 0.9939465 0.99734104 1.0289978 1.0286036 0.99169195 0.9950763 0.24748999 0.99658537 0.24832502 0.36419335 0 1.0130024 1.019204 1.0141612 0.99923354
0.56012195 0.5632941 0.9827411 0.55948913 0.23084556 0.22704603 0.560333 0.56012195 0.9845971 0.9779369 0.5550743 1.0045581 0.55675304 0.5649914 0.5616006 0.5586462 0.5649914 0.22515345 0.22636956 0.56202364 0.56477904 1.0072346 0.56096655 1.0072346 0.9901927 1.0130024 0 0.2387778 0.2436054 0.5542363
0.56393015 0.56647974 0.9946995 0.5632941 0.24291384 0.24415912 0.56223524 0.5630822 1.0030329 0.9977191 0.54611456 1.0176488 0.54673624 0.5677578 0.56456673 0.5711766 0.5763342 0.24001622 0.24111876 0.5713908 0.57289183 1.0168724 0.57525676 1.0168724 1.002652 1.019204 0.2387778 0 0.19992983 0.5584356
0.5607553 0.5618121 0.99169195 0.560333 0.24098085 0.2427756 0.56012195 0.560333 0.9950763 0.9872032 0.5471509 1.0195932 0.549644 0.5637181 0.560333 0.56350607 0.57181937 0.23726694 0.23864032 0.5669055 0.56839764 1.0160967 0.56350607 1.015322 0.98869646 1.0141612 0.2436054 0.19992983 0 0.5515193
0.40854537 0.18136261 0.98496884 0.41966185 0.5582251 0.5573836 0.18174478 0.1841697 0.9816297 0.98237044 0.5660542 1.0003713 0.56818426 0.4180886 0.41582194 0.41217485 0.41931194 0.5544457 0.55675304 0.41356212 0.41390935 1.0003713 0.42334563 0.99923354 0.98869646 0.99923354 0.5542363 0.5584356 0.5515193 0
