0 0.6193806 0.6221262 0.6212099 0.6304238 0.62741685 0.6258027 0.6103006 0.6198375 0.62396216 0.62143886 0.5339927 0.61778367 0.61778367 0.62258476 0.61256033 0.6157354 0.6164175 0.6164175 0.62603307 0.62373245 0.6184676 0.5438397 0.61778367 1.002652 0.98125964 0.62258476 0.6339084 1.0022715 0.98907024
0.6193806 0 0.1577939 0.20872797 0.5376702 0.52810556 0.537875 0.14774145 0.5291173 0.52952236 0.53114486 0.61960906 0.52749914 0.5277012 0.5317542 0.15152594 0.15275083 0.15360944 0.15226063 0.5358292 0.53480834 0.21137442 0.6367077 0.21031472 1.0188149 0.99847597 0.52972496 0.24554518 1.0133885 0.99734104
0.6221262 0.1577939 0 0.21190482 0.5333815 0.530536 0.5362379 0.13650121 0.5299277 0.5317542 0.5291173 0.62258476 0.52346903 0.52931976 0.5321607 0.13878395 0.13938582 0.14312829 0.14167738 0.5376702 0.5356249 0.21217017 0.63881415 0.21084438 1.0266355 1.01069 0.53033316 0.24776822 0.9969631 0.9853408
0.6212099 0.20872797 0.21190482 0 0.5397211 0.5335852 0.5399264 0.2093887 0.5374654 0.5346044 0.5358292 0.6232732 0.5317542 0.5354207 0.537056 0.20965317 0.21190482 0.21442941 0.21270114 0.5428079 0.54177755 0.13686118 0.64469653 0.13578178 1.0219333 1.0045581 0.54116 0.2522342 1.0258498 1.0133885
0.6304238 0.5376702 0.5333815 0.5397211 0 0.10146398 0.10444655 0.5250785 0.15018086 0.15018086 0.14920415 0.63251257 0.14835055 0.14835055 0.15385495 0.53195745 0.53114486 0.537056 0.5352165 0.15902908 0.15656075 0.52387106 0.64564204 0.52306724 1.01069 0.98645765 0.24762909 0.54116 1.0011308 0.9898184
0.62741685 0.52810556 0.530536 0.5335852 0.10146398 0 0.080466226 0.5264896 0.1457956 0.14530993 0.1457956 0.62465185 0.14494589 0.14555272 0.1494482 0.5287124 0.5283078 0.5339927 0.532364 0.15397772 0.15164834 0.5220636 0.63857985 0.5204606 1.014548 0.9958304 0.2451291 0.5413658 1.0034139 0.9842255
0.6258027 0.537875 0.5362379 0.5399264 0.10444655 0.080466226 0 0.52952236 0.14871626 0.14810686 0.14957027 0.62880313 0.14810686 0.14774145 0.15213813 0.53256744 0.5327709 0.53828484 0.5368514 0.15717708 0.15508364 0.5256829 0.63834554 0.52447456 1.0195932 0.9977191 0.24762909 0.5421895 0.9977191 0.9894442
0.6103006 0.14774145 0.13650121 0.2093887 0.5250785 0.5264896 0.52952236 0 0.52487713 0.5240722 0.52487713 0.6132396 0.52367 0.5256829 0.52749914 0.069634914 0.07040341 0.078354016 0.077244714 0.53114486 0.52972496 0.20648582 0.6283408 0.20582764 1.0223241 1.0095364 0.53134793 0.2430521 0.99961257 0.98348296
0.6198375 0.5291173 0.5299277 0.5374654 0.15018086 0.1457956 0.14871626 0.52487713 0 0.07139264 0.094966486 0.6313514 0.093265936 0.05830901 0.06286237 0.52952236 0.5277012 0.532364 0.53033316 0.079464965 0.07713387 0.5254814 0.63811135 0.52367 0.99999183 0.9831119 0.25139478 0.53951573 0.9901927 0.9845971
0.62396216 0.52952236 0.5317542 0.5346044 0.15018086 0.14530993 0.14810686 0.5240722 0.07139264 0 0.094966486 0.624192 0.0939457 0.07018376 0.07436818 0.52729714 0.52709514 0.5339927 0.5317542 0.06733413 0.06536763 0.52527994 0.6374092 0.52387106 0.9943229 0.9738958 0.25027704 0.54322046 0.9931942 0.9872032
0.62143886 0.53114486 0.5291173 0.5358292 0.14920415 0.1457956 0.14957027 0.52487713 0.094966486 0.094966486 0 0.62488186 0.04460022 0.0942858 0.09780934 0.52628785 0.52689326 0.5350124 0.5333815 0.10146398 0.099977136 0.52487713 0.63414127 0.5232681 1.0049399 0.98683035 0.2519543 0.54095423 0.9950763 0.98907024
0.5339927 0.61960906 0.62258476 0.6232732 0.63251257 0.62465185 0.62880313 0.6132396 0.6313514 0.624192 0.62488186 0 0.6221262 0.62787867 0.62488186 0.61391944 0.6155082 0.62006605 0.6198375 0.63019204 0.6267246 0.6198375 0.28836504 0.61778367 1.0164845 0.99357027 0.6376432 0.6304238 1.0122308 0.9958304
0.61778367 0.52749914 0.52346903 0.5317542 0.14835055 0.14494589 0.14810686 0.52367 0.093265936 0.0939457 0.04460022 0.6221262 0 0.09303948 0.09758151 0.52346903 0.52367 0.5301304 0.52931976 0.10066301 0.09883541 0.51926064 0.6360069 0.5176636 1.000751 0.98496884 0.25013745 0.5358292 0.99281836 0.9831119
0.61778367 0.5277012 0.52931976 0.5354207 0.14835055 0.14555272 0.14774145 0.5256829 0.05830901 0.07018376 0.0942858 0.62787867 0.09303948 0 0.039945103 0.52810556 0.52749914 0.5331779 0.530536 0.07846504 0.076469176 0.5264896 0.6350735 0.5246758 1.0064689 0.97978103 0.25013745 0.5428079 0.99357027 0.98907024
0.62258476 0.5317542 0.5321607 0.537056 0.15385495 0.1494482 0.15213813 0.52749914 0.06286237 0.07436818 0.09780934 0.62488186 0.09758151 0.039945103 0 0.52931976 0.5289148 0.53480834 0.5317542 0.082472764 0.0802436 0.5277012 0.6374092 0.52608615 1.01146 0.99169195 0.25307453 0.54116 0.990942 0.98869646
0.61256033 0.15152594 0.13878395 0.20965317 0.53195745 0.5287124 0.53256744 0.069634914 0.52952236 0.52729714 0.52628785 0.61391944 0.52346903 0.52810556 0.52931976 0 0.027394261 0.078354016 0.07779916 0.5344004 0.53297436 0.20846385 0.6311194 0.20754011 1.0246727 1.0080011 0.5299277 0.24651696 0.99923354 0.9816297
0.6157354 0.15275083 0.13938582 0.21190482 0.53114486 0.5283078 0.5327709 0.07040341 0.5277012 0.52709514 0.52689326 0.6155082 0.52367 0.52749914 0.5289148 0.027394261 0 0.08013232 0.07924264 0.5335852 0.5321607 0.21163957 0.63554007 0.21071193 1.0258498 1.0091523 0.530536 0.24860357 1.0083846 0.98869646
0.6164175 0.15360944 0.14312829 0.21442941 0.537056 0.5339927 0.53828484 0.078354016 0.532364 0.5339927 0.5350124 0.62006605 0.5301304 0.5331779 0.53480834 0.078354016 0.08013232 0 0.007537752 0.5407486 0.5389 0.21163957 0.6364741 0.21084438 1.0337447 1.0176488 0.5368514 0.24999788 1.0164845 1.0041765
0.6164175 0.15226063 0.14167738 0.21270114 0.5352165 0.532364 0.5368514 0.077244714 0.53033316 0.5317542 0.5333815 0.6198375 0.52931976 0.530536 0.5317542 0.07779916 0.07924264 0.007537752 0 0.5399264 0.53828484 0.21137442 0.6357735 0.2105795 1.0305767 1.0137748 0.5358292 0.2504167 1.0133885 0.99961257
0.62603307 0.5358292 0.5376702 0.5428079 0.15902908 0.15397772 0.15717708 0.53114486 0.079464965 0.06733413 0.10146398 0.63019204 0.10066301 0.07846504 0.082472764 0.5344004 0.5335852 0.5407486 0.5399264 0 0.006124942 0.5327709 0.63998693 0.5321607 1.0133885 0.99734104 0.2551795 0.5450797 1.0034139 1.0053219
0.62373245 0.53480834 0.5356249 0.54177755 0.15656075 0.15164834 0.15508364 0.52972496 0.07713387 0.06536763 0.099977136 0.6267246 0.09883541 0.076469176 0.0802436 0.53297436 0.5321607 0.5389 0.53828484 0.006124942 0 0.53114486 0.6362405 0.530536 1.0110749 0.9939465 0.25321466 0.5423956 1.0011308 1.001891
0.6184676 0.21137442 0.21217017 0.13686118 0.52387106 0.5220636 0.5256829 0.20648582 0.5254814 0.52527994 0.52487713 0.6198375 0.51926064 0.5264896 0.5277012 0.20846385 0.21163957 0.21163957 0.21137442 0.5327709 0.53114486 0 0.63554007 0.0031064244 1.0215429 1.0130024 0.52931976 0.24415912 1.0180373 1.005704
0.5438397 0.6367077 0.63881415 0.64469653 0.64564204 0.63857985 0.63834554 0.6283408 0.63811135 0.6374092 0.63414127 0.28836504 0.6360069 0.6350735 0.6374092 0.6311194 0.63554007 0.6364741 0.6357735 0.63998693 0.6362405 0.63554007 0 0.6334428 1.0049399 0.9808897 0.64328057 0.64540553 1.0141612 0.9845971
0.61778367 0.21031472 0.21084438 0.13578178 0.52306724 0.5204606 0.52447456 0.20582764 0.52367 0.52387106 0.5232681 0.61778367 0.5176636 0.5246758 0.52608615 0.20754011 0.21071193 0.21084438 0.2105795 0.5321607 0.530536 0.0031064244 0.6334428 0 1.0203725 1.0126165 0.52749914 0.2430521 1.0180373 1.0041765
1.002652 1.0188149 1.0266355 1.0219333 1.01069 1.014548 1.0195932 1.0223241 0.99999183 0.9943229 1.0049399 1.0164845 1.000751 1.0064689 1.01146 1.0246727 1.0258498 1.0337447 1.0305767 1.0133885 1.0110749 1.0215429 1.0049399 1.0203725 0 0.2601142 1.0133885 1.0317632 0.55991095 0.5428079
0.98125964 0.99847597 1.01069 1.0045581 0.98645765 0.9958304 0.9977191 1.0095364 0.9831119 0.9738958 0.98683035 0.99357027 0.98496884 0.97978103 0.99169195 1.0080011 1.0091523 1.0176488 1.0137748 0.99734104 0.9939465 1.0130024 0.9808897 1.0126165 0.2601142 0 0.99658537 1.0270288 0.55110216 0.5434268
0.62258476 0.52972496 0.53033316 0.54116 0.24762909 0.2451291 0.24762909 0.53134793 0.25139478 0.25027704 0.2519543 0.6376432 0.25013745 0.25013745 0.25307453 0.5299277 0.530536 0.5368514 0.5358292 0.2551795 0.25321466 0.52931976 0.64328057 0.52749914 1.0133885 0.99658537 0 0.5448729 0.9962078 0.9962078
0.6339084 0.24554518 0.24776822 0.2522342 0.54116 0.5413658 0.5421895 0.2430521 0.53951573 0.54322046 0.54095423 0.6304238 0.5358292 0.5428079 0.54116 0.24651696 0.24860357 0.24999788 0.2504167 0.5450797 0.5423956 0.24415912 0.64540553 0.2430521 1.0317632 1.0270288 0.5448729 0 1.0172604 1.002652
1.0022715 1.0133885 0.9969631 1.0258498 1.0011308 1.0034139 0.9977191 0.99961257 0.9901927 0.9931942 0.9950763 1.0122308 0.99281836 0.99357027 0.990942 0.99923354 1.0083846 1.0164845 1.0133885 1.0034139 1.0011308 1.0180373 1.0141612 1.0180373 0.55991095 0.55110216 0.9962078 1.0172604 0 0.19304249
0.98907024 0.99734104 0.9853408 1.0133885 0.9898184 0.9842255 0.9894442 0.98348296 0.9845971 0.9872032 0.98907024 0.9958304 0.9831119 0.98907024 0.98869646 0.9816297 0.98869646 1.0041765 0.99961257 1.0053219 1.001891 1.005704 0.9845971 1.0041765 0.5428079 0.5434268 0.9962078 1.002652 0.19304249 0
