0 1.0049399 1.0087683 0.99923354 1.0095364 1.0022715 1.0149349 0.99056727 1.0176488 0.99961257 1.0041765 0.7885103 1.0126165 0.9946995 1.0072346 1.01069 1.0037951 1.0011308 0.9943229 0.80529344 0.7936788 1.0133885 0.790803 1.0199828 1.0258498 0.9939465 0.78650993 0.8020814 1.0060863 0.99658537
1.0049399 0 0.7307048 0.72332335 0.7207046 0.7280602 0.7312348 0.70748955 0.723061 0.72991043 0.77546155 0.98794943 0.7902292 0.71627367 0.72253674 0.72489893 0.72832423 0.72885257 0.723061 0.9894442 0.98907024 0.21150698 1.0064689 0.21336539 0.7362889 0.32185742 1.0160967 1.036926 0.25785428 0.72463614
1.0087683 0.7307048 0 0.21389721 0.21110934 0.17540063 0.17755163 0.20622247 0.36046484 0.35723764 0.7687426 0.96334505 0.7743376 0.3551474 0.35114396 0.21656199 0.2093887 0.35739866 0.35691568 0.99545324 0.99056727 0.7394986 1.0045581 0.7325615 0.3562722 0.7275324 0.9969631 1.0199828 0.7344229 0.25743133
0.99923354 0.72332335 0.21389721 0 0.17793186 0.21005002 0.21296677 0.17287792 0.36338124 0.36224574 0.7734957 0.97573 0.77884376 0.34684414 0.3493892 0.18340309 0.17958175 0.35194293 0.35306293 0.99281836 0.9860852 0.732296 1.0034139 0.7301751 0.35114396 0.72253674 0.9950763 1.0211525 0.7165336 0.25181437
1.0095364 0.7207046 0.21110934 0.17793186 0 0.20754011 0.20754011 0.16423915 0.35852686 0.356433 0.7765873 0.9924427 0.7796917 0.34130672 0.34589195 0.1750217 0.17086585 0.34795654 0.3501863 1.0049399 0.9943229 0.7400349 1.01146 0.7365559 0.35306293 0.721751 0.99734104 1.0254573 0.7243734 0.25391582
1.0022715 0.7280602 0.17540063 0.21005002 0.20754011 0 0.13207571 0.204513 0.35949522 0.35578993 0.7706961 0.97426224 0.77209455 0.3481156 0.3463679 0.21270114 0.20635414 0.35354343 0.3541846 0.99281836 0.98645765 0.7376246 1.0053219 0.73149997 0.34986734 0.7243734 1.0080011 1.0258498 0.71601385 0.25349504
1.0149349 0.7312348 0.17755163 0.21296677 0.20754011 0.13207571 0 0.20477574 0.36030313 0.35852686 0.7609791 0.96769285 0.7640195 0.35146344 0.34700292 0.21642852 0.20806782 0.354345 0.35226277 0.9980974 0.9920673 0.7419149 1.0003713 0.73815954 0.3524227 0.7296458 1.0053219 1.033348 0.7251619 0.25377554
0.99056727 0.70748955 0.20622247 0.17287792 0.16423915 0.204513 0.20477574 0 0.35322306 0.3541846 0.762636 0.97170067 0.76651627 0.34067646 0.3425688 0.1341058 0.12696517 0.34922987 0.34605056 0.98794943 0.9764649 0.71887696 0.99885464 0.71627367 0.34668535 0.7087749 0.9950763 1.0188149 0.70415795 0.24707282
1.0176488 0.723061 0.36046484 0.36338124 0.35852686 0.35949522 0.36030313 0.35322306 0 0.12981327 0.7734957 0.9673296 0.7802575 0.27786312 0.27670524 0.36240783 0.35707664 0.282804 0.2803295 0.9691478 0.9706055 0.7275324 0.99923354 0.7251619 0.356433 0.7243734 1.0045581 1.0242808 0.71783453 0.35675475
0.99961257 0.72991043 0.35723764 0.36224574 0.356433 0.35578993 0.35852686 0.3541846 0.12981327 0 0.7729349 0.95794547 0.77856135 0.27974844 0.28120193 0.36111194 0.35804313 0.28324157 0.28163853 0.95794547 0.9565121 0.7365559 0.99545324 0.7328271 0.35739866 0.7209661 0.99961257 1.0137748 0.72148925 0.35965672
1.0041765 0.77546155 0.7687426 0.7734957 0.7765873 0.7706961 0.7609791 0.762636 0.7734957 0.7729349 0 0.9779369 0.10467647 0.7845149 0.78082377 0.776869 0.776869 0.7802575 0.778279 0.9779369 0.9713354 0.76846397 1.0080011 0.7726547 0.78394586 0.7862246 0.9831119 1.001891 0.7802575 0.7676286
0.7885103 0.98794943 0.96334505 0.97573 0.9924427 0.97426224 0.96769285 0.97170067 0.9673296 0.95794547 0.9779369 0 0.9901927 0.96406794 0.9727974 0.9894442 0.97499573 0.96479154 0.9698763 0.4297031 0.43325844 0.98348296 0.43575725 0.9860852 0.9801504 0.9790429 0.50422454 0.51646805 0.9943229 0.98348296
1.0126165 0.7902292 0.7743376 0.77884376 0.7796917 0.77209455 0.7640195 0.76651627 0.7802575 0.77856135 0.10467647 0.9901927 0 0.78994244 0.78565425 0.78708094 0.782809 0.78508437 0.78394586 0.9901927 0.98496884 0.7822413 1.0160967 0.7890828 0.78337723 0.79627645 0.99847597 1.014548 0.7913773 0.7737762
0.9946995 0.71627367 0.3551474 0.34684414 0.34130672 0.3481156 0.35146344 0.34067646 0.27786312 0.27974844 0.7845149 0.96406794 0.78994244 0 0.097239904 0.34891135 0.34304264 0.13338867 0.13602151 0.97426224 0.9764649 0.7307048 0.98794943 0.7307048 0.35370368 0.7227989 0.9898184 1.0130024 0.71161044 0.3477975
1.0072346 0.72253674 0.35114396 0.3493892 0.34589195 0.3463679 0.34700292 0.3425688 0.27670524 0.28120193 0.78082377 0.9727974 0.78565425 0.097239904 0 0.35194293 0.34462425 0.13374715 0.13506305 0.9783054 0.9779369 0.7341567 0.9939465 0.7325615 0.3562722 0.7220128 0.9801504 1.0095364 0.70928967 0.34589195
1.01069 0.72489893 0.21656199 0.18340309 0.1750217 0.21270114 0.21642852 0.1341058 0.36240783 0.36111194 0.776869 0.9894442 0.78708094 0.34891135 0.35194293 0 0.06210155 0.35804313 0.356433 1.000751 0.9924427 0.7330929 1.0137748 0.72779626 0.35675475 0.718095 1.0049399 1.0417235 0.71627367 0.25532004
1.0037951 0.72832423 0.2093887 0.17958175 0.17086585 0.20635414 0.20806782 0.12696517 0.35707664 0.35804313 0.776869 0.97499573 0.782809 0.34304264 0.34462425 0.06210155 0 0.35178307 0.35002682 0.9977191 0.9894442 0.7336246 1.0045581 0.72779626 0.34907058 0.7254249 0.9980974 1.0286036 0.7175742 0.24916099
1.0011308 0.72885257 0.35739866 0.35194293 0.34795654 0.35354343 0.354345 0.34922987 0.282804 0.28324157 0.7802575 0.96479154 0.78508437 0.13338867 0.13374715 0.35804313 0.35178307 0 0.059498888 0.9779369 0.97867405 0.74057156 0.99658537 0.73842716 0.35611138 0.72832423 0.98757625 1.0060863 0.71992075 0.34986734
0.9943229 0.723061 0.35691568 0.35306293 0.3501863 0.3541846 0.35226277 0.34605056 0.2803295 0.28163853 0.778279 0.9698763 0.78394586 0.13602151 0.13506305 0.356433 0.35002682 0.059498888 0 0.97024083 0.9713354 0.73709005 0.99961257 0.7344229 0.3545054 0.7267414 0.98645765 1.0022715 0.71835554 0.35114396
0.80529344 0.9894442 0.99545324 0.99281836 1.0049399 0.99281836 0.9980974 0.98794943 0.9691478 0.95794547 0.9779369 0.4297031 0.9901927 0.97426224 0.9783054 1.000751 0.9977191 0.9779369 0.97024083 0 0.043645684 0.9980974 0.42299402 0.99961257 0.99056727 0.9790429 0.513091 0.52246493 0.9946995 1.005704
0.7936788 0.98907024 0.99056727 0.9860852 0.9943229 0.98645765 0.9920673 0.9764649 0.9706055 0.9565121 0.9713354 0.43325844 0.98496884 0.9764649 0.9779369 0.9924427 0.9894442 0.97867405 0.9713354 0.043645684 0 0.99658537 0.42440146 0.9943229 0.98794943 0.9727974 0.5113093 0.52226424 0.99281836 0.9969631
1.0133885 0.21150698 0.7394986 0.732296 0.7400349 0.7376246 0.7419149 0.71887696 0.7275324 0.7365559 0.76846397 0.98348296 0.7822413 0.7307048 0.7341567 0.7330929 0.7336246 0.74057156 0.73709005 0.9980974 0.99658537 0 1.0223241 0.03615775 0.7446089 0.3165008 1.0060863 1.015322 0.2548985 0.73149997
0.790803 1.0064689 1.0045581 1.0034139 1.01146 1.0053219 1.0003713 0.99885464 0.99923354 0.99545324 1.0080011 0.43575725 1.0160967 0.98794943 0.9939465 1.0137748 1.0045581 0.99658537 0.99961257 0.42299402 0.42440146 1.0223241 0 1.025065 1.0037951 1.0030329 0.52226424 0.5299277 1.0258498 1.0091523
1.0199828 0.21336539 0.7325615 0.7301751 0.7365559 0.73149997 0.73815954 0.71627367 0.7251619 0.7328271 0.7726547 0.9860852 0.7890828 0.7307048 0.7325615 0.72779626 0.72779626 0.73842716 0.7344229 0.99961257 0.9943229 0.03615775 1.025065 0 0.7427221 0.31558636 1.0037951 1.0176488 0.2575723 0.72885257
1.0258498 0.7362889 0.3562722 0.35114396 0.35306293 0.34986734 0.3524227 0.34668535 0.356433 0.35739866 0.78394586 0.9801504 0.78337723 0.35370368 0.3562722 0.35675475 0.34907058 0.35611138 0.3545054 0.99056727 0.98794943 0.7446089 1.0037951 0.7427221 0 0.7459595 1.0215429 1.0373245 0.7309697 0.3501863
0.9939465 0.32185742 0.7275324 0.72253674 0.721751 0.7243734 0.7296458 0.7087749 0.7243734 0.7209661 0.7862246 0.9790429 0.79627645 0.7227989 0.7220128 0.718095 0.7254249 0.72832423 0.7267414 0.9790429 0.9727974 0.3165008 1.0030329 0.31558636 0.7459595 0 0.97170067 0.99169195 0.3172637 0.7222747
0.78650993 1.0160967 0.9969631 0.9950763 0.99734104 1.0080011 1.0053219 0.9950763 1.0045581 0.99961257 0.9831119 0.50422454 0.99847597 0.9898184 0.9801504 1.0049399 0.9980974 0.98757625 0.98645765 0.513091 0.5113093 1.0060863 0.52226424 1.0037951 1.0215429 0.97170067 0 0.29604226 0.9962078 1.0037951
0.8020814 1.036926 1.0199828 1.0211525 1.0254573 1.0258498 1.033348 1.0188149 1.0242808 1.0137748 1.001891 0.51646805 1.014548 1.0130024 1.0095364 1.0417235 1.0286036 1.0060863 1.0022715 0.52246493 0.52226424 1.015322 0.5299277 1.0176488 1.0373245 0.99169195 0.29604226 0 1.014548 1.025065
1.0060863 0.25785428 0.7344229 0.7165336 0.7243734 0.71601385 0.7251619 0.70415795 0.71783453 0.72148925 0.7802575 0.9943229 0.7913773 0.71161044 0.70928967 0.71627367 0.7175742 0.71992075 0.71835554 0.9946995 0.99281836 0.2548985 1.0258498 0.2575723 0.7309697 0.3172637 0.9962078 1.014548 0 0.72018194
0.99658537 0.72463614 0.25743133 0.25181437 0.25391582 0.25349504 0.25377554 0.24707282 0.35675475 0.35965672 0.7676286 0.98348296 0.7737762 0.3477975 0.34589195 0.25532004 0.24916099 0.34986734 0.35114396 1.005704 0.9969631 0.73149997 1.0091523 0.72885257 0.3501863 0.7222747 1.0037951 1.025065 0.72018194 0
