0 0.9920673 0.9853408 1.0242808 1.0118452 1.0041765 1.0003713 1.0022715 1.0313674 1.0329514 1.0199828 1.0172604 1.014548 1.0349361 1.0289978 0.98832285 0.99658537 1.0385218 1.0417235 1.0373245 1.0449389 1.0172604 1.0211525 1.018426 1.0083846 1.0099207 0.99923354 1.0286036 1.0262426 1.0164845
0.9920673 0 0.13902465 0.71032023 0.69576657 0.14349145 0.51388425 0.51170486 0.7419149 0.74353015 0.7301751 0.5044204 0.7330929 0.75138646 0.7494826 0.1457956 0.14264435 0.7309697 0.72858834 0.7241107 0.7275324 0.7175742 0.7275324 0.71887696 0.7005865 0.6927383 0.7386949 0.72044325 0.7330929 0.7293813
0.9853408 0.13902465 0 0.70390224 0.69097745 0.13854334 0.5069718 0.50363714 0.7362889 0.7362889 0.7264779 0.49643022 0.72858834 0.7473126 0.74622995 0.13830279 0.13746151 0.7296458 0.72726864 0.7220128 0.72489893 0.7191378 0.72832423 0.71992075 0.6982995 0.68397504 0.7296458 0.71627367 0.72726864 0.7222747
1.0242808 0.71032023 0.70390224 0 0.13482362 0.70903224 0.7105781 0.70954716 0.75960124 0.7631891 0.75603044 0.6904751 0.7587757 0.76623845 0.76457363 0.70774645 0.70928967 0.75712734 0.7554826 0.75138646 0.7563045 0.7397667 0.7483968 0.7408401 0.46585247 0.4673428 0.74975425 0.73789203 0.74406934 0.7618071
1.0118452 0.69576657 0.69097745 0.13482362 0 0.6993151 0.6988071 0.69349426 0.7563045 0.75138646 0.742453 0.68049824 0.74353015 0.75411475 0.75466156 0.69349426 0.6962725 0.74110866 0.74030316 0.7365559 0.74057156 0.72858834 0.7376246 0.72779626 0.45495194 0.46158424 0.73575526 0.72726864 0.7320306 0.7486681
1.0041765 0.14349145 0.13854334 0.70903224 0.6993151 0 0.5050084 0.50598943 0.74622995 0.7522039 0.7354886 0.5050084 0.7368229 0.75822586 0.75411475 0.13650121 0.13458428 0.7386949 0.7400349 0.7328271 0.73709005 0.71032023 0.7394986 0.7105781 0.6993151 0.6894714 0.73522204 0.71601385 0.73709005 0.7291169
1.0003713 0.51388425 0.5069718 0.7105781 0.6988071 0.5050084 0 0.08236115 0.75493515 0.74541897 0.7317652 0.4163444 0.73923063 0.75493515 0.7554826 0.5166672 0.51547325 0.7376246 0.7336246 0.72858834 0.7354886 0.7312348 0.732296 0.732296 0.6945033 0.69906104 0.7341567 0.7312348 0.7446089 0.74514884
1.0022715 0.51170486 0.50363714 0.70954716 0.69349426 0.50598943 0.08236115 0 0.7532952 0.7427221 0.73923063 0.41878742 0.7486681 0.7511142 0.7554826 0.51487696 0.5132893 0.7456892 0.742453 0.7362889 0.7437997 0.7346892 0.7448788 0.7368229 0.6874681 0.6892207 0.7346892 0.72700495 0.7478545 0.75302225
1.0313674 0.7419149 0.7362889 0.75960124 0.7563045 0.74622995 0.75493515 0.7532952 0 0.06941549 0.40031484 0.7565787 0.39844134 0.09156923 0.08874989 0.7486681 0.7419149 0.4837441 0.4837441 0.47956264 0.48070073 0.75165886 0.4761587 0.7554826 0.7243734 0.72726864 0.48679987 0.7459595 0.4731459 0.3925111
1.0329514 0.74353015 0.7362889 0.7631891 0.75138646 0.7522039 0.74541897 0.7427221 0.06941549 0 0.39946267 0.7481256 0.39929235 0.09134329 0.08931291 0.7494826 0.7427221 0.48184055 0.4829821 0.4771027 0.4788049 0.74921095 0.47918367 0.7535683 0.7207046 0.72148925 0.48852423 0.74622995 0.4788049 0.39521626
1.0199828 0.7301751 0.7264779 0.75603044 0.742453 0.7354886 0.7317652 0.73923063 0.40031484 0.39946267 0 0.74433905 0.059823725 0.40219304 0.40579182 0.73575526 0.7333587 0.47559288 0.47785875 0.47333384 0.47427428 0.7593259 0.4761587 0.762636 0.7346892 0.72858834 0.47823706 0.75138646 0.47370988 0.23057352
1.0172604 0.5044204 0.49643022 0.6904751 0.68049824 0.5050084 0.4163444 0.41878742 0.7565787 0.7481256 0.74433905 0 0.750842 0.76374257 0.7565787 0.5038329 0.5040287 0.7338906 0.7312348 0.7280602 0.7320306 0.73815954 0.7421839 0.7397667 0.6867182 0.6869681 0.7341567 0.7338906 0.7429914 0.75520885
1.014548 0.7330929 0.72858834 0.7587757 0.74353015 0.7368229 0.73923063 0.7486681 0.39844134 0.39929235 0.059823725 0.750842 0 0.40168035 0.4039046 0.7362889 0.7338906 0.48051092 0.4826014 0.47823706 0.47956264 0.75767636 0.472958 0.75960124 0.7344229 0.72384816 0.48127043 0.7519313 0.4788049 0.22758764
1.0349361 0.75138646 0.7473126 0.76623845 0.75411475 0.75822586 0.75493515 0.7511142 0.09156923 0.09134329 0.40219304 0.76374257 0.40168035 0 0.042057484 0.7574018 0.75138646 0.48450688 0.48450688 0.48013148 0.48070073 0.761255 0.48089057 0.76540554 0.7291169 0.7251619 0.48679987 0.7486681 0.47823706 0.39691195
1.0289978 0.7494826 0.74622995 0.76457363 0.75466156 0.75411475 0.7554826 0.7554826 0.08874989 0.08931291 0.40579182 0.7565787 0.4039046 0.042057484 0 0.75466156 0.7486681 0.4869913 0.48718274 0.4826014 0.4843161 0.75520885 0.48013148 0.7601521 0.7330929 0.72832423 0.49121448 0.74893945 0.47937313 0.39538565
0.98832285 0.1457956 0.13830279 0.70774645 0.69349426 0.13650121 0.5166672 0.51487696 0.7486681 0.7494826 0.73575526 0.5038329 0.7362889 0.7574018 0.75466156 0 0.02480573 0.7243734 0.72384816 0.72044325 0.72332335 0.7175742 0.732296 0.7196597 0.6907262 0.6892207 0.73495555 0.7262145 0.7317652 0.7362889
0.99658537 0.14264435 0.13746151 0.70928967 0.6962725 0.13458428 0.51547325 0.5132893 0.7419149 0.7427221 0.7333587 0.5040287 0.7338906 0.75138646 0.7486681 0.02480573 0 0.7254249 0.7243734 0.7207046 0.7243734 0.7175742 0.72991043 0.71992075 0.69022405 0.6849714 0.7333587 0.72384816 0.7293813 0.73495555
1.0385218 0.7309697 0.7296458 0.75712734 0.74110866 0.7386949 0.7376246 0.7456892 0.4837441 0.48184055 0.47559288 0.7338906 0.48051092 0.48450688 0.4869913 0.7243734 0.7254249 0 0.024702376 0.022020116 0.022638248 0.7427221 0.38998386 0.7429914 0.74057156 0.72858834 0.30725548 0.75056994 0.24651696 0.4822209
1.0417235 0.72858834 0.72726864 0.7554826 0.74030316 0.7400349 0.7336246 0.742453 0.4837441 0.4829821 0.47785875 0.7312348 0.4826014 0.48450688 0.48718274 0.72384816 0.7243734 0.024702376 0 0.020477012 0.021196732 0.7397667 0.3866274 0.74030316 0.7400349 0.72568804 0.3062018 0.74893945 0.24679483 0.4797522
1.0373245 0.7241107 0.7220128 0.75138646 0.7365559 0.7328271 0.72858834 0.7362889 0.47956264 0.4771027 0.47333384 0.7280602 0.47823706 0.48013148 0.4826014 0.72044325 0.7207046 0.022020116 0.020477012 0 0.012503651 0.7386949 0.3836194 0.7389627 0.7354886 0.72148925 0.30379888 0.7456892 0.24457467 0.47634742
1.0449389 0.7275324 0.72489893 0.7563045 0.74057156 0.73709005 0.7354886 0.7437997 0.48070073 0.4788049 0.47427428 0.7320306 0.47956264 0.48070073 0.4843161 0.72332335 0.7243734 0.022638248 0.021196732 0.012503651 0 0.7419149 0.3856234 0.742453 0.73575526 0.7235857 0.30560035 0.75302225 0.2451291 0.48051092
1.0172604 0.7175742 0.7191378 0.7397667 0.72858834 0.71032023 0.7312348 0.7346892 0.75165886 0.74921095 0.7593259 0.73815954 0.75767636 0.761255 0.75520885 0.7175742 0.7175742 0.7427221 0.7397667 0.7386949 0.7419149 0 0.74057156 0.006730106 0.7338906 0.7368229 0.7400349 0.24790739 0.7522039 0.75165886
1.0211525 0.7275324 0.72832423 0.7483968 0.7376246 0.7394986 0.732296 0.7448788 0.4761587 0.47918367 0.4761587 0.7421839 0.472958 0.48089057 0.48013148 0.732296 0.72991043 0.38998386 0.3866274 0.3836194 0.3856234 0.74057156 0 0.74057156 0.7397667 0.72332335 0.39963302 0.74433905 0.3930176 0.4660386
1.018426 0.71887696 0.71992075 0.7408401 0.72779626 0.7105781 0.732296 0.7368229 0.7554826 0.7535683 0.762636 0.7397667 0.75960124 0.76540554 0.7601521 0.7196597 0.71992075 0.7429914 0.74030316 0.7389627 0.742453 0.006730106 0.74057156 0 0.7317652 0.7365559 0.7400349 0.24804658 0.7519313 0.7554826
1.0083846 0.7005865 0.6982995 0.46585247 0.45495194 0.6993151 0.6945033 0.6874681 0.7243734 0.7207046 0.7346892 0.6867182 0.7344229 0.7291169 0.7330929 0.6907262 0.69022405 0.74057156 0.7400349 0.7354886 0.73575526 0.7338906 0.7397667 0.7317652 0 0.30951837 0.7309697 0.72489893 0.7346892 0.74622995
1.0099207 0.6927383 0.68397504 0.4673428 0.46158424 0.6894714 0.69906104 0.6892207 0.72726864 0.72148925 0.72858834 0.6869681 0.72384816 0.7251619 0.72832423 0.6892207 0.6849714 0.72858834 0.72568804 0.72148925 0.7235857 0.7368229 0.72332335 0.7365559 0.30951837 0 0.7262145 0.7241107 0.72463614 0.7309697
0.99923354 0.7386949 0.7296458 0.74975425 0.73575526 0.73522204 0.7341567 0.7346892 0.48679987 0.48852423 0.47823706 0.7341567 0.48127043 0.48679987 0.49121448 0.73495555 0.7333587 0.30725548 0.3062018 0.30379888 0.30560035 0.7400349 0.39963302 0.7400349 0.7309697 0.7262145 0 0.7408401 0.30349907 0.47597006
1.0286036 0.72044325 0.71627367 0.73789203 0.72726864 0.71601385 0.7312348 0.72700495 0.7459595 0.74622995 0.75138646 0.7338906 0.7519313 0.7486681 0.74893945 0.7262145 0.72384816 0.75056994 0.74893945 0.7456892 0.75302225 0.24790739 0.74433905 0.24804658 0.72489893 0.7241107 0.7408401 0 0.7494826 0.74704176
1.0262426 0.7330929 0.72726864 0.74406934 0.7320306 0.73709005 0.7446089 0.7478545 0.4731459 0.4788049 0.47370988 0.7429914 0.4788049 0.47823706 0.47937313 0.7317652 0.7293813 0.24651696 0.24679483 0.24457467 0.2451291 0.7522039 0.3930176 0.7519313 0.7346892 0.72463614 0.30349907 0.7494826 0 0.47729164
1.0164845 0.7293813 0.7222747 0.7618071 0.7486681 0.7291169 0.74514884 0.75302225 0.3925111 0.39521626 0.23057352 0.75520885 0.22758764 0.39691195 0.39538565 0.7362889 0.73495555 0.4822209 0.4797522 0.47634742 0.48051092 0.75165886 0.4660386 0.7554826 0.74622995 0.7309697 0.47597006 0.74704176 0.47729164 0
