0 0.99169195 0.97170067 0.97024083 0.99056727 0.99923354 0.98645765 0.9783054 0.97243166 0.9801504 1.0064689 0.7862246 1.0289978 0.9669665 0.9816297 0.97609735 0.97499573 0.9931942 0.9962078 1.0041765 0.9958304 0.97867405 0.96298385 0.97867405 1.0083846 1.014548 0.98869646 0.9857129 0.99545324 1.0049399
0.99169195 0 0.48679987 0.4822209 0.81294054 0.81353205 0.58785117 0.5997702 0.9242792 0.91643286 0.7296458 0.99847597 0.7227989 0.73842716 0.742453 0.58544624 0.5957761 0.24665588 0.25083572 0.9388226 0.9402225 0.9259958 0.91983426 0.93116945 0.5933457 0.94127417 0.932902 0.2649392 0.5926842 0.5920233
0.97170067 0.48679987 0 0.23822805 0.8082254 0.7913773 0.58435565 0.59533364 0.8940332 0.89667284 0.7354886 0.98496884 0.73495555 0.7456892 0.75466156 0.58697575 0.59246385 0.48890796 0.49121448 0.9388226 0.9346385 0.8983274 0.890091 0.9053166 0.5948914 0.9353342 0.90098226 0.49662408 0.5847917 0.5902638
0.97024083 0.4822209 0.23822805 0 0.811759 0.7945437 0.58544624 0.59444946 0.89304566 0.90398026 0.73735726 0.98757625 0.7341567 0.7478545 0.7478545 0.5808764 0.59224355 0.491022 0.491022 0.93672764 0.94127417 0.89932185 0.8910746 0.9073255 0.6006607 0.93777436 0.903313 0.493142 0.5971051 0.59910303
0.99056727 0.81294054 0.8082254 0.811759 0 0.19849518 0.7905161 0.8096957 0.9297863 0.9205164 0.8275679 1.0168724 0.8269652 0.8082254 0.81234956 0.7913773 0.79252714 0.82276016 0.8242593 0.9249654 0.9123715 0.93987226 0.9249654 0.9395222 0.8209652 0.9229087 0.93324894 0.82276016 0.8203678 0.8088132
0.99923354 0.81353205 0.7913773 0.7945437 0.19849518 0 0.7757428 0.7956984 0.9263396 0.92840576 0.82276016 1.0068517 0.81768554 0.79743385 0.79743385 0.7779968 0.7791263 0.8099901 0.80910724 0.9184719 0.90933985 0.9322085 0.9249654 0.9304776 0.80851924 0.91779155 0.92909575 0.8099901 0.811759 0.79540956
0.98645765 0.58785117 0.58435565 0.58544624 0.7905161 0.7757428 0 0.20097494 0.9232511 0.91915274 0.7152349 0.98907024 0.7173139 0.75384146 0.75603044 0.19304249 0.19823462 0.58610135 0.5889469 0.9370764 0.9253087 0.928061 0.9130469 0.929441 0.46343702 0.9304776 0.93324894 0.58982456 0.46362254 0.4578924
0.9783054 0.5997702 0.59533364 0.59444946 0.8096957 0.7956984 0.20097494 0 0.9256522 0.9174517 0.71367943 0.9842255 0.72489893 0.76512814 0.76429653 0.16986184 0.17300387 0.59444946 0.5948914 0.9402225 0.9304776 0.9096761 0.9123715 0.91169673 0.4656664 0.931862 0.92085767 0.6033384 0.4628807 0.46121424
0.97243166 0.9242792 0.8940332 0.89304566 0.9297863 0.9263396 0.9232511 0.9256522 0 0.15128121 0.93082345 0.97720057 0.9349863 0.9106857 0.9150766 0.90766084 0.91949344 0.92119914 0.908332 0.6892207 0.6874681 0.5649914 0.5504769 0.5677578 0.9229087 0.6869681 0.30454898 0.9019803 0.92119914 0.9063204
0.9801504 0.91643286 0.89667284 0.90398026 0.9205164 0.92840576 0.91915274 0.9174517 0.15128121 0 0.9353342 0.9775687 0.9433819 0.91541547 0.91711193 0.8996537 0.91203403 0.9150766 0.90933985 0.69855326 0.6927383 0.55991095 0.5575939 0.56054413 0.9222244 0.682483 0.30020893 0.9110226 0.9253087 0.91203403
1.0064689 0.7296458 0.7354886 0.73735726 0.8275679 0.82276016 0.7152349 0.71367943 0.93082345 0.9353342 0 1.0149349 0.14969234 0.7853693 0.7805406 0.7157541 0.7227989 0.7448788 0.74164605 0.92909575 0.93568236 0.92840576 0.93255514 0.93255514 0.7251619 0.9342909 0.94514287 0.7473126 0.72991043 0.7312348
0.7862246 0.99847597 0.98496884 0.98757625 1.0168724 1.0068517 0.98907024 0.9842255 0.97720057 0.9775687 1.0149349 0 1.014548 0.97978103 0.98832285 0.9831119 0.97720057 1.0034139 0.9943229 1.0015109 0.98907024 0.9691478 0.96406794 0.98051995 0.9860852 0.9768326 0.9962078 0.99357027 0.98645765 0.990942
1.0289978 0.7227989 0.73495555 0.7341567 0.8269652 0.81768554 0.7173139 0.72489893 0.9349863 0.9433819 0.14969234 1.014548 0 0.7945437 0.79223955 0.714716 0.71992075 0.74030316 0.7429914 0.9349863 0.9346385 0.9402225 0.9342909 0.94373375 0.72858834 0.92154074 0.94549555 0.74406934 0.7304399 0.72832423
0.9669665 0.73842716 0.7456892 0.7478545 0.8082254 0.79743385 0.75384146 0.76512814 0.9106857 0.91541547 0.7853693 0.97978103 0.7945437 0 0.12400984 0.7432607 0.74921095 0.75002605 0.7429914 0.91711193 0.91915274 0.91473794 0.90498227 0.9150766 0.75822586 0.91541547 0.93847305 0.7397667 0.75411475 0.74514884
0.9816297 0.742453 0.75466156 0.7478545 0.81234956 0.79743385 0.75603044 0.76429653 0.9150766 0.91711193 0.7805406 0.98832285 0.79223955 0.12400984 0 0.74514884 0.74622995 0.7532952 0.7486681 0.91439945 0.9113596 0.9304776 0.90565103 0.93116945 0.76651627 0.9174517 0.9370764 0.7459595 0.7623596 0.75056994
0.97609735 0.58544624 0.58697575 0.5808764 0.7913773 0.7779968 0.19304249 0.16986184 0.90766084 0.8996537 0.7157541 0.9831119 0.714716 0.7432607 0.74514884 0 0.122595415 0.58938557 0.5871945 0.9263396 0.9133848 0.91643286 0.9110226 0.91915274 0.45605326 0.91169673 0.9069903 0.5902638 0.458445 0.45421863
0.97499573 0.5957761 0.59246385 0.59224355 0.79252714 0.7791263 0.19823462 0.17300387 0.91949344 0.91203403 0.7227989 0.97720057 0.71992075 0.74921095 0.74622995 0.122595415 0 0.591363 0.5926842 0.9249654 0.91643286 0.92393637 0.9069903 0.92393637 0.46492255 0.91169673 0.91949344 0.60222155 0.4628807 0.45531887
0.9931942 0.24665588 0.48890796 0.491022 0.82276016 0.8099901 0.58610135 0.59444946 0.92119914 0.9150766 0.7448788 1.0034139 0.74030316 0.75002605 0.7532952 0.58938557 0.591363 0 0.112419814 0.94162506 0.94549555 0.93082345 0.9259958 0.9391723 0.5964403 0.946908 0.9322085 0.26822084 0.58982456 0.5982144
0.9962078 0.25083572 0.49121448 0.491022 0.8242593 0.80910724 0.5889469 0.5948914 0.908332 0.90933985 0.74164605 0.9943229 0.7429914 0.7429914 0.7486681 0.5871945 0.5926842 0.112419814 0 0.92840576 0.9395222 0.90766084 0.91169673 0.91169673 0.59092313 0.931862 0.9160936 0.2699387 0.59312516 0.5966618
1.0041765 0.9388226 0.9388226 0.93672764 0.9249654 0.9184719 0.9370764 0.9402225 0.6892207 0.69855326 0.92909575 1.0015109 0.9349863 0.91711193 0.91439945 0.9263396 0.9249654 0.94162506 0.92840576 0 0.10444655 0.68397504 0.66359407 0.6892207 0.9402225 0.31315327 0.6962725 0.9218825 0.93568236 0.9391723
0.9958304 0.9402225 0.9346385 0.94127417 0.9123715 0.90933985 0.9253087 0.9304776 0.6874681 0.6927383 0.93568236 0.98907024 0.9346385 0.91915274 0.9113596 0.9133848 0.91643286 0.94549555 0.9395222 0.10444655 0 0.6894714 0.66335183 0.69097745 0.92771643 0.31482518 0.69198316 0.93568236 0.92771643 0.927372
0.97867405 0.9259958 0.8983274 0.89932185 0.93987226 0.9322085 0.928061 0.9096761 0.5649914 0.55991095 0.92840576 0.9691478 0.9402225 0.91473794 0.9304776 0.91643286 0.92393637 0.93082345 0.90766084 0.68397504 0.6894714 0 0.56096655 0.031033278 0.90900373 0.6869681 0.57827747 0.90799636 0.9150766 0.9123715
0.96298385 0.91983426 0.890091 0.8910746 0.9249654 0.9249654 0.9130469 0.9123715 0.5504769 0.5575939 0.93255514 0.96406794 0.9342909 0.90498227 0.90565103 0.9110226 0.9069903 0.9259958 0.91169673 0.66359407 0.66335183 0.56096655 0 0.5641423 0.9184719 0.6770375 0.55801463 0.910349 0.9096761 0.8920595
0.97867405 0.93116945 0.9053166 0.9073255 0.9395222 0.9304776 0.929441 0.91169673 0.5677578 0.56054413 0.93255514 0.98051995 0.94373375 0.9150766 0.93116945 0.91915274 0.92393637 0.9391723 0.91169673 0.6892207 0.69097745 0.031033278 0.5641423 0 0.9127091 0.6887196 0.58065945 0.9127091 0.91779155 0.91915274
1.0083846 0.5933457 0.5948914 0.6006607 0.8209652 0.80851924 0.46343702 0.4656664 0.9229087 0.9222244 0.7251619 0.9860852 0.72858834 0.75822586 0.76651627 0.45605326 0.46492255 0.5964403 0.59092313 0.9402225 0.92771643 0.90900373 0.9184719 0.9127091 0 0.93255514 0.9287507 0.59246385 0.32601598 0.32093644
1.014548 0.94127417 0.9353342 0.93777436 0.9229087 0.91779155 0.9304776 0.931862 0.6869681 0.682483 0.9342909 0.9768326 0.92154074 0.91541547 0.9174517 0.91169673 0.91169673 0.946908 0.931862 0.31315327 0.31482518 0.6869681 0.6770375 0.6887196 0.93255514 0 0.6795078 0.9388226 0.9270277 0.9205164
0.98869646 0.932902 0.90098226 0.903313 0.93324894 0.92909575 0.93324894 0.92085767 0.30454898 0.30020893 0.94514287 0.9962078 0.94549555 0.93847305 0.9370764 0.9069903 0.91949344 0.9322085 0.9160936 0.6962725 0.69198316 0.57827747 0.55801463 0.58065945 0.9287507 0.6795078 0 0.91949344 0.9184719 0.9150766
0.9857129 0.2649392 0.49662408 0.493142 0.82276016 0.8099901 0.58982456 0.6033384 0.9019803 0.9110226 0.7473126 0.99357027 0.74406934 0.7397667 0.7459595 0.5902638 0.60222155 0.26822084 0.2699387 0.9218825 0.93568236 0.90799636 0.910349 0.9127091 0.59246385 0.9388226 0.91949344 0 0.58435565 0.5997702
0.99545324 0.5926842 0.5847917 0.5971051 0.8203678 0.811759 0.46362254 0.4628807 0.92119914 0.9253087 0.72991043 0.98645765 0.7304399 0.75411475 0.7623596 0.458445 0.4628807 0.58982456 0.59312516 0.93568236 0.92771643 0.9150766 0.9096761 0.91779155 0.32601598 0.9270277 0.9184719 0.58435565 0 0.24888222
1.0049399 0.5920233 0.5902638 0.59910303 0.8088132 0.79540956 0.4578924 0.46121424 0.9063204 0.91203403 0.7312348 0.990942 0.72832423 0.74514884 0.75056994 0.45421863 0.45531887 0.5982144 0.5966618 0.9391723 0.927372 0.9123715 0.8920595 0.91915274 0.32093644 0.9205164 0.9150766 0.5997702 0.24888222 0
