0 0.988245309097692 1.79107203753665 1.40364412311465 1.8899385787081 1.10552285634913 1.37039832398295 1.68836742383428 1.37254228605889 1.77625528676435 1.64781593205407 1.08314906130545 1.07001316384412 1.78688091924414 1.22883750149049 1.2508890144527 1.64909189031459 1.30292990547605 0.980876307236031 0.993334654951468 1.10856851283461 1.23612304753624 1.77727196668275 0.966318191960454 1.914770482108 0.957964182831347 1.12224796367809 1.91712510772049 1.28674889169633 1.06060864939354
0.988245309097692 0 1.50148701528087 1.31186303589493 1.6687624072656 1.61966162733734 1.44873492303304 1.9287062950898 1.77118850406259 1.82448385516182 1.39805908105336 0.95546787395142 1.24419348617084 1.2424840319436 1.69381423061714 1.21992295980453 1.79865803103894 1.76200780109502 1.77039774041623 0.953676812117919 1.18839443684556 1.77993005234748 1.89554866938852 1.88016268564388 1.80217110202648 1.2255815686658 1.91516043571755 1.48763791145757 1.89911367720924 1.56403193832375
1.79107203753665 1.50148701528087 0 1.03450419730507 1.33049395983107 1.50900626368821 1.53173827379942 1.59153386484832 0.952167466748506 1.25627800705843 1.63571393769234 1.55332080135122 1.1006573413033 1.7902714072261 1.86706783575937 1.57318243617192 1.86715963948518 1.31773619679734 1.04134104051627 1.41191627294756 1.1085131696891 1.48340336442925 1.25749816885218 1.93541324045509 1.85609479644336 1.0515170013532 0.993779363110662 1.10772201558575 1.6665648391936 1.31672083749436
1.40364412311465 1.31186303589493 1.03450419730507 0 1.24248431925662 1.38645888445899 1.03379641240463 1.03092566598207 1.034484581789 1.68254462932236 1.38293510698713 0.987760289106518 1.33417710242793 1.34357300586998 1.31646795454435 1.47358428547159 1.34935351647437 1.35998523957096 1.01071089459583 1.06770809995942 1.00881981430575 1.61419832962565 1.92852758103982 1.13583018397912 1.76373101281933 1.55481377081014 1.42369027226232 1.49016560707241 1.71628913423046 1.71124843205325
1.8899385787081 1.6687624072656 1.33049395983107 1.24248431925662 0 1.5280537980143 1.15297702420503 1.86894349567592 1.14053074759431 0.985604148823768 1.54441068065353 1.87224457738921 1.0423333698418 1.6433884347789 1.46397932013497 1.54420491843484 1.50107066729106 1.4400268564932 1.54273265297525 1.49332949495874 1.2073089866899 1.47618399467319 1.40398578601889 1.51650020503439 1.81966985831968 1.43466691439971 1.38949653506279 1.1514878673479 1.81477859150618 1.20670228847302
1.10552285634913 1.61966162733734 1.50900626368821 1.38645888445899 1.5280537980143 0 1.19792845286429 1.65031337807886 1.88958697207272 1.67399754654616 1.43022982194088 1.90372576890513 1.61071118363179 1.12132488097996 1.46496630110778 0.991777271963656 1.57461054064333 1.57329717813991 1.32608024403453 1.62274988670833 1.80519316415302 1.83079069899395 1.00475428253412 1.84886813932098 1.37850838690065 1.29755333205685 1.28959672874771 1.67594015644863 1.40103124664165 1.88004676694982
1.37039832398295 1.44873492303304 1.53173827379942 1.03379641240463 1.15297702420503 1.19792845286429 0 0.953029261203483 1.35720052593388 1.62794493488036 1.79496095795184 0.997614008141682 1.54998158174567 1.24299064720981 1.08044156897813 1.86149472137913 1.10427965898998 1.40378994145431 1.364204243524 1.91014175699092 1.65591847966425 1.93363850447349 1.40478516323492 1.72031145379879 1.6688768772874 1.2511410866864 0.982810762710869 1.86268711672164 1.39563063997775 1.11228497093543
1.68836742383428 1.9287062950898 1.59153386484832 1.03092566598207 1.86894349567592 1.65031337807886 0.953029261203483 0 1.6311532992404 1.06921352818608 1.83221223042347 1.42070996016264 1.00269922683947 1.40862354147248 1.80797521048225 0.960078072035685 1.43064954457805 1.72792676952668 1.26778316311538 1.49391166632995 1.20631814282387 1.92265222407877 1.3527788259089 0.997571350773796 1.21405998221599 1.89622351597063 1.93584002391435 1.06550820427947 1.46330758254044 1.65357414446771
1.37254228605889 1.77118850406259 0.952167466748506 1.034484581789 1.14053074759431 1.88958697207272 1.35720052593388 1.6311532992404 0 1.40967361582443 1.48876631259918 1.72432657377794 1.6606606268324 1.0086141328793 1.07090548146516 1.31676342990249 1.53332842933014 1.17839563102461 1.58599544572644 1.41907760314643 1.54995380714536 1.26370934071019 1.53168057487346 1.86602463549934 1.24741735938005 1.31837928039022 1.81717170705087 1.15491435909644 1.52281699888408 1.60770416562445
1.77625528676435 1.82448385516182 1.25627800705843 1.68254462932236 0.985604148823768 1.67399754654616 1.62794493488036 1.06921352818608 1.40967361582443 0 1.30809113034047 1.06092386855744 1.59453640668653 1.00798752321862 1.49089774442837 1.19938523182645 1.2845026217401 1.30420543951914 1.94434879301116 1.11334615084343 1.3183889312204 1.17173920408823 0.997646081261337 1.09492067457177 1.6271598902531 1.03194993594661 1.71416586264968 1.02599874697626 1.81763443723321 1.39307778375223
1.64781593205407 1.39805908105336 1.63571393769234 1.38293510698713 1.54441068065353 1.43022982194088 1.79496095795184 1.83221223042347 1.48876631259918 1.30809113034047 0 1.90493324166164 0.958780297078192 1.64975627372041 1.02898034150712 1.27116526197642 1.49203834077343 1.04014527075924 1.36699705175124 1.65754953538999 1.11680376180448 1.63663665647618 1.67315181507729 1.34909871476702 0.984893595101312 1.34830592549406 1.70731835043989 1.44162682583556 1.80180044821464 1.59453530330211
1.08314906130545 0.95546787395142 1.55332080135122 0.987760289106518 1.87224457738921 1.90372576890513 0.997614008141682 1.42070996016264 1.72432657377794 1.06092386855744 1.90493324166164 0 1.45221547433175 1.29226708342321 1.12048629531637 1.83094635233283 1.49545394117013 1.01686185761355 1.78681043651886 1.90044584916905 1.60379665857181 1.26442034356296 1.89509927574545 1.68951413105242 1.44266540952958 1.87656038766727 1.77013155492023 1.26896861870773 1.183148520533 1.85517572751269
1.07001316384412 1.24419348617084 1.1006573413033 1.33417710242793 1.0423333698418 1.61071118363179 1.54998158174567 1.00269922683947 1.6606606268324 1.59453640668653 0.958780297078192 1.45221547433175 0 1.11524281138554 1.30563019006513 1.57937032682821 1.74945949600078 1.35908254398964 1.4557941746898 1.09578554099426 1.3768159460742 1.45295420149341 1.75741216726601 1.75972300418653 1.12488693138584 1.26796065759845 1.17794179893099 1.51608651527204 1.59197892504744 1.68740142625757
1.78688091924414 1.2424840319436 1.7902714072261 1.34357300586998 1.6433884347789 1.12132488097996 1.24299064720981 1.40862354147248 1.0086141328793 1.00798752321862 1.64975627372041 1.29226708342321 1.11524281138554 0 1.61323610437103 1.27831723308191 1.00875849858858 1.80178005201742 1.08859015232883 1.287134882994 1.40653874003328 1.13687231927179 1.60069565963931 1.13532835035585 1.83318272209726 1.33188603050075 1.2547046628315 0.998537397244945 0.987284077098593 1.47619548183866
1.22883750149049 1.69381423061714 1.86706783575937 1.31646795454435 1.46397932013497 1.46496630110778 1.08044156897813 1.80797521048225 1.07090548146516 1.49089774442837 1.02898034150712 1.12048629531637 1.30563019006513 1.61323610437103 0 1.16709067136981 1.1988963263575 1.25804664334282 1.75002922397107 1.30976549722254 1.33315999410115 1.8053108647 1.74748653778806 1.45357709238306 1.76821472658776 1.59143481473438 1.64415895752609 1.17658296320587 0.966265234397724 1.80299505405128
1.2508890144527 1.21992295980453 1.57318243617192 1.47358428547159 1.54420491843484 0.991777271963656 1.86149472137913 0.960078072035685 1.31676342990249 1.19938523182645 1.27116526197642 1.83094635233283 1.57937032682821 1.27831723308191 1.16709067136981 0 1.91236803983338 1.88342409674078 1.67020506737754 1.65781150921248 1.47510325280018 1.47608028468676 1.04292209586129 1.41409201314673 1.80440006963909 1.77191678131931 1.75805591768585 1.27562562725507 1.87820240599103 1.14303241251037
1.64909189031459 1.79865803103894 1.86715963948518 1.34935351647437 1.50107066729106 1.57461054064333 1.10427965898998 1.43064954457805 1.53332842933014 1.2845026217401 1.49203834077343 1.49545394117013 1.74945949600078 1.00875849858858 1.1988963263575 1.91236803983338 0 1.63931053387932 1.73815012560226 1.37323683733121 1.81368894781917 0.973119758768007 1.30972050642595 1.21868786355481 1.28329498786479 1.8608313202858 1.75507145933807 1.76630239095539 1.16462024813518 1.24564428208396
1.30292990547605 1.76200780109502 1.31773619679734 1.35998523957096 1.4400268564932 1.57329717813991 1.40378994145431 1.72792676952668 1.17839563102461 1.30420543951914 1.04014527075924 1.01686185761355 1.35908254398964 1.80178005201742 1.25804664334282 1.88342409674078 1.63931053387932 0 1.76997115183622 1.55158329475671 1.53408041689545 1.65635011182167 1.16407050867565 1.43596497061662 0.954991599312052 1.92650168016553 1.87975738523528 0.975321403704584 1.05447604320943 1.6748359836638
0.980876307236031 1.77039774041623 1.04134104051627 1.01071089459583 1.54273265297525 1.32608024403453 1.364204243524 1.26778316311538 1.58599544572644 1.94434879301116 1.36699705175124 1.78681043651886 1.4557941746898 1.08859015232883 1.75002922397107 1.67020506737754 1.73815012560226 1.76997115183622 0 1.11915374686942 1.68620045366697 1.29578372533433 1.45181642146781 1.37443481828086 1.30913027701899 1.57344194292091 1.41786606027745 1.67649282189086 1.58267584769055 1.82553870230913
0.993334654951468 0.953676812117919 1.41191627294756 1.06770809995942 1.49332949495874 1.62274988670833 1.91014175699092 1.49391166632995 1.41907760314643 1.11334615084343 1.65754953538999 1.90044584916905 1.09578554099426 1.287134882994 1.30976549722254 1.65781150921248 1.37323683733121 1.55158329475671 1.11915374686942 0 1.93791197077371 1.09756796085276 0.981775276362896 1.46883072913624 1.33533580135554 1.43376640975475 1.18469221028499 1.64972762367688 1.51830593100749 1.5410637515597
1.10856851283461 1.18839443684556 1.1085131696891 1.00881981430575 1.2073089866899 1.80519316415302 1.65591847966425 1.20631814282387 1.54995380714536 1.3183889312204 1.11680376180448 1.60379665857181 1.3768159460742 1.40653874003328 1.33315999410115 1.47510325280018 1.81368894781917 1.53408041689545 1.68620045366697 1.93791197077371 0 1.3411303081084 1.676566576818 1.43302712216973 1.44936967501417 1.07663491810672 1.91496470174752 1.35459180618636 1.80159584246576 1.3006190485321
1.23612304753624 1.77993005234748 1.48340336442925 1.61419832962565 1.47618399467319 1.83079069899395 1.93363850447349 1.92265222407877 1.26370934071019 1.17173920408823 1.63663665647618 1.26442034356296 1.45295420149341 1.13687231927179 1.8053108647 1.47608028468676 0.973119758768007 1.65635011182167 1.29578372533433 1.09756796085276 1.3411303081084 0 1.35037851543166 1.73079339740798 1.35055929864757 1.20722008985467 1.38405099604279 1.69500939035788 1.01601219270378 1.31247976049781
1.77727196668275 1.89554866938852 1.25749816885218 1.92852758103982 1.40398578601889 1.00475428253412 1.40478516323492 1.3527788259089 1.53168057487346 0.997646081261337 1.67315181507729 1.89509927574545 1.75741216726601 1.60069565963931 1.74748653778806 1.04292209586129 1.30972050642595 1.16407050867565 1.45181642146781 0.981775276362896 1.676566576818 1.35037851543166 0 1.25666955206543 1.25763880065642 1.53212001454085 1.02376731624827 1.63582161162049 1.43748354632407 1.30024862266146
0.966318191960454 1.88016268564388 1.93541324045509 1.13583018397912 1.51650020503439 1.84886813932098 1.72031145379879 0.997571350773796 1.86602463549934 1.09492067457177 1.34909871476702 1.68951413105242 1.75972300418653 1.13532835035585 1.45357709238306 1.41409201314673 1.21868786355481 1.43596497061662 1.37443481828086 1.46883072913624 1.43302712216973 1.73079339740798 1.25666955206543 0 1.1211739263963 1.19888310157694 1.18714164034463 1.88652168982662 1.04878054559231 1.8463360175956
1.914770482108 1.80217110202648 1.85609479644336 1.76373101281933 1.81966985831968 1.37850838690065 1.6688768772874 1.21405998221599 1.24741735938005 1.6271598902531 0.984893595101312 1.44266540952958 1.12488693138584 1.83318272209726 1.76821472658776 1.80440006963909 1.28329498786479 0.954991599312052 1.30913027701899 1.33533580135554 1.44936967501417 1.35055929864757 1.25763880065642 1.1211739263963 0 1.19918304658495 0.998572982382029 1.92216562223621 1.15423361491412 1.06083018728532
0.957964182831347 1.2255815686658 1.0515170013532 1.55481377081014 1.43466691439971 1.29755333205685 1.2511410866864 1.89622351597063 1.31837928039022 1.03194993594661 1.34830592549406 1.87656038766727 1.26796065759845 1.33188603050075 1.59143481473438 1.77191678131931 1.8608313202858 1.92650168016553 1.57344194292091 1.43376640975475 1.07663491810672 1.20722008985467 1.53212001454085 1.19888310157694 1.19918304658495 0 1.12071946472861 0.973482095170766 1.37183400057256 1.58809746964835
1.12224796367809 1.91516043571755 0.993779363110662 1.42369027226232 1.38949653506279 1.28959672874771 0.982810762710869 1.93584002391435 1.81717170705087 1.71416586264968 1.70731835043989 1.77013155492023 1.17794179893099 1.2547046628315 1.64415895752609 1.75805591768585 1.75507145933807 1.87975738523528 1.41786606027745 1.18469221028499 1.91496470174752 1.38405099604279 1.02376731624827 1.18714164034463 0.998572982382029 1.12071946472861 0 1.18956863600761 1.23954865126871 1.32678911369294
1.91712510772049 1.48763791145757 1.10772201558575 1.49016560707241 1.1514878673479 1.67594015644863 1.86268711672164 1.06550820427947 1.15491435909644 1.02599874697626 1.44162682583556 1.26896861870773 1.51608651527204 0.998537397244945 1.17658296320587 1.27562562725507 1.76630239095539 0.975321403704584 1.67649282189086 1.64972762367688 1.35459180618636 1.69500939035788 1.63582161162049 1.88652168982662 1.92216562223621 0.973482095170766 1.18956863600761 0 1.86146055115387 1.12218172824942
1.28674889169633 1.89911367720924 1.6665648391936 1.71628913423046 1.81477859150618 1.40103124664165 1.39563063997775 1.46330758254044 1.52281699888408 1.81763443723321 1.80180044821464 1.183148520533 1.59197892504744 0.987284077098593 0.966265234397724 1.87820240599103 1.16462024813518 1.05447604320943 1.58267584769055 1.51830593100749 1.80159584246576 1.01601219270378 1.43748354632407 1.04878054559231 1.15423361491412 1.37183400057256 1.23954865126871 1.86146055115387 0 1.352288472699
1.06060864939354 1.56403193832375 1.31672083749436 1.71124843205325 1.20670228847302 1.88004676694982 1.11228497093543 1.65357414446771 1.60770416562445 1.39307778375223 1.59453530330211 1.85517572751269 1.68740142625757 1.47619548183866 1.80299505405128 1.14303241251037 1.24564428208396 1.6748359836638 1.82553870230913 1.5410637515597 1.3006190485321 1.31247976049781 1.30024862266146 1.8463360175956 1.06083018728532 1.58809746964835 1.32678911369294 1.12218172824942 1.352288472699 0
