0 1.147950387327 1.63008643710054 1.92481509619392 1.91030707163736 1.75566779845394 1.23414967069402 0.998690000269562 1.01979959779419 1.16827358934097 1.67124997451901 1.60642444435507 1.94720256119035 1.52574581536464 1.61932520219125 1.32951211417094 1.2393554369919 1.89895920245908 1.26138035301119 0.961389724398032 1.9284547814168 1.29332251986489 1.52103734202683 1.91814450128004 1.93402169598266 1.02668359619565 1.73065026570112 1.03777168481611 1.7366455453448 1.84154677041806
1.147950387327 0 1.11820383183658 1.47991013084538 1.0550173711963 1.36187598039396 1.41591639677063 1.87978550628759 1.87334363465197 1.08058949746192 1.57006585667841 1.11174970003776 1.70962269045413 1.32253394904546 1.75958909862675 1.27155020600185 1.0625117062591 1.49906702386215 1.62322448845953 0.985315630678087 1.29264202993363 1.63716047187336 1.44696423551068 1.36538383178413 1.08449741406366 1.0989188903477 1.75029231421649 1.29030715744011 1.85891214758158 1.76721791457385
1.63008643710054 1.11820383183658 0 1.65210662828758 1.76194845046848 1.50845611118712 1.58043934335001 1.73464337619953 0.953601784538478 1.62758611678146 1.32957377121784 1.07456846628338 1.54637023457326 1.38632029900327 1.76546844211407 1.17503035138361 1.67277851328254 1.54027270921506 1.0077022400219 1.21751404344104 1.87199442344718 1.6250910689123 1.17741642892361 1.53159670205787 1.23580390796997 1.26778143155389 1.7071223964449 1.34320259047672 1.87725921394303 1.35114950500429
1.92481509619392 1.47991013084538 1.65210662828758 0 1.86816962412558 1.38327555544674 1.59292745729908 1.3128934786655 1.14474162412807 1.18601005873643 1.46831670263782 1.25076489266939 1.41877329908311 1.66471946216188 1.314190156525 1.64085145923309 1.18712478177622 0.965138854226097 1.61803588131443 1.59692288027145 1.17301044939086 1.45148359774612 1.90387458889745 1.63428398105316 1.7272355442401 1.31072142464109 0.986743699759245 1.55394612741657 1.23161358362995 0.961627559736371
1.91030707163736 1.0550173711963 1.76194845046848 1.86816962412558 0 1.33210229757242 1.93253957829438 1.64521515462548 1.70901393285021 1.79780836845748 1.4302716164384 1.36309368070215 1.38856714055873 1.87559562176466 1.90105229546316 1.20531901274808 1.31199589860626 1.44184467080049 1.4378694393672 1.28257241705433 1.33667276147753 1.53445349703543 1.69784123171121 1.08309701178223 1.82510160584934 1.80304292030632 1.38013168773614 1.60102909361012 1.15262814401649 1.83261488517746
1.75566779845394 1.36187598039396 1.50845611118712 1.38327555544674 1.33210229757242 0 1.20699011767283 1.78841326851398 1.94073775573634 0.986440293025225 0.994633752619848 1.30464937002398 0.982423416571692 1.91068263771012 1.05356901581399 1.30588311515749 0.976922845933586 1.79589239531197 1.57115547335707 1.34491099300794 1.69790321774781 1.21242921822704 1.17289145011455 1.77876022551209 1.85020824172534 1.23479238362052 1.93928233487532 1.15307294367813 1.74495532247238 1.14166612690315
1.23414967069402 1.41591639677063 1.58043934335001 1.59292745729908 1.93253957829438 1.20699011767283 0 1.81409109802917 1.10131141543388 1.89167705131695 1.20850733714178 1.63730240683071 1.15382849052548 1.0556388553232 1.33248278708197 1.1057880341541 1.93316012131982 1.38477990520187 1.19985183188692 1.84763857885264 1.69681599061005 1.83653678256087 1.58172647305764 1.69400892360136 1.05853469739668 1.14689614134841 1.86850514751859 1.03883027960546 1.55476123490371 1.04161429731175
0.998690000269562 1.87978550628759 1.73464337619953 1.3128934786655 1.64521515462548 1.78841326851398 1.81409109802917 0 0.997604359872639 1.11994714150205 1.87652338552289 1.56229462311603 1.90442431764677 1.30635625915602 1.10720591945574 1.27913246164098 1.76138828671537 1.34631467843428 1.03595037036575 1.2377313405741 1.11225345777348 1.23561770818196 1.30282923998311 1.52498784195632 1.8400997237768 1.64672195352614 1.75181618565693 1.45902722282335 1.77047507092357 1.34053312567994
1.01979959779419 1.87334363465197 0.953601784538478 1.14474162412807 1.70901393285021 1.94073775573634 1.10131141543388 0.997604359872639 0 1.89728582766838 1.52841644873843 1.75975814904086 1.39977539516985 1.58232394745573 1.29379007965326 1.0528845898807 1.46345987101085 1.65724467835389 1.86437499220483 1.19987329584546 1.79480483499356 1.29736399231479 1.06303325342014 1.86132639320567 1.2049233163707 0.99112490285188 1.10014301887713 1.15452983952127 1.35213910439052 1.03128662263043
1.16827358934097 1.08058949746192 1.62758611678146 1.18601005873643 1.79780836845748 0.986440293025225 1.89167705131695 1.11994714150205 1.89728582766838 0 1.15414971578866 1.45130718615837 1.43938610632904 1.79946997808293 1.58708473457955 1.81029604724608 1.88996697403491 1.108519642381 1.44054608326405 1.83246119087562 1.23588707996532 1.33037601783872 1.2635722826235 1.46850005583838 1.26773238135502 1.76268149819225 1.01882450212725 1.20121211837977 1.04027775931172 1.316571097821
1.67124997451901 1.57006585667841 1.32957377121784 1.46831670263782 1.4302716164384 0.994633752619848 1.20850733714178 1.87652338552289 1.52841644873843 1.15414971578866 0 1.77556387707591 1.24303487944417 1.81472925120033 1.20423826342449 1.13563025603071 1.31261169468053 1.34248099755496 1.19116769032553 0.994839510414749 1.1218365682289 1.33525067497976 1.7564314538613 1.35232974216342 1.33475310448557 1.30238514882512 1.20560357021168 1.7817714123521 0.968249335652217 1.16333839623258
1.60642444435507 1.11174970003776 1.07456846628338 1.25076489266939 1.36309368070215 1.30464937002398 1.63730240683071 1.56229462311603 1.75975814904086 1.45130718615837 1.77556387707591 0 1.23459828039631 1.64615859743208 1.34255521465093 0.958045972744003 1.06044358201325 1.2375218346715 1.28411751426756 1.64291199133731 1.85840163961984 1.07238406548277 1.72889179107733 1.14261180232279 1.03072963864543 1.81136168306693 1.79520294489339 1.62369324266911 1.14983497979119 1.01384680112824
1.94720256119035 1.70962269045413 1.54637023457326 1.41877329908311 1.38856714055873 0.982423416571692 1.15382849052548 1.90442431764677 1.39977539516985 1.43938610632904 1.24303487944417 1.23459828039631 0 1.03879347979091 1.20682009588927 1.06642742082477 1.5848268349655 1.09209062182344 1.03031157655641 1.30103087751195 1.09831815445796 1.84702192945406 1.62463329220191 1.12419890682213 1.20019843569025 1.20381290931255 1.92793201422319 1.20101894065738 1.58835997595452 1.48596865218133
1.52574581536464 1.32253394904546 1.38632029900327 1.66471946216188 1.87559562176466 1.91068263771012 1.0556388553232 1.30635625915602 1.58232394745573 1.79946997808293 1.81472925120033 1.64615859743208 1.03879347979091 0 1.82199142314494 0.992147731827572 1.46025120653212 1.4898957319092 1.65976118692197 1.13153782696463 1.20652372669429 0.982918098103255 1.00069584161974 1.91174846095964 0.956542508210987 1.89811977394857 1.2915850081481 1.19212917983532 1.72809088253416 1.50678455550224
1.61932520219125 1.75958909862675 1.76546844211407 1.314190156525 1.90105229546316 1.05356901581399 1.33248278708197 1.10720591945574 1.29379007965326 1.58708473457955 1.20423826342449 1.34255521465093 1.20682009588927 1.82199142314494 0 1.0639497875236 1.02114295959473 1.93726339237764 1.49278957559727 1.04927459335886 1.60375424101949 1.92946395790204 1.241049061995 0.98540547513403 1.79502700152807 1.1091896535363 1.64320388366468 0.984177875099704 0.975648154970258 1.51308234967291
1.32951211417094 1.27155020600185 1.17503035138361 1.64085145923309 1.20531901274808 1.30588311515749 1.1057880341541 1.27913246164098 1.0528845898807 1.81029604724608 1.13563025603071 0.958045972744003 1.06642742082477 0.992147731827572 1.0639497875236 0 1.16486955061555 1.562398676062 1.16017108643427 1.12659640586935 1.10504046152346 1.40912502678111 1.12693481612951 1.50439467583783 1.36113874590956 1.03640452609397 1.20003811293282 1.00172835728154 1.4804401518777 1.33831467735581
1.2393554369919 1.0625117062591 1.67277851328254 1.18712478177622 1.31199589860626 0.976922845933586 1.93316012131982 1.76138828671537 1.46345987101085 1.88996697403491 1.31261169468053 1.06044358201325 1.5848268349655 1.46025120653212 1.02114295959473 1.16486955061555 0 1.90127248037606 1.75175260100514 1.51091464934871 1.76845212327316 1.83011980820447 1.11425344622694 1.81198430643417 1.92144404072315 1.28017002926208 0.962359488941729 1.82789437426254 0.972403157269582 1.87845153710805
1.89895920245908 1.49906702386215 1.54027270921506 0.965138854226097 1.44184467080049 1.79589239531197 1.38477990520187 1.34631467843428 1.65724467835389 1.108519642381 1.34248099755496 1.2375218346715 1.09209062182344 1.4898957319092 1.93726339237764 1.562398676062 1.90127248037606 0 1.41778401075862 1.48131222976372 1.65153475804254 1.83966471417807 1.21472626319155 1.87308249017224 1.35711488709785 1.64310427312739 1.7749440332409 1.36484687891789 1.52309375954792 1.45159955648705
1.26138035301119 1.62322448845953 1.0077022400219 1.61803588131443 1.4378694393672 1.57115547335707 1.19985183188692 1.03595037036575 1.86437499220483 1.44054608326405 1.19116769032553 1.28411751426756 1.03031157655641 1.65976118692197 1.49278957559727 1.16017108643427 1.75175260100514 1.41778401075862 0 1.59202804300003 1.7593419989571 1.09990234905854 1.75288720964454 1.27097831503488 1.86109842755832 1.14493943657726 1.60380856087431 1.46978159341961 1.56587882549502 1.72000962984748
0.961389724398032 0.985315630678087 1.21751404344104 1.59692288027145 1.28257241705433 1.34491099300794 1.84763857885264 1.2377313405741 1.19987329584546 1.83246119087562 0.994839510414749 1.64291199133731 1.30103087751195 1.13153782696463 1.04927459335886 1.12659640586935 1.51091464934871 1.48131222976372 1.59202804300003 0 1.29615763621405 1.03732672403567 1.82032900373451 1.04355969955213 1.19754012208432 1.04014689079486 1.37080359924585 1.03516583121382 1.26424256735481 1.29211625130847
1.9284547814168 1.29264202993363 1.87199442344718 1.17301044939086 1.33667276147753 1.69790321774781 1.69681599061005 1.11225345777348 1.79480483499356 1.23588707996532 1.1218365682289 1.85840163961984 1.09831815445796 1.20652372669429 1.60375424101949 1.10504046152346 1.76845212327316 1.65153475804254 1.7593419989571 1.29615763621405 0 1.09974119556136 1.51286768773571 1.86647589760832 1.24367706803605 1.59739045216702 1.14730610628612 1.46358034061268 1.78270048252307 1.83581033046357
1.29332251986489 1.63716047187336 1.6250910689123 1.45148359774612 1.53445349703543 1.21242921822704 1.83653678256087 1.23561770818196 1.29736399231479 1.33037601783872 1.33525067497976 1.07238406548277 1.84702192945406 0.982918098103255 1.92946395790204 1.40912502678111 1.83011980820447 1.83966471417807 1.09990234905854 1.03732672403567 1.09974119556136 0 1.77063593640924 1.92729081423022 1.33820718945935 1.19656818616204 1.45377781358548 1.37823160900734 1.88491472345777 1.77583220647648
1.52103734202683 1.44696423551068 1.17741642892361 1.90387458889745 1.69784123171121 1.17289145011455 1.58172647305764 1.30282923998311 1.06303325342014 1.2635722826235 1.7564314538613 1.72889179107733 1.62463329220191 1.00069584161974 1.241049061995 1.12693481612951 1.11425344622694 1.21472626319155 1.75288720964454 1.82032900373451 1.51286768773571 1.77063593640924 0 1.86665869271383 1.18816833477467 1.07737094862387 1.25592907471582 1.73830368928611 1.29017229052261 1.21134456270374
1.91814450128004 1.36538383178413 1.53159670205787 1.63428398105316 1.08309701178223 1.77876022551209 1.69400892360136 1.52498784195632 1.86132639320567 1.46850005583838 1.35232974216342 1.14261180232279 1.12419890682213 1.91174846095964 0.98540547513403 1.50439467583783 1.81198430643417 1.87308249017224 1.27097831503488 1.04355969955213 1.86647589760832 1.92729081423022 1.86665869271383 0 1.17167685180902 0.958923805039376 1.92832106607966 1.21584011265077 1.2470010840334 1.62244745949283
1.93402169598266 1.08449741406366 1.23580390796997 1.7272355442401 1.82510160584934 1.85020824172534 1.05853469739668 1.8400997237768 1.2049233163707 1.26773238135502 1.33475310448557 1.03072963864543 1.20019843569025 0.956542508210987 1.79502700152807 1.36113874590956 1.92144404072315 1.35711488709785 1.86109842755832 1.19754012208432 1.24367706803605 1.33820718945935 1.18816833477467 1.17167685180902 0 1.6785137699917 1.01921575213782 1.68249084893614 1.91340490547009 1.09524772805162
1.02668359619565 1.0989188903477 1.26778143155389 1.31072142464109 1.80304292030632 1.23479238362052 1.14689614134841 1.64672195352614 0.99112490285188 1.76268149819225 1.30238514882512 1.81136168306693 1.20381290931255 1.89811977394857 1.1091896535363 1.03640452609397 1.28017002926208 1.64310427312739 1.14493943657726 1.04014689079486 1.59739045216702 1.19656818616204 1.07737094862387 0.958923805039376 1.6785137699917 0 1.89664084417745 1.63180033420213 1.24422208499163 1.39251661952585
1.73065026570112 1.75029231421649 1.7071223964449 0.986743699759245 1.38013168773614 1.93928233487532 1.86850514751859 1.75181618565693 1.10014301887713 1.01882450212725 1.20560357021168 1.79520294489339 1.92793201422319 1.2915850081481 1.64320388366468 1.20003811293282 0.962359488941729 1.7749440332409 1.60380856087431 1.37080359924585 1.14730610628612 1.45377781358548 1.25592907471582 1.92832106607966 1.01921575213782 1.89664084417745 0 1.69093620660715 1.30962743423879 0.957701318897307
1.03777168481611 1.29030715744011 1.34320259047672 1.55394612741657 1.60102909361012 1.15307294367813 1.03883027960546 1.45902722282335 1.15452983952127 1.20121211837977 1.7817714123521 1.62369324266911 1.20101894065738 1.19212917983532 0.984177875099704 1.00172835728154 1.82789437426254 1.36484687891789 1.46978159341961 1.03516583121382 1.46358034061268 1.37823160900734 1.73830368928611 1.21584011265077 1.68249084893614 1.63180033420213 1.69093620660715 0 1.3975105364807 1.65632065501995
1.7366455453448 1.85891214758158 1.87725921394303 1.23161358362995 1.15262814401649 1.74495532247238 1.55476123490371 1.77047507092357 1.35213910439052 1.04027775931172 0.968249335652217 1.14983497979119 1.58835997595452 1.72809088253416 0.975648154970258 1.4804401518777 0.972403157269582 1.52309375954792 1.56587882549502 1.26424256735481 1.78270048252307 1.88491472345777 1.29017229052261 1.2470010840334 1.91340490547009 1.24422208499163 1.30962743423879 1.3975105364807 0 1.23802837822586
1.84154677041806 1.76721791457385 1.35114950500429 0.961627559736371 1.83261488517746 1.14166612690315 1.04161429731175 1.34053312567994 1.03128662263043 1.316571097821 1.16333839623258 1.01384680112824 1.48596865218133 1.50678455550224 1.51308234967291 1.33831467735581 1.87845153710805 1.45159955648705 1.72000962984748 1.29211625130847 1.83581033046357 1.77583220647648 1.21134456270374 1.62244745949283 1.09524772805162 1.39251661952585 0.957701318897307 1.65632065501995 1.23802837822586 0
