0 1.88419455080293 1.04241587175056 1.87486703996547 1.3058326265309 1.22690669400617 1.60888394829817 1.14355936297216 1.58448201185092 1.36909459577873 1.10136077157222 1.62168513005599 1.396714881761 1.51923366566189 1.92908126721159 1.26171208592132 1.46974893147126 1.61578167532571 1.07017788174562 1.7153159934096 1.82699114875868 1.89555659284815 1.33901623077691 1.50894482107833 1.26190164708532 1.82466936786659 1.41771615645848 1.87192257796414 1.14265938545577 1.46192497923039
1.88419455080293 0 1.4446216612123 0.982008580118418 1.56752325943671 1.16665438888595 1.29181101801805 1.41111681424081 1.57951516984031 1.0025168932043 1.27300821617246 1.92010261490941 1.45861404645257 1.25791284791194 1.66022315761074 1.54267634428106 1.77028374327347 1.40949085215107 1.47739767585881 1.89169716835022 1.39801709260792 1.01448990870267 1.06929280329496 1.53872918151319 1.67401211895049 1.778180626221 1.14470931934193 0.9881972305011 1.82455763663165 1.41519097681157
1.04241587175056 1.4446216612123 0 0.997801613761112 0.98276814376004 1.0108407207299 1.61379322060384 1.20961383031681 1.94814004004002 1.43030881904997 1.87371515622362 1.38022750918753 1.26662711449899 1.16867981897667 1.28014804096892 1.76235678722151 1.71263629454188 1.23473436245695 1.28227767464705 1.76799454609863 1.0362192906905 1.01328222826123 1.13570769736543 1.06937711057253 1.43509233812802 1.85659902682528 0.993974637473002 1.35251548932865 1.24577326327562 1.59095358941704
1.87486703996547 0.982008580118418 0.997801613761112 0 1.20519669470377 1.63863402721472 1.92880577011965 1.91988200880587 1.87590310373344 1.17653419775888 0.989222386386245 1.3509259049315 1.4434670608025 1.57312442478724 1.24551641242579 1.02444301871583 1.32782301050611 1.01766583020799 1.92667122394778 1.47581708454527 1.96971086016856 0.980716813821346 1.63861231505871 1.70617880043574 1.56651694071479 1.27727197413333 1.01611469639465 1.76688350387849 1.48095071921125 1.43903980636969
1.3058326265309 1.56752325943671 0.98276814376004 1.20519669470377 0 1.88290299847722 1.70882624597289 1.67815907602198 1.25621280097403 1.56155062676407 1.96723204804584 1.38249945780262 1.37542459997348 1.24379984498955 1.61193692311645 1.02281668083742 1.67869867710397 1.73184789973311 1.30374206323177 1.69916672469117 1.16531871818006 1.71962277567945 1.83844069228508 1.7692404827103 1.80775452568196 1.05471763620153 1.04450790933333 1.54736765800044 1.77460222691298 1.39726631692611
1.22690669400617 1.16665438888595 1.0108407207299 1.63863402721472 1.88290299847722 0 1.22519254707731 1.50094828358851 0.98135054227896 1.55970297986642 1.80110636050813 1.76083844620734 1.23590848222375 1.96609397651628 1.49914246727712 1.1272475826554 1.86491016601212 1.53327847132459 1.62009804300033 1.86040205485187 1.75127954827622 1.35386494966224 1.22483784961514 1.4133398164995 1.82452102960087 1.01358799473383 1.15439995448105 1.85917882830836 0.976059627253562 1.2932994463481
1.60888394829817 1.29181101801805 1.61379322060384 1.92880577011965 1.70882624597289 1.22519254707731 0 1.89728519553319 1.26324155996554 1.06525126495399 1.56310842605308 1.6840960260015 1.53233060776256 1.68828260572627 1.86732215783559 1.95764950057492 1.06747904955409 1.41607410716824 1.87423411710188 1.32471270579845 1.66301316348836 1.23280010721646 1.38330629770644 1.45455100154504 1.87377681932412 1.83226750721224 1.74988223146647 1.1108079131227 1.07819133019075 1.90872859628871
1.14355936297216 1.41111681424081 1.20961383031681 1.91988200880587 1.67815907602198 1.50094828358851 1.89728519553319 0 1.56671359925531 1.00933746038936 1.0718866835814 1.2482185754925 1.14594742609188 1.70656249672174 1.70718952780589 1.21105251740664 1.42380955419503 1.16184632992372 1.67864337936044 1.86071562557481 1.87759759556502 1.09007582184859 1.86080214683898 1.10802727704868 1.62007287633605 1.82962061464787 1.50435381918214 1.5418893233873 1.8257566075772 1.49193179793656
1.58448201185092 1.57951516984031 1.94814004004002 1.87590310373344 1.25621280097403 0.98135054227896 1.26324155996554 1.56671359925531 0 1.71845791791566 1.31734364316799 1.54191418504342 1.49175780871883 0.984743434237316 1.06426772265695 1.24640902015381 1.63235957012512 1.20226558460854 1.69404491828755 0.98713760683313 0.975423080613837 1.89172929874621 1.91011701035313 1.7110840016976 0.98908552993089 1.0191493651364 1.21008331747726 1.63067783974111 1.63955931807868 1.59882885939442
1.36909459577873 1.0025168932043 1.43030881904997 1.17653419775888 1.56155062676407 1.55970297986642 1.06525126495399 1.00933746038936 1.71845791791566 0 1.25885499548167 1.26818439783528 1.27813847921789 1.5033692009747 1.43197599612176 1.0471929400228 1.31476281606592 1.32603370118886 1.93953305343166 1.91641412093304 1.85670960764401 1.84379882924259 1.05607711779885 1.32266741245985 1.42426165170036 1.77128756954335 0.997150423238054 1.43497373955324 1.61358418641612 1.77684110100381
1.10136077157222 1.27300821617246 1.87371515622362 0.989222386386245 1.96723204804584 1.80110636050813 1.56310842605308 1.0718866835814 1.31734364316799 1.25885499548167 0 1.82943409215659 1.09116137679666 1.40653112484142 1.12434090184979 1.95605132635683 1.11901387269609 1.3360325130634 1.33160265302286 1.06755876960233 1.85505063622259 1.24844378349371 1.09454467799515 1.46528091584332 1.93145796353929 1.43800395401195 1.6713483359199 1.07381947967224 1.74028687924147 1.02255666488782
1.62168513005599 1.92010261490941 1.38022750918753 1.3509259049315 1.38249945780262 1.76083844620734 1.6840960260015 1.2482185754925 1.54191418504342 1.26818439783528 1.82943409215659 0 1.33035268890671 1.87372762942687 1.37525496189483 1.51906986837275 1.93100990285166 1.85929874307476 1.75884940009564 1.10245634312741 1.31967352423817 1.76832612161525 1.49098661518656 1.54045419185422 1.18965600896627 1.46234641224146 1.58170092082582 1.32744945632294 1.65510858618654 1.28892839350738
1.396714881761 1.45861404645257 1.26662711449899 1.4434670608025 1.37542459997348 1.23590848222375 1.53233060776256 1.14594742609188 1.49175780871883 1.27813847921789 1.09116137679666 1.33035268890671 0 1.80231341486797 1.52896454138681 1.87846125708893 1.71720241615549 1.21636916906573 1.7870884174481 1.74425752856769 1.27547612856142 1.17267918866128 1.16639504744671 1.90019910386764 1.35332487639971 1.29827603441663 1.14121551229618 1.42185974377207 1.33841649955139 1.05486964667216
1.51923366566189 1.25791284791194 1.16867981897667 1.57312442478724 1.24379984498955 1.96609397651628 1.68828260572627 1.70656249672174 0.984743434237316 1.5033692009747 1.40653112484142 1.87372762942687 1.80231341486797 0 1.14476188248955 1.6723975033965 1.41788028390147 1.62606604769826 1.01479629729874 1.38419947423972 1.40869721327908 1.06171833374538 1.53404206503183 1.28976889303885 1.61003563785926 1.56655171816237 1.09432474477217 1.5678851774428 1.14565644180402 1.95322309341282
1.92908126721159 1.66022315761074 1.28014804096892 1.24551641242579 1.61193692311645 1.49914246727712 1.86732215783559 1.70718952780589 1.06426772265695 1.43197599612176 1.12434090184979 1.37525496189483 1.52896454138681 1.14476188248955 0 1.7036753220018 1.67359622055665 1.21030603721738 1.10362979164347 1.34431884391233 1.64220906957053 1.09733493276872 1.23075136751868 1.00845287670381 1.60485054529272 1.20093854912557 1.34007324767299 1.41866526729427 1.16229158290662 0.99100350541994
1.26171208592132 1.54267634428106 1.76235678722151 1.02444301871583 1.02281668083742 1.1272475826554 1.95764950057492 1.21105251740664 1.24640902015381 1.0471929400228 1.95605132635683 1.51906986837275 1.87846125708893 1.6723975033965 1.7036753220018 0 1.3746785717085 1.82032458321191 1.2412285997998 1.37887290818617 1.38934746105224 1.7002041938249 1.34772857837379 1.79077380755916 1.3462857066188 1.49025864433497 1.70075483992696 1.5222063518595 1.15754632465541 1.34435865399428
1.46974893147126 1.77028374327347 1.71263629454188 1.32782301050611 1.67869867710397 1.86491016601212 1.06747904955409 1.42380955419503 1.63235957012512 1.31476281606592 1.11901387269609 1.93100990285166 1.71720241615549 1.41788028390147 1.67359622055665 1.3746785717085 0 1.75403679115698 1.67495146929286 1.51612456073053 1.53319436567836 1.85002485499717 1.73512623901479 1.77491596853361 1.18309549591504 1.33169012656435 1.8837920834776 1.12933976924978 1.56571068288758 1.20135358441621
1.61578167532571 1.40949085215107 1.23473436245695 1.01766583020799 1.73184789973311 1.53327847132459 1.41607410716824 1.16184632992372 1.20226558460854 1.32603370118886 1.3360325130634 1.85929874307476 1.21636916906573 1.62606604769826 1.21030603721738 1.82032458321191 1.75403679115698 0 1.56521404278465 1.59495111112483 1.77382496907376 1.12056191498414 1.61507719941437 1.34066293528304 1.3004300610628 1.20820508664474 1.7414384810254 1.2295397464186 1.22537044296041 1.54895881423727
1.07017788174562 1.47739767585881 1.28227767464705 1.92667122394778 1.30374206323177 1.62009804300033 1.87423411710188 1.67864337936044 1.69404491828755 1.93953305343166 1.33160265302286 1.75884940009564 1.7870884174481 1.01479629729874 1.10362979164347 1.2412285997998 1.67495146929286 1.56521404278465 0 1.12503737630323 0.979545935755596 1.71627775812522 1.08690437301993 1.45251513971016 1.54279152979143 1.28580907522701 1.69129306031391 1.75736806774512 1.76328349811956 1.84496326348744
1.7153159934096 1.89169716835022 1.76799454609863 1.47581708454527 1.69916672469117 1.86040205485187 1.32471270579845 1.86071562557481 0.98713760683313 1.91641412093304 1.06755876960233 1.10245634312741 1.74425752856769 1.38419947423972 1.34431884391233 1.37887290818617 1.51612456073053 1.59495111112483 1.12503737630323 0 1.2383618967142 1.85950234206393 1.11107184714638 1.96081144711934 1.28120225504972 1.94969081692398 1.30185853573494 1.91527850157581 1.40528184873983 1.89167799544521
1.82699114875868 1.39801709260792 1.0362192906905 1.96971086016856 1.16531871818006 1.75127954827622 1.66301316348836 1.87759759556502 0.975423080613837 1.85670960764401 1.85505063622259 1.31967352423817 1.27547612856142 1.40869721327908 1.64220906957053 1.38934746105224 1.53319436567836 1.77382496907376 0.979545935755596 1.2383618967142 0 1.49207074404694 1.59020710806362 1.51139371725731 1.59574534324929 1.11668701656163 0.986562257399783 1.00743648316711 1.73208817024715 0.981719235656783
1.89555659284815 1.01448990870267 1.01328222826123 0.980716813821346 1.71962277567945 1.35386494966224 1.23280010721646 1.09007582184859 1.89172929874621 1.84379882924259 1.24844378349371 1.76832612161525 1.17267918866128 1.06171833374538 1.09733493276872 1.7002041938249 1.85002485499717 1.12056191498414 1.71627775812522 1.85950234206393 1.49207074404694 0 1.62169217388146 1.38431196240708 1.52549110143445 1.0330237026792 1.81458070431836 1.35117118572816 1.20287910266779 1.29193577123806
1.33901623077691 1.06929280329496 1.13570769736543 1.63861231505871 1.83844069228508 1.22483784961514 1.38330629770644 1.86080214683898 1.91011701035313 1.05607711779885 1.09454467799515 1.49098661518656 1.16639504744671 1.53404206503183 1.23075136751868 1.34772857837379 1.73512623901479 1.61507719941437 1.08690437301993 1.11107184714638 1.59020710806362 1.62169217388146 0 1.90772229945287 1.25984341325238 1.34698495850898 1.12613541306928 1.63926068646833 1.57714482443407 1.37722635851242
1.50894482107833 1.53872918151319 1.06937711057253 1.70617880043574 1.7692404827103 1.4133398164995 1.45455100154504 1.10802727704868 1.7110840016976 1.32266741245985 1.46528091584332 1.54045419185422 1.90019910386764 1.28976889303885 1.00845287670381 1.79077380755916 1.77491596853361 1.34066293528304 1.45251513971016 1.96081144711934 1.51139371725731 1.38431196240708 1.90772229945287 0 1.60933694150299 1.41002198308706 1.43431418249384 1.50377218611538 1.95625579520129 1.39036041474901
1.26190164708532 1.67401211895049 1.43509233812802 1.56651694071479 1.80775452568196 1.82452102960087 1.87377681932412 1.62007287633605 0.98908552993089 1.42426165170036 1.93145796353929 1.18965600896627 1.35332487639971 1.61003563785926 1.60485054529272 1.3462857066188 1.18309549591504 1.3004300610628 1.54279152979143 1.28120225504972 1.59574534324929 1.52549110143445 1.25984341325238 1.60933694150299 0 1.38869090680964 1.13755774241872 1.4847144917585 1.57350817671977 1.00138330808841
1.82466936786659 1.778180626221 1.85659902682528 1.27727197413333 1.05471763620153 1.01358799473383 1.83226750721224 1.82962061464787 1.0191493651364 1.77128756954335 1.43800395401195 1.46234641224146 1.29827603441663 1.56655171816237 1.20093854912557 1.49025864433497 1.33169012656435 1.20820508664474 1.28580907522701 1.94969081692398 1.11668701656163 1.0330237026792 1.34698495850898 1.41002198308706 1.38869090680964 0 1.50723916618153 1.82568234112114 1.60736102284864 1.5411922109779
1.41771615645848 1.14470931934193 0.993974637473002 1.01611469639465 1.04450790933333 1.15439995448105 1.74988223146647 1.50435381918214 1.21008331747726 0.997150423238054 1.6713483359199 1.58170092082582 1.14121551229618 1.09432474477217 1.34007324767299 1.70075483992696 1.8837920834776 1.7414384810254 1.69129306031391 1.30185853573494 0.986562257399783 1.81458070431836 1.12613541306928 1.43431418249384 1.13755774241872 1.50723916618153 0 1.53570465673693 1.54360893392004 1.31129577686079
1.87192257796414 0.9881972305011 1.35251548932865 1.76688350387849 1.54736765800044 1.85917882830836 1.1108079131227 1.5418893233873 1.63067783974111 1.43497373955324 1.07381947967224 1.32744945632294 1.42185974377207 1.5678851774428 1.41866526729427 1.5222063518595 1.12933976924978 1.2295397464186 1.75736806774512 1.91527850157581 1.00743648316711 1.35117118572816 1.63926068646833 1.50377218611538 1.4847144917585 1.82568234112114 1.53570465673693 0 1.49805382685736 1.90058954572305
1.14265938545577 1.82455763663165 1.24577326327562 1.48095071921125 1.77460222691298 0.976059627253562 1.07819133019075 1.8257566075772 1.63955931807868 1.61358418641612 1.74028687924147 1.65510858618654 1.33841649955139 1.14565644180402 1.16229158290662 1.15754632465541 1.56571068288758 1.22537044296041 1.76328349811956 1.40528184873983 1.73208817024715 1.20287910266779 1.57714482443407 1.95625579520129 1.57350817671977 1.60736102284864 1.54360893392004 1.49805382685736 0 1.57712075067684
1.46192497923039 1.41519097681157 1.59095358941704 1.43903980636969 1.39726631692611 1.2932994463481 1.90872859628871 1.49193179793656 1.59882885939442 1.77684110100381 1.02255666488782 1.28892839350738 1.05486964667216 1.95322309341282 0.99100350541994 1.34435865399428 1.20135358441621 1.54895881423727 1.84496326348744 1.89167799544521 0.981719235656783 1.29193577123806 1.37722635851242 1.39036041474901 1.00138330808841 1.5411922109779 1.31129577686079 1.90058954572305 1.57712075067684 0
