0 1.73260933789425 1.60267144069076 1.36279765306972 1.10832947795279 1.58401219383813 0.929969463031739 0.917101137572899 1.45542934769765 1.23294115299359 1.3718866831623 1.39571824786253 1.35415075998753 1.11212471802719 1.00500163785182 1.43793573882431 1.38664270122536 1.2875875630416 0.987407667096704 1.10135960066691 1.30906269210391 0.966499309753999 1.53307339129969 1.28529234649613 1.87328450963832 1.46074476605281 1.42387867043726 1.65051701106131 0.935907085426152 1.84486359567381
1.73260933789425 0 1.65095500834286 1.56800690246746 1.71633754530922 1.42872564541176 1.45831185602583 1.86333633051254 1.29206285090186 1.37146794702858 1.80014031962492 1.24307242990471 1.41117567173205 1.18836448085494 1.42715823440813 1.12884081155062 0.962343076243997 0.957745021209121 1.00693227001466 0.98317945189774 1.27358145243488 1.89403449371457 1.08861173619516 1.82071623462252 1.53090388397686 1.57846058346331 0.993177277501673 1.13524289103225 0.967787293018773 1.28738702577539
1.60267144069076 1.65095500834286 0 1.32944279699586 1.03653610800393 1.3709004051052 1.15069244545884 1.41437682183459 1.23523458885029 1.89106054720469 1.83132382412441 1.08179383864626 1.8825873916503 1.87804621341638 1.15508370310999 1.39833135274239 1.71973320026882 1.08171832724474 1.17809989978559 1.74289209581912 1.86688837385736 1.46868585213087 1.70345610543154 1.20866550179198 1.03019132255577 1.00948869949207 1.7097408908885 1.83416017075069 1.77654128312133 1.72357701323926
1.36279765306972 1.56800690246746 1.32944279699586 0 0.977918202290311 1.63143830397166 1.44866084796377 1.57192564941943 1.60152192646638 1.19788263458759 1.38053974648938 0.949297257699072 1.25167906237766 1.30591918900609 1.62888661958277 1.38791196653619 1.86364577105269 0.967325770761818 0.922079538693652 1.05521525652148 1.46030220692046 1.680511493003 1.73193684639409 1.04684254620224 1.03641553781927 1.22868244326673 1.39656425570138 0.972582257352769 1.01163186016493 1.10008651693352
1.10832947795279 1.71633754530922 1.03653610800393 0.977918202290311 0 1.75591490464285 1.77875062660314 1.41368509782478 1.76796152116731 1.42543908837251 1.90459743910469 1.16690884367563 1.81440888764337 1.31052716192789 1.77018188731745 1.65684423479252 1.13525653188117 1.17297921329737 0.996664824429899 1.00331882643513 1.54516569059342 1.59214884485118 0.911610785406083 1.00490830629133 1.41178737301379 1.23111557750963 1.59871045988984 1.59234426636249 1.334676241735 1.1762628199067
1.58401219383813 1.42872564541176 1.3709004051052 1.63143830397166 1.75591490464285 0 1.02008403930813 1.1200991938822 1.63306986982934 1.44628547597677 1.57893941341899 1.03650455060415 1.86435796320438 1.79419277166016 1.19898710539564 1.25922971661203 1.74135828553699 1.77293882169761 1.09173354064114 1.77064817887731 1.76444845600054 0.949770610081032 1.18401939724572 1.52347028115764 1.54765291558579 1.08094006893225 1.53919416689314 0.954710546415299 1.49013505782932 1.64740928099491
0.929969463031739 1.45831185602583 1.15069244545884 1.44866084796377 1.77875062660314 1.02008403930813 0 1.51925043947995 1.06883940985426 1.20428353990428 1.80343404784799 1.35365700465627 1.20973734301515 1.51154534099624 1.48579416144639 1.901658505667 1.23128772596829 1.82196584809572 1.11402313201688 1.81303633307107 1.10008784779347 1.11013990035281 1.55182860279456 1.14881146536209 1.44892018707469 1.60098533052951 1.37542414851487 1.60067187272944 0.952465961687267 1.27151775709353
0.917101137572899 1.86333633051254 1.41437682183459 1.57192564941943 1.41368509782478 1.1200991938822 1.51925043947995 0 1.37159426347353 1.69447484752163 1.78537175082602 1.60606514662504 1.21705476124771 1.32444026740268 1.72491966583766 1.06823736708611 1.81932285497896 1.71545312320814 1.40119061688893 1.8733194922097 1.0759964666795 1.1037785706576 1.6937686917372 1.30425180541351 1.75586888799444 1.80593544989824 1.85076477797702 1.90043288050219 1.64138986985199 1.72239411063492
1.45542934769765 1.29206285090186 1.23523458885029 1.60152192646638 1.76796152116731 1.63306986982934 1.06883940985426 1.37159426347353 0 0.987461727811024 1.43319826899096 1.75247692549601 1.55031864857301 1.74419326591305 1.88715207739733 1.43102524080314 1.77698560571298 1.82734577148221 1.26282567228191 1.01705076661892 1.52159623778425 1.32161501888186 1.74453074741177 1.34984932956286 1.7261251823511 1.00393691356294 1.3512636278756 1.11935222195461 1.45583279430866 1.29540268634446
1.23294115299359 1.37146794702858 1.89106054720469 1.19788263458759 1.42543908837251 1.44628547597677 1.20428353990428 1.69447484752163 0.987461727811024 0 1.88018244761042 1.0702214629855 1.08750925958157 0.932127841049805 1.5768156494014 1.78227246063761 1.08298570779152 1.87884369981475 1.3492115070112 1.76269598631188 1.58552087051794 1.53032244509086 1.34324607998133 1.39241607463919 1.25495016411878 1.01035864511505 1.83728524832986 0.9259497160092 1.15186017635278 1.16814747964963
1.3718866831623 1.80014031962492 1.83132382412441 1.38053974648938 1.90459743910469 1.57893941341899 1.80343404784799 1.78537175082602 1.43319826899096 1.88018244761042 0 1.17066326667555 1.1689002790954 1.77737281494774 1.3334486936219 1.44404510734603 1.88291392661631 1.79726229468361 1.02132805599831 1.50278100185096 1.77141356002539 1.57043597940356 1.79986230097711 1.09964165929705 1.53487712470815 1.39362919866107 1.55055989255197 1.1174565916881 1.21799058048055 1.68029346666299
1.39571824786253 1.24307242990471 1.08179383864626 0.949297257699072 1.16690884367563 1.03650455060415 1.35365700465627 1.60606514662504 1.75247692549601 1.0702214629855 1.17066326667555 0 1.78996047191322 1.52438285457902 1.8256597511936 1.86638173251413 1.18267731624655 1.56787009024993 1.58873392269015 1.22268380853347 1.31263071065769 1.14603526424617 1.31852413504384 1.08212373638526 1.2113026950974 1.17000028421171 1.76918714307249 1.09071776131168 1.43514936952852 1.3711436772719
1.35415075998753 1.41117567173205 1.8825873916503 1.25167906237766 1.81440888764337 1.86435796320438 1.20973734301515 1.21705476124771 1.55031864857301 1.08750925958157 1.1689002790954 1.78996047191322 0 1.88105128589086 1.16175658255816 1.26810654229484 1.68316843733191 1.19718401879072 0.99493472604081 0.972280908375978 1.45538178482093 1.4386218439322 1.49271678924561 1.43213527626358 1.22015982144512 1.29478490445763 1.04201995674521 1.69538333406672 1.51571463327855 1.25787233235314
1.11212471802719 1.18836448085494 1.87804621341638 1.30591918900609 1.31052716192789 1.79419277166016 1.51154534099624 1.32444026740268 1.74419326591305 0.932127841049805 1.77737281494774 1.52438285457902 1.88105128589086 0 1.78447061218321 1.69233534182422 1.37533306935802 1.41675817151554 1.30914610205218 0.927284446079284 1.06890320614912 1.76046208431944 0.965075633255765 1.81630097702146 1.23458297131583 1.72571490122937 1.34846755559556 1.858077557059 1.22672994830646 1.45380975911394
1.00500163785182 1.42715823440813 1.15508370310999 1.62888661958277 1.77018188731745 1.19898710539564 1.48579416144639 1.72491966583766 1.88715207739733 1.5768156494014 1.3334486936219 1.8256597511936 1.16175658255816 1.78447061218321 0 1.37199457362294 1.78898229077458 1.18597920797765 1.33504319493659 1.30475855153054 1.72209996730089 1.76869830861688 1.69233420724049 1.83788845688105 1.87073171325028 1.80119156115688 1.2486466425471 1.72460456145927 1.35935128480196 1.62616163911298
1.43793573882431 1.12884081155062 1.39833135274239 1.38791196653619 1.65684423479252 1.25922971661203 1.901658505667 1.06823736708611 1.43102524080314 1.78227246063761 1.44404510734603 1.86638173251413 1.26810654229484 1.69233534182422 1.37199457362294 0 1.77110724220984 1.7114066616632 1.12269067438319 1.54465334257111 1.83943902747706 1.04124371823855 0.973108004080132 1.4946246559266 1.76260032877326 1.60057066311128 1.85147202108055 1.20860244869255 1.90434477874078 1.38209327007644
1.38664270122536 0.962343076243997 1.71973320026882 1.86364577105269 1.13525653188117 1.74135828553699 1.23128772596829 1.81932285497896 1.77698560571298 1.08298570779152 1.88291392661631 1.18267731624655 1.68316843733191 1.37533306935802 1.78898229077458 1.77110724220984 0 1.9026267353911 1.44206645642407 1.6161929811351 1.72637400217354 1.58064411743544 1.69398807245307 1.29941960307769 1.07646547793411 1.33663192135282 1.35116897872649 1.38737959205173 1.78716973005794 1.57451037713327
1.2875875630416 0.957745021209121 1.08171832724474 0.967325770761818 1.17297921329737 1.77293882169761 1.82196584809572 1.71545312320814 1.82734577148221 1.87884369981475 1.79726229468361 1.56787009024993 1.19718401879072 1.41675817151554 1.18597920797765 1.7114066616632 1.9026267353911 0 1.73026675265282 0.991875032894313 1.19673316529952 1.10665290383622 0.926676368806511 1.79644194035791 1.41139862453565 1.88243331946433 1.43007291969843 1.26621458353475 1.43832584866323 1.55810633348301
0.987407667096704 1.00693227001466 1.17809989978559 0.922079538693652 0.996664824429899 1.09173354064114 1.11402313201688 1.40119061688893 1.26282567228191 1.3492115070112 1.02132805599831 1.58873392269015 0.99493472604081 1.30914610205218 1.33504319493659 1.12269067438319 1.44206645642407 1.73026675265282 0 1.64613686595112 0.989731609588489 0.972581164911389 1.49050608323887 1.74066968378611 1.76930396514945 1.1916519657243 1.59554121620022 1.79191452008672 1.31536405789666 1.34640171402134
1.10135960066691 0.98317945189774 1.74289209581912 1.05521525652148 1.00331882643513 1.77064817887731 1.81303633307107 1.8733194922097 1.01705076661892 1.76269598631188 1.50278100185096 1.22268380853347 0.972280908375978 0.927284446079284 1.30475855153054 1.54465334257111 1.6161929811351 0.991875032894313 1.64613686595112 0 1.38189742714167 1.47140615223907 1.54022644041106 1.15400566230528 1.368164726533 1.26579872169532 1.75273761106655 1.1867919289507 1.24270206782967 1.62002923712134
1.30906269210391 1.27358145243488 1.86688837385736 1.46030220692046 1.54516569059342 1.76444845600054 1.10008784779347 1.0759964666795 1.52159623778425 1.58552087051794 1.77141356002539 1.31263071065769 1.45538178482093 1.06890320614912 1.72209996730089 1.83943902747706 1.72637400217354 1.19673316529952 0.989731609588489 1.38189742714167 0 1.07843465451151 1.39477129327133 1.89834357961081 1.76867651217617 1.67918103537522 1.76600936963223 1.20179568091407 1.38210361078382 1.60696301073767
0.966499309753999 1.89403449371457 1.46868585213087 1.680511493003 1.59214884485118 0.949770610081032 1.11013990035281 1.1037785706576 1.32161501888186 1.53032244509086 1.57043597940356 1.14603526424617 1.4386218439322 1.76046208431944 1.76869830861688 1.04124371823855 1.58064411743544 1.10665290383622 0.972581164911389 1.47140615223907 1.07843465451151 0 1.72382153593935 1.83258851058781 1.19759068754502 1.87028763466515 1.44869561470114 1.07928424584679 1.58583016507328 1.82401548605412
1.53307339129969 1.08861173619516 1.70345610543154 1.73193684639409 0.911610785406083 1.18401939724572 1.55182860279456 1.6937686917372 1.74453074741177 1.34324607998133 1.79986230097711 1.31852413504384 1.49271678924561 0.965075633255765 1.69233420724049 0.973108004080132 1.69398807245307 0.926676368806511 1.49050608323887 1.54022644041106 1.39477129327133 1.72382153593935 0 1.76483182376251 1.76589040760882 1.4696015312802 1.13627840764821 1.1549681534525 0.97937084781006 1.2071464555338
1.28529234649613 1.82071623462252 1.20866550179198 1.04684254620224 1.00490830629133 1.52347028115764 1.14881146536209 1.30425180541351 1.34984932956286 1.39241607463919 1.09964165929705 1.08212373638526 1.43213527626358 1.81630097702146 1.83788845688105 1.4946246559266 1.29941960307769 1.79644194035791 1.74066968378611 1.15400566230528 1.89834357961081 1.83258851058781 1.76483182376251 0 1.5290087426547 1.11637594830245 1.04329891805537 1.49757224950008 1.89060804457404 1.71277826535515
1.87328450963832 1.53090388397686 1.03019132255577 1.03641553781927 1.41178737301379 1.54765291558579 1.44892018707469 1.75586888799444 1.7261251823511 1.25495016411878 1.53487712470815 1.2113026950974 1.22015982144512 1.23458297131583 1.87073171325028 1.76260032877326 1.07646547793411 1.41139862453565 1.76930396514945 1.368164726533 1.76867651217617 1.19759068754502 1.76589040760882 1.5290087426547 0 1.55578845459968 1.20264276163653 1.1341883817222 1.8542631752789 1.23004985623993
1.46074476605281 1.57846058346331 1.00948869949207 1.22868244326673 1.23111557750963 1.08094006893225 1.60098533052951 1.80593544989824 1.00393691356294 1.01035864511505 1.39362919866107 1.17000028421171 1.29478490445763 1.72571490122937 1.80119156115688 1.60057066311128 1.33663192135282 1.88243331946433 1.1916519657243 1.26579872169532 1.67918103537522 1.87028763466515 1.4696015312802 1.11637594830245 1.55578845459968 0 1.46002435637638 1.15178427705541 1.22347409348004 1.75398774049245
1.42387867043726 0.993177277501673 1.7097408908885 1.39656425570138 1.59871045988984 1.53919416689314 1.37542414851487 1.85076477797702 1.3512636278756 1.83728524832986 1.55055989255197 1.76918714307249 1.04201995674521 1.34846755559556 1.2486466425471 1.85147202108055 1.35116897872649 1.43007291969843 1.59554121620022 1.75273761106655 1.76600936963223 1.44869561470114 1.13627840764821 1.04329891805537 1.20264276163653 1.46002435637638 0 0.996705120895058 1.79186058463529 1.20330613595434
1.65051701106131 1.13524289103225 1.83416017075069 0.972582257352769 1.59234426636249 0.954710546415299 1.60067187272944 1.90043288050219 1.11935222195461 0.9259497160092 1.1174565916881 1.09071776131168 1.69538333406672 1.858077557059 1.72460456145927 1.20860244869255 1.38737959205173 1.26621458353475 1.79191452008672 1.1867919289507 1.20179568091407 1.07928424584679 1.1549681534525 1.49757224950008 1.1341883817222 1.15178427705541 0.996705120895058 0 1.37108972808346 0.948941028909758
0.935907085426152 0.967787293018773 1.77654128312133 1.01163186016493 1.334676241735 1.49013505782932 0.952465961687267 1.64138986985199 1.45583279430866 1.15186017635278 1.21799058048055 1.43514936952852 1.51571463327855 1.22672994830646 1.35935128480196 1.90434477874078 1.78716973005794 1.43832584866323 1.31536405789666 1.24270206782967 1.38210361078382 1.58583016507328 0.97937084781006 1.89060804457404 1.8542631752789 1.22347409348004 1.79186058463529 1.37108972808346 0 0.945077680516988
1.84486359567381 1.28738702577539 1.72357701323926 1.10008651693352 1.1762628199067 1.64740928099491 1.27151775709353 1.72239411063492 1.29540268634446 1.16814747964963 1.68029346666299 1.3711436772719 1.25787233235314 1.45380975911394 1.62616163911298 1.38209327007644 1.57451037713327 1.55810633348301 1.34640171402134 1.62002923712134 1.60696301073767 1.82401548605412 1.2071464555338 1.71277826535515 1.23004985623993 1.75398774049245 1.20330613595434 0.948941028909758 0.945077680516988 0
