0 1.11273289564997 0.966717618750408 1.02373350714333 0.98801075713709 1.73911623447202 1.73168646357954 1.62955508590676 1.03822931786999 1.78019471769221 0.942855661036447 1.19769645552151 1.10591218131594 0.95864970702678 0.984234439907596 1.69505455391482 1.59369984385557 1.07342612510547 0.951438015559688 1.39598673116416 0.894997708965093 1.07276092655957 1.53666344168596 0.884011753601953 1.57184689445421 1.55918852612376 1.42489937599748 1.82677767658606 1.03271400858648 1.38412101124413
1.11273289564997 0 1.71347682015039 1.77476646541618 1.81044863001443 0.993535654852167 1.81649347022176 0.88471501134336 1.00906379357912 1.11883258912712 1.09656273736618 1.58997181523591 1.39157556602731 1.55810015788302 1.19394555618055 1.05458000930957 1.42138082743622 1.81981682963669 1.48989610490389 1.37299955147319 1.49197303666733 0.919835141627118 1.28509689355269 0.879086645087227 1.46718717599288 1.33698751940392 1.20366991194896 1.0211404748261 1.18489603465423 1.08338382490911
0.966717618750408 1.71347682015039 0 1.00313902762718 0.970483655342832 1.58515157038346 1.75397845357656 1.2296891703736 0.994406423764303 1.72357679880224 0.89017591252923 1.02631036937237 1.48123092693277 1.07023683399893 0.910293828928843 1.20878490875475 1.01013410836458 1.42193296272308 1.65933847893029 1.56955922092311 1.00694110244513 0.872119548730552 1.74218936474063 1.47485226858407 1.24003379046917 0.896105554653332 1.7956976715941 1.67594470409676 1.84053358947858 1.32939038425684
1.02373350714333 1.77476646541618 1.00313902762718 0 1.26405638898723 1.27152883075178 1.01666460884735 1.56304890522733 0.934214890236035 0.928168795537204 0.887046636780724 1.598157054279 1.46672355826013 1.29404107178561 1.10826453729533 0.962755203945562 1.22812530980445 1.55685068620369 1.1780017754063 1.11975286970846 1.33647153177299 1.64717936096713 1.57161157741211 1.08776765223593 1.40708523057401 0.912475969176739 0.986003659199923 1.83390275295824 1.00884635723196 1.50353386811912
0.98801075713709 1.81044863001443 0.970483655342832 1.26405638898723 0 1.65161030436866 1.49035730515607 1.79671918111853 1.02758385194466 1.50751308607869 1.50709999306127 1.50023835268803 1.39232876081951 0.917829767335206 1.05565898725763 1.74604513379745 1.73373023816384 1.32922225282528 0.999677918618545 1.37611743924208 1.65251917857677 1.40963219897822 1.48081416566856 1.8103998049628 1.60445438255556 1.8520261424128 1.46169100888073 1.42880628537387 1.81104723922908 1.4553723372519
1.73911623447202 0.993535654852167 1.58515157038346 1.27152883075178 1.65161030436866 0 1.27236690907739 1.3672215375118 1.05632091569714 1.83948628883809 0.991067797644064 1.02574172895402 1.08802974224091 1.47208306402899 1.01931456429884 1.03408893779851 1.51668772450648 1.39119993476197 0.903073373949155 1.59434474096633 0.935832368209958 0.954643013654277 1.75424684188329 1.10934089124203 1.49541407544166 1.50784840737469 1.01897285319865 1.51679848739877 1.0482281956356 1.119210482575
1.73168646357954 1.81649347022176 1.75397845357656 1.01666460884735 1.49035730515607 1.27236690907739 0 1.01107913767919 1.38279755483381 1.570275566075 1.1551223793067 1.35818703891709 0.884374000132084 1.02241222932935 1.16776504786685 0.940421773586422 1.08071398176253 1.65373616572469 1.39483972033486 1.37289095693268 1.69526222744025 1.53728427551687 1.63112112507224 1.23054469190538 1.63416410167702 1.80138399335556 1.40347667387687 1.65853452123702 1.20037999912165 1.16467443038709
1.62955508590676 0.88471501134336 1.2296891703736 1.56304890522733 1.79671918111853 1.3672215375118 1.01107913767919 0 1.34631294873543 1.34680762933567 0.948443664005026 1.11502939253114 1.5098714013584 1.15229821833782 1.16927346470766 1.47747096698731 1.00737175811082 1.69450009148568 1.11908369022422 0.975612296257168 1.52936179330572 1.72255146014504 1.82897008629516 1.37604400888085 1.62647838378325 1.35175478761084 1.77147561521269 1.01166190113872 1.39379617059603 1.67336727352813
1.03822931786999 1.00906379357912 0.994406423764303 0.934214890236035 1.02758385194466 1.05632091569714 1.38279755483381 1.34631294873543 0 1.78540094569325 1.74733879347332 1.42837346950546 0.982646345393732 1.44993469794281 1.06178011070006 1.12085255910642 1.13483016844839 0.987405342515558 1.43008953821845 1.46903123962693 1.8271807951387 1.5011030449532 0.983089614193887 1.2667598805856 1.27906713704579 1.10018710861914 1.13672337587923 1.10069546313025 1.66394744813442 1.05816332739778
1.78019471769221 1.11883258912712 1.72357679880224 0.928168795537204 1.50751308607869 1.83948628883809 1.570275566075 1.34680762933567 1.78540094569325 0 1.69461830565706 1.37544979085214 1.61602039029822 1.59906545979902 1.62199719320051 1.4991494754795 1.21959587256424 1.59799585375004 1.78540088492446 1.07274200185202 1.61632075463422 1.21105929254554 1.08752112928778 1.29068541456945 0.941974766785279 0.900051195640117 1.52205721801147 1.66658029099926 1.24604480271228 0.958513453835621
0.942855661036447 1.09656273736618 0.89017591252923 0.887046636780724 1.50709999306127 0.991067797644064 1.1551223793067 0.948443664005026 1.74733879347332 1.69461830565706 0 1.58657393185422 1.5041715472471 1.15093996073119 0.961393960751593 1.41440751799382 0.949650364462286 0.876730748219416 1.4184757610783 1.46847514086403 1.60190489632078 1.67424425110221 1.16633395361714 1.32185180322267 1.82898518070579 1.1453413083218 1.66385668539442 1.59173863055184 1.80913554737344 1.86322597973049
1.19769645552151 1.58997181523591 1.02631036937237 1.598157054279 1.50023835268803 1.02574172895402 1.35818703891709 1.11502939253114 1.42837346950546 1.37544979085214 1.58657393185422 0 1.16920153424144 0.962227420415729 1.52833385695703 1.25680918409489 1.54912980622612 1.24202430807054 0.949877254199237 1.85476123681292 1.04646951588802 1.19389912975021 1.13214155449532 1.48735982575454 1.33639567485079 1.45152643276379 1.48777143703774 1.26969726174138 1.09225314226933 1.7689788818825
1.10591218131594 1.39157556602731 1.48123092693277 1.46672355826013 1.39232876081951 1.08802974224091 0.884374000132084 1.5098714013584 0.982646345393732 1.61602039029822 1.5041715472471 1.16920153424144 0 1.17952573113143 1.05826430162415 1.67947270115837 1.7730836358387 1.68641268624924 0.864478481002152 1.08832709840499 0.950422883965075 1.46229130751453 0.898702130652964 1.33247981057502 1.52370121865533 0.977960482705384 1.74115590099245 1.43426609109156 1.29166588117369 1.02730691316538
0.95864970702678 1.55810015788302 1.07023683399893 1.29404107178561 0.917829767335206 1.47208306402899 1.02241222932935 1.15229821833782 1.44993469794281 1.59906545979902 1.15093996073119 0.962227420415729 1.17952573113143 0 1.33724205614999 1.2360318636056 1.54670572071336 1.73532012407668 1.14460938656703 1.45966743538156 1.22479207278229 1.6664189028088 1.51885148370638 1.13492267648689 1.53685036720708 1.23360978765413 1.18011109088548 1.04022065433674 1.18275701021776 1.7763128222432
0.984234439907596 1.19394555618055 0.910293828928843 1.10826453729533 1.05565898725763 1.01931456429884 1.16776504786685 1.16927346470766 1.06178011070006 1.62199719320051 0.961393960751593 1.52833385695703 1.05826430162415 1.33724205614999 0 1.17633826611564 1.28269163751975 1.5282334217336 1.43223231774755 1.78744727326557 1.50606799847446 1.10844444832765 1.69834633613937 1.1825188563671 1.74759247084148 1.20963681861758 1.57924844394438 1.7363715772517 1.63897136040032 1.15695428964682
1.69505455391482 1.05458000930957 1.20878490875475 0.962755203945562 1.74604513379745 1.03408893779851 0.940421773586422 1.47747096698731 1.12085255910642 1.4991494754795 1.41440751799382 1.25680918409489 1.67947270115837 1.2360318636056 1.17633826611564 0 1.58166695432737 1.15907815680839 1.07287988089956 0.914925863733515 1.23167037288658 1.05299797095358 1.59842089586891 1.59555376553908 1.2982896475587 1.62108516646549 1.14673584001139 1.22231902508065 1.64947804436088 1.62046196777374
1.59369984385557 1.42138082743622 1.01013410836458 1.22812530980445 1.73373023816384 1.51668772450648 1.08071398176253 1.00737175811082 1.13483016844839 1.21959587256424 0.949650364462286 1.54912980622612 1.7730836358387 1.54670572071336 1.28269163751975 1.58166695432737 0 1.10771498759277 1.64606243604794 1.75794184696861 1.21987969125621 0.905470316531137 1.28062367392704 0.874218663433567 1.25007733982056 0.872253635665402 1.71474423422478 1.40667858533561 1.12440017703921 1.1816405558493
1.07342612510547 1.81981682963669 1.42193296272308 1.55685068620369 1.32922225282528 1.39119993476197 1.65373616572469 1.69450009148568 0.987405342515558 1.59799585375004 0.876730748219416 1.24202430807054 1.68641268624924 1.73532012407668 1.5282334217336 1.15907815680839 1.10771498759277 0 1.07958356500603 1.62494977633469 1.49976692255586 1.3756689617876 1.35765051050112 1.68929526791908 1.77373139141127 1.5331251444295 1.72409365256317 1.0635611533653 1.44250386417843 1.35641343193129
0.951438015559688 1.48989610490389 1.65933847893029 1.1780017754063 0.999677918618545 0.903073373949155 1.39483972033486 1.11908369022422 1.43008953821845 1.78540088492446 1.4184757610783 0.949877254199237 0.864478481002152 1.14460938656703 1.43223231774755 1.07287988089956 1.64606243604794 1.07958356500603 0 1.6937237943057 0.921619470929727 1.7088638250716 1.43930090335198 1.19330878276378 1.50499563501216 1.01615800173022 1.463346357923 1.30408572242595 1.00866277306341 1.50888180243783
1.39598673116416 1.37299955147319 1.56955922092311 1.11975286970846 1.37611743924208 1.59434474096633 1.37289095693268 0.975612296257168 1.46903123962693 1.07274200185202 1.46847514086403 1.85476123681292 1.08832709840499 1.45966743538156 1.78744727326557 0.914925863733515 1.75794184696861 1.62494977633469 1.6937237943057 0 1.41597395343706 1.78309281403199 1.57570149446838 1.63471720018424 1.14563514222391 1.76916084252298 0.913930810987949 1.76500390516594 1.82142554689199 1.67906679655425
0.894997708965093 1.49197303666733 1.00694110244513 1.33647153177299 1.65251917857677 0.935832368209958 1.69526222744025 1.52936179330572 1.8271807951387 1.61632075463422 1.60190489632078 1.04646951588802 0.950422883965075 1.22479207278229 1.50606799847446 1.23167037288658 1.21987969125621 1.49976692255586 0.921619470929727 1.41597395343706 0 1.85008913977072 1.38818862754852 1.77900946256705 1.83253280702047 1.55410191952251 1.55538770533167 1.47605276457034 1.04757597716525 0.878171903081238
1.07276092655957 0.919835141627118 0.872119548730552 1.64717936096713 1.40963219897822 0.954643013654277 1.53728427551687 1.72255146014504 1.5011030449532 1.21105929254554 1.67424425110221 1.19389912975021 1.46229130751453 1.6664189028088 1.10844444832765 1.05299797095358 0.905470316531137 1.3756689617876 1.7088638250716 1.78309281403199 1.85008913977072 0 1.25358021189459 1.31408583116718 1.53372268960811 0.963602606207132 1.79433048889041 1.23713729996234 1.14568565017544 1.34851875132881
1.53666344168596 1.28509689355269 1.74218936474063 1.57161157741211 1.48081416566856 1.75424684188329 1.63112112507224 1.82897008629516 0.983089614193887 1.08752112928778 1.16633395361714 1.13214155449532 0.898702130652964 1.51885148370638 1.69834633613937 1.59842089586891 1.28062367392704 1.35765051050112 1.43930090335198 1.57570149446838 1.38818862754852 1.25358021189459 0 1.41258091689087 1.26404998824 1.32736769458279 1.82351146521978 1.26127740438096 1.19811393646523 1.56589108402841
0.884011753601953 0.879086645087227 1.47485226858407 1.08776765223593 1.8103998049628 1.10934089124203 1.23054469190538 1.37604400888085 1.2667598805856 1.29068541456945 1.32185180322267 1.48735982575454 1.33247981057502 1.13492267648689 1.1825188563671 1.59555376553908 0.874218663433567 1.68929526791908 1.19330878276378 1.63471720018424 1.77900946256705 1.31408583116718 1.41258091689087 0 1.16479451628402 1.33716514520347 0.90675857430324 1.3367022483144 1.11429858952761 1.18007359839976
1.57184689445421 1.46718717599288 1.24003379046917 1.40708523057401 1.60445438255556 1.49541407544166 1.63416410167702 1.62647838378325 1.27906713704579 0.941974766785279 1.82898518070579 1.33639567485079 1.52370121865533 1.53685036720708 1.74759247084148 1.2982896475587 1.25007733982056 1.77373139141127 1.50499563501216 1.14563514222391 1.83253280702047 1.53372268960811 1.26404998824 1.16479451628402 0 1.18414154509082 1.19142288621515 1.17012254265137 0.863486909074709 1.02640699991025
1.55918852612376 1.33698751940392 0.896105554653332 0.912475969176739 1.8520261424128 1.50784840737469 1.80138399335556 1.35175478761084 1.10018710861914 0.900051195640117 1.1453413083218 1.45152643276379 0.977960482705384 1.23360978765413 1.20963681861758 1.62108516646549 0.872253635665402 1.5331251444295 1.01615800173022 1.76916084252298 1.55410191952251 0.963602606207132 1.32736769458279 1.33716514520347 1.18414154509082 0 0.919108022702858 1.4911348707974 1.47963696578518 1.09439739119262
1.42489937599748 1.20366991194896 1.7956976715941 0.986003659199923 1.46169100888073 1.01897285319865 1.40347667387687 1.77147561521269 1.13672337587923 1.52205721801147 1.66385668539442 1.48777143703774 1.74115590099245 1.18011109088548 1.57924844394438 1.14673584001139 1.71474423422478 1.72409365256317 1.463346357923 0.913930810987949 1.55538770533167 1.79433048889041 1.82351146521978 0.90675857430324 1.19142288621515 0.919108022702858 0 0.892949461471289 1.00935568846762 1.56761499051936
1.82677767658606 1.0211404748261 1.67594470409676 1.83390275295824 1.42880628537387 1.51679848739877 1.65853452123702 1.01166190113872 1.10069546313025 1.66658029099926 1.59173863055184 1.26969726174138 1.43426609109156 1.04022065433674 1.7363715772517 1.22231902508065 1.40667858533561 1.0635611533653 1.30408572242595 1.76500390516594 1.47605276457034 1.23713729996234 1.26127740438096 1.3367022483144 1.17012254265137 1.4911348707974 0.892949461471289 0 0.962421543197706 1.26749361702241
1.03271400858648 1.18489603465423 1.84053358947858 1.00884635723196 1.81104723922908 1.0482281956356 1.20037999912165 1.39379617059603 1.66394744813442 1.24604480271228 1.80913554737344 1.09225314226933 1.29166588117369 1.18275701021776 1.63897136040032 1.64947804436088 1.12440017703921 1.44250386417843 1.00866277306341 1.82142554689199 1.04757597716525 1.14568565017544 1.19811393646523 1.11429858952761 0.863486909074709 1.47963696578518 1.00935568846762 0.962421543197706 0 1.02522457297891
1.38412101124413 1.08338382490911 1.32939038425684 1.50353386811912 1.4553723372519 1.119210482575 1.16467443038709 1.67336727352813 1.05816332739778 0.958513453835621 1.86322597973049 1.7689788818825 1.02730691316538 1.7763128222432 1.15695428964682 1.62046196777374 1.1816405558493 1.35641343193129 1.50888180243783 1.67906679655425 0.878171903081238 1.34851875132881 1.56589108402841 1.18007359839976 1.02640699991025 1.09439739119262 1.56761499051936 1.26749361702241 1.02522457297891 0
