0 1.54952651262283 1.15079144854099 1.76486205589026 1.31435640063137 1.84548851614818 1.51249277009629 1.91921603190713 0.974141469923779 1.44139367714524 1.26759818266146 1.24124901229516 1.3057752631139 1.09062064369209 1.66400995734148 1.47255596122704 1.760905116098 0.985070001101121 1.57949010306038 1.82200024160556 1.35871460451744 1.25774529902264 1.77583269798197 1.32166680670343 1.8005733275786 1.79164250474423 1.75528345745988 1.22049943637103 1.45759552088566 1.75520792719908
1.54952651262283 0 1.67246215743944 1.28837162605487 1.40547688282095 1.04783999035135 1.38777707563713 1.85484826355241 1.92349353223108 1.48433789378032 1.44008391280659 1.60409794584848 1.17366034979932 1.02364459796809 1.15357171255164 1.45897053554654 1.15616329107434 1.27742054965347 1.10481898789294 1.11640239623375 1.25976806855761 1.76498075970449 1.53990041604266 1.91958697279915 1.38260338990949 0.9703072051052 1.27473319484852 1.80873457621783 1.63756034756079 1.21908427518792
1.15079144854099 1.67246215743944 0 1.72455805749632 1.11758238915354 1.46082756319083 1.3716180245392 1.517195206834 1.63328693853691 1.53884892910719 1.37003127881326 1.71195203531533 1.47823645011522 1.93407011567615 1.36876852368005 1.08910724753514 1.75197410560213 1.80745244724676 1.5210965750739 1.22241099830717 1.64802724379115 0.977534643607214 1.80580357392319 1.69754173792899 1.5295164573472 1.71830026758835 1.6428478860762 1.13082820922136 1.8491087066941 1.40822460921481
1.76486205589026 1.28837162605487 1.72455805749632 0 1.75806328421459 1.36888822657056 1.69491385715082 1.66959421755746 1.30095527297817 1.49847423913889 1.19072733493522 1.57084744144231 1.94326874054968 1.21039977110922 1.68321186350659 1.84173782565631 1.24101844220422 1.0524654968176 1.41445481823757 1.53288745973259 1.21821027225815 1.34748821728863 1.57386930030771 1.55968630127609 0.995423001702875 1.59586721868254 1.09479443891905 1.14031488448381 1.6014384413138 1.02286072610877
1.31435640063137 1.40547688282095 1.11758238915354 1.75806328421459 0 1.57437635306269 1.19382902933285 1.29367528506555 1.70345003996044 1.41172848688439 1.43702050019056 1.57673753635027 1.54635052802041 1.04817635170184 1.52123071183451 1.56714263744652 1.33615405019373 1.06122335628606 1.31373784854077 1.72060005366802 0.981377024902031 1.63659998751245 1.15268702921458 1.90815485082567 1.39945119828917 1.48477019648999 1.49741727532819 1.54960981104523 1.71231798641384 1.45281005464494
1.84548851614818 1.04783999035135 1.46082756319083 1.36888822657056 1.57437635306269 0 1.87956763361581 1.09129044343717 1.93551916093566 1.88038755953312 1.81237726542167 1.50524776149541 1.94841658580117 1.2811794327572 1.14696423895657 1.5039744831156 1.47446916764602 1.62611324922182 1.91569067281671 1.49571658624336 1.75625244388357 1.85493588773534 1.07031847909093 1.76137178833596 1.72131752385758 1.95694947382435 1.36134787695482 1.55300393374637 1.23519366444089 1.84521883586422
1.51249277009629 1.38777707563713 1.3716180245392 1.69491385715082 1.19382902933285 1.87956763361581 0 0.996800664812326 1.30316366930492 1.94657971872948 0.971210629446432 1.9409610463772 1.7068380874116 1.91815572534688 0.993345122318715 1.30442856671289 1.60101555497386 1.09847650351003 1.82874282728881 1.46109581342898 1.42911354941316 1.95897550135851 1.55711952922866 1.7001049015671 1.02237681741826 1.00417447974905 1.90239388891496 1.55619956646115 1.34929103171453 1.11673668795265
1.91921603190713 1.85484826355241 1.517195206834 1.66959421755746 1.29367528506555 1.09129044343717 0.996800664812326 0 1.72550463001244 1.45154217327945 1.03555807331577 1.04901723470539 1.24410383729264 1.16652577137575 1.21633277391084 1.63857897603884 1.68738310993649 1.08183547807857 1.80553766340017 1.11985335615464 1.43304945761338 1.59777070349082 1.69740933296271 1.4275178082753 1.05656867171638 1.42666756385006 1.01801601820625 1.23186534433626 1.2596063837409 1.71693268930539
0.974141469923779 1.92349353223108 1.63328693853691 1.30095527297817 1.70345003996044 1.93551916093566 1.30316366930492 1.72550463001244 0 1.31109567079693 1.56616291124374 1.77032847492956 1.05039302911609 1.95344119891524 1.40427639777772 1.95645409007557 1.24807762145065 1.41537278960459 1.14744383352809 1.45518974983133 1.22558956849389 1.55810348759405 1.35941467504017 1.38805085048079 1.21536863129586 1.83540874323808 0.979168913559988 1.47963412618265 1.4024233983364 1.76321573974565
1.44139367714524 1.48433789378032 1.53884892910719 1.49847423913889 1.41172848688439 1.88038755953312 1.94657971872948 1.45154217327945 1.31109567079693 0 1.56349621876143 1.85420915530995 1.4769065566361 1.33437682408839 1.24966225540265 1.96399513119832 1.223616235191 1.29583690944128 1.33281643874943 1.54261065460742 1.56862032576464 1.94324982143007 1.19934888929129 0.976453671697527 1.96802535373718 1.80290644010529 1.22658429737203 1.7683576354757 1.68888560100459 1.85520192608237
1.26759818266146 1.44008391280659 1.37003127881326 1.19072733493522 1.43702050019056 1.81237726542167 0.971210629446432 1.03555807331577 1.56616291124374 1.56349621876143 0 1.37246545380913 1.57450486184098 1.11540656606667 1.93517898232676 1.0456006587483 1.7355906884186 1.63702609320171 1.78236446459778 1.44185753609054 1.42526734992862 1.9401060284581 1.86656816792674 1.10459005017765 1.18802055018023 1.37286025681533 1.81306889699772 0.971292213303968 1.20059030642733 1.00517789740115
1.24124901229516 1.60409794584848 1.71195203531533 1.57084744144231 1.57673753635027 1.50524776149541 1.9409610463772 1.04901723470539 1.77032847492956 1.85420915530995 1.37246545380913 0 1.68858548928984 1.45052743679844 1.48994944151491 1.78171586012468 1.64301305240951 1.67088466696441 1.54214729205705 1.34779738355428 1.24216460902244 1.96574915014207 1.72826446220279 1.07859089365229 1.67780019529164 1.65362627804279 1.47659587557428 1.46594771626405 1.45221853698604 1.62687712488696
1.3057752631139 1.17366034979932 1.47823645011522 1.94326874054968 1.54635052802041 1.94841658580117 1.7068380874116 1.24410383729264 1.05039302911609 1.4769065566361 1.57450486184098 1.68858548928984 0 1.24143486726098 1.85598634392954 1.44710259325802 1.68017252301797 1.01497035799548 1.57253791159019 1.5277924593538 1.87923825182952 1.51052839145996 1.13601150014438 1.74384621041827 1.85043457057327 1.20905237202533 1.03441616473719 1.07403927692212 1.74796778918244 1.71816807263531
1.09062064369209 1.02364459796809 1.93407011567615 1.21039977110922 1.04817635170184 1.2811794327572 1.91815572534688 1.16652577137575 1.95344119891524 1.33437682408839 1.11540656606667 1.45052743679844 1.24143486726098 0 1.01864549214952 1.82489795121364 1.30272102495655 1.39023458189331 1.36225099908188 1.27551775821485 1.83928903006017 1.03824819321744 1.53034310508519 1.42117724148557 1.72637858963571 1.63569441949949 0.978279115865007 1.87906784145162 1.46688894811086 1.61348810745403
1.66400995734148 1.15357171255164 1.36876852368005 1.68321186350659 1.52123071183451 1.14696423895657 0.993345122318715 1.21633277391084 1.40427639777772 1.24966225540265 1.93517898232676 1.48994944151491 1.85598634392954 1.01864549214952 0 1.7009451976046 1.57669100421481 1.53223452158272 1.86147491703741 1.27881195419468 1.45410790038295 1.50400783796795 1.62902435357682 1.4913406772539 1.09559239400551 1.58982717012987 1.09074887447059 1.13654678827152 1.29456933378242 1.72138820425607
1.47255596122704 1.45897053554654 1.08910724753514 1.84173782565631 1.56714263744652 1.5039744831156 1.30442856671289 1.63857897603884 1.95645409007557 1.96399513119832 1.0456006587483 1.78171586012468 1.44710259325802 1.82489795121364 1.7009451976046 0 1.45133760990575 1.04109150753357 1.93273967737332 1.86421996518038 1.57150101312436 1.59537574066781 1.19904060824774 1.06223392230459 1.02470538625494 1.47340210480615 0.977285176515579 1.32509422115982 1.61596632772125 1.62933112354949
1.760905116098 1.15616329107434 1.75197410560213 1.24101844220422 1.33615405019373 1.47446916764602 1.60101555497386 1.68738310993649 1.24807762145065 1.223616235191 1.7355906884186 1.64301305240951 1.68017252301797 1.30272102495655 1.57669100421481 1.45133760990575 0 1.13589516654611 1.68418451142497 1.39335325919092 1.72987603000365 1.74689537612721 1.3869200842455 1.4822094719857 1.50445520482026 1.22214497672394 1.89239978604019 1.5496558570303 1.00899844313972 1.42104327259585
0.985070001101121 1.27742054965347 1.80745244724676 1.0524654968176 1.06122335628606 1.62611324922182 1.09847650351003 1.08183547807857 1.41537278960459 1.29583690944128 1.63702609320171 1.67088466696441 1.01497035799548 1.39023458189331 1.53223452158272 1.04109150753357 1.13589516654611 0 1.72105317632668 1.74769763019867 1.47865074360743 1.96652593184263 1.96688623726368 1.89649056596681 1.85972709022462 1.93581013404764 1.33210478303954 1.01990055968054 1.837106624851 1.29725625528954
1.57949010306038 1.10481898789294 1.5210965750739 1.41445481823757 1.31373784854077 1.91569067281671 1.82874282728881 1.80553766340017 1.14744383352809 1.33281643874943 1.78236446459778 1.54214729205705 1.57253791159019 1.36225099908188 1.86147491703741 1.93273967737332 1.68418451142497 1.72105317632668 0 1.48747995123267 1.55708420439623 1.25252377334982 1.89305231277831 1.66953440872021 1.23343884199858 1.80516904126853 1.11504263523966 1.43799640773796 1.68950607860461 1.24147664266638
1.82200024160556 1.11640239623375 1.22241099830717 1.53288745973259 1.72060005366802 1.49571658624336 1.46109581342898 1.11985335615464 1.45518974983133 1.54261065460742 1.44185753609054 1.34779738355428 1.5277924593538 1.27551775821485 1.27881195419468 1.86421996518038 1.39335325919092 1.74769763019867 1.48747995123267 0 1.23845182103105 1.89463443495333 1.88856382784434 1.80841573723592 1.11769307334907 1.82155049825087 1.30155152454972 1.14222663873807 1.76165215414949 1.81537294457667
1.35871460451744 1.25976806855761 1.64802724379115 1.21821027225815 0.981377024902031 1.75625244388357 1.42911354941316 1.43304945761338 1.22558956849389 1.56862032576464 1.42526734992862 1.24216460902244 1.87923825182952 1.83928903006017 1.45410790038295 1.57150101312436 1.72987603000365 1.47865074360743 1.55708420439623 1.23845182103105 0 1.90554583305493 1.60379071277566 1.14050669851713 1.71249001496471 1.52457889169455 1.52333482308313 1.93596910312772 1.66842529876158 1.10978373931721
1.25774529902264 1.76498075970449 0.977534643607214 1.34748821728863 1.63659998751245 1.85493588773534 1.95897550135851 1.59777070349082 1.55810348759405 1.94324982143007 1.9401060284581 1.96574915014207 1.51052839145996 1.03824819321744 1.50400783796795 1.59537574066781 1.74689537612721 1.96652593184263 1.25252377334982 1.89463443495333 1.90554583305493 0 1.09376011160202 1.94730170047842 1.1794687055517 1.33228149986826 1.3734366686549 1.57787891151384 1.38389959302731 1.16462280112319
1.77583269798197 1.53990041604266 1.80580357392319 1.57386930030771 1.15268702921458 1.07031847909093 1.55711952922866 1.69740933296271 1.35941467504017 1.19934888929129 1.86656816792674 1.72826446220279 1.13601150014438 1.53034310508519 1.62902435357682 1.19904060824774 1.3869200842455 1.96688623726368 1.89305231277831 1.88856382784434 1.60379071277566 1.09376011160202 0 1.05506567610428 1.34022177243605 1.5286518773064 1.37541700783186 1.60073276772164 1.07353733386844 1.88201839174144
1.32166680670343 1.91958697279915 1.69754173792899 1.55968630127609 1.90815485082567 1.76137178833596 1.7001049015671 1.4275178082753 1.38805085048079 0.976453671697527 1.10459005017765 1.07859089365229 1.74384621041827 1.42117724148557 1.4913406772539 1.06223392230459 1.4822094719857 1.89649056596681 1.66953440872021 1.80841573723592 1.14050669851713 1.94730170047842 1.05506567610428 0 1.6221098266542 1.71882301662117 1.4500840716064 1.37791149201803 1.94318310241215 1.96369274519384
1.8005733275786 1.38260338990949 1.5295164573472 0.995423001702875 1.39945119828917 1.72131752385758 1.02237681741826 1.05656867171638 1.21536863129586 1.96802535373718 1.18802055018023 1.67780019529164 1.85043457057327 1.72637858963571 1.09559239400551 1.02470538625494 1.50445520482026 1.85972709022462 1.23343884199858 1.11769307334907 1.71249001496471 1.1794687055517 1.34022177243605 1.6221098266542 0 1.76768732839264 1.46049663587473 1.05266670091078 1.47381990822032 1.2424887700472
1.79164250474423 0.9703072051052 1.71830026758835 1.59586721868254 1.48477019648999 1.95694947382435 1.00417447974905 1.42666756385006 1.83540874323808 1.80290644010529 1.37286025681533 1.65362627804279 1.20905237202533 1.63569441949949 1.58982717012987 1.47340210480615 1.22214497672394 1.93581013404764 1.80516904126853 1.82155049825087 1.52457889169455 1.33228149986826 1.5286518773064 1.71882301662117 1.76768732839264 0 1.84916355088353 1.32474301289767 0.96881972020492 1.64155210019089
1.75528345745988 1.27473319484852 1.6428478860762 1.09479443891905 1.49741727532819 1.36134787695482 1.90239388891496 1.01801601820625 0.979168913559988 1.22658429737203 1.81306889699772 1.47659587557428 1.03441616473719 0.978279115865007 1.09074887447059 0.977285176515579 1.89239978604019 1.33210478303954 1.11504263523966 1.30155152454972 1.52333482308313 1.3734366686549 1.37541700783186 1.4500840716064 1.46049663587473 1.84916355088353 0 1.19034602795728 1.02769749937579 1.45789007423446
1.22049943637103 1.80873457621783 1.13082820922136 1.14031488448381 1.54960981104523 1.55300393374637 1.55619956646115 1.23186534433626 1.47963412618265 1.7683576354757 0.971292213303968 1.46594771626405 1.07403927692212 1.87906784145162 1.13654678827152 1.32509422115982 1.5496558570303 1.01990055968054 1.43799640773796 1.14222663873807 1.93596910312772 1.57787891151384 1.60073276772164 1.37791149201803 1.05266670091078 1.32474301289767 1.19034602795728 0 0.974328761920333 1.16545812785625
1.45759552088566 1.63756034756079 1.8491087066941 1.6014384413138 1.71231798641384 1.23519366444089 1.34929103171453 1.2596063837409 1.4024233983364 1.68888560100459 1.20059030642733 1.45221853698604 1.74796778918244 1.46688894811086 1.29456933378242 1.61596632772125 1.00899844313972 1.837106624851 1.68950607860461 1.76165215414949 1.66842529876158 1.38389959302731 1.07353733386844 1.94318310241215 1.47381990822032 0.96881972020492 1.02769749937579 0.974328761920333 0 1.07011937024072
1.75520792719908 1.21908427518792 1.40822460921481 1.02286072610877 1.45281005464494 1.84521883586422 1.11673668795265 1.71693268930539 1.76321573974565 1.85520192608237 1.00517789740115 1.62687712488696 1.71816807263531 1.61348810745403 1.72138820425607 1.62933112354949 1.42104327259585 1.29725625528954 1.24147664266638 1.81537294457667 1.10978373931721 1.16462280112319 1.88201839174144 1.96369274519384 1.2424887700472 1.64155210019089 1.45789007423446 1.16545812785625 1.07011937024072 0
