0 1.54289453616366 1.82091295835562 1.81349114165641 1.26324154040776 1.54739394900389 1.65396801033057 1.73788588657044 1.33205671864562 1.36494223610498 1.22998636588454 1.33037425531074 1.57566258637235 1.53791921515949 0.960411015432328 1.78498829994351 1.40946996514685 0.94205005094409 1.03047020430677 1.22045633406378 1.10080968844704 1.71083969902247 1.87217932986096 1.10600913385861 1.73793435911648 1.24293088307604 1.84005170431919 1.33842052030377 1.32083144201897 1.23792692576535
1.54289453616366 0 1.56805924628861 1.90489055891521 1.60073066363111 1.45306722517125 1.51806864957325 1.65176466223784 1.77403680002317 1.60062945215032 1.68001279258169 1.08064922457561 1.37895508599468 1.79806289845146 1.70418352074921 1.60436571738683 1.30328868585639 1.5592204676941 1.73784278333187 0.988711667945608 1.85658533056267 1.45875662728213 1.35800566896796 0.978814448229969 1.41814118018374 1.29883764218539 1.60604713228531 1.9370624369476 0.938337723957375 0.983575318474323
1.82091295835562 1.56805924628861 0 1.60192545340396 1.01434049801901 1.47904590633698 1.38266476336867 1.01866649976 1.21122104860842 1.81963443546556 1.56085445359349 0.94490764895454 1.6612966817338 1.3444726599846 1.71376089076512 1.56140394904651 1.83596900524572 1.30042345402762 1.89252566616051 1.26792915188707 1.51978153432719 1.61438883305527 1.36960878013633 1.49660349404439 1.76643726695329 1.58499344764277 1.1199830560945 1.71014362643473 1.106260468252 1.7657795692794
1.81349114165641 1.90489055891521 1.60192545340396 0 1.46099214884453 1.03750327671878 1.44417413347401 1.35866115987301 1.14597446797416 1.00947362766601 1.91644264664501 1.42498787026852 1.89132546656765 1.73013506643474 1.70003565424122 1.88407189375721 1.56425793748349 1.6896987836808 1.91478388383985 1.49001952423714 1.88709090696648 1.35438030539081 1.48951905942522 1.24894460476935 1.92334804194979 1.24695764295757 1.45513361203484 1.3775970491115 0.977613996015862 1.31738734873943
1.26324154040776 1.60073066363111 1.01434049801901 1.46099214884453 0 1.41646104841493 1.71644625277258 1.45651672757231 1.13811847660691 1.34474540525116 1.79106900771149 1.18061936204322 1.29785118694417 1.63061315193772 1.85562947369181 1.02753997547552 0.985079613514245 1.10519222915173 1.81450858199969 1.62821832275949 1.15653530252166 1.93023503478616 1.4398894701153 1.41033143573441 1.3850766774267 1.31060696672648 1.17531492654234 1.82794887106866 1.28590977634303 1.1875438769348
1.54739394900389 1.45306722517125 1.47904590633698 1.03750327671878 1.41646104841493 0 1.66013900795951 1.78062369930558 1.50248669576831 1.28796566696838 1.33713764511049 1.24858092609793 1.56256779632531 1.45925514842384 0.956476589897648 1.42224504170008 1.37362668244168 1.11865500058047 1.20574753521942 1.23874257877469 1.25423325318843 1.202109584352 0.995662554167211 1.65976101742126 1.57420977228321 1.92633477365598 1.17103954707272 1.22609084122814 1.62580690952018 1.22214639093727
1.65396801033057 1.51806864957325 1.38266476336867 1.44417413347401 1.71644625277258 1.66013900795951 0 1.92745958198793 1.47087053465657 1.87262970977463 1.10147340036929 0.9821608485654 1.50957043701783 1.25323710101657 0.991567297372967 1.555643561529 1.75153345498256 1.18386808689684 1.35198738798499 1.41107581253164 1.61959782335907 1.6604807949625 1.26735110487789 1.20738152624108 1.9277984641958 1.74775518057868 1.68714411393739 1.43329635984264 0.964949749875814 1.91857968340628
1.73788588657044 1.65176466223784 1.01866649976 1.35866115987301 1.45651672757231 1.78062369930558 1.92745958198793 0 1.65778237534687 1.31569485226646 1.73084947909229 1.74371431348845 0.987385143525898 1.49676907947287 1.36268452554941 1.30964244203642 1.86687639914453 1.02418981934898 1.8227192775812 1.77859695069492 1.81546002323739 1.12935540778562 1.81818687007762 1.52882301015779 1.39741613762453 1.16903825593181 1.91265815170482 0.946481760824099 1.87821143888868 1.29958169907331
1.33205671864562 1.77403680002317 1.21122104860842 1.14597446797416 1.13811847660691 1.50248669576831 1.47087053465657 1.65778237534687 0 1.66162689239718 1.10992838907987 1.47972334758379 0.994415890658274 1.32694033673033 1.81842271191999 1.26331282360479 1.21342888753861 1.00516910571605 1.93008396704681 1.31853069900535 1.20992831350304 1.49606611346826 1.68499183794484 1.32350158668123 1.88178899604827 1.3278301905375 1.21186434081756 1.21101448568515 1.21694229682907 1.72285989159718
1.36494223610498 1.60062945215032 1.81963443546556 1.00947362766601 1.34474540525116 1.28796566696838 1.87262970977463 1.31569485226646 1.66162689239718 0 1.08987696678378 1.84081132686697 1.80484890588559 1.00713941594586 1.2878068650607 1.40195333538577 1.32216145587154 1.1816290516872 1.81537311058491 1.11666007107124 1.14009438059293 1.63206820609048 1.46389618399553 1.75851133884862 1.35495802783407 1.40654787886888 1.18645368050784 1.34892973443493 1.87181341182441 1.9043986920733
1.22998636588454 1.68001279258169 1.56085445359349 1.91644264664501 1.79106900771149 1.33713764511049 1.10147340036929 1.73084947909229 1.10992838907987 1.08987696678378 0 1.46703338227235 1.33637253008783 1.432396982098 0.940809974679723 0.991043352987617 1.82800639420748 1.61967625305988 1.0436581519898 1.19283160031773 1.93108008638956 1.50405205227435 1.51569475163706 1.35744722234085 1.40630662813783 1.19630933669396 1.8274409477599 1.5667156430427 1.75826511578634 1.25448152492754
1.33037425531074 1.08064922457561 0.94490764895454 1.42498787026852 1.18061936204322 1.24858092609793 0.9821608485654 1.74371431348845 1.47972334758379 1.84081132686697 1.46703338227235 0 1.93615230545402 1.58354297745973 1.61057145451196 1.84773626364768 1.32967425580136 1.09454368264414 1.64621883211657 1.79109235387295 1.12760839331895 1.45747103705071 1.00357056851499 1.05004282086156 1.84073018957861 1.64938616612926 1.05953767988831 1.71255845599808 1.40171066019684 0.988032796652988
1.57566258637235 1.37895508599468 1.6612966817338 1.89132546656765 1.29785118694417 1.56256779632531 1.50957043701783 0.987385143525898 0.994415890658274 1.80484890588559 1.33637253008783 1.93615230545402 0 1.71060633426532 1.28639514930546 1.16961153317243 1.45104361861013 1.60296053183265 1.22447730298154 1.48812231910415 1.74161937157623 1.49548550252803 1.36309291096404 1.23290987475775 1.02025897568092 1.35054145171307 1.83215641928837 1.00658841314726 0.962309176335111 1.90616047685035
1.53791921515949 1.79806289845146 1.3444726599846 1.73013506643474 1.63061315193772 1.45925514842384 1.25323710101657 1.49676907947287 1.32694033673033 1.00713941594586 1.432396982098 1.58354297745973 1.71060633426532 0 1.25703310966492 1.83546384377405 1.35700870957226 1.5510282011237 1.42239488544874 0.959386595524848 1.85590998549014 1.54894537082873 1.58414603560232 1.24023664952256 1.88192208693363 1.01599682983942 1.64741457579657 1.81274329917505 1.21563686896116 1.73155803838745
0.960411015432328 1.70418352074921 1.71376089076512 1.70003565424122 1.85562947369181 0.956476589897648 0.991567297372967 1.36268452554941 1.81842271191999 1.2878068650607 0.940809974679723 1.61057145451196 1.28639514930546 1.25703310966492 0 1.5643777505029 1.0699408184737 1.70840038964525 1.76064789691009 1.75979787181132 1.49023408349603 1.67619721754454 1.50872665480711 0.968576123006642 1.77087315474637 1.16140058333986 1.44977004243992 0.957823504693806 1.59390168567188 1.25054578250274
1.78498829994351 1.60436571738683 1.56140394904651 1.88407189375721 1.02753997547552 1.42224504170008 1.555643561529 1.30964244203642 1.26331282360479 1.40195333538577 0.991043352987617 1.84773626364768 1.16961153317243 1.83546384377405 1.5643777505029 0 1.92246273648925 1.29828878794797 1.48027874995023 0.958265169989318 1.02770951390266 1.13122844044119 1.36746951565146 1.05028032115661 1.58684815280139 1.78516581002623 1.11654558381997 1.900172237074 1.22814352740534 1.52711384696886
1.40946996514685 1.30328868585639 1.83596900524572 1.56425793748349 0.985079613514245 1.37362668244168 1.75153345498256 1.86687639914453 1.21342888753861 1.32216145587154 1.82800639420748 1.32967425580136 1.45104361861013 1.35700870957226 1.0699408184737 1.92246273648925 0 0.974909516051412 1.64925051247701 1.59132242086343 1.28171094157733 1.23291388410144 1.38678620243445 1.37808991619386 1.38666150835343 1.79050244460814 1.60742765641771 1.40457523288205 1.5313911086414 1.49250059667975
0.94205005094409 1.5592204676941 1.30042345402762 1.6896987836808 1.10519222915173 1.11865500058047 1.18386808689684 1.02418981934898 1.00516910571605 1.1816290516872 1.61967625305988 1.09454368264414 1.60296053183265 1.5510282011237 1.70840038964525 1.29828878794797 0.974909516051412 0 1.18592169880867 1.35635843523778 1.11944994167425 1.93386109475978 1.06796630239114 0.983124464284629 1.51778794778511 1.47613577707671 1.25802210438997 1.20241161761805 1.54876701137982 1.11871429812163
1.03047020430677 1.73784278333187 1.89252566616051 1.91478388383985 1.81450858199969 1.20574753521942 1.35198738798499 1.8227192775812 1.93008396704681 1.81537311058491 1.0436581519898 1.64621883211657 1.22447730298154 1.42239488544874 1.76064789691009 1.48027874995023 1.64925051247701 1.18592169880867 0 1.04691628715955 1.69198870821856 0.997676155762747 1.70701327431016 1.6747973151505 1.11074402765371 0.954748383024707 1.68873927602544 0.942170209717005 1.03754726354964 0.942607548320666
1.22045633406378 0.988711667945608 1.26792915188707 1.49001952423714 1.62821832275949 1.23874257877469 1.41107581253164 1.77859695069492 1.31853069900535 1.11666007107124 1.19283160031773 1.79109235387295 1.48812231910415 0.959386595524848 1.75979787181132 0.958265169989318 1.59132242086343 1.35635843523778 1.04691628715955 0 1.69209733954631 1.0634924150072 1.29638093966059 1.30143342493102 1.33641111617908 1.41355352755636 1.42021676665172 1.64109707809985 1.74585156748071 1.3204661719501
1.10080968844704 1.85658533056267 1.51978153432719 1.88709090696648 1.15653530252166 1.25423325318843 1.61959782335907 1.81546002323739 1.20992831350304 1.14009438059293 1.93108008638956 1.12760839331895 1.74161937157623 1.85590998549014 1.49023408349603 1.02770951390266 1.28171094157733 1.11944994167425 1.69198870821856 1.69209733954631 0 1.50811671791598 1.89424320170656 1.03846525843255 1.54377696104348 0.959160382859409 1.65780739951879 1.41914211632684 1.24098236113787 1.19366672099568
1.71083969902247 1.45875662728213 1.61438883305527 1.35438030539081 1.93023503478616 1.202109584352 1.6604807949625 1.12935540778562 1.49606611346826 1.63206820609048 1.50405205227435 1.45747103705071 1.49548550252803 1.54894537082873 1.67619721754454 1.13122844044119 1.23291388410144 1.93386109475978 0.997676155762747 1.0634924150072 1.50811671791598 0 1.53403891506605 0.950736630475149 1.86092500318773 1.74864031444304 1.80277904565446 1.14288330380805 1.34498370438814 1.57220614771359
1.87217932986096 1.35800566896796 1.36960878013633 1.48951905942522 1.4398894701153 0.995662554167211 1.26735110487789 1.81818687007762 1.68499183794484 1.46389618399553 1.51569475163706 1.00357056851499 1.36309291096404 1.58414603560232 1.50872665480711 1.36746951565146 1.38678620243445 1.06796630239114 1.70701327431016 1.29638093966059 1.89424320170656 1.53403891506605 0 1.34209853922948 0.978379077278078 1.68881664681248 1.58856551372446 1.07859803410247 1.28014835366048 1.18913747160695
1.10600913385861 0.978814448229969 1.49660349404439 1.24894460476935 1.41033143573441 1.65976101742126 1.20738152624108 1.52882301015779 1.32350158668123 1.75851133884862 1.35744722234085 1.05004282086156 1.23290987475775 1.24023664952256 0.968576123006642 1.05028032115661 1.37808991619386 0.983124464284629 1.6747973151505 1.30143342493102 1.03846525843255 0.950736630475149 1.34209853922948 0 0.957374020945281 1.33621684485115 1.91050784126855 1.07740758359432 1.51259340229444 1.55450497427955
1.73793435911648 1.41814118018374 1.76643726695329 1.92334804194979 1.3850766774267 1.57420977228321 1.9277984641958 1.39741613762453 1.88178899604827 1.35495802783407 1.40630662813783 1.84073018957861 1.02025897568092 1.88192208693363 1.77087315474637 1.58684815280139 1.38666150835343 1.51778794778511 1.11074402765371 1.33641111617908 1.54377696104348 1.86092500318773 0.978379077278078 0.957374020945281 0 0.955734305549413 1.46722287638113 0.97901859972626 0.976891436846927 1.5831977808848
1.24293088307604 1.29883764218539 1.58499344764277 1.24695764295757 1.31060696672648 1.92633477365598 1.74775518057868 1.16903825593181 1.3278301905375 1.40654787886888 1.19630933669396 1.64938616612926 1.35054145171307 1.01599682983942 1.16140058333986 1.78516581002623 1.79050244460814 1.47613577707671 0.954748383024707 1.41355352755636 0.959160382859409 1.74864031444304 1.68881664681248 1.33621684485115 0.955734305549413 0 1.79666707874276 1.43253136752173 1.00364307849668 1.30013652797788
1.84005170431919 1.60604713228531 1.1199830560945 1.45513361203484 1.17531492654234 1.17103954707272 1.68714411393739 1.91265815170482 1.21186434081756 1.18645368050784 1.8274409477599 1.05953767988831 1.83215641928837 1.64741457579657 1.44977004243992 1.11654558381997 1.60742765641771 1.25802210438997 1.68873927602544 1.42021676665172 1.65780739951879 1.80277904565446 1.58856551372446 1.91050784126855 1.46722287638113 1.79666707874276 0 1.51477468363009 1.74486361467279 1.76361254951917
1.33842052030377 1.9370624369476 1.71014362643473 1.3775970491115 1.82794887106866 1.22609084122814 1.43329635984264 0.946481760824099 1.21101448568515 1.34892973443493 1.5667156430427 1.71255845599808 1.00658841314726 1.81274329917505 0.957823504693806 1.900172237074 1.40457523288205 1.20241161761805 0.942170209717005 1.64109707809985 1.41914211632684 1.14288330380805 1.07859803410247 1.07740758359432 0.97901859972626 1.43253136752173 1.51477468363009 0 1.08326612575911 1.11525858938694
1.32083144201897 0.938337723957375 1.106260468252 0.977613996015862 1.28590977634303 1.62580690952018 0.964949749875814 1.87821143888868 1.21694229682907 1.87181341182441 1.75826511578634 1.40171066019684 0.962309176335111 1.21563686896116 1.59390168567188 1.22814352740534 1.5313911086414 1.54876701137982 1.03754726354964 1.74585156748071 1.24098236113787 1.34498370438814 1.28014835366048 1.51259340229444 0.976891436846927 1.00364307849668 1.74486361467279 1.08326612575911 0 1.18569354410283
1.23792692576535 0.983575318474323 1.7657795692794 1.31738734873943 1.1875438769348 1.22214639093727 1.91857968340628 1.29958169907331 1.72285989159718 1.9043986920733 1.25448152492754 0.988032796652988 1.90616047685035 1.73155803838745 1.25054578250274 1.52711384696886 1.49250059667975 1.11871429812163 0.942607548320666 1.3204661719501 1.19366672099568 1.57220614771359 1.18913747160695 1.55450497427955 1.5831977808848 1.30013652797788 1.76361254951917 1.11525858938694 1.18569354410283 0
