0 1.03673327970318 1.01101698726416 0.954170059179887 1.65671849879436 1.18876281520352 1.25420101452619 1.91311313677579 1.40551146189682 1.31284322636202 1.47897529881448 1.381317473948 1.43104620138183 1.31996982335113 1.54567530355416 1.08140788925812 1.33988102106377 1.55498005100526 1.46685927570798 0.957053900696337 0.931915593566373 1.56883337139152 0.922071962617338 1.60974899330176 1.10295102442615 1.45036683022045 1.11406083684415 1.2300267147366 1.43751481827348 1.63524014456198
1.03673327970318 0 1.81333520333283 1.04810619354248 1.29653487657197 1.32561016175896 1.44860142539255 1.41573141608387 1.64861287246458 1.76753061986528 1.56998884747736 1.14644216559827 1.61574280122295 1.91267396765761 1.80273182503879 1.82238337467425 1.12161625386216 1.07565923617221 1.05973102990538 1.54337194259278 1.35507422825322 1.53663051174954 1.33557223319076 1.08273625816219 1.31937308167107 1.74309964571148 1.49452088004909 1.82738379575312 1.78881774842739 1.86224017827772
1.01101698726416 1.81333520333283 0 0.947879989864305 1.83423544070683 1.62089069094509 1.34282627236098 1.76220485707745 1.46332467510365 1.60493335034698 1.13809077558108 1.03056185483001 1.26623129053041 1.21532478742301 1.30412197788246 1.25706282723695 1.64845008961856 1.73978435783647 1.89412570139393 1.44852084852755 1.84025657991879 1.62111833528616 0.946961160749197 1.02846910385415 1.59033885877579 1.41400933568366 1.33518362091854 1.54277693317272 1.07354634511285 1.32911537447944
0.954170059179887 1.04810619354248 0.947879989864305 0 1.44526048796251 1.47263165004551 1.14934718329459 0.980132247554138 1.13288724399172 1.59840289177373 1.38128377008252 1.65444403118454 1.80482354038395 1.78958932799287 1.22591421823017 1.78682913188823 1.71339532756247 1.16113890707493 1.8736593243666 1.41244059125893 1.18510437035002 1.21304999478161 1.13498382968828 1.6553775051143 0.926596611971036 0.956489013973624 1.70730781322345 1.28732164343819 0.935416450724006 1.36026371293701
1.65671849879436 1.29653487657197 1.83423544070683 1.44526048796251 0 1.85729256435297 1.21949969651178 1.27796109160408 1.26568358554505 1.7825160745997 1.19939832692035 0.993680298095569 1.16066064010374 1.74338302435353 1.53700631274842 1.57655851286836 1.56401881645434 1.72340820007958 1.38940908713266 1.61172366212122 1.0041671404615 1.617679864401 1.31845130701549 1.4481559516862 1.71804048749618 1.468823003117 1.61836929642595 1.12098073889501 1.91593705606647 1.59050233336166
1.18876281520352 1.32561016175896 1.62089069094509 1.47263165004551 1.85729256435297 0 1.69271311699413 1.73814028478228 1.73781367950141 1.42079906794243 0.937138978624716 1.35768231819384 1.74980052490719 1.83926131390035 1.8802751484327 1.46209714817815 1.20036492892541 1.20533575280569 1.20510824839585 1.13041203771718 1.37141804443672 1.72815349674784 1.82631272333674 1.77724597183987 1.71187349990942 1.05283471941948 1.40535631217062 1.47023532236926 1.54804129782133 1.29605561192147
1.25420101452619 1.44860142539255 1.34282627236098 1.14934718329459 1.21949969651178 1.69271311699413 0 1.43759640632197 1.51860532653518 1.74319392070174 1.62684512650594 1.6682741290424 0.968247656244785 1.76135104871355 1.7109504735563 1.57316193007864 1.52710241917521 1.7863459137734 1.72827537520789 1.66647938801907 1.68536402937025 1.55134912603535 1.20292670559138 1.07531684427522 1.46703538484871 1.8892531034071 1.30492389621213 1.68161119613796 1.15534609276801 1.10498419729993
1.91311313677579 1.41573141608387 1.76220485707745 0.980132247554138 1.27796109160408 1.73814028478228 1.43759640632197 0 1.3897331468761 1.66443476662971 1.68101455457509 1.13231840939261 1.85590484365821 1.13965741405264 1.02711072703823 1.05441429023631 1.14850436686538 1.36819886392914 1.86753769195639 1.82338873413391 1.90991856064647 1.74182321946137 1.20611657435074 1.05774915590882 1.81810385966673 0.984577360097319 1.03002321091481 1.73386693513021 1.33700590999797 1.0824327908922
1.40551146189682 1.64861287246458 1.46332467510365 1.13288724399172 1.26568358554505 1.73781367950141 1.51860532653518 1.3897331468761 0 1.36910335463472 1.33680280880071 1.29968299530447 1.77302663843147 0.949616387253627 0.997278223978356 1.15081662964076 0.985622909618542 1.90898268646561 1.88342274841852 1.71916394773871 0.982964628841728 1.02423018310219 1.66977028758265 1.61622516717762 0.961582070216537 1.75070532923564 1.67692598188296 0.974825158482417 1.85066574555822 1.07672364474274
1.31284322636202 1.76753061986528 1.60493335034698 1.59840289177373 1.7825160745997 1.42079906794243 1.74319392070174 1.66443476662971 1.36910335463472 0 1.01150060817599 1.39014113135636 1.06039679492824 1.83084151824005 1.00706009706482 1.7078975031618 1.54104614374228 1.66302733146586 1.63422233541496 1.66067134821787 1.05406228639185 1.27952743601054 1.70926246768795 1.87650017091073 1.56021236628294 1.64777657692321 1.05688459682278 1.08530097780749 1.82826149370521 1.73837118549272
1.47897529881448 1.56998884747736 1.13809077558108 1.38128377008252 1.19939832692035 0.937138978624716 1.62684512650594 1.68101455457509 1.33680280880071 1.01150060817599 0 1.86568434187211 1.32513574534096 1.5691681553144 1.5658219314646 1.05117990146391 0.978219746379182 1.76798114506528 1.04703875118867 1.16547879972495 0.985970776993781 1.53991754096933 1.40810040128417 1.69796913955361 1.35632951674052 1.06140792183578 0.971341879572719 0.987090153386816 1.06433708383702 1.70465018996038
1.381317473948 1.14644216559827 1.03056185483001 1.65444403118454 0.993680298095569 1.35768231819384 1.6682741290424 1.13231840939261 1.29968299530447 1.39014113135636 1.86568434187211 0 1.34848985169083 1.23750661220402 1.14016534760594 1.25972191523761 0.977669495390728 1.30623704241589 1.73446416878141 0.925498659722507 1.09445742936805 0.996804332127795 1.22109857085161 1.40950935170986 1.43144840723835 1.34838727186434 1.02344299736433 1.24095439887606 1.53685028827749 1.04867712059058
1.43104620138183 1.61574280122295 1.26623129053041 1.80482354038395 1.16066064010374 1.74980052490719 0.968247656244785 1.85590484365821 1.77302663843147 1.06039679492824 1.32513574534096 1.34848985169083 0 1.18725719442591 1.28775302879512 1.52359360875562 1.15172212687321 1.13937433646061 1.29694838356227 1.59411517088301 1.00035498011857 1.85870578163303 1.59838435659185 1.27066976833157 1.07757033337839 1.07208084641024 1.24038465274498 1.67890681186691 1.2656544058118 1.25487142847851
1.31996982335113 1.91267396765761 1.21532478742301 1.78958932799287 1.74338302435353 1.83926131390035 1.76135104871355 1.13965741405264 0.949616387253627 1.83084151824005 1.5691681553144 1.23750661220402 1.18725719442591 0 0.968813436105847 1.16083127772436 1.37068776017986 1.13036571373232 1.91832480370067 1.32996255671605 1.37395505001768 1.63121923012659 1.1504934632685 1.55600724578835 1.53894920367748 1.04443462821655 1.35625565890223 1.34608625690453 1.46574616152793 1.19784974958748
1.54567530355416 1.80273182503879 1.30412197788246 1.22591421823017 1.53700631274842 1.8802751484327 1.7109504735563 1.02711072703823 0.997278223978356 1.00706009706482 1.5658219314646 1.14016534760594 1.28775302879512 0.968813436105847 0 1.29376695561223 1.83073910628445 1.90559667348862 1.06355666927993 0.963907762197778 1.4306943945121 1.28348820912652 1.41889009578153 1.60992828872986 1.59132296661846 1.21188872726634 1.12514849426225 0.928816770203412 1.25996355945244 1.8241425123997
1.08140788925812 1.82238337467425 1.25706282723695 1.78682913188823 1.57655851286836 1.46209714817815 1.57316193007864 1.05441429023631 1.15081662964076 1.7078975031618 1.05117990146391 1.25972191523761 1.52359360875562 1.16083127772436 1.29376695561223 0 1.02640726952814 1.37021974241361 1.74053271417506 0.95711666950956 1.26083052181639 1.52623440581374 1.33978666830808 1.00820199144073 1.8446095623076 1.50626706960611 1.78421465540305 1.05568006704561 1.07243102462962 1.26713658520021
1.33988102106377 1.12161625386216 1.64845008961856 1.71339532756247 1.56401881645434 1.20036492892541 1.52710241917521 1.14850436686538 0.985622909618542 1.54104614374228 0.978219746379182 0.977669495390728 1.15172212687321 1.37068776017986 1.83073910628445 1.02640726952814 0 1.43743772897869 1.44919784204103 1.08297902299091 1.78015381959267 1.20244581648149 1.81763125327416 1.21261043357663 1.48910646839067 1.8937407610938 1.76328930538148 1.3884929495398 1.75395647692494 1.40295233461075
1.55498005100526 1.07565923617221 1.73978435783647 1.16113890707493 1.72340820007958 1.20533575280569 1.7863459137734 1.36819886392914 1.90898268646561 1.66302733146586 1.76798114506528 1.30623704241589 1.13937433646061 1.13036571373232 1.90559667348862 1.37021974241361 1.43743772897869 0 1.31530067115091 1.05975295510143 1.70393144502304 1.79218094563112 1.89495832216926 1.05865373252891 1.32197906705551 1.33772171521559 1.02477514347993 1.81517113745213 1.28943088161759 1.13637921586633
1.46685927570798 1.05973102990538 1.89412570139393 1.8736593243666 1.38940908713266 1.20510824839585 1.72827537520789 1.86753769195639 1.88342274841852 1.63422233541496 1.04703875118867 1.73446416878141 1.29694838356227 1.91832480370067 1.06355666927993 1.74053271417506 1.44919784204103 1.31530067115091 0 1.12947053904645 1.12552706315182 0.964898271253332 0.947164540644735 1.57066576858051 1.59729055105709 1.63402784592472 1.11139925732277 1.29859829554334 1.7548020274844 1.20466755889356
0.957053900696337 1.54337194259278 1.44852084852755 1.41244059125893 1.61172366212122 1.13041203771718 1.66647938801907 1.82338873413391 1.71916394773871 1.66067134821787 1.16547879972495 0.925498659722507 1.59411517088301 1.32996255671605 0.963907762197778 0.95711666950956 1.08297902299091 1.05975295510143 1.12947053904645 0 1.04275738587603 1.76742370100692 1.05814113188535 1.37853109627031 1.45295747206546 0.943224201910198 1.67975809238851 1.03865602519363 1.60049635730684 1.49712533317506
0.931915593566373 1.35507422825322 1.84025657991879 1.18510437035002 1.0041671404615 1.37141804443672 1.68536402937025 1.90991856064647 0.982964628841728 1.05406228639185 0.985970776993781 1.09445742936805 1.00035498011857 1.37395505001768 1.4306943945121 1.26083052181639 1.78015381959267 1.70393144502304 1.12552706315182 1.04275738587603 0 1.29532629786991 1.22845559869893 1.42014171462506 0.964613927993923 1.08900091890246 1.31990414438769 1.88029994978569 1.60472719697282 1.07319603278302
1.56883337139152 1.53663051174954 1.62111833528616 1.21304999478161 1.617679864401 1.72815349674784 1.55134912603535 1.74182321946137 1.02423018310219 1.27952743601054 1.53991754096933 0.996804332127795 1.85870578163303 1.63121923012659 1.28348820912652 1.52623440581374 1.20244581648149 1.79218094563112 0.964898271253332 1.76742370100692 1.29532629786991 0 1.69905520183966 1.32325946097262 1.50454230606556 1.12090017530136 1.16875630198047 1.64253931306303 1.64515992370434 1.70319516165182
0.922071962617338 1.33557223319076 0.946961160749197 1.13498382968828 1.31845130701549 1.82631272333674 1.20292670559138 1.20611657435074 1.66977028758265 1.70926246768795 1.40810040128417 1.22109857085161 1.59838435659185 1.1504934632685 1.41889009578153 1.33978666830808 1.81763125327416 1.89495832216926 0.947164540644735 1.05814113188535 1.22845559869893 1.69905520183966 0 1.53683408838697 1.58640513638966 1.87072803056799 1.71818333514966 1.53327954770066 1.4941740189679 1.06952827749774
1.60974899330176 1.08273625816219 1.02846910385415 1.6553775051143 1.4481559516862 1.77724597183987 1.07531684427522 1.05774915590882 1.61622516717762 1.87650017091073 1.69796913955361 1.40950935170986 1.27066976833157 1.55600724578835 1.60992828872986 1.00820199144073 1.21261043357663 1.05865373252891 1.57066576858051 1.37853109627031 1.42014171462506 1.32325946097262 1.53683408838697 0 1.01548943785019 1.82350675924681 1.54889287101105 1.47704208316281 1.37044867523946 1.17133920802735
1.10295102442615 1.31937308167107 1.59033885877579 0.926596611971036 1.71804048749618 1.71187349990942 1.46703538484871 1.81810385966673 0.961582070216537 1.56021236628294 1.35632951674052 1.43144840723835 1.07757033337839 1.53894920367748 1.59132296661846 1.8446095623076 1.48910646839067 1.32197906705551 1.59729055105709 1.45295747206546 0.964613927993923 1.50454230606556 1.58640513638966 1.01548943785019 0 1.43186168884858 1.587854311103 1.20830480684526 1.45203935541213 1.86303221667185
1.45036683022045 1.74309964571148 1.41400933568366 0.956489013973624 1.468823003117 1.05283471941948 1.8892531034071 0.984577360097319 1.75070532923564 1.64777657692321 1.06140792183578 1.34838727186434 1.07208084641024 1.04443462821655 1.21188872726634 1.50626706960611 1.8937407610938 1.33772171521559 1.63402784592472 0.943224201910198 1.08900091890246 1.12090017530136 1.87072803056799 1.82350675924681 1.43186168884858 0 1.45687129162252 1.30151337687857 1.24138785921969 1.86221591895446
1.11406083684415 1.49452088004909 1.33518362091854 1.70730781322345 1.61836929642595 1.40535631217062 1.30492389621213 1.03002321091481 1.67692598188296 1.05688459682278 0.971341879572719 1.02344299736433 1.24038465274498 1.35625565890223 1.12514849426225 1.78421465540305 1.76328930538148 1.02477514347993 1.11139925732277 1.67975809238851 1.31990414438769 1.16875630198047 1.71818333514966 1.54889287101105 1.587854311103 1.45687129162252 0 1.55443108454347 1.78946157591417 1.90991377783939
1.2300267147366 1.82738379575312 1.54277693317272 1.28732164343819 1.12098073889501 1.47023532236926 1.68161119613796 1.73386693513021 0.974825158482417 1.08530097780749 0.987090153386816 1.24095439887606 1.67890681186691 1.34608625690453 0.928816770203412 1.05568006704561 1.3884929495398 1.81517113745213 1.29859829554334 1.03865602519363 1.88029994978569 1.64253931306303 1.53327954770066 1.47704208316281 1.20830480684526 1.30151337687857 1.55443108454347 0 1.4463823013939 1.22645978000946
1.43751481827348 1.78881774842739 1.07354634511285 0.935416450724006 1.91593705606647 1.54804129782133 1.15534609276801 1.33700590999797 1.85066574555822 1.82826149370521 1.06433708383702 1.53685028827749 1.2656544058118 1.46574616152793 1.25996355945244 1.07243102462962 1.75395647692494 1.28943088161759 1.7548020274844 1.60049635730684 1.60472719697282 1.64515992370434 1.4941740189679 1.37044867523946 1.45203935541213 1.24138785921969 1.78946157591417 1.4463823013939 0 1.88175706448965
1.63524014456198 1.86224017827772 1.32911537447944 1.36026371293701 1.59050233336166 1.29605561192147 1.10498419729993 1.0824327908922 1.07672364474274 1.73837118549272 1.70465018996038 1.04867712059058 1.25487142847851 1.19784974958748 1.8241425123997 1.26713658520021 1.40295233461075 1.13637921586633 1.20466755889356 1.49712533317506 1.07319603278302 1.70319516165182 1.06952827749774 1.17133920802735 1.86303221667185 1.86221591895446 1.90991377783939 1.22645978000946 1.88175706448965 0
