0 1.15355063928291 1.34999498794787 1.05418967269361 1.76232507498935 1.38864197977819 1.13940698513761 1.74133979319595 1.42743775388226 1.52877569873817 1.30827812221833 1.58480352908373 1.73088357690722 1.51060320134275 1.85710440413095 1.26733064441942 1.46629138779826 1.72119641071185 1.4010893011 1.24495657696389 0.989980276441202 1.52540443884209 1.13893767818809 1.72959336685017 1.65382500528358 1.68751431372948 1.28199353627861 1.12740431423299 1.42040688823909 1.35595882777125
1.15355063928291 0 1.11116473353468 1.61516650137492 0.884337574942037 1.51793010858819 1.29153787880205 1.31295877159573 1.16886109905317 1.86866175988689 1.37220258126035 1.18537377263419 1.32601767987944 1.84801302058622 1.31787882652134 1.26999401743524 1.41845859633759 1.1001480226405 1.19598288042471 0.882935599656776 1.23826548224315 1.30990292597562 1.82969051832333 1.63212000974454 1.17989802034572 1.6417490139138 0.98312446847558 1.4420132865198 1.13296723365784 1.67653891467489
1.34999498794787 1.11116473353468 0 0.943911069072783 1.25620167050511 1.19139518868178 1.04038137570024 0.945285142865032 1.33995299041271 1.07618276262656 1.46179267205298 1.11525028757751 0.954731289995834 1.37695404328406 1.44818665157072 1.83788427524269 1.28426449350081 1.40983510483056 1.46765092853457 1.63456803467125 1.18946617818438 1.83326416672207 1.58176663797349 1.28962685517035 1.68707781471312 1.73387845954858 1.49323180201463 1.2580387450289 1.47804979630746 1.224502265919
1.05418967269361 1.61516650137492 0.943911069072783 0 1.78407562035136 1.59684625710361 1.34201269317418 1.23987363185734 1.59504448785447 0.927303596632555 1.36335788224824 1.22672174521722 1.57389768771827 1.31993462191895 1.28251132695004 0.90199708333239 1.44781009084545 1.02384125068784 1.32367047225125 0.983944750856608 1.2690632189624 1.69913723622449 1.74315523682162 1.86480171512812 1.16020684153773 1.8065373878926 1.56428668252192 1.22401494137011 0.963254145346582 1.72295455704443
1.76232507498935 0.884337574942037 1.25620167050511 1.78407562035136 0 1.83898884640075 1.04019010369666 1.52963007520884 1.48018535599113 1.04251626250334 1.74353876942769 1.30150046665221 1.49684927565977 1.06337888119742 1.09033344592899 1.65985463396646 1.17921108868904 1.21829495485872 1.43917824886739 1.75082034152001 1.48614122811705 1.15593913872726 1.05414222390391 1.64557994599454 1.12135390238836 1.50686285807751 1.86746204341762 1.16319447639398 1.66079683392309 1.48592887050472
1.38864197977819 1.51793010858819 1.19139518868178 1.59684625710361 1.83898884640075 0 1.37807678128593 1.31897493917495 1.40576420049183 1.12526089604944 1.30636163824238 1.25437798094936 1.16386996372603 1.34928978909738 1.79822872160003 0.925010305363685 1.45201178221032 0.953967532608658 1.26547967945226 1.21217216481455 1.63599020149559 1.69462917046621 1.55549499206245 1.24216787726618 1.45574404182844 1.31238400028087 1.03604624699801 1.19859511288814 1.41775240865536 1.79230185109191
1.13940698513761 1.29153787880205 1.04038137570024 1.34201269317418 1.04019010369666 1.37807678128593 0 1.49150887597352 1.78792335931212 1.13492508861236 0.965209663379937 1.71306996163912 1.84414996835403 1.52939756470732 1.10412287944928 1.09662929200567 1.22370463842526 1.30582832731307 0.990447028307244 1.42554750363342 1.78534101718105 1.11549425940029 0.898649525130168 1.16594178881496 1.53462755749933 1.00164680811577 1.09773430437781 1.631326577859 1.71007513394579 1.79666000045836
1.74133979319595 1.31295877159573 0.945285142865032 1.23987363185734 1.52963007520884 1.31897493917495 1.49150887597352 0 1.34407248627394 1.21104192989878 1.79868456744589 1.64088336820714 1.61074973968789 1.4988634143956 1.60383746121079 1.20240347948857 1.3566923821345 1.2579746984411 1.36139068659395 1.37265674863011 1.80056126508862 1.85926620964892 1.79575776634738 1.79741017566994 1.75297356653027 1.8600815681275 1.35382269136608 1.32446153415367 1.25450669927523 1.0663367442321
1.42743775388226 1.16886109905317 1.33995299041271 1.59504448785447 1.48018535599113 1.40576420049183 1.78792335931212 1.34407248627394 0 1.4355975643266 0.980994989862666 1.41041988926008 1.52853961987421 1.39003854920156 0.993632320780307 1.01301056751981 1.87504339567386 1.39242728683166 1.5504712916445 1.27164272009395 1.75835427083075 1.39475501235574 0.974307290976867 1.85053902794607 1.71055215667002 1.07914780918509 1.81227077054791 1.45788143016398 1.70168854505755 0.87856520852074
1.52877569873817 1.86866175988689 1.07618276262656 0.927303596632555 1.04251626250334 1.12526089604944 1.13492508861236 1.21104192989878 1.4355975643266 0 1.55366316763684 1.64418051531538 1.04829921433702 1.75123772257939 1.528450188227 1.79015225521289 1.56291649746709 1.80839911126532 0.945112934801728 1.60834223008715 1.7021113934461 1.33971958956681 1.72300113737583 1.16969859902747 1.59684254880995 1.54844830324873 1.44970837142318 1.61827725614421 1.69842770136893 1.48371931631118
1.30827812221833 1.37220258126035 1.46179267205298 1.36335788224824 1.74353876942769 1.30636163824238 0.965209663379937 1.79868456744589 0.980994989862666 1.55366316763684 0 1.12009618454613 1.2790200735908 1.8598930540029 0.923583404161036 1.64610522612929 1.13428685395047 1.12784341303632 1.41096421214752 1.24373412667774 1.67272040829994 1.76973001239821 0.947166119003668 1.29021881986409 1.39511074358597 1.06217208248563 1.03739750385284 1.36605125456117 1.40463434229605 1.5543741164729
1.58480352908373 1.18537377263419 1.11525028757751 1.22672174521722 1.30150046665221 1.25437798094936 1.71306996163912 1.64088336820714 1.41041988926008 1.64418051531538 1.12009618454613 0 1.48529412737116 1.78438838827424 1.05591631494462 1.37480480456725 1.63368634786457 1.82404215238057 1.03213197691366 1.12920151348226 1.58676417497918 1.00652626133524 1.79433707101271 1.2580405655317 1.53687134082429 1.36174472398125 1.38903467892669 1.0728881850373 1.14085478289053 1.77378487261012
1.73088357690722 1.32601767987944 0.954731289995834 1.57389768771827 1.49684927565977 1.16386996372603 1.84414996835403 1.61074973968789 1.52853961987421 1.04829921433702 1.2790200735908 1.48529412737116 0 1.3527394682169 1.54902013274841 1.39567973231897 1.23223195760511 1.16503973305225 1.6309805708006 1.67160130781122 1.15348808490671 1.41195441782475 1.06811384763569 1.02436837693676 1.70955355768092 0.963849653257057 1.7798310611397 1.46975769801065 1.49755479535088 1.35280893044546
1.51060320134275 1.84801302058622 1.37695404328406 1.31993462191895 1.06337888119742 1.34928978909738 1.52939756470732 1.4988634143956 1.39003854920156 1.75123772257939 1.8598930540029 1.78438838827424 1.3527394682169 0 1.14522488415241 0.895593381719664 1.54506923747249 1.76215294096619 1.11654022196308 1.08560128114186 1.3157258159481 1.30173672153614 1.69596806634218 1.13904816936702 1.76656244974583 1.0443397378549 1.85105919814669 0.942958806408569 1.39450415177271 1.60217821807601
1.85710440413095 1.31787882652134 1.44818665157072 1.28251132695004 1.09033344592899 1.79822872160003 1.10412287944928 1.60383746121079 0.993632320780307 1.528450188227 0.923583404161036 1.05591631494462 1.54902013274841 1.14522488415241 0 1.03667038027197 0.9008096344769 0.919295537052676 1.72897209762596 1.73307018121704 0.897335925605148 1.1085571476724 1.78827125346288 1.68906810577027 1.61285792384297 0.907023459440097 1.16042772680521 1.08345771417953 1.37011710461229 1.61371876299381
1.26733064441942 1.26999401743524 1.83788427524269 0.90199708333239 1.65985463396646 0.925010305363685 1.09662929200567 1.20240347948857 1.01301056751981 1.79015225521289 1.64610522612929 1.37480480456725 1.39567973231897 0.895593381719664 1.03667038027197 0 1.69805167266168 1.2820486810524 1.29643952148035 1.34050034638494 1.18727623810992 1.55343070439994 1.34828881244175 1.0933316978626 1.10850038193166 1.53809700533748 1.35784095781855 1.19499266403727 1.05406348942779 1.01214295811951
1.46629138779826 1.41845859633759 1.28426449350081 1.44781009084545 1.17921108868904 1.45201178221032 1.22370463842526 1.3566923821345 1.87504339567386 1.56291649746709 1.13428685395047 1.63368634786457 1.23223195760511 1.54506923747249 0.9008096344769 1.69805167266168 0 0.917048456147313 0.917232767911628 1.73970778193325 1.13501489954069 1.809739603661 1.20050247223116 1.58194697648287 1.06972711463459 1.3238862445578 1.64168834895827 1.55386898410507 1.14354205341078 1.63276481581852
1.72119641071185 1.1001480226405 1.40983510483056 1.02384125068784 1.21829495485872 0.953967532608658 1.30582832731307 1.2579746984411 1.39242728683166 1.80839911126532 1.12784341303632 1.82404215238057 1.16503973305225 1.76215294096619 0.919295537052676 1.2820486810524 0.917048456147313 0 1.12730295420624 1.51425688550808 1.38648839737289 1.1702698697336 1.16200420120731 1.67892511491664 1.33496002550237 1.52719862642698 0.960383898345754 1.44712388562039 1.86834228062071 1.81021121842787
1.4010893011 1.19598288042471 1.46765092853457 1.32367047225125 1.43917824886739 1.26547967945226 0.990447028307244 1.36139068659395 1.5504712916445 0.945112934801728 1.41096421214752 1.03213197691366 1.6309805708006 1.11654022196308 1.72897209762596 1.29643952148035 0.917232767911628 1.12730295420624 0 1.54138167016208 1.05162599030882 1.15501975314692 1.32945045572706 1.76216606982052 1.68775939522311 1.33473896537907 1.23315505450591 1.84170358697884 1.0451384417247 1.71311752521433
1.24495657696389 0.882935599656776 1.63456803467125 0.983944750856608 1.75082034152001 1.21217216481455 1.42554750363342 1.37265674863011 1.27164272009395 1.60834223008715 1.24373412667774 1.12920151348226 1.67160130781122 1.08560128114186 1.73307018121704 1.34050034638494 1.73970778193325 1.51425688550808 1.54138167016208 0 1.19746102858335 0.924841869156808 1.51355043891817 1.30547683127224 1.06303441873752 1.4583775291685 1.15503924689256 1.67707248684019 1.09813614981249 1.31407291535288
0.989980276441202 1.23826548224315 1.18946617818438 1.2690632189624 1.48614122811705 1.63599020149559 1.78534101718105 1.80056126508862 1.75835427083075 1.7021113934461 1.67272040829994 1.58676417497918 1.15348808490671 1.3157258159481 0.897335925605148 1.18727623810992 1.13501489954069 1.38648839737289 1.05162599030882 1.19746102858335 0 1.53777675353922 1.13941943598911 1.62107963114977 1.70402001473121 1.10796846472658 1.34710093471222 1.36478957324289 1.85265117348172 1.04569956450723
1.52540443884209 1.30990292597562 1.83326416672207 1.69913723622449 1.15593913872726 1.69462917046621 1.11549425940029 1.85926620964892 1.39475501235574 1.33971958956681 1.76973001239821 1.00652626133524 1.41195441782475 1.30173672153614 1.1085571476724 1.55343070439994 1.809739603661 1.1702698697336 1.15501975314692 0.924841869156808 1.53777675353922 0 1.00824091816321 1.68040158250369 1.25867160153575 1.57589538907632 1.5679466619622 1.24404290225357 0.987484879791737 0.978703846689314
1.13893767818809 1.82969051832333 1.58176663797349 1.74315523682162 1.05414222390391 1.55549499206245 0.898649525130168 1.79575776634738 0.974307290976867 1.72300113737583 0.947166119003668 1.79433707101271 1.06811384763569 1.69596806634218 1.78827125346288 1.34828881244175 1.20050247223116 1.16200420120731 1.32945045572706 1.51355043891817 1.13941943598911 1.00824091816321 0 1.67074072104879 1.79039638419636 1.52165654744022 1.78868763823994 1.76865790062584 1.09254202363081 1.14359998726286
1.72959336685017 1.63212000974454 1.28962685517035 1.86480171512812 1.64557994599454 1.24216787726618 1.16594178881496 1.79741017566994 1.85053902794607 1.16969859902747 1.29021881986409 1.2580405655317 1.02436837693676 1.13904816936702 1.68906810577027 1.0933316978626 1.58194697648287 1.67892511491664 1.76216606982052 1.30547683127224 1.62107963114977 1.68040158250369 1.67074072104879 0 1.01459508459084 1.19564312067814 1.15701656369492 1.35451417369768 1.85389453405514 1.60162777034566
1.65382500528358 1.17989802034572 1.68707781471312 1.16020684153773 1.12135390238836 1.45574404182844 1.53462755749933 1.75297356653027 1.71055215667002 1.59684254880995 1.39511074358597 1.53687134082429 1.70955355768092 1.76656244974583 1.61285792384297 1.10850038193166 1.06972711463459 1.33496002550237 1.68775939522311 1.06303441873752 1.70402001473121 1.25867160153575 1.79039638419636 1.01459508459084 0 0.884710495127365 1.26435157959349 1.80832290207036 1.57182439789176 1.74779768753797
1.68751431372948 1.6417490139138 1.73387845954858 1.8065373878926 1.50686285807751 1.31238400028087 1.00164680811577 1.8600815681275 1.07914780918509 1.54844830324873 1.06217208248563 1.36174472398125 0.963849653257057 1.0443397378549 0.907023459440097 1.53809700533748 1.3238862445578 1.52719862642698 1.33473896537907 1.4583775291685 1.10796846472658 1.57589538907632 1.52165654744022 1.19564312067814 0.884710495127365 0 1.33612490608357 1.23513260344043 0.921090746298432 0.996902342885733
1.28199353627861 0.98312446847558 1.49323180201463 1.56428668252192 1.86746204341762 1.03604624699801 1.09773430437781 1.35382269136608 1.81227077054791 1.44970837142318 1.03739750385284 1.38903467892669 1.7798310611397 1.85105919814669 1.16042772680521 1.35784095781855 1.64168834895827 0.960383898345754 1.23315505450591 1.15503924689256 1.34710093471222 1.5679466619622 1.78868763823994 1.15701656369492 1.26435157959349 1.33612490608357 0 1.50995002104901 1.7563535887748 1.67450789129362
1.12740431423299 1.4420132865198 1.2580387450289 1.22401494137011 1.16319447639398 1.19859511288814 1.631326577859 1.32446153415367 1.45788143016398 1.61827725614421 1.36605125456117 1.0728881850373 1.46975769801065 0.942958806408569 1.08345771417953 1.19499266403727 1.55386898410507 1.44712388562039 1.84170358697884 1.67707248684019 1.36478957324289 1.24404290225357 1.76865790062584 1.35451417369768 1.80832290207036 1.23513260344043 1.50995002104901 0 1.73988670273684 1.32516745687462
1.42040688823909 1.13296723365784 1.47804979630746 0.963254145346582 1.66079683392309 1.41775240865536 1.71007513394579 1.25450669927523 1.70168854505755 1.69842770136893 1.40463434229605 1.14085478289053 1.49755479535088 1.39450415177271 1.37011710461229 1.05406348942779 1.14354205341078 1.86834228062071 1.0451384417247 1.09813614981249 1.85265117348172 0.987484879791737 1.09254202363081 1.85389453405514 1.57182439789176 0.921090746298432 1.7563535887748 1.73988670273684 0 1.48365351534449
1.35595882777125 1.67653891467489 1.224502265919 1.72295455704443 1.48592887050472 1.79230185109191 1.79666000045836 1.0663367442321 0.87856520852074 1.48371931631118 1.5543741164729 1.77378487261012 1.35280893044546 1.60217821807601 1.61371876299381 1.01214295811951 1.63276481581852 1.81021121842787 1.71311752521433 1.31407291535288 1.04569956450723 0.978703846689314 1.14359998726286 1.60162777034566 1.74779768753797 0.996902342885733 1.67450789129362 1.32516745687462 1.48365351534449 0
