0 1.82749756635167 1.33151736832224 1.48865973902866 1.78083165339194 1.85799308936112 1.21827035793103 1.83452687133104 1.22048844094388 1.12625238462351 1.64307711971924 1.88994149770588 1.20637304591946 1.50054766633548 1.31150759104639 1.49102913495153 1.82243956578895 1.28013384668157 1.69515685271472 1.26965222880244 1.63224209984764 1.05344084370881 1.57551745418459 1.01037358189933 1.08886231621727 1.07904987409711 1.49978467985056 1.65517921280116 1.866073761601 1.68911143601872
1.82749756635167 0 1.48310669627972 1.61070633260533 1.5457246361766 1.25643399404362 1.27360310824588 1.3245457787998 1.54990698234178 1.76007428113371 1.55988765251823 1.34292275528423 1.92232679971494 1.90522814309224 1.50038921926171 1.49519366701134 1.44133126386441 1.88885264634155 0.999479481484741 1.49943697010167 1.71689173439518 1.62570462422445 1.54215087252669 1.15399852325208 1.68220079108141 1.8782475059852 1.1107050976716 1.42838619439863 1.3695574500598 1.63096018740907
1.33151736832224 1.48310669627972 0 1.54960894747637 1.25837103812955 1.76196919078939 1.90929264784791 1.66452266625129 1.69938198849559 1.27927441243082 1.80078551964834 1.69052811898291 1.0449557423126 1.37034069700167 1.75319585343823 1.8368066623807 1.59367342363112 1.08874333533458 1.91964574111626 1.548127082875 1.44999160990119 0.958510207012296 1.20884292921983 1.60487969452515 1.83849957329221 1.65168310236186 1.28723343531601 1.16772402985953 1.32627492048778 1.70098111662082
1.48865973902866 1.61070633260533 1.54960894747637 0 1.31426008162089 1.34659448754974 1.14598463079892 1.94981230213307 1.41976958070882 1.13299391628243 1.52541273133829 1.29759716661647 1.2314925796818 1.47313875053078 1.24824264738709 1.35901060979813 1.05296791577712 1.55051509011537 1.18836923502386 1.77363887336105 1.133573300438 1.12336787697859 1.84943458647467 1.08766777394339 1.20189815969206 1.20120346033946 1.14997636876069 1.65044218231924 1.6190985199064 0.989989947061986
1.78083165339194 1.5457246361766 1.25837103812955 1.31426008162089 0 1.12555477023125 1.48424094798975 0.98878530994989 1.61346758552827 1.5821684114635 1.59414839674719 1.55754579324275 1.20435317209922 1.47706271754578 1.78833914594725 1.02077559847385 1.55204103002325 1.8475680174306 1.89729140163399 1.70753700565547 0.995004300493747 1.20776552800089 1.37642077030614 1.93719691992737 1.42870650510304 1.35798653890379 1.75833592657 1.9428496947512 1.60647558607161 1.88498480524868
1.85799308936112 1.25643399404362 1.76196919078939 1.34659448754974 1.12555477023125 0 1.64212070312351 1.16142662614584 1.52507799025625 1.69092105142772 1.74869225057773 1.50783407036215 1.90079889306799 1.72609011945315 1.45396482921205 1.86209822935052 1.81544958148152 1.81336371949874 1.83747803373262 1.79394136066549 1.76918359915726 1.05514664598741 1.60779029387049 1.77194875804707 1.82732090819627 1.15508591383696 1.87232668325305 1.32055069156922 1.39267674647272 1.7554308178369
1.21827035793103 1.27360310824588 1.90929264784791 1.14598463079892 1.48424094798975 1.64212070312351 0 1.14125474030152 1.16792329354212 1.54772904654965 1.31092026666738 1.29572073277086 1.09950225055218 1.93065865617245 1.07672280445695 1.26714188000187 1.81241174810566 1.55819260654971 1.2102603672538 1.93316006846726 1.74370257626288 1.48884638072923 1.42820104490966 1.00440039276145 1.07399353082292 1.10556702269241 1.86434300313704 1.91501812962815 1.70209248573519 1.15599159430712
1.83452687133104 1.3245457787998 1.66452266625129 1.94981230213307 0.98878530994989 1.16142662614584 1.14125474030152 0 1.70147833833471 1.54473827849142 1.39245088887401 1.93083259137347 1.86244769743644 1.80329793342389 1.95123336045071 1.63784943614155 1.57473762053996 1.65556772472337 1.31216378300451 1.68393360660411 1.10435805562884 1.87182245636359 1.51967142778449 1.37842527776957 1.75286133959889 1.11872520088218 1.44352459022775 1.07949121622369 1.56390675646253 1.7024221685715
1.22048844094388 1.54990698234178 1.69938198849559 1.41976958070882 1.61346758552827 1.52507799025625 1.16792329354212 1.70147833833471 0 1.58695153822191 1.08992674504407 1.91352001391351 1.93935928377323 1.55060995882377 1.32596046943218 1.30972281121649 1.48275377531536 1.61242779833265 1.67976004770026 1.0759856144432 1.40889369230717 1.68851900985464 1.77519921958447 1.60331134870648 0.98368293652311 0.957700466969982 1.16391358384863 1.20708332932554 1.67190150148235 0.992902834201232
1.12625238462351 1.76007428113371 1.27927441243082 1.13299391628243 1.5821684114635 1.69092105142772 1.54772904654965 1.54473827849142 1.58695153822191 0 1.13366302405484 1.1403109554667 1.68475535069592 1.06316105485894 1.31118414876983 1.20564359147102 0.958653950598091 1.5548270274885 1.16653992142528 1.37242232076824 1.95054473332129 1.78885472682305 1.50842894101515 1.01624429458752 1.87932651885785 1.24560892698355 1.54945156117901 1.12502804002725 1.1701423751656 1.34959496930242
1.64307711971924 1.55988765251823 1.80078551964834 1.52541273133829 1.59414839674719 1.74869225057773 1.31092026666738 1.39245088887401 1.08992674504407 1.13366302405484 0 1.54334771912545 1.93855227273889 1.87649006233551 1.26363859628327 1.51240839087404 1.9297459970694 1.77416013227776 1.19651701534167 1.01452076015994 1.23905562376603 1.49947241088375 1.12879227707162 1.67036613030359 1.25388255505823 1.01718412875198 1.25086008454673 1.24889609147795 1.05152362398803 1.24223007378168
1.88994149770588 1.34292275528423 1.69052811898291 1.29759716661647 1.55754579324275 1.50783407036215 1.29572073277086 1.93083259137347 1.91352001391351 1.1403109554667 1.54334771912545 0 1.7938092306722 1.47574437456205 1.88123078900389 1.74442253704183 1.21740588219836 1.45613483665511 1.51333348220214 1.31355305900797 1.47670639213175 1.04868830228224 1.91214395570569 1.8405469043646 1.36859721806832 1.87776882038452 1.08676416310482 0.989615273661911 1.21165663050488 1.72516044927761
1.20637304591946 1.92232679971494 1.0449557423126 1.2314925796818 1.20435317209922 1.90079889306799 1.09950225055218 1.86244769743644 1.93935928377323 1.68475535069592 1.93855227273889 1.7938092306722 0 1.88373192492872 1.23688055109233 1.9219640402589 1.78357761632651 1.89655183395371 1.94782809121534 1.88211497850716 0.968377351993695 1.29539636289701 1.51267396076582 1.16756695858203 1.89220516034402 1.13246010406874 1.87822397751734 0.976343649672344 1.86755774798803 1.78373286710121
1.50054766633548 1.90522814309224 1.37034069700167 1.47313875053078 1.47706271754578 1.72609011945315 1.93065865617245 1.80329793342389 1.55060995882377 1.06316105485894 1.87649006233551 1.47574437456205 1.88373192492872 0 1.84878505975939 1.9237442703452 0.96152920415625 1.80496082524769 1.91488713934086 1.1149470412638 1.67870271205902 1.44703679159284 1.79620489571244 1.50411194353364 1.69316945225 1.76627099700272 1.68760734517127 1.16409611538984 1.4787458225619 1.38685171422549
1.31150759104639 1.50038921926171 1.75319585343823 1.24824264738709 1.78833914594725 1.45396482921205 1.07672280445695 1.95123336045071 1.32596046943218 1.31118414876983 1.26363859628327 1.88123078900389 1.23688055109233 1.84878505975939 0 1.31950568989851 1.80704147345386 1.80480568879284 1.38380606193095 1.11607082164846 1.77492695325054 1.26095197838731 1.47000280115753 1.12941969977692 1.78103299625218 1.32101468229666 0.994583812076598 1.28974795760587 1.36994654405862 1.33161226124503
1.49102913495153 1.49519366701134 1.8368066623807 1.35901060979813 1.02077559847385 1.86209822935052 1.26714188000187 1.63784943614155 1.30972281121649 1.20564359147102 1.51240839087404 1.74442253704183 1.9219640402589 1.9237442703452 1.31950568989851 0 1.27427418529987 1.49704333860427 0.977724183350801 1.42471868614666 0.999275421258062 1.47577990335412 0.962027931585908 1.18126002606004 1.85422611772083 1.20469998964109 1.32431132672355 1.08066654228605 1.13702528411523 1.42390377214178
1.82243956578895 1.44133126386441 1.59367342363112 1.05296791577712 1.55204103002325 1.81544958148152 1.81241174810566 1.57473762053996 1.48275377531536 0.958653950598091 1.9297459970694 1.21740588219836 1.78357761632651 0.96152920415625 1.80704147345386 1.27427418529987 0 1.28698530071415 1.05959050147794 1.61433831229806 0.999276193324476 1.27588767162524 1.257010971196 1.79917111154646 1.91210072976537 1.85306665534154 1.02008831873536 1.54672049335204 1.84734095167369 1.45362573652528
1.28013384668157 1.88885264634155 1.08874333533458 1.55051509011537 1.8475680174306 1.81336371949874 1.55819260654971 1.65556772472337 1.61242779833265 1.5548270274885 1.77416013227776 1.45613483665511 1.89655183395371 1.80496082524769 1.80480568879284 1.49704333860427 1.28698530071415 0 1.29340268252417 1.62129675433971 1.42457255232148 0.962178343208507 0.976209920831025 1.71643956727348 1.06347041903064 1.48116189078428 1.15348898107186 1.92780837020837 1.81402347749099 1.70788020128384
1.69515685271472 0.999479481484741 1.91964574111626 1.18836923502386 1.89729140163399 1.83747803373262 1.2102603672538 1.31216378300451 1.67976004770026 1.16653992142528 1.19651701534167 1.51333348220214 1.94782809121534 1.91488713934086 1.38380606193095 0.977724183350801 1.05959050147794 1.29340268252417 0 1.5135878380388 1.29906289256178 1.22082116431557 1.74656578688882 1.81988313817419 1.62731429794803 1.40230230754241 1.56633641431108 1.39311760733835 1.13778271456249 1.40685873222537
1.26965222880244 1.49943697010167 1.548127082875 1.77363887336105 1.70753700565547 1.79394136066549 1.93316006846726 1.68393360660411 1.0759856144432 1.37242232076824 1.01452076015994 1.31355305900797 1.88211497850716 1.1149470412638 1.11607082164846 1.42471868614666 1.61433831229806 1.62129675433971 1.5135878380388 0 1.93598072812892 1.10750772617757 1.20435704197735 1.26799447764643 1.10772502771579 1.2756627635099 1.82956089288928 1.65362123749219 1.1431449863594 1.513453862397
1.63224209984764 1.71689173439518 1.44999160990119 1.133573300438 0.995004300493747 1.76918359915726 1.74370257626288 1.10435805562884 1.40889369230717 1.95054473332129 1.23905562376603 1.47670639213175 0.968377351993695 1.67870271205902 1.77492695325054 0.999275421258062 0.999276193324476 1.42457255232148 1.29906289256178 1.93598072812892 0 1.89723336463794 1.23075243760832 1.2977614318952 1.53260790626518 1.27786010247655 1.95016362075694 1.94472100166604 1.09269222710282 1.81641872832552
1.05344084370881 1.62570462422445 0.958510207012296 1.12336787697859 1.20776552800089 1.05514664598741 1.48884638072923 1.87182245636359 1.68851900985464 1.78885472682305 1.49947241088375 1.04868830228224 1.29539636289701 1.44703679159284 1.26095197838731 1.47577990335412 1.27588767162524 0.962178343208507 1.22082116431557 1.10750772617757 1.89723336463794 0 1.89775805757381 1.17939244746231 1.35664733382873 1.64338403125294 1.2206833215896 1.2010274908971 1.02220141002908 1.00620826915838
1.57551745418459 1.54215087252669 1.20884292921983 1.84943458647467 1.37642077030614 1.60779029387049 1.42820104490966 1.51967142778449 1.77519921958447 1.50842894101515 1.12879227707162 1.91214395570569 1.51267396076582 1.79620489571244 1.47000280115753 0.962027931585908 1.257010971196 0.976209920831025 1.74656578688882 1.20435704197735 1.23075243760832 1.89775805757381 0 1.19544880185276 1.42769119795412 1.75816949945875 1.13969656336121 1.44295697519556 1.67952030221932 1.41361135826446
1.01037358189933 1.15399852325208 1.60487969452515 1.08766777394339 1.93719691992737 1.77194875804707 1.00440039276145 1.37842527776957 1.60331134870648 1.01624429458752 1.67036613030359 1.8405469043646 1.16756695858203 1.50411194353364 1.12941969977692 1.18126002606004 1.79917111154646 1.71643956727348 1.81988313817419 1.26799447764643 1.2977614318952 1.17939244746231 1.19544880185276 0 1.85750804748386 1.8169198804535 1.06404486927204 1.14994752942584 1.49699813313782 1.17374451668002
1.08886231621727 1.68220079108141 1.83849957329221 1.20189815969206 1.42870650510304 1.82732090819627 1.07399353082292 1.75286133959889 0.98368293652311 1.87932651885785 1.25388255505823 1.36859721806832 1.89220516034402 1.69316945225 1.78103299625218 1.85422611772083 1.91210072976537 1.06347041903064 1.62731429794803 1.10772502771579 1.53260790626518 1.35664733382873 1.42769119795412 1.85750804748386 0 1.74886703491211 1.66579083795659 1.70364538463764 1.6063257525675 1.22379347239621
1.07904987409711 1.8782475059852 1.65168310236186 1.20120346033946 1.35798653890379 1.15508591383696 1.10556702269241 1.11872520088218 0.957700466969982 1.24560892698355 1.01718412875198 1.87776882038452 1.13246010406874 1.76627099700272 1.32101468229666 1.20469998964109 1.85306665534154 1.48116189078428 1.40230230754241 1.2756627635099 1.27786010247655 1.64338403125294 1.75816949945875 1.8169198804535 1.74886703491211 0 1.23744507576339 1.35100553440861 1.32143328967504 1.53667569020763
1.49978467985056 1.1107050976716 1.28723343531601 1.14997636876069 1.75833592657 1.87232668325305 1.86434300313704 1.44352459022775 1.16391358384863 1.54945156117901 1.25086008454673 1.08676416310482 1.87822397751734 1.68760734517127 0.994583812076598 1.32431132672355 1.02008831873536 1.15348898107186 1.56633641431108 1.82956089288928 1.95016362075694 1.2206833215896 1.13969656336121 1.06404486927204 1.66579083795659 1.23744507576339 0 1.88777184858918 1.7570289997384 1.38012436707504
1.65517921280116 1.42838619439863 1.16772402985953 1.65044218231924 1.9428496947512 1.32055069156922 1.91501812962815 1.07949121622369 1.20708332932554 1.12502804002725 1.24889609147795 0.989615273661911 0.976343649672344 1.16409611538984 1.28974795760587 1.08066654228605 1.54672049335204 1.92780837020837 1.39311760733835 1.65362123749219 1.94472100166604 1.2010274908971 1.44295697519556 1.14994752942584 1.70364538463764 1.35100553440861 1.88777184858918 0 1.82947716582566 1.02316923788749
1.866073761601 1.3695574500598 1.32627492048778 1.6190985199064 1.60647558607161 1.39267674647272 1.70209248573519 1.56390675646253 1.67190150148235 1.1701423751656 1.05152362398803 1.21165663050488 1.86755774798803 1.4787458225619 1.36994654405862 1.13702528411523 1.84734095167369 1.81402347749099 1.13778271456249 1.1431449863594 1.09269222710282 1.02220141002908 1.67952030221932 1.49699813313782 1.6063257525675 1.32143328967504 1.7570289997384 1.82947716582566 0 1.18562883604318
1.68911143601872 1.63096018740907 1.70098111662082 0.989989947061986 1.88498480524868 1.7554308178369 1.15599159430712 1.7024221685715 0.992902834201232 1.34959496930242 1.24223007378168 1.72516044927761 1.78373286710121 1.38685171422549 1.33161226124503 1.42390377214178 1.45362573652528 1.70788020128384 1.40685873222537 1.513453862397 1.81641872832552 1.00620826915838 1.41361135826446 1.17374451668002 1.22379347239621 1.53667569020763 1.38012436707504 1.02316923788749 1.18562883604318 0
