0 1.1376678685192 1.7827808437869 1.80321865808219 1.14726759679615 1.30712562263943 1.77748132008128 1.39471688074991 1.90987991145812 1.66736787115224 1.72841868037358 1.35386588936672 1.43480217829347 1.24725103401579 1.58487386628985 1.28753163991496 1.07946214126423 1.77081687562168 1.95263353479095 1.14747085049748 1.54847464128397 1.85836004442535 1.32646432472393 1.44277058984153 1.46799360471778 1.13188770064153 1.4537770668976 1.00006827269681 1.80238133575767 1.75312594161369
1.1376678685192 0 1.23013826739043 1.36569189443253 1.76132258377038 1.16484578000382 1.46275253640488 1.00067581189796 1.77448156452738 1.55533577757888 1.67158119217493 1.18469579331577 1.26335159991868 1.89587762346491 1.18342582485639 1.46450869808905 1.42873133416288 1.74003082956187 1.46577278082259 1.95641716383398 1.37805876205675 1.45673920190893 1.62239399179816 1.57760898792185 1.80263554234989 1.79679988091812 1.23158408887684 1.58919904730283 1.34375738515519 1.36324543179944
1.7827808437869 1.23013826739043 0 1.21453683497384 1.75077710743062 1.12065732502379 1.42575642187148 1.48662509978749 1.29693130147643 1.83570845518261 1.64573033642955 1.14298625779338 1.25078450213186 0.994004315696657 1.42630748497322 1.35438099643216 1.55932484730147 1.74843517225236 1.35151434829459 1.60049714194611 0.98010133439675 1.23782864911482 1.52244563959539 1.06661088042893 1.7946201376617 1.23974622227252 1.85355944815092 1.34943487914279 1.36852777400054 1.05334244901314
1.80321865808219 1.36569189443253 1.21453683497384 0 1.12826261739247 1.75857645482756 1.07724337093532 0.999512783018872 1.6903520419728 1.76781942695379 1.25884708482772 1.64819630980492 0.99779880582355 1.42950147716329 1.31107404013164 1.6844211386051 1.00742915086448 1.4140015640296 0.981459155213088 1.3476214595139 0.992349734064192 1.84430966177024 1.62239433662035 1.51628506579436 1.75813777605072 1.88475865009241 1.68726829672232 1.36910549830645 1.15730628557503 1.4254817920737
1.14726759679615 1.76132258377038 1.75077710743062 1.12826261739247 0 0.999904058640823 1.89958692272194 1.55943641462363 1.28773353248835 1.84594708005898 1.92445047036745 1.69027227559127 1.82914353860542 1.14212364447303 1.91277689253911 1.11750721442513 1.09847984975204 1.50763005577028 1.81914536631666 1.12569100479595 1.38677174295299 1.91088817431591 1.95830673119053 1.07375822169706 1.94950614310801 1.26067394996062 1.85176912532188 1.73251636675559 1.37453931826167 1.20026708929799
1.30712562263943 1.16484578000382 1.12065732502379 1.75857645482756 0.999904058640823 0 1.7764674925711 1.52274380577728 1.61960315215401 1.59136558207683 1.84205564856529 1.39682417991571 1.5771451657638 1.5553611817304 1.23473588260822 1.11549919447862 1.78800053359009 1.78519878094085 1.91836099466309 1.24186965543777 1.06173609336838 1.9028156446293 1.44532361067832 1.55277691036463 1.73655128781684 1.50744809443131 1.78009488689713 0.985049301758409 1.89707862189971 1.70078311278485
1.77748132008128 1.46275253640488 1.42575642187148 1.07724337093532 1.89958692272194 1.7764674925711 0 1.88324729399756 1.12803287850693 1.04384721210226 1.75425852485932 1.92602102248929 1.52421219064854 1.2582110601943 1.36860490893014 1.64968028641306 1.60937315667979 1.00882799969986 1.87818343145773 1.29616391519085 1.73858445417136 1.09423721581697 1.42406324087642 1.55414153309539 1.43853558949195 1.33177585271187 1.34720860025845 1.32261323789135 1.67987814662047 1.43684346368536
1.39471688074991 1.00067581189796 1.48662509978749 0.999512783018872 1.55943641462363 1.52274380577728 1.88324729399756 0 1.15261215856299 1.06463839649223 1.59321832214482 1.3847308321856 1.78006109362468 1.66218765918165 1.09441528888419 1.61095367581584 1.81460684118792 1.51822192384861 1.07208113418892 1.3127979321871 1.40168484044261 1.22832331131212 1.70606366312131 1.03870312427171 1.97511396417394 1.15558097418398 1.08032937557437 1.80326084513217 1.08525604545139 1.02539004059508
1.90987991145812 1.77448156452738 1.29693130147643 1.6903520419728 1.28773353248835 1.61960315215401 1.12803287850693 1.15261215856299 0 1.960018733982 1.53473753714934 1.44375953334384 1.31800313759595 1.07667187857442 1.74564624996856 1.5900115231052 1.3579318090342 1.05371006368659 1.11775184608996 0.985572870122269 1.29258287628181 1.85518711805344 1.10503786895424 1.09653285774402 1.79287992906757 1.92602242249995 1.5033301722724 1.53568977303803 1.90374770062044 1.22514948737808
1.66736787115224 1.55533577757888 1.83570845518261 1.76781942695379 1.84594708005898 1.59136558207683 1.04384721210226 1.06463839649223 1.960018733982 0 1.74570479267277 1.45936867664568 1.50047488347627 1.35277702240273 1.35919999354519 1.82795603829436 1.95660472544841 1.6586764913518 1.76373888435774 1.55710489908233 1.80889686918817 1.42480584792793 1.03242607694119 1.05112546496093 1.80701056285761 1.85275965882465 1.66794281848706 1.77055107569322 1.23446737835184 1.13562282919884
1.72841868037358 1.67158119217493 1.64573033642955 1.25884708482772 1.92445047036745 1.84205564856529 1.75425852485932 1.59321832214482 1.53473753714934 1.74570479267277 0 1.42882327851839 1.85116553795524 1.76349247689359 1.917980191065 1.11075605475344 1.72797891451046 1.64403335307725 1.71869033318944 1.12423246493563 1.59296079631895 1.06792579172179 1.28624702943489 1.58171895309351 1.28022198169492 1.64539568428881 1.33604983892292 1.08099063229747 1.60323042958044 1.37026849179529
1.35386588936672 1.18469579331577 1.14298625779338 1.64819630980492 1.69027227559127 1.39682417991571 1.92602102248929 1.3847308321856 1.44375953334384 1.45936867664568 1.42882327851839 0 1.65862413286231 1.4023763909936 1.36208476219326 1.02951363124885 1.91256908909418 1.46074116975069 1.09019924933091 1.31701888074167 1.71634094556794 1.04330561007373 1.4304381236434 1.16762165585533 1.33373282081448 1.90456197084859 1.43630315898918 1.64709468837827 1.76167518435977 1.37291008536704
1.43480217829347 1.26335159991868 1.25078450213186 0.99779880582355 1.82914353860542 1.5771451657638 1.52421219064854 1.78006109362468 1.31800313759595 1.50047488347627 1.85116553795524 1.65862413286231 0 1.72706308704801 1.05398038239218 1.37486781808548 1.13019800791517 1.86743141594343 1.10766369709745 1.9656961672008 1.43162424070761 1.90885287011042 1.29046741733328 1.26132032088935 1.41582334972918 1.77122156159021 1.72654785751365 1.31792078027502 1.27530399430543 1.94788640877232
1.24725103401579 1.89587762346491 0.994004315696657 1.42950147716329 1.14212364447303 1.5553611817304 1.2582110601943 1.66218765918165 1.07667187857442 1.35277702240273 1.76349247689359 1.4023763909936 1.72706308704801 0 1.27347005228512 1.8708441904746 1.39895088667981 1.78279716265388 1.78074606158771 1.93480703351088 1.19675486977212 1.10463428776711 0.987873381469399 1.0657406237442 1.88108422746882 1.22391745424829 1.22982874908485 1.09496331890114 1.82312422408722 1.94303661049344
1.58487386628985 1.18342582485639 1.42630748497322 1.31107404013164 1.91277689253911 1.23473588260822 1.36860490893014 1.09441528888419 1.74564624996856 1.35919999354519 1.917980191065 1.36208476219326 1.05398038239218 1.27347005228512 0 1.26796280569397 1.18005795264617 1.91693817544729 1.57508297241293 1.76996627636254 1.66750304005109 1.0009743005503 1.95299114566296 1.87118516908959 1.75177458208054 1.79791745031253 1.20125082787126 1.81929016509093 1.4277476540301 1.32330687413923
1.28753163991496 1.46450869808905 1.35438099643216 1.6844211386051 1.11750721442513 1.11549919447862 1.64968028641306 1.61095367581584 1.5900115231052 1.82795603829436 1.11075605475344 1.02951363124885 1.37486781808548 1.8708441904746 1.26796280569397 0 1.24706398928538 1.96295392001048 1.07323636650108 1.31099276826717 1.07018285058439 1.11397792282514 1.31776489410549 1.77460135729052 1.28471701056696 1.69596298923716 1.50894204317592 1.48907485674135 1.3607574198395 1.39559136494063
1.07946214126423 1.42873133416288 1.55932484730147 1.00742915086448 1.09847984975204 1.78800053359009 1.60937315667979 1.81460684118792 1.3579318090342 1.95660472544841 1.72797891451046 1.91256908909418 1.13019800791517 1.39895088667981 1.18005795264617 1.24706398928538 0 1.58275013742968 1.00205949903466 1.91409060475416 1.81172550981864 0.985533526167274 1.42679373989813 1.12700957315974 1.64976789848879 1.17883307486773 1.83664972521365 1.15257319319062 1.83994695777074 1.21661868551746
1.77081687562168 1.74003082956187 1.74843517225236 1.4140015640296 1.50763005577028 1.78519878094085 1.00882799969986 1.51822192384861 1.05371006368659 1.6586764913518 1.64403335307725 1.46074116975069 1.86743141594343 1.78279716265388 1.91693817544729 1.96295392001048 1.58275013742968 0 1.83097161748447 1.95549564179964 1.38344671437517 1.90391565579921 1.66102127777413 1.08231133804657 0.980806175386533 1.69267694628797 1.56619538902305 1.03642096975818 1.95840469305404 1.89473279495724
1.95263353479095 1.46577278082259 1.35151434829459 0.981459155213088 1.81914536631666 1.91836099466309 1.87818343145773 1.07208113418892 1.11775184608996 1.76373888435774 1.71869033318944 1.09019924933091 1.10766369709745 1.78074606158771 1.57508297241293 1.07323636650108 1.00205949903466 1.83097161748447 0 1.64701075386256 1.97380888927728 1.77121199620888 1.55472667538561 1.42916136770509 1.88755835383199 0.98156530992128 1.54092822177336 1.44162099994719 1.49041237658821 1.15819866443053
1.14747085049748 1.95641716383398 1.60049714194611 1.3476214595139 1.12569100479595 1.24186965543777 1.29616391519085 1.3127979321871 0.985572870122269 1.55710489908233 1.12423246493563 1.31701888074167 1.9656961672008 1.93480703351088 1.76996627636254 1.31099276826717 1.91409060475416 1.95549564179964 1.64701075386256 0 1.15977999428287 1.58065583603457 1.9122867542319 1.6565114306286 1.93997611454688 1.38239898672327 1.72214487404563 1.8276706552133 1.11958546657115 1.64875937416218
1.54847464128397 1.37805876205675 0.98010133439675 0.992349734064192 1.38677174295299 1.06173609336838 1.73858445417136 1.40168484044261 1.29258287628181 1.80889686918817 1.59296079631895 1.71634094556794 1.43162424070761 1.19675486977212 1.66750304005109 1.07018285058439 1.81172550981864 1.38344671437517 1.97380888927728 1.15977999428287 0 1.64681592583656 1.43347788322717 1.10296799917705 1.9779030685313 1.36959569621831 1.62195475772023 1.51337566878647 1.17100067087449 1.2242342538666
1.85836004442535 1.45673920190893 1.23782864911482 1.84430966177024 1.91088817431591 1.9028156446293 1.09423721581697 1.22832331131212 1.85518711805344 1.42480584792793 1.06792579172179 1.04330561007373 1.90885287011042 1.10463428776711 1.0009743005503 1.11397792282514 0.985533526167274 1.90391565579921 1.77121199620888 1.58065583603457 1.64681592583656 0 1.71064520161599 1.4636378523428 1.6235297168605 1.47418177849613 1.62056684191339 1.22640443011187 1.062733594561 1.43807468912564
1.32646432472393 1.62239399179816 1.52244563959539 1.62239433662035 1.95830673119053 1.44532361067832 1.42406324087642 1.70606366312131 1.10503786895424 1.03242607694119 1.28624702943489 1.4304381236434 1.29046741733328 0.987873381469399 1.95299114566296 1.31776489410549 1.42679373989813 1.66102127777413 1.55472667538561 1.9122867542319 1.43347788322717 1.71064520161599 0 1.74683682387695 1.58612172072753 1.48183653526939 1.01218844833784 1.4570514075458 1.05207633879036 1.87636200943962
1.44277058984153 1.57760898792185 1.06661088042893 1.51628506579436 1.07375822169706 1.55277691036463 1.55414153309539 1.03870312427171 1.09653285774402 1.05112546496093 1.58171895309351 1.16762165585533 1.26132032088935 1.0657406237442 1.87118516908959 1.77460135729052 1.12700957315974 1.08231133804657 1.42916136770509 1.6565114306286 1.10296799917705 1.4636378523428 1.74683682387695 0 1.23331389855593 1.14084019581787 0.986671250779182 1.64460636535659 1.43779906630516 1.40640649106354
1.46799360471778 1.80263554234989 1.7946201376617 1.75813777605072 1.94950614310801 1.73655128781684 1.43853558949195 1.97511396417394 1.79287992906757 1.80701056285761 1.28022198169492 1.33373282081448 1.41582334972918 1.88108422746882 1.75177458208054 1.28471701056696 1.64976789848879 0.980806175386533 1.88755835383199 1.93997611454688 1.9779030685313 1.6235297168605 1.58612172072753 1.23331389855593 0 1.56369309616275 1.9345975543838 1.97280349000357 1.13933647121303 1.08756562974304
1.13188770064153 1.79679988091812 1.23974622227252 1.88475865009241 1.26067394996062 1.50744809443131 1.33177585271187 1.15558097418398 1.92602242249995 1.85275965882465 1.64539568428881 1.90456197084859 1.77122156159021 1.22391745424829 1.79791745031253 1.69596298923716 1.17883307486773 1.69267694628797 0.98156530992128 1.38239898672327 1.36959569621831 1.47418177849613 1.48183653526939 1.14084019581787 1.56369309616275 0 1.26613249164075 1.35333314607851 1.50800649635494 1.68940079165623
1.4537770668976 1.23158408887684 1.85355944815092 1.68726829672232 1.85176912532188 1.78009488689713 1.34720860025845 1.08032937557437 1.5033301722724 1.66794281848706 1.33604983892292 1.43630315898918 1.72654785751365 1.22982874908485 1.20125082787126 1.50894204317592 1.83664972521365 1.56619538902305 1.54092822177336 1.72214487404563 1.62195475772023 1.62056684191339 1.01218844833784 0.986671250779182 1.9345975543838 1.26613249164075 0 1.42754240659997 1.67215314367786 1.93407174479216
1.00006827269681 1.58919904730283 1.34943487914279 1.36910549830645 1.73251636675559 0.985049301758409 1.32261323789135 1.80326084513217 1.53568977303803 1.77055107569322 1.08099063229747 1.64709468837827 1.31792078027502 1.09496331890114 1.81929016509093 1.48907485674135 1.15257319319062 1.03642096975818 1.44162099994719 1.8276706552133 1.51337566878647 1.22640443011187 1.4570514075458 1.64460636535659 1.97280349000357 1.35333314607851 1.42754240659997 0 1.17195077054203 1.11055377800949
1.80238133575767 1.34375738515519 1.36852777400054 1.15730628557503 1.37453931826167 1.89707862189971 1.67987814662047 1.08525604545139 1.90374770062044 1.23446737835184 1.60323042958044 1.76167518435977 1.27530399430543 1.82312422408722 1.4277476540301 1.3607574198395 1.83994695777074 1.95840469305404 1.49041237658821 1.11958546657115 1.17100067087449 1.062733594561 1.05207633879036 1.43779906630516 1.13933647121303 1.50800649635494 1.67215314367786 1.17195077054203 0 1.92199744377285
1.75312594161369 1.36324543179944 1.05334244901314 1.4254817920737 1.20026708929799 1.70078311278485 1.43684346368536 1.02539004059508 1.22514948737808 1.13562282919884 1.37026849179529 1.37291008536704 1.94788640877232 1.94303661049344 1.32330687413923 1.39559136494063 1.21661868551746 1.89473279495724 1.15819866443053 1.64875937416218 1.2242342538666 1.43807468912564 1.87636200943962 1.40640649106354 1.08756562974304 1.68940079165623 1.93407174479216 1.11055377800949 1.92199744377285 0
