0 1.43885316047817 1.2929916952271 1.34073005686514 1.3673927760683 1.03893359238282 1.92361537367105 1.18132852111012 1.06707254750654 1.89464247599244 1.54002270335332 1.61097667831928 1.41983691765927 1.34308932116255 1.55206052283756 1.21804704400711 1.23034417745657 1.59961395105347 1.24285220471211 1.2737797126174 1.3004725263454 1.39683799748309 1.88382622576319 1.36832523625344 1.52239270694554 1.09554295241833 1.64507816801779 1.342585880775 1.44659516750835 1.33144260337576
1.43885316047817 0 1.86376493587159 1.45202559558675 0.97986404155381 1.48569251946174 1.06816796958447 1.22373988036998 1.33453164203092 1.52473179600202 1.56244066008367 1.89418408274651 1.15916900034063 1.81961906515062 1.9569204794243 1.40182554535568 1.7802020914387 1.07740208739415 1.92914491496049 1.17463252320886 1.59477859712206 1.25470064673573 1.4955185924191 1.21939942263998 1.41621138178743 1.04240133636631 1.46012024767697 1.80693530058488 1.31067249295302 0.999129535630345
1.2929916952271 1.86376493587159 0 1.28888494684361 1.86660497286357 1.8525668522343 1.42486124369316 1.12250785552897 1.09819115512073 1.02730657253414 1.47597127617337 1.76081876014359 1.24213858693838 1.10971492296085 1.2252623278182 1.24286359106191 1.03791829617694 1.62842907872982 1.44904456054792 1.92845204728656 1.58579161576927 1.50167877203785 1.06079720775597 1.87706887186505 1.0925742930267 1.1619392959401 1.71294215763919 1.3820002512075 1.7203843917232 1.25804151012562
1.34073005686514 1.45202559558675 1.28888494684361 0 1.55654554138891 1.04278104077093 1.79726609750651 1.23597831907682 1.51908415858634 1.14403100078925 1.83013972709887 1.21684948471375 1.8572592206765 1.47402483224869 1.39379437663592 1.03634226205759 1.22812549397349 1.29763078293763 1.24697070545517 1.48469755682163 1.49257495929487 0.976183449150994 1.65131197450683 0.999300154158846 1.85083882813342 1.39853110746481 0.988407395780087 1.02123481826857 1.20333864586428 1.10250705201179
1.3673927760683 0.97986404155381 1.86660497286357 1.55654554138891 0 1.70168102579191 1.72484902013093 1.71342061180621 1.38706767722033 1.26579332072288 1.09804239287041 1.32618622784503 1.67287205718458 1.77924250788055 1.74009828455746 1.41990148113109 1.49791831104085 1.1532637886703 1.19059042446315 1.64302779501304 1.86952512408607 1.71695605083369 1.24569112807512 1.82415946992114 1.56272580777295 1.46656839433126 1.38685189164244 1.76107016927563 1.18598835146986 1.71465270360932
1.03893359238282 1.48569251946174 1.8525668522343 1.04278104077093 1.70168102579191 0 1.36867102747783 1.20368134090677 1.63243998843245 1.90018412820064 1.53084831451997 1.45695598819293 1.10234520980157 1.51089957193471 1.52832193346694 0.988624639576301 1.34591204929166 1.46698148036376 1.92494868603535 1.5580206415616 1.1633873693645 1.13025617063977 1.54239184688777 1.14694105717354 1.11043279664591 1.04203400202096 0.97696469258517 1.96057512750849 1.89186872751452 1.3872511817608
1.92361537367105 1.06816796958447 1.42486124369316 1.79726609750651 1.72484902013093 1.36867102747783 0 1.02454912848771 1.00226687267423 1.63856017775834 1.83513888227753 1.29576992196962 1.16223295009695 1.87648589164019 1.0104088189546 1.13875590404496 1.32003712141886 1.84746474656276 1.94947234680876 1.70553792454302 1.41831483622082 1.83605503267609 1.11702481214888 1.78769440599717 1.04708500183187 1.88843027013354 1.54321565409191 1.46140935830772 1.27547640074044 1.29996505379677
1.18132852111012 1.22373988036998 1.12250785552897 1.23597831907682 1.71342061180621 1.20368134090677 1.02454912848771 0 1.4030852324795 1.8347814232111 1.06638906314038 1.9383286726661 1.77629155688919 1.95445405202918 1.38985774479806 1.09617592650466 1.3964778650552 1.61598887108266 1.90457390691154 1.54794882028364 1.15476663922891 1.42823473503813 1.02094943332486 1.65170719311573 1.63862348441035 1.85534777049907 1.94595033302903 1.29379723151214 1.81914608436637 1.42269507213496
1.06707254750654 1.33453164203092 1.09819115512073 1.51908415858634 1.38706767722033 1.63243998843245 1.00226687267423 1.4030852324795 0 1.35789479897358 1.73968011070974 1.61538312397897 1.7223376869224 1.59645508229733 1.16221930761822 1.34502586117014 1.40399326221086 1.09868346410803 1.85655216057785 0.993321308400482 1.37580190296285 1.28798797843046 1.85734761320055 1.76475044386461 1.94109175913036 1.0750403595157 1.44682282488793 1.25863409158774 1.61660909908824 1.01052090339363
1.89464247599244 1.52473179600202 1.02730657253414 1.14403100078925 1.26579332072288 1.90018412820064 1.63856017775834 1.8347814232111 1.35789479897358 0 1.60804697452113 1.56345015042461 1.37255396321416 1.66390350251459 1.69208101858385 1.52449981821701 1.72611069399863 1.6128786902409 1.81195802194998 1.62071359646507 1.9259393690154 1.20915320049971 1.44691320788115 1.1034236564301 1.48361974628642 1.22922550397925 1.29863934940659 1.13457533833571 1.6581872231327 1.91566418646835
1.54002270335332 1.56244066008367 1.47597127617337 1.83013972709887 1.09804239287041 1.53084831451997 1.83513888227753 1.06638906314038 1.73968011070974 1.60804697452113 0 1.49781979923137 1.09478170378134 1.93237589625642 1.79991475515999 1.10802355408669 0.9691310999915 1.82459911634214 1.82065532030538 1.57342236628756 1.5502498478163 1.90426543913782 1.13650278956629 0.987091271206737 1.5181720526889 1.06722161942162 1.95374133600853 1.34008034621365 1.24221609439701 1.6998198707588
1.61097667831928 1.89418408274651 1.76081876014359 1.21684948471375 1.32618622784503 1.45695598819293 1.29576992196962 1.9383286726661 1.61538312397897 1.56345015042461 1.49781979923137 0 1.2114113799762 1.8866492449306 1.32679440802895 1.51292399945669 1.52668918576092 1.35702961497009 1.56308857747354 1.25689387321472 1.50454645068385 1.06783302454278 1.03889817465097 1.17613258399069 1.30867831944488 1.6184238162823 1.4211866420228 1.77870005788282 1.82177334465086 1.55202545784414
1.41983691765927 1.15916900034063 1.24213858693838 1.8572592206765 1.67287205718458 1.10234520980157 1.16223295009695 1.77629155688919 1.7223376869224 1.37255396321416 1.09478170378134 1.2114113799762 0 1.206163571449 1.38630227511749 1.45312183862552 1.37683882098645 1.08189064916223 1.50623081554659 1.53757465095259 1.54408602812327 1.4107655249536 1.1119232790079 1.06987082748674 1.25143972830847 1.78513148194179 1.06497113057412 1.65429010079242 1.88298998842947 1.61857136385515
1.34308932116255 1.81961906515062 1.10971492296085 1.47402483224869 1.77924250788055 1.51089957193471 1.87648589164019 1.95445405202918 1.59645508229733 1.66390350251459 1.93237589625642 1.8866492449306 1.206163571449 0 1.94385892571881 1.39603215968236 1.75281021930277 1.04558385303244 1.12795887002721 1.42552391369827 1.83810236980207 1.16143570980057 1.40565569675528 1.70821571210399 1.30926134088077 1.60624144715257 1.94011756079271 1.9254247948993 1.68927720934153 1.16992087336257
1.55206052283756 1.9569204794243 1.2252623278182 1.39379437663592 1.74009828455746 1.52832193346694 1.0104088189546 1.38985774479806 1.16221930761822 1.69208101858385 1.79991475515999 1.32679440802895 1.38630227511749 1.94385892571881 0 1.28395451628603 1.29177215625532 1.77481452235952 1.67149675241672 1.01255259010941 1.71298570395447 1.75108995917253 1.25980569352396 1.92708339612 1.90398344374262 1.30265429918654 1.34544155211188 1.32175119942985 1.13407055009156 1.94770413683727
1.21804704400711 1.40182554535568 1.24286359106191 1.03634226205759 1.41990148113109 0.988624639576301 1.13875590404496 1.09617592650466 1.34502586117014 1.52449981821701 1.10802355408669 1.51292399945669 1.45312183862552 1.39603215968236 1.28395451628603 0 1.37682850030251 1.30028728744946 1.91707336995751 1.35436128801666 1.60772035899572 1.39129057456739 1.96149556338787 1.4426361292135 1.94880744861439 1.73444439773448 1.13378648529761 1.17272586654872 1.67665122705512 1.20891514001414
1.23034417745657 1.7802020914387 1.03791829617694 1.22812549397349 1.49791831104085 1.34591204929166 1.32003712141886 1.3964778650552 1.40399326221086 1.72611069399863 0.9691310999915 1.52668918576092 1.37683882098645 1.75281021930277 1.29177215625532 1.37682850030251 0 1.48342367028818 1.01268009538762 1.23933701450005 1.36749255633913 1.85126538784243 1.69783908547834 1.69027354149148 1.86941161332652 1.61061361106113 0.984610236017033 1.44793077441864 1.17896839021705 1.79799707047641
1.59961395105347 1.07740208739415 1.62842907872982 1.29763078293763 1.1532637886703 1.46698148036376 1.84746474656276 1.61598887108266 1.09868346410803 1.6128786902409 1.82459911634214 1.35702961497009 1.08189064916223 1.04558385303244 1.77481452235952 1.30028728744946 1.48342367028818 0 1.46540624392219 1.31422690767795 1.56777431583032 1.36613899073564 1.54716791887768 1.72236914606765 1.13858099561185 1.17225054046139 1.75760975736193 1.79820871097036 1.29157662438229 1.22600650554523
1.24285220471211 1.92914491496049 1.44904456054792 1.24697070545517 1.19059042446315 1.92494868603535 1.94947234680876 1.90457390691154 1.85655216057785 1.81195802194998 1.82065532030538 1.56308857747354 1.50623081554659 1.12795887002721 1.67149675241672 1.91707336995751 1.01268009538762 1.46540624392219 0 1.24035069346428 1.3434216696769 1.72406447841786 1.44035481731407 1.42964193644002 1.28662881441414 0.978420192375779 1.42566144606099 1.20105970161967 1.94744650833309 1.4562543227803
1.2737797126174 1.17463252320886 1.92845204728656 1.48469755682163 1.64302779501304 1.5580206415616 1.70553792454302 1.54794882028364 0.993321308400482 1.62071359646507 1.57342236628756 1.25689387321472 1.53757465095259 1.42552391369827 1.01255259010941 1.35436128801666 1.23933701450005 1.31422690767795 1.24035069346428 0 1.30584374535829 1.4524861027021 1.47760762809776 1.61880708998069 1.96159085375257 1.87232173560187 1.12397735146806 1.43579381424934 1.7852442113217 1.35536153637804
1.3004725263454 1.59477859712206 1.58579161576927 1.49257495929487 1.86952512408607 1.1633873693645 1.41831483622082 1.15476663922891 1.37580190296285 1.9259393690154 1.5502498478163 1.50454645068385 1.54408602812327 1.83810236980207 1.71298570395447 1.60772035899572 1.36749255633913 1.56777431583032 1.3434216696769 1.30584374535829 0 1.4950205150526 1.87673998926766 1.48253752593882 1.89983650995418 1.19907980575226 1.51523697376251 1.13410518341698 1.3618061596062 1.44995264313184
1.39683799748309 1.25470064673573 1.50167877203785 0.976183449150994 1.71695605083369 1.13025617063977 1.83605503267609 1.42823473503813 1.28798797843046 1.20915320049971 1.90426543913782 1.06783302454278 1.4107655249536 1.16143570980057 1.75108995917253 1.39129057456739 1.85126538784243 1.36613899073564 1.72406447841786 1.4524861027021 1.4950205150526 0 1.68325941753574 1.95779152191244 1.2986289167311 0.992024155566469 1.42525893030688 1.07953573716804 1.27361490647309 1.17495500971563
1.88382622576319 1.4955185924191 1.06079720775597 1.65131197450683 1.24569112807512 1.54239184688777 1.11702481214888 1.02094943332486 1.85734761320055 1.44691320788115 1.13650278956629 1.03889817465097 1.1119232790079 1.40565569675528 1.25980569352396 1.96149556338787 1.69783908547834 1.54716791887768 1.44035481731407 1.47760762809776 1.87673998926766 1.68325941753574 0 1.12347208010033 1.6879686631728 1.02799855708145 1.28862598282285 1.74017930030823 1.59276121435687 1.00995758851059
1.36832523625344 1.21939942263998 1.87706887186505 0.999300154158846 1.82415946992114 1.14694105717354 1.78769440599717 1.65170719311573 1.76475044386461 1.1034236564301 0.987091271206737 1.17613258399069 1.06987082748674 1.70821571210399 1.92708339612 1.4426361292135 1.69027354149148 1.72236914606765 1.42964193644002 1.61880708998069 1.48253752593882 1.95779152191244 1.12347208010033 0 1.21074992860667 1.59710123250261 1.94631116138771 1.42811002326198 1.80179444560781 1.87942309980281
1.52239270694554 1.41621138178743 1.0925742930267 1.85083882813342 1.56272580777295 1.11043279664591 1.04708500183187 1.63862348441035 1.94109175913036 1.48361974628642 1.5181720526889 1.30867831944488 1.25143972830847 1.30926134088077 1.90398344374262 1.94880744861439 1.86941161332652 1.13858099561185 1.28662881441414 1.96159085375257 1.89983650995418 1.2986289167311 1.6879686631728 1.21074992860667 0 1.56794876791537 1.30685140006244 0.988231940660626 0.976847235579044 1.08967856201343
1.09554295241833 1.04240133636631 1.1619392959401 1.39853110746481 1.46656839433126 1.04203400202096 1.88843027013354 1.85534777049907 1.0750403595157 1.22922550397925 1.06722161942162 1.6184238162823 1.78513148194179 1.60624144715257 1.30265429918654 1.73444439773448 1.61061361106113 1.17225054046139 0.978420192375779 1.87232173560187 1.19907980575226 0.992024155566469 1.02799855708145 1.59710123250261 1.56794876791537 0 1.14908213261515 1.68651514174417 1.41771333687939 1.73903136979789
1.64507816801779 1.46012024767697 1.71294215763919 0.988407395780087 1.38685189164244 0.97696469258517 1.54321565409191 1.94595033302903 1.44682282488793 1.29863934940659 1.95374133600853 1.4211866420228 1.06497113057412 1.94011756079271 1.34544155211188 1.13378648529761 0.984610236017033 1.75760975736193 1.42566144606099 1.12397735146806 1.51523697376251 1.42525893030688 1.28862598282285 1.94631116138771 1.30685140006244 1.14908213261515 0 1.67865767353214 1.19561852235347 1.42958006425761
1.342585880775 1.80693530058488 1.3820002512075 1.02123481826857 1.76107016927563 1.96057512750849 1.46140935830772 1.29379723151214 1.25863409158774 1.13457533833571 1.34008034621365 1.77870005788282 1.65429010079242 1.9254247948993 1.32175119942985 1.17272586654872 1.44793077441864 1.79820871097036 1.20105970161967 1.43579381424934 1.13410518341698 1.07953573716804 1.74017930030823 1.42811002326198 0.988231940660626 1.68651514174417 1.67865767353214 0 1.6129786958918 1.50349485664628
1.44659516750835 1.31067249295302 1.7203843917232 1.20333864586428 1.18598835146986 1.89186872751452 1.27547640074044 1.81914608436637 1.61660909908824 1.6581872231327 1.24221609439701 1.82177334465086 1.88298998842947 1.68927720934153 1.13407055009156 1.67665122705512 1.17896839021705 1.29157662438229 1.94744650833309 1.7852442113217 1.3618061596062 1.27361490647309 1.59276121435687 1.80179444560781 0.976847235579044 1.41771333687939 1.19561852235347 1.6129786958918 0 1.72015065187588
1.33144260337576 0.999129535630345 1.25804151012562 1.10250705201179 1.71465270360932 1.3872511817608 1.29996505379677 1.42269507213496 1.01052090339363 1.91566418646835 1.6998198707588 1.55202545784414 1.61857136385515 1.16992087336257 1.94770413683727 1.20891514001414 1.79799707047641 1.22600650554523 1.4562543227803 1.35536153637804 1.44995264313184 1.17495500971563 1.00995758851059 1.87942309980281 1.08967856201343 1.73903136979789 1.42958006425761 1.50349485664628 1.72015065187588 0
