0 1.0003713 0.8156059 0.8293787 0.8266641 1.0172604 0.81294054 0.81857854 1.0297868 1.019204 1.0270288 1.0389212 0.9958304 1.0083846 1.0060863 1.0188149 1.0133885 0.9939465 0.9931942 1.01069 1.0003713 1.0461482 0.8272665 1.0465518 0.828171 1.0118452 0.9939465 0.8194727 0.7977235 0.81738806
1.0003713 0 1.0015109 0.9939465 0.97720057 0.93116945 1.005704 0.9853408 0.71212715 0.9349863 0.93672764 0.7098048 0.19693321 0.953297 0.9500957 0.9160936 0.90665525 0.1966732 0.19927737 0.20477574 0.20503858 0.71601385 0.9939465 0.7170537 0.98869646 0.9483231 0.9440858 1.0022715 1.0091523 1.000751
0.8156059 1.0015109 0 0.76429653 0.7483968 0.9687838 0.16076176 0.15828773 1.0289978 0.97609735 0.9768326 1.0325551 0.9977191 0.97499573 0.9706055 0.9831119 0.9768326 1.0011308 1.0030329 1.0011308 1.0022715 1.0297868 0.7587757 1.0297868 0.75493515 0.9939465 0.9901927 0.7609791 0.7574018 0.7459595
0.8293787 0.9939465 0.76429653 0 0.14688952 0.97720057 0.7543881 0.75767636 1.0207624 0.9901927 0.97609735 1.025065 0.9962078 0.98645765 0.9816297 0.99131685 0.9845971 0.98907024 0.98757625 0.9977191 0.99056727 1.0203725 0.5643545 1.0199828 0.56626695 0.9931942 0.9827411 0.34430766 0.3305084 0.33081922
0.8266641 0.97720057 0.7483968 0.14688952 0 0.9783054 0.7368229 0.73575526 1.0172604 0.97170067 0.9637064 1.015322 0.9801504 0.97499573 0.97206604 0.9680563 0.9593815 0.9727974 0.9753628 0.97941184 0.9727974 1.0133885 0.5481887 1.0126165 0.55131066 0.96769285 0.9655158 0.33800378 0.3274073 0.32895625
1.0172604 0.93116945 0.9687838 0.97720057 0.9783054 0 1.0049399 0.9845971 0.953297 0.14409712 0.14506721 0.96479154 0.9287507 0.6073731 0.6046809 0.94373375 0.9391723 0.93255514 0.92909575 0.94373375 0.93777436 0.96190137 0.97024083 0.96298385 0.9943229 0.9565121 0.9479691 0.99357027 0.99734104 1.0133885
0.81294054 1.005704 0.16076176 0.7543881 0.7368229 1.0049399 0 0.109174065 1.0301816 0.9980974 1.001891 1.0317632 0.99847597 1.0053219 0.9958304 0.9838541 0.9738958 1.000751 1.0022715 1.0091523 1.0118452 1.0301816 0.7522039 1.0301816 0.7473126 0.99923354 0.9946995 0.74353015 0.74975425 0.74057156
0.81857854 0.9853408 0.15828773 0.75767636 0.73575526 0.9845971 0.109174065 0 1.015322 0.98125964 0.98645765 1.0238891 0.9808897 0.99357027 0.9853408 0.9808897 0.97170067 0.9838541 0.9845971 0.9894442 0.99169195 1.0199828 0.7511142 1.0188149 0.7535683 0.9943229 0.9898184 0.742453 0.75493515 0.7483968
1.0297868 0.71212715 1.0289978 1.0207624 1.0172604 0.953297 1.0301816 1.015322 0 0.9476152 0.95258445 0.38612524 0.700841 0.95866317 0.95508146 0.88064873 0.8713238 0.70288044 0.6993151 0.70697606 0.7051815 0.076690674 0.98907024 0.077244714 0.99734104 0.9764649 0.96406794 1.0076177 1.0345387 1.0064689
1.019204 0.9349863 0.97609735 0.9901927 0.97170067 0.14409712 0.9980974 0.98125964 0.9476152 0 0.051851805 0.9543672 0.9297863 0.6071484 0.60557723 0.93847305 0.93324894 0.9335961 0.9335961 0.9458484 0.94232726 0.953297 0.9838541 0.95472425 1.0080011 0.9673296 0.9565121 1.0003713 1.0003713 1.0103053
1.0270288 0.93672764 0.9768326 0.97609735 0.9637064 0.14506721 1.001891 0.98645765 0.95258445 0.051851805 0 0.95508146 0.9287507 0.60872287 0.6073731 0.9339434 0.9287507 0.932902 0.9322085 0.94162506 0.9388226 0.9568702 0.9790429 0.9583042 1.0049399 0.9727974 0.9626228 0.99131685 0.9943229 1.0034139
1.0389212 0.7098048 1.0325551 1.025065 1.015322 0.96479154 1.0317632 1.0238891 0.38612524 0.9543672 0.95508146 0 0.7056938 0.97024083 0.9738958 0.903313 0.90031767 0.7023701 0.70033205 0.7005865 0.700841 0.38512188 1.0262426 0.38545617 1.0329514 0.9691478 0.96334505 1.0180373 1.0493827 1.0215429
0.9958304 0.19693321 0.9977191 0.9962078 0.9801504 0.9287507 0.99847597 0.9808897 0.700841 0.9297863 0.9287507 0.7056938 0 0.936379 0.93777436 0.90164745 0.8927168 0.030304061 0.030304061 0.1104475 0.111375004 0.7062064 0.99169195 0.70748955 0.9838541 0.9263396 0.9346385 1.0015109 1.0045581 0.99734104
1.0083846 0.953297 0.97499573 0.98645765 0.97499573 0.6073731 1.0053219 0.99357027 0.95866317 0.6071484 0.60872287 0.97024083 0.936379 0 0.03270273 0.9666036 0.9511613 0.9353342 0.94127417 0.94514287 0.94514287 0.959741 1.0103053 0.95866317 1.0149349 0.990942 0.98348296 0.98794943 1.01146 0.9816297
1.0060863 0.9500957 0.9706055 0.9816297 0.97206604 0.6046809 0.9958304 0.9853408 0.95508146 0.60557723 0.6073731 0.9738958 0.93777436 0.03270273 0 0.9651536 0.95080596 0.9360306 0.94162506 0.94373375 0.9433819 0.959741 1.0030329 0.9583042 1.0049399 0.982 0.97024083 0.98757625 1.0091523 0.982
1.0188149 0.9160936 0.9831119 0.99131685 0.9680563 0.94373375 0.9838541 0.9808897 0.88064873 0.93847305 0.9339434 0.903313 0.90164745 0.9666036 0.9651536 0 0.030824859 0.90031767 0.90164745 0.89766514 0.89304566 0.8907466 0.98051995 0.8910746 0.9831119 0.9651536 0.98051995 0.99169195 0.99923354 0.98869646
1.0133885 0.90665525 0.9768326 0.9845971 0.9593815 0.9391723 0.9738958 0.97170067 0.8713238 0.93324894 0.9287507 0.90031767 0.8927168 0.9511613 0.95080596 0.030824859 0 0.8923881 0.8943626 0.8920595 0.88943595 0.8832416 0.9706055 0.8838912 0.97206604 0.9540103 0.9738958 0.9860852 0.9894442 0.9753628
0.9939465 0.1966732 1.0011308 0.98907024 0.9727974 0.93255514 1.000751 0.9838541 0.70288044 0.9335961 0.932902 0.7023701 0.030304061 0.9353342 0.9360306 0.90031767 0.8923881 0 0.02687584 0.113117166 0.11428086 0.7080034 0.99169195 0.70928967 0.98125964 0.9304776 0.9370764 1.000751 1.005704 0.99734104
0.9931942 0.19927737 1.0030329 0.98757625 0.9753628 0.92909575 1.0022715 0.9845971 0.6993151 0.9335961 0.9322085 0.70033205 0.030304061 0.94127417 0.94162506 0.90164745 0.8943626 0.02687584 0 0.113117166 0.114047974 0.70390224 0.99056727 0.7051815 0.9764649 0.9225665 0.936379 0.9969631 1.0015109 0.99357027
1.01069 0.20477574 1.0011308 0.9977191 0.97941184 0.94373375 1.0091523 0.9894442 0.70697606 0.9458484 0.94162506 0.7005865 0.1104475 0.94514287 0.94373375 0.89766514 0.8920595 0.113117166 0.113117166 0 0.021299606 0.7113522 1.000751 0.7126442 0.99999183 0.94127417 0.9388226 1.002652 1.0110749 1.0022715
1.0003713 0.20503858 1.0022715 0.99056727 0.9727974 0.93777436 1.0118452 0.99169195 0.7051815 0.94232726 0.9388226 0.700841 0.111375004 0.94514287 0.9433819 0.89304566 0.88943595 0.11428086 0.114047974 0.021299606 0 0.7113522 1.0030329 0.7126442 0.9977191 0.932902 0.9297863 0.99999183 1.0068517 0.9980974
1.0461482 0.71601385 1.0297868 1.0203725 1.0133885 0.96190137 1.0301816 1.0199828 0.076690674 0.953297 0.9568702 0.38512188 0.7062064 0.959741 0.959741 0.8907466 0.8832416 0.7080034 0.70390224 0.7113522 0.7113522 0 0.9924427 0.001501502 1.001891 0.9783054 0.9695119 1.0137748 1.0353336 1.0099207
0.8272665 0.9939465 0.7587757 0.5643545 0.5481887 0.97024083 0.7522039 0.7511142 0.98907024 0.9838541 0.9790429 1.0262426 0.99169195 1.0103053 1.0030329 0.98051995 0.9706055 0.99169195 0.99056727 1.000751 1.0030329 0.9924427 0 0.990942 0.31925085 0.99961257 1.0110749 0.55381763 0.549644 0.55256313
1.0465518 0.7170537 1.0297868 1.0199828 1.0126165 0.96298385 1.0301816 1.0188149 0.077244714 0.95472425 0.9583042 0.38545617 0.70748955 0.95866317 0.9583042 0.8910746 0.8838912 0.70928967 0.7051815 0.7126442 0.7126442 0.001501502 0.990942 0 1.001891 0.9790429 0.9698763 1.014548 1.0345387 1.0095364
0.828171 0.98869646 0.75493515 0.56626695 0.55131066 0.9943229 0.7473126 0.7535683 0.99734104 1.0080011 1.0049399 1.0329514 0.9838541 1.0149349 1.0049399 0.9831119 0.97206604 0.98125964 0.9764649 0.99999183 0.9977191 1.001891 0.31925085 1.001891 0 0.9950763 0.9969631 0.5483964 0.54177755 0.5413658
1.0118452 0.9483231 0.9939465 0.9931942 0.96769285 0.9565121 0.99923354 0.9943229 0.9764649 0.9673296 0.9727974 0.9691478 0.9263396 0.990942 0.982 0.9651536 0.9540103 0.9304776 0.9225665 0.94127417 0.932902 0.9783054 0.99961257 0.9790429 0.9950763 0 0.31955704 0.9946995 1.0126165 1.0118452
0.9939465 0.9440858 0.9901927 0.9827411 0.9655158 0.9479691 0.9946995 0.9898184 0.96406794 0.9565121 0.9626228 0.96334505 0.9346385 0.98348296 0.97024083 0.98051995 0.9738958 0.9370764 0.936379 0.9388226 0.9297863 0.9695119 1.0110749 0.9698763 0.9969631 0.31955704 0 0.9924427 0.99131685 1.0037951
0.8194727 1.0022715 0.7609791 0.34430766 0.33800378 0.99357027 0.74353015 0.742453 1.0076177 1.0003713 0.99131685 1.0180373 1.0015109 0.98794943 0.98757625 0.99169195 0.9860852 1.000751 0.9969631 1.002652 0.99999183 1.0137748 0.55381763 1.014548 0.5483964 0.9946995 0.9924427 0 0.24762909 0.24374379
0.7977235 1.0091523 0.7574018 0.3305084 0.3274073 0.99734104 0.74975425 0.75493515 1.0345387 1.0003713 0.9943229 1.0493827 1.0045581 1.01146 1.0091523 0.99923354 0.9894442 1.005704 1.0015109 1.0110749 1.0068517 1.0353336 0.549644 1.0345387 0.54177755 1.0126165 0.99131685 0.24762909 0 0.23466444
0.81738806 1.000751 0.7459595 0.33081922 0.32895625 1.0133885 0.74057156 0.7483968 1.0064689 1.0103053 1.0034139 1.0215429 0.99734104 0.9816297 0.982 0.98869646 0.9753628 0.99734104 0.99357027 1.0022715 0.9980974 1.0099207 0.55256313 1.0095364 0.5413658 1.0118452 1.0037951 0.24374379 0.23466444 0
