0 0.9513973302 0.9642916802 0.9770439802 0.9450324302 0.4347398502 0.4318921802 0.9524635002 0.9510423302 0.6237608302 0.9945169002 0.9538872702 0.9885228802 0.9885228802 0.9900168702 0.6139597302 0.6157734902 0.9870318302 0.9862874302 0.9741100002 0.9737440302 0.9907650302 0.9744760902 0.9945169002 0.9911393302 0.9650145702 0.9763094302 0.4424469102 0.9763094302 0.9770439802
0.9513973302 0 0.4172910302 0.4230623102 0.1449225702 0.9650145702 0.9549569302 0.1474713302 0.1451649402 0.9766766302 0.4742804702 0.3147074302 0.4714662002 0.4705304702 0.4679165702 0.9679131302 0.9730126702 0.4505982002 0.4502340102 0.4699695902 0.4688490502 0.4662410302 0.7515165702 0.4673576302 0.7691320302 0.7482592302 0.7558817802 0.9755755302 0.4694091002 0.4697827002
0.9642916802 0.4172910302 0 0.1035563542 0.4192098602 0.9737440302 0.9682762302 0.4235891902 0.4225358302 0.9926385802 0.4845001602 0.4313594602 0.4805092702 0.4797515302 0.4776715802 0.9799895302 0.9877769802 0.4718408502 0.4695959002 0.4808884502 0.4808884502 0.4780493302 0.7622016302 0.4788053802 0.7903159302 0.7750034802 0.7744423302 0.9759423602 0.4805092702 0.4759741002
0.9770439802 0.4230623102 0.1035563542 0 0.4199088302 0.9766766302 0.9708229302 0.4239406502 0.4186860802 0.9945169002 0.4801303002 0.4290552902 0.4759741002 0.4750327302 0.4776715802 0.9788835302 0.9870318302 0.4682894302 0.4671714302 0.4795621802 0.4795621802 0.4776715802 0.7641357302 0.4789945102 0.7888848702 0.7702468302 0.7744423302 0.9766766302 0.4788053802 0.4742804702
0.9450324302 0.1449225702 0.4192098602 0.4199088302 0 0.9450324302 0.9415195302 0.0899216802 0.0880099902 0.9682762302 0.4703434602 0.3179050902 0.4684759302 0.4656833302 0.4630862302 0.9596098002 0.9650145702 0.4544326602 0.4535179002 0.4682894302 0.4675438902 0.4625308702 0.7627537302 0.4629010702 0.7736013302 0.7528779302 0.7526054902 0.9639304802 0.4634567102 0.4634567102
0.4347398502 0.9650145702 0.9737440302 0.9766766302 0.9450324302 0 0.0899216802 0.9492697302 0.9415195302 0.6146393902 0.9682762302 0.9599689302 0.9592508302 0.9614070302 0.9726473002 0.6049560302 0.6078703902 0.9730126702 0.9748424302 0.9664624302 0.9650145702 0.9741100002 0.9621271302 0.9759423602 0.9848007302 0.9664624302 0.9759423602 0.2209870402 0.9671874302 0.9711874602
0.4318921802 0.9549569302 0.9682762302 0.9708229302 0.9415195302 0.0899216802 0 0.9376742702 0.9307329302 0.6139597302 0.9560280902 0.9471480702 0.9506874302 0.9524635002 0.9646530302 0.6040615302 0.6069724302 0.9661002302 0.9679131302 0.9521079302 0.9513973302 0.9639304802 0.9560280902 0.9661002302 0.9737440302 0.9578168302 0.9700944302 0.2189782902 0.9510423302 0.9635694302
0.9524635002 0.1474713302 0.4235891902 0.4239406502 0.0899216802 0.9492697302 0.9376742702 0 0.0816355402 0.9635694302 0.4761625302 0.3185157102 0.4729658302 0.4714662002 0.4682894302 0.9485618302 0.9542436302 0.4581028302 0.4573673502 0.4716535102 0.4712789502 0.4669852302 0.7630299302 0.4679165702 0.7780973802 0.7605478702 0.7638591302 0.9671874302 0.4694091002 0.4729658302
0.9510423302 0.1451649402 0.4225358302 0.4186860802 0.0880099902 0.9415195302 0.9307329302 0.0816355402 0 0.9679131302 0.4767280702 0.3169900702 0.4752209102 0.4725906302 0.4658691802 0.9592508302 0.9635694302 0.4575511302 0.4568162302 0.4710917702 0.4705304702 0.4651260602 0.7526054902 0.4658691802 0.7682970302 0.7531505302 0.7507008802 0.9578168302 0.4681029802 0.4712789502
0.6237608302 0.9766766302 0.9926385802 0.9945169002 0.9682762302 0.6146393902 0.6139597302 0.9635694302 0.9679131302 0 1.0197615302 0.9730126702 1.0085643302 1.0028376302 0.9825763302 0.0665325042 0.0670784002 0.9892694802 0.9885228802 0.9862874302 0.9848007302 0.9825763302 0.9785153302 0.9848007302 0.9810970302 0.9744760902 0.9862874302 0.6141862302 1.0028376302 0.9979097302
0.9945169002 0.4742804702 0.4845001602 0.4801303002 0.4703434602 0.9682762302 0.9560280902 0.4761625302 0.4767280702 1.0197615302 0 0.4862170702 0.0476724002 0.0455468502 0.3171425102 1.0085643302 1.0127918302 0.4841191702 0.4843096302 0.3188212102 0.3179050902 0.3171425102 0.7674629002 0.3175999302 0.7900294302 0.7685752302 0.7694106002 0.9711874602 0.2399994602 0.2360214002
0.9538872702 0.3147074302 0.4313594602 0.4290552902 0.3179050902 0.9599689302 0.9471480702 0.3185157102 0.3169900702 0.9730126702 0.4862170702 0 0.4845001602 0.4825971002 0.4799408802 0.9617670302 0.9635694302 0.4612366702 0.4606826802 0.4795621802 0.4789945102 0.4782382702 0.7399093302 0.4795621802 0.7680188902 0.7442073302 0.7545149302 0.9697304302 0.4772940502 0.4759741002
0.9885228802 0.4714662002 0.4805092702 0.4759741002 0.4684759302 0.9592508302 0.9506874302 0.4729658302 0.4752209102 1.0085643302 0.0476724002 0.4845001602 0 0.0192686152 0.3153154302 0.9975320002 1.0032181302 0.4831675302 0.4839287302 0.3179050902 0.3171425102 0.3148593802 0.7691320302 0.3153154302 0.7883132002 0.7719222302 0.7666297302 0.9639304802 0.2373907602 0.2349277002
0.9885228802 0.4705304702 0.4797515302 0.4750327302 0.4656833302 0.9614070302 0.9524635002 0.4714662002 0.4725906302 1.0028376302 0.0455468502 0.4825971002 0.0192686152 0 0.3147074302 0.9933893302 0.9982876702 0.4814575502 0.4820271002 0.3169900702 0.3162284102 0.3140999002 0.7705258302 0.3147074302 0.7871712302 0.7691320302 0.7674629002 0.9617670302 0.2368427102 0.2335628302
0.9900168702 0.4679165702 0.4776715802 0.4776715802 0.4630862302 0.9726473002 0.9646530302 0.4682894302 0.4658691802 0.9825763302 0.3171425102 0.4799408802 0.3153154302 0.3147074302 0 0.9730126702 0.9766766302 0.4733412302 0.4727782302 0.2086186302 0.2075641502 0.0120280952 0.7531505302 0.0126372732 0.7710840302 0.7564292302 0.7575253302 0.9719170302 0.3144036102 0.3148593802
0.6139597302 0.9679131302 0.9799895302 0.9788835302 0.9596098002 0.6049560302 0.6040615302 0.9485618302 0.9592508302 0.0665325042 1.0085643302 0.9617670302 0.9975320002 0.9933893302 0.9730126702 0 0.0119266122 0.9829466302 0.9822062702 0.9719170302 0.9708229302 0.9722820302 0.9675502302 0.9741100002 0.9777792302 0.9650145702 0.9844295902 0.6011619302 0.9896430902 0.9859154702
0.6157734902 0.9730126702 0.9877769802 0.9870318302 0.9650145702 0.6078703902 0.6069724302 0.9542436302 0.9635694302 0.0670784002 1.0127918302 0.9635694302 1.0032181302 0.9982876702 0.9766766302 0.0119266122 0 0.9870318302 0.9862874302 0.9777792302 0.9770439802 0.9763094302 0.9715521302 0.9777792302 0.9781472002 0.9675502302 0.9874042802 0.6029449302 0.9937649902 0.9911393302
0.9870318302 0.4505982002 0.4718408502 0.4682894302 0.4544326602 0.9730126702 0.9661002302 0.4581028302 0.4575511302 0.9892694802 0.4841191702 0.4612366702 0.4831675302 0.4814575502 0.4733412302 0.9829466302 0.9870318302 0 0.00858539899999997 0.4829773302 0.4822170602 0.4724031302 0.7766894302 0.4735289702 0.7926112302 0.7834717302 0.7795079802 0.9926385802 0.4824070502 0.4816473602
0.9862874302 0.4502340102 0.4695959002 0.4671714302 0.4535179002 0.9748424302 0.9679131302 0.4573673502 0.4568162302 0.9885228802 0.4843096302 0.4606826802 0.4839287302 0.4820271002 0.4727782302 0.9822062702 0.9862874302 0.00858539899999997 0 0.4825971002 0.4820271002 0.4718408502 0.7778156302 0.4725906302 0.7926112302 0.7831879302 0.7786613002 0.9911393302 0.4822170602 0.4814575502
0.9741100002 0.4699695902 0.4808884502 0.4795621802 0.4682894302 0.9664624302 0.9521079302 0.4716535102 0.4710917702 0.9862874302 0.3188212102 0.4795621802 0.3179050902 0.3169900702 0.2086186302 0.9719170302 0.9777792302 0.4829773302 0.4825971002 0 0.00395264629999996 0.2087505502 0.7591724902 0.2090144502 0.7797903902 0.7602725302 0.7649661302 0.9679131302 0.3157718102 0.3144036102
0.9737440302 0.4688490502 0.4808884502 0.4795621802 0.4675438902 0.9650145702 0.9513973302 0.4712789502 0.4705304702 0.9848007302 0.3179050902 0.4789945102 0.3171425102 0.3162284102 0.2075641502 0.9708229302 0.9770439802 0.4822170602 0.4820271002 0.00395264629999996 0 0.2075641502 0.7569770702 0.2078276302 0.7786613002 0.7577996302 0.7635826302 0.9661002302 0.3147074302 0.3131895302
0.9907650302 0.4662410302 0.4780493302 0.4776715802 0.4625308702 0.9741100002 0.9639304802 0.4669852302 0.4651260602 0.9825763302 0.3171425102 0.4782382702 0.3148593802 0.3140999002 0.0120280952 0.9722820302 0.9763094302 0.4724031302 0.4718408502 0.2087505502 0.2075641502 0 0.7539688802 0.00375186999999996 0.7677408302 0.7575253302 0.7558817802 0.9704585302 0.3136445802 0.3153154302
0.9744760902 0.7515165702 0.7622016302 0.7641357302 0.7627537302 0.9621271302 0.9560280902 0.7630299302 0.7526054902 0.9785153302 0.7674629002 0.7399093302 0.7691320302 0.7705258302 0.7531505302 0.9675502302 0.9715521302 0.7766894302 0.7778156302 0.7591724902 0.7569770702 0.7539688802 0 0.7553347302 0.3200444502 0.3772634502 0.3779244002 0.9885228802 0.7713633702 0.7727612702
0.9945169002 0.4673576302 0.4788053802 0.4789945102 0.4629010702 0.9759423602 0.9661002302 0.4679165702 0.4658691802 0.9848007302 0.3175999302 0.4795621802 0.3153154302 0.3147074302 0.0126372732 0.9741100002 0.9777792302 0.4735289702 0.4725906302 0.2090144502 0.2078276302 0.00375186999999996 0.7553347302 0 0.7691320302 0.7567031302 0.7572511302 0.9715521302 0.3151633902 0.3157718102
0.9911393302 0.7691320302 0.7903159302 0.7888848702 0.7736013302 0.9848007302 0.9737440302 0.7780973802 0.7682970302 0.9810970302 0.7900294302 0.7680188902 0.7883132002 0.7871712302 0.7710840302 0.9777792302 0.9781472002 0.7926112302 0.7926112302 0.7797903902 0.7786613002 0.7677408302 0.3200444502 0.7691320302 0 0.3900899802 0.3822347302 1.0158815302 0.7851769302 0.7908890702
0.9650145702 0.7482592302 0.7750034802 0.7702468302 0.7528779302 0.9664624302 0.9578168302 0.7605478702 0.7531505302 0.9744760902 0.7685752302 0.7442073302 0.7719222302 0.7691320302 0.7564292302 0.9650145702 0.9675502302 0.7834717302 0.7831879302 0.7602725302 0.7577996302 0.7575253302 0.3772634502 0.7567031302 0.3900899802 0 0.2231356502 0.9960229302 0.7696892302 0.7674629002
0.9763094302 0.7558817802 0.7744423302 0.7744423302 0.7526054902 0.9759423602 0.9700944302 0.7638591302 0.7507008802 0.9862874302 0.7694106002 0.7545149302 0.7666297302 0.7674629002 0.7575253302 0.9844295902 0.9874042802 0.7795079802 0.7786613002 0.7649661302 0.7635826302 0.7558817802 0.3779244002 0.7572511302 0.3822347302 0.2231356502 0 1.0151078302 0.7730411802 0.7669073302
0.4424469102 0.9755755302 0.9759423602 0.9766766302 0.9639304802 0.2209870402 0.2189782902 0.9671874302 0.9578168302 0.6141862302 0.9711874602 0.9697304302 0.9639304802 0.9617670302 0.9719170302 0.6011619302 0.6029449302 0.9926385802 0.9911393302 0.9679131302 0.9661002302 0.9704585302 0.9885228802 0.9715521302 1.0158815302 0.9960229302 1.0151078302 0 0.9642916802 0.9571008002
0.9763094302 0.4694091002 0.4805092702 0.4788053802 0.4634567102 0.9671874302 0.9510423302 0.4694091002 0.4681029802 1.0028376302 0.2399994602 0.4772940502 0.2373907602 0.2368427102 0.3144036102 0.9896430902 0.9937649902 0.4824070502 0.4822170602 0.3157718102 0.3147074302 0.3136445802 0.7713633702 0.3151633902 0.7851769302 0.7696892302 0.7730411802 0.9642916802 0 0.1888326902
0.9770439802 0.4697827002 0.4759741002 0.4742804702 0.4634567102 0.9711874602 0.9635694302 0.4729658302 0.4712789502 0.9979097302 0.2360214002 0.4759741002 0.2349277002 0.2335628302 0.3148593802 0.9859154702 0.9911393302 0.4816473602 0.4814575502 0.3144036102 0.3131895302 0.3153154302 0.7727612702 0.3157718102 0.7908890702 0.7674629002 0.7669073302 0.9571008002 0.1888326902 0
