0 1.0149349 0.9872032 0.97867405 0.96226203 0.96841997 0.97170067 1.0199828 0.99056727 1.0011308 0.99169195 0.9249654 0.9738958 0.9783054 0.9768326 0.97499573 0.97352946 1.0188149 1.0149349 0.9651536 0.96406794 0.9518725 0.99847597 0.9479691 0.70007765 0.700841 0.9808897 0.9831119 0.99847597 1.018426
1.0149349 0 0.9391723 0.9536536 0.93812364 0.92771643 0.9433819 0.5067752 0.496818 0.95151687 0.95508146 1.0203725 0.94479036 0.9395222 0.94479036 1.0234975 1.0164845 0.52487713 0.52628785 0.9405729 0.9500957 1.0231062 0.9476152 1.0266355 1.0126165 1.0211525 1.0091523 0.9465546 0.38931137 0.282804
0.9872032 0.9391723 0 0.27281064 0.31512955 0.30785823 0.66796726 0.9229087 0.92840576 0.6775309 0.6740837 0.9950763 0.67975533 0.3288012 0.32570714 0.9658782 0.9669665 0.90799636 0.90933985 0.66383636 0.66383636 0.99999183 0.4461991 1.0083846 1.000751 1.0064689 0.96190137 0.68000287 0.94232726 0.91473794
0.97867405 0.9536536 0.27281064 0 0.3166533 0.31345698 0.6667499 0.94620144 0.9388226 0.67432946 0.6740837 1.0015109 0.6785187 0.3215503 0.31848595 0.9924427 0.99658537 0.92359364 0.9225665 0.6640787 0.65972805 1.015322 0.44276246 1.0199828 0.9827411 1.001891 0.9816297 0.6827315 0.94903165 0.928061
0.96226203 0.93812364 0.31512955 0.3166533 0 0.2548985 0.6682109 0.93847305 0.9287507 0.66335183 0.67114156 0.990942 0.6772841 0.32462722 0.3215503 0.9801504 0.98125964 0.92017525 0.9225665 0.6689425 0.6677236 1.000751 0.44276246 1.0091523 0.98237044 0.9958304 0.9666036 0.680994 0.9402225 0.93116945
0.96841997 0.92771643 0.30785823 0.31345698 0.2548985 0 0.6667499 0.9225665 0.91915274 0.66650665 0.66918653 0.98907024 0.66553456 0.3237028 0.32277957 0.9698763 0.97024083 0.9287507 0.932902 0.6568416 0.6558819 0.9939465 0.44204095 0.9946995 0.98496884 1.0076177 0.9430302 0.67975533 0.93812364 0.9225665
0.97170067 0.9433819 0.66796726 0.6667499 0.6682109 0.6667499 0 0.9554389 0.94092345 0.34573337 0.34020412 0.9680563 0.21416326 0.6619002 0.6631097 0.9753628 0.9673296 0.92085767 0.9287507 0.2085959 0.20872797 1.0172604 0.67163116 1.0234975 0.9615409 0.9746289 0.97206604 0.40168035 0.9137229 0.9263396
1.0199828 0.5067752 0.9229087 0.94620144 0.93847305 0.9225665 0.9554389 0 0.17300387 0.9593815 0.95294064 1.0049399 0.96190137 0.93151563 0.93568236 1.01069 1.0060863 0.520861 0.5184617 0.9395222 0.9518725 1.033348 0.9626228 1.0401208 1.0011308 1.0103053 0.9962078 0.95508146 0.502073 0.5089403
0.99056727 0.496818 0.92840576 0.9388226 0.9287507 0.91915274 0.94092345 0.17300387 0 0.96010065 0.9511613 0.9980974 0.9465546 0.92017525 0.92462224 1.0034139 1.0003713 0.5264896 0.52709514 0.9374253 0.9430302 1.019204 0.9590223 1.0293922 0.9816297 0.9783054 1.0011308 0.93812364 0.49623638 0.50422454
1.0011308 0.95151687 0.6775309 0.67432946 0.66335183 0.66650665 0.34573337 0.9593815 0.96010065 0 0.1656097 0.97243166 0.34462425 0.66359407 0.67432946 0.9920673 0.9860852 0.92359364 0.9297863 0.335497 0.33659267 1.0234975 0.6834774 1.0325551 0.97499573 0.98496884 0.9816297 0.4087178 0.946908 0.93987226
0.99169195 0.95508146 0.6740837 0.6740837 0.67114156 0.66918653 0.34020412 0.95294064 0.9511613 0.1656097 0 0.9691478 0.34020412 0.66480625 0.66748005 0.982 0.9808897 0.9253087 0.9402225 0.33299854 0.33299854 1.0137748 0.6795078 1.0219333 0.9764649 0.99131685 0.9783054 0.40270612 0.9483231 0.95258445
0.9249654 1.0203725 0.9950763 1.0015109 0.990942 0.98907024 0.9680563 1.0049399 0.9980974 0.97243166 0.9691478 0 0.9783054 1.0099207 1.0080011 0.9540103 0.9593815 1.0141612 1.0164845 0.9666036 0.9713354 0.4943009 1.0076177 0.49778837 0.92017525 0.9287507 0.9768326 0.9706055 1.0203725 1.0060863
0.9738958 0.94479036 0.67975533 0.6785187 0.6772841 0.66553456 0.21416326 0.96190137 0.9465546 0.34462425 0.34020412 0.9783054 0 0.6626257 0.66602045 0.9950763 0.9924427 0.9440858 0.9472615 0.0955342 0.0966709 1.0091523 0.67926043 1.0122308 0.96769285 0.9977191 0.9831119 0.40168035 0.92393637 0.9225665
0.9783054 0.9395222 0.3288012 0.3215503 0.32462722 0.3237028 0.6619002 0.93151563 0.92017525 0.66359407 0.66480625 1.0099207 0.6626257 0 0.094966486 0.9827411 0.97867405 0.9253087 0.9263396 0.6590054 0.65660155 1.0022715 0.4454743 1.0068517 0.98125964 1.0045581 0.9615409 0.67285645 0.927372 0.91949344
0.9768326 0.94479036 0.32570714 0.31848595 0.3215503 0.32277957 0.6631097 0.93568236 0.92462224 0.67432946 0.66748005 1.0080011 0.66602045 0.094966486 0 0.97426224 0.96769285 0.91813165 0.91949344 0.6611755 0.6590054 1.0034139 0.44204095 1.0041765 0.99281836 1.01069 0.9673296 0.6775309 0.927372 0.91779155
0.97499573 1.0234975 0.9658782 0.9924427 0.9801504 0.9698763 0.9753628 1.01069 1.0034139 0.9920673 0.982 0.9540103 0.9950763 0.9827411 0.97426224 0 0.06036544 1.0045581 1.002652 0.97573 0.97206604 0.98832285 0.9738958 0.9872032 0.9808897 0.99999183 0.40630734 0.9845971 0.9969631 1.001891
0.97352946 1.0164845 0.9669665 0.99658537 0.98125964 0.97024083 0.9673296 1.0060863 1.0003713 0.9860852 0.9808897 0.9593815 0.9924427 0.97867405 0.96769285 0.06036544 0 1.0068517 1.0041765 0.97867405 0.9779369 0.98496884 0.97206604 0.9842255 0.9860852 1.0060863 0.4039046 0.98869646 0.990942 0.99734104
1.0188149 0.52487713 0.90799636 0.92359364 0.92017525 0.9287507 0.92085767 0.520861 0.5264896 0.92359364 0.9253087 1.0141612 0.9440858 0.9253087 0.91813165 1.0045581 1.0068517 0 0.04875064 0.93324894 0.9360306 1.0083846 0.94514287 1.014548 1.0223241 1.0122308 0.99169195 0.9483231 0.5170656 0.51646805
1.0149349 0.52628785 0.90933985 0.9225665 0.9225665 0.932902 0.9287507 0.5184617 0.52709514 0.9297863 0.9402225 1.0164845 0.9472615 0.9263396 0.91949344 1.002652 1.0041765 0.04875064 0 0.936379 0.93847305 1.0180373 0.9440858 1.0246727 1.019204 1.005704 0.99658537 0.95508146 0.5152744 0.51447976
0.9651536 0.9405729 0.66383636 0.6640787 0.6689425 0.6568416 0.2085959 0.9395222 0.9374253 0.335497 0.33299854 0.9666036 0.0955342 0.6590054 0.6611755 0.97573 0.97867405 0.93324894 0.936379 0 0.028951678 1.0015109 0.67114156 1.0072346 0.96406794 0.9939465 0.9698763 0.39946267 0.91983426 0.9106857
0.96406794 0.9500957 0.66383636 0.65972805 0.6677236 0.6558819 0.20872797 0.9518725 0.9430302 0.33659267 0.33299854 0.9713354 0.0966709 0.65660155 0.6590054 0.97206604 0.9779369 0.9360306 0.93847305 0.028951678 0 1.0126165 0.6723661 1.0176488 0.9764649 0.9939465 0.97499573 0.39861146 0.9218825 0.92119914
0.9518725 1.0231062 0.99999183 1.015322 1.000751 0.9939465 1.0172604 1.033348 1.019204 1.0234975 1.0137748 0.4943009 1.0091523 1.0022715 1.0034139 0.98832285 0.98496884 1.0083846 1.0180373 1.0015109 1.0126165 0 1.0234975 0.02408254 0.93777436 0.9342909 1.0045581 1.0211525 1.0254573 1.0041765
0.99847597 0.9476152 0.4461991 0.44276246 0.44276246 0.44204095 0.67163116 0.9626228 0.9590223 0.6834774 0.6795078 1.0076177 0.67926043 0.4454743 0.44204095 0.9738958 0.97206604 0.94514287 0.9440858 0.67114156 0.6723661 1.0234975 0 1.0258498 1.000751 1.0297868 0.9838541 0.68173814 0.9458484 0.9497408
0.9479691 1.0266355 1.0083846 1.0199828 1.0091523 0.9946995 1.0234975 1.0401208 1.0293922 1.0325551 1.0219333 0.49778837 1.0122308 1.0068517 1.0041765 0.9872032 0.9842255 1.014548 1.0246727 1.0072346 1.0176488 0.02408254 1.0258498 0 0.9405729 0.9349863 1.0064689 1.0223241 1.0313674 1.0095364
0.70007765 1.0126165 1.000751 0.9827411 0.98237044 0.98496884 0.9615409 1.0011308 0.9816297 0.97499573 0.9764649 0.92017525 0.96769285 0.98125964 0.99281836 0.9808897 0.9860852 1.0223241 1.019204 0.96406794 0.9764649 0.93777436 1.000751 0.9405729 0 0.4180886 0.9860852 0.9860852 0.9753628 0.99847597
0.700841 1.0211525 1.0064689 1.001891 0.9958304 1.0076177 0.9746289 1.0103053 0.9783054 0.98496884 0.99131685 0.9287507 0.9977191 1.0045581 1.01069 0.99999183 1.0060863 1.0122308 1.005704 0.9939465 0.9939465 0.9342909 1.0297868 0.9349863 0.4180886 0 0.9827411 1.0083846 0.98907024 1.0037951
0.9808897 1.0091523 0.96190137 0.9816297 0.9666036 0.9430302 0.97206604 0.9962078 1.0011308 0.9816297 0.9783054 0.9768326 0.9831119 0.9615409 0.9673296 0.40630734 0.4039046 0.99169195 0.99658537 0.9698763 0.97499573 1.0045581 0.9838541 1.0064689 0.9860852 0.9827411 0 0.97316337 1.0053219 0.98757625
0.9831119 0.9465546 0.68000287 0.6827315 0.680994 0.67975533 0.40168035 0.95508146 0.93812364 0.4087178 0.40270612 0.9706055 0.40168035 0.67285645 0.6775309 0.9845971 0.98869646 0.9483231 0.95508146 0.39946267 0.39861146 1.0211525 0.68173814 1.0223241 0.9860852 1.0083846 0.97316337 0 0.93672764 0.9476152
0.99847597 0.38931137 0.94232726 0.94903165 0.9402225 0.93812364 0.9137229 0.502073 0.49623638 0.946908 0.9483231 1.0203725 0.92393637 0.927372 0.927372 0.9969631 0.990942 0.5170656 0.5152744 0.91983426 0.9218825 1.0254573 0.9458484 1.0313674 0.9753628 0.98907024 1.0053219 0.93672764 0 0.39878163
1.018426 0.282804 0.91473794 0.928061 0.93116945 0.9225665 0.9263396 0.5089403 0.50422454 0.93987226 0.95258445 1.0060863 0.9225665 0.91949344 0.91779155 1.001891 0.99734104 0.51646805 0.51447976 0.9106857 0.92119914 1.0041765 0.9497408 1.0095364 0.99847597 1.0037951 0.98757625 0.9476152 0.39878163 0
