0 0.7502979 0.86749893 1.0141612 1.0053219 0.75767636 0.76540554 0.96479154 0.9808897 0.73522204 0.74921095 0.6967787 0.75302225 0.8738847 0.87420535 0.74677104 0.7532952 0.7475835 0.74650043 0.761531 0.7667942 0.75520885 1.0022715 0.75493515 0.87484723 0.74433905 0.98757625 0.9901927 0.9857129 1.000751
0.7502979 0 0.85114604 1.0037951 1.005704 0.74704176 0.74921095 0.98683035 0.9920673 0.47389796 0.47956264 0.7408401 0.31711105 0.84928197 0.84587634 0.7325615 0.7448788 0.21363124 0.21389721 0.7473126 0.7494826 0.3213968 0.98051995 0.3215503 0.86749893 0.73842716 0.99131685 0.98907024 0.9969631 1.0049399
0.86749893 0.85114604 0 0.9680563 0.95258445 0.86654574 0.86654574 0.9615409 0.9687838 0.85270303 0.847732 0.8605368 0.8486616 0.16423915 0.15952373 0.8592779 0.86718106 0.8517685 0.847732 0.87356406 0.8716434 0.8461853 0.9727974 0.84525883 0.43254602 0.8774201 0.9543672 0.959741 0.9500957 0.96479154
1.0141612 1.0037951 0.9680563 0 0.14421831 0.9857129 0.97024083 0.7167936 0.72463614 0.99923354 0.98907024 0.97720057 0.99357027 0.97720057 0.96298385 0.96406794 0.9644296 0.99885464 0.9939465 0.97243166 0.9768326 0.9969631 0.71083605 0.99961257 0.98832285 0.9872032 0.70903224 0.4200119 0.42917123 0.43005788
1.0053219 1.005704 0.95258445 0.14421831 0 0.97867405 0.9698763 0.7241107 0.72991043 1.0015109 0.98832285 0.98125964 0.99999183 0.9746289 0.96479154 0.9746289 0.9768326 1.0080011 1.0072346 0.97352946 0.97609735 0.99734104 0.7152349 0.9969631 0.9706055 0.9842255 0.7126442 0.41739044 0.4215892 0.42264256
0.75767636 0.74704176 0.86654574 0.9857129 0.97867405 0 0.114979945 0.98869646 0.9827411 0.74677104 0.73815954 0.74921095 0.756853 0.85896355 0.85833514 0.69956917 0.7110941 0.7481256 0.74704176 0.520861 0.52487713 0.7587757 0.98757625 0.7585007 0.8678169 0.49256322 0.9673296 0.98683035 0.97609735 0.9853408
0.76540554 0.74921095 0.86654574 0.97024083 0.9698763 0.114979945 0 0.97499573 0.97499573 0.7519313 0.74406934 0.75002605 0.7598766 0.85645306 0.85582674 0.6937464 0.70160514 0.75767636 0.75466156 0.5136859 0.5166672 0.76374257 0.9842255 0.76374257 0.86591095 0.48660854 0.96406794 0.98496884 0.9738958 0.9842255
0.96479154 0.98683035 0.9615409 0.7167936 0.7241107 0.98869646 0.97499573 0 0.11661368 0.9924427 0.99281836 0.9753628 0.9939465 0.9644296 0.9557965 0.9691478 0.97978103 0.9857129 0.9831119 0.97024083 0.9808897 0.9962078 0.46902296 0.9962078 0.96010065 1.0015109 0.2967846 0.71186876 0.7222747 0.72384816
0.9808897 0.9920673 0.9687838 0.72463614 0.72991043 0.9827411 0.97499573 0.11661368 0 1.0091523 1.0095364 0.99056727 1.0083846 0.97499573 0.9655158 0.982 0.9946995 0.99169195 0.9977191 0.9557965 0.96334505 1.001891 0.471269 1.0003713 0.96010065 0.98757625 0.29976138 0.7152349 0.72463614 0.72568804
0.73522204 0.47389796 0.85270303 0.99923354 1.0015109 0.74677104 0.7519313 0.9924427 1.0091523 0 0.07536265 0.73575526 0.487949 0.86813504 0.8599071 0.72384816 0.72991043 0.48032117 0.4822209 0.7618071 0.76457363 0.49006033 0.9969631 0.48833245 0.864643 0.7587757 0.9962078 1.0053219 0.9831119 1.0064689
0.74921095 0.47956264 0.847732 0.98907024 0.98832285 0.73815954 0.74406934 0.99281836 1.0095364 0.07536265 0 0.7325615 0.49006033 0.8602219 0.8545757 0.72148925 0.72885257 0.48679987 0.48890796 0.75603044 0.7590508 0.49006033 1.0022715 0.4881407 0.8608519 0.75822586 0.9931942 1.002652 0.9764649 1.0034139
0.6967787 0.7408401 0.8605368 0.97720057 0.98125964 0.74921095 0.75002605 0.9753628 0.99056727 0.73575526 0.7325615 0 0.7535683 0.8678169 0.85613984 0.74030316 0.74921095 0.73575526 0.7333587 0.7524766 0.75767636 0.75466156 1.000751 0.7519313 0.8474224 0.7459595 0.9842255 0.9637064 0.97024083 0.9842255
0.75302225 0.31711105 0.8486616 0.99357027 0.99999183 0.756853 0.7598766 0.9939465 1.0083846 0.487949 0.49006033 0.7535683 0 0.84495026 0.84033674 0.72832423 0.7346892 0.31680587 0.31604344 0.7585007 0.7620833 0.0693058 0.990942 0.06919613 0.86148244 0.7695792 0.9950763 0.9872032 0.9958304 0.99885464
0.8738847 0.84928197 0.16423915 0.97720057 0.9746289 0.85896355 0.85645306 0.9644296 0.97499573 0.86813504 0.8602219 0.8678169 0.84495026 0 0.053783137 0.85770726 0.8605368 0.85363877 0.847732 0.8716434 0.8722831 0.8480418 0.9842255 0.84711295 0.43059036 0.86972773 0.95866317 0.9611805 0.94232726 0.9662408
0.87420535 0.84587634 0.15952373 0.96298385 0.96479154 0.85833514 0.85582674 0.9557965 0.9655158 0.8599071 0.8545757 0.85613984 0.84033674 0.053783137 0 0.8514572 0.853951 0.8468036 0.84217876 0.8652767 0.8662283 0.84156424 0.97170067 0.84095025 0.42194015 0.8751683 0.95258445 0.95615417 0.9388226 0.95794547
0.74677104 0.7325615 0.8592779 0.96406794 0.9746289 0.69956917 0.6937464 0.9691478 0.982 0.72384816 0.72148925 0.74030316 0.72832423 0.85770726 0.8514572 0 0.051102072 0.7275324 0.7262145 0.69576657 0.7005865 0.72148925 0.9977191 0.7222747 0.8573935 0.6962725 0.9709704 0.9790429 0.9838541 0.9838541
0.7532952 0.7448788 0.86718106 0.9644296 0.9768326 0.7110941 0.70160514 0.97978103 0.9946995 0.72991043 0.72885257 0.74921095 0.7346892 0.8605368 0.853951 0.051102072 0 0.73575526 0.7333587 0.70697606 0.70928967 0.73149997 0.99545324 0.7317652 0.8608519 0.70595 0.97352946 0.97609735 0.99169195 0.9924427
0.7475835 0.21363124 0.8517685 0.99885464 1.0080011 0.7481256 0.75767636 0.9857129 0.99169195 0.48032117 0.48679987 0.73575526 0.31680587 0.85363877 0.8468036 0.7275324 0.73575526 0 0.033120673 0.75384146 0.7593259 0.3226258 0.98645765 0.32201102 0.8652767 0.75002605 0.9831119 0.9827411 0.99281836 1.0137748
0.74650043 0.21389721 0.847732 0.9939465 1.0072346 0.74704176 0.75466156 0.9831119 0.9977191 0.4822209 0.48890796 0.7333587 0.31604344 0.847732 0.84217876 0.7262145 0.7333587 0.033120673 0 0.7579511 0.7631891 0.32078305 0.9801504 0.3206297 0.85770726 0.7535683 0.98907024 0.9790429 0.990942 1.0076177
0.761531 0.7473126 0.87356406 0.97243166 0.97352946 0.520861 0.5136859 0.97024083 0.9557965 0.7618071 0.75603044 0.7524766 0.7585007 0.8716434 0.8652767 0.69576657 0.70697606 0.75384146 0.7579511 0 0.01955267 0.7623596 0.97941184 0.7607034 0.86909026 0.42899403 0.97024083 0.9706055 0.97609735 0.9845971
0.7667942 0.7494826 0.8716434 0.9768326 0.97609735 0.52487713 0.5166672 0.9808897 0.96334505 0.76457363 0.7590508 0.75767636 0.7620833 0.8722831 0.8662283 0.7005865 0.70928967 0.7593259 0.7631891 0.01955267 0 0.7659607 0.98348296 0.76429653 0.87324363 0.43041283 0.9783054 0.9709704 0.98125964 0.98832285
0.75520885 0.3213968 0.8461853 0.9969631 0.99734104 0.7587757 0.76374257 0.9962078 1.001891 0.49006033 0.49006033 0.75466156 0.0693058 0.8480418 0.84156424 0.72148925 0.73149997 0.3226258 0.32078305 0.7623596 0.7659607 0 0.9801504 0.006225769 0.86718106 0.7709756 0.98907024 0.99999183 0.99999183 1.0118452
1.0022715 0.98051995 0.9727974 0.71083605 0.7152349 0.98757625 0.9842255 0.46902296 0.471269 0.9969631 1.0022715 1.000751 0.990942 0.9842255 0.97170067 0.9977191 0.99545324 0.98645765 0.9801504 0.97941184 0.98348296 0.9801504 0 0.9801504 0.9950763 0.98869646 0.46977088 0.71186876 0.7338906 0.71601385
0.75493515 0.3215503 0.84525883 0.99961257 0.9969631 0.7585007 0.76374257 0.9962078 1.0003713 0.48833245 0.4881407 0.7519313 0.06919613 0.84711295 0.84095025 0.7222747 0.7317652 0.32201102 0.3206297 0.7607034 0.76429653 0.006225769 0.9801504 0 0.8668633 0.7709756 0.9901927 1.0011308 1.0011308 1.0133885
0.87484723 0.86749893 0.43254602 0.98832285 0.9706055 0.8678169 0.86591095 0.96010065 0.96010065 0.864643 0.8608519 0.8474224 0.86148244 0.43059036 0.42194015 0.8573935 0.8608519 0.8652767 0.85770726 0.86909026 0.87324363 0.86718106 0.9950763 0.8668633 0 0.8652767 0.96010065 0.9637064 0.97867405 0.98645765
0.74433905 0.73842716 0.8774201 0.9872032 0.9842255 0.49256322 0.48660854 1.0015109 0.98757625 0.7587757 0.75822586 0.7459595 0.7695792 0.86972773 0.8751683 0.6962725 0.70595 0.75002605 0.7535683 0.42899403 0.43041283 0.7709756 0.98869646 0.7709756 0.8652767 0 0.9894442 0.9753628 0.97243166 0.99169195
0.98757625 0.99131685 0.9543672 0.70903224 0.7126442 0.9673296 0.96406794 0.2967846 0.29976138 0.9962078 0.9931942 0.9842255 0.9950763 0.95866317 0.95258445 0.9709704 0.97352946 0.9831119 0.98907024 0.97024083 0.9783054 0.98907024 0.46977088 0.9901927 0.96010065 0.9894442 0 0.714716 0.72044325 0.72700495
0.9901927 0.98907024 0.959741 0.4200119 0.41739044 0.98683035 0.98496884 0.71186876 0.7152349 1.0053219 1.002652 0.9637064 0.9872032 0.9611805 0.95615417 0.9790429 0.97609735 0.9827411 0.9790429 0.9706055 0.9709704 0.99999183 0.71186876 1.0011308 0.9637064 0.9753628 0.714716 0 0.2712297 0.27771828
0.9857129 0.9969631 0.9500957 0.42917123 0.4215892 0.97609735 0.9738958 0.7222747 0.72463614 0.9831119 0.9764649 0.97024083 0.9958304 0.94232726 0.9388226 0.9838541 0.99169195 0.99281836 0.990942 0.97609735 0.98125964 0.99999183 0.7338906 1.0011308 0.97867405 0.97243166 0.72044325 0.2712297 0 0.25447717
1.000751 1.0049399 0.96479154 0.43005788 0.42264256 0.9853408 0.9842255 0.72384816 0.72568804 1.0064689 1.0034139 0.9842255 0.99885464 0.9662408 0.95794547 0.9838541 0.9924427 1.0137748 1.0076177 0.9845971 0.98832285 1.0118452 0.71601385 1.0133885 0.98645765 0.99169195 0.72700495 0.27771828 0.25447717 0
