0 1.0034139 1.0022715 0.99131685 1.0122308 0.99169195 0.99131685 1.0188149 0.99923354 1.0176488 1.015322 0.9853408 1.0246727 1.0289978 0.6785187 0.682483 1.0091523 1.0083846 1.0034139 1.0126165 1.0164845 1.000751 0.6795078 0.9980974 1.0072346 1.01146 1.0041765 1.0022715 0.9977191 0.98496884
1.0034139 0 0.12342017 0.43219006 0.43325844 0.46362254 0.4507451 0.6542054 0.64540553 0.3344029 0.33627945 0.6907262 0.20674925 0.20503858 0.9768326 0.98645765 0.6539662 0.45992067 0.45973605 0.6520554 0.6539662 0.70748955 1.0053219 0.7031358 0.42793173 0.32771683 0.64824826 0.45936695 0.45385224 0.68972224
1.0022715 0.12342017 0 0.42899403 0.42634106 0.46325153 0.45238847 0.6563616 0.6494359 0.33596638 0.33910313 0.70160514 0.20886007 0.20793585 0.98683035 0.9898184 0.65564215 0.458445 0.45936695 0.65372705 0.6568416 0.7110941 1.0180373 0.7072328 0.42299402 0.32293335 0.6530102 0.46139923 0.45826077 0.6982995
0.99131685 0.43219006 0.42899403 0 0.12424584 0.46121424 0.4555024 0.65492344 0.64328057 0.43736804 0.43916187 0.69349426 0.4352211 0.43254602 0.97499573 0.9857129 0.6542054 0.45642072 0.45129248 0.6506254 0.65540254 0.70595 1.0030329 0.7033912 0.33753312 0.43647274 0.64233804 0.46343702 0.45476854 0.6982995
1.0122308 0.43325844 0.42634106 0.12424584 0 0.46790242 0.46492255 0.6573219 0.64991146 0.45129248 0.45184028 0.7049255 0.4345068 0.43201217 0.9872032 0.9950763 0.65972805 0.469958 0.46510842 0.6602102 0.6611755 0.71342045 1.0095364 0.7087749 0.3411491 0.44294295 0.6442242 0.47389796 0.4656664 0.7013504
0.99169195 0.46362254 0.46325153 0.46121424 0.46790242 0 0.11183919 0.6686986 0.66093403 0.47804788 0.47823706 0.7026252 0.4718316 0.46977088 0.9615409 0.9691478 0.6686986 0.20912434 0.2081998 0.6694307 0.6686986 0.70903224 0.9969631 0.7082605 0.45623696 0.46902296 0.6592462 0.15705377 0.15152594 0.70109564
0.99131685 0.4507451 0.45238847 0.4555024 0.46492255 0.11183919 0 0.67212105 0.66093403 0.46808907 0.46790242 0.6972853 0.46269536 0.45918247 0.9540103 0.96190137 0.66650665 0.20490715 0.20372532 0.6689425 0.67040783 0.70748955 0.99169195 0.71083605 0.45092753 0.45918247 0.6558819 0.14908214 0.14518856 0.6960195
1.0188149 0.6542054 0.6563616 0.65492344 0.6573219 0.6686986 0.67212105 0 0.102609724 0.6677236 0.6694307 0.69956917 0.65277135 0.6530102 0.9691478 0.98645765 0.109174065 0.6696748 0.6686986 0.10975263 0.11033165 0.697032 1.0064689 0.6927383 0.64872307 0.6652917 0.15902908 0.6745752 0.6686986 0.69022405
0.99923354 0.64540553 0.6494359 0.64328057 0.64991146 0.66093403 0.66093403 0.102609724 0 0.66335183 0.6643211 0.69198316 0.6444604 0.6439882 0.959741 0.97941184 0.111259006 0.6558819 0.6580429 0.11183919 0.11183919 0.6932422 1.0060863 0.68721807 0.64328057 0.65612173 0.15841123 0.66577744 0.65852404 0.6837262
1.0176488 0.3344029 0.33596638 0.43736804 0.45129248 0.47804788 0.46808907 0.6677236 0.66335183 0 0.07613705 0.6998234 0.3350279 0.33424672 0.9857129 0.9958304 0.6689425 0.472958 0.4673428 0.6694307 0.6731017 0.71161044 1.0262426 0.70646286 0.4362938 0.20202152 0.65660155 0.47277015 0.47370988 0.6962725
1.015322 0.33627945 0.33910313 0.43916187 0.45184028 0.47823706 0.46790242 0.6694307 0.6643211 0.07613705 0 0.70364666 0.33816072 0.3361229 0.97206604 0.98832285 0.67261124 0.4731459 0.46883607 0.67016345 0.67580533 0.7170537 1.0137748 0.7126442 0.4366517 0.20110568 0.65564215 0.472958 0.4720192 0.700841
0.9853408 0.6907262 0.70160514 0.69349426 0.7049255 0.7026252 0.6972853 0.69956917 0.69198316 0.6998234 0.70364666 0 0.69855326 0.6998234 0.9554389 0.96769285 0.69804585 0.6899731 0.69349426 0.7005865 0.70160514 0.6093986 0.97941184 0.6058015 0.6927383 0.69399863 0.6892207 0.70903224 0.6877182 0.5907033
1.0246727 0.20674925 0.20886007 0.4352211 0.4345068 0.4718316 0.46269536 0.65277135 0.6444604 0.3350279 0.33816072 0.69855326 0 0.057336878 0.97352946 0.9827411 0.6532491 0.469958 0.4675293 0.6489606 0.65110177 0.700841 1.0176488 0.6965256 0.43254602 0.32647946 0.6413967 0.4662248 0.4647367 0.6929902
1.0289978 0.20503858 0.20793585 0.43254602 0.43201217 0.46977088 0.45918247 0.6530102 0.6439882 0.33424672 0.3361229 0.6998234 0.057336878 0 0.97867405 0.98832285 0.6520554 0.4660386 0.4652944 0.6477737 0.6522939 0.7062064 1.0164845 0.7023701 0.43094555 0.32555276 0.64045656 0.4647367 0.46380812 0.69425094
0.6785187 0.9768326 0.98683035 0.97499573 0.9872032 0.9615409 0.9540103 0.9691478 0.959741 0.9857129 0.97206604 0.9554389 0.97352946 0.97867405 0 0.054643106 0.9727974 0.9593815 0.9611805 0.97426224 0.97499573 0.96226203 0.3725277 0.9572284 0.96479154 0.9775687 0.9662408 0.96479154 0.95508146 0.9565121
0.682483 0.98645765 0.9898184 0.9857129 0.9950763 0.9691478 0.96190137 0.98645765 0.97941184 0.9958304 0.98832285 0.96769285 0.9827411 0.98832285 0.054643106 0 0.9894442 0.9738958 0.9808897 0.9931942 0.99357027 0.9764649 0.37714309 0.97024083 0.9783054 0.98907024 0.9808897 0.9753628 0.9626228 0.9658782
1.0091523 0.6539662 0.65564215 0.6542054 0.65972805 0.6686986 0.66650665 0.109174065 0.111259006 0.6689425 0.67261124 0.69804585 0.6532491 0.6520554 0.9727974 0.9894442 0 0.6643211 0.66748005 0.05013923 0.05067399 0.702115 1.0157093 0.69576657 0.6604514 0.66480625 0.1671077 0.675067 0.6662635 0.6907262
1.0083846 0.45992067 0.458445 0.45642072 0.469958 0.20912434 0.20490715 0.6696748 0.6558819 0.472958 0.4731459 0.6899731 0.469958 0.4660386 0.9593815 0.9738958 0.6643211 0 0.036892682 0.66553456 0.6643211 0.7098048 0.99961257 0.7082605 0.44965157 0.46251008 0.6604514 0.21256836 0.20965317 0.70160514
1.0034139 0.45973605 0.45936695 0.45129248 0.46510842 0.2081998 0.20372532 0.6686986 0.6580429 0.4673428 0.46883607 0.69349426 0.4675293 0.4652944 0.9611805 0.9808897 0.66748005 0.036892682 0 0.66553456 0.66553456 0.7113522 1.0095364 0.7105781 0.45019814 0.45826077 0.6626257 0.21071193 0.20740825 0.70007765
1.0126165 0.6520554 0.65372705 0.6506254 0.6602102 0.6694307 0.6689425 0.10975263 0.11183919 0.6694307 0.67016345 0.7005865 0.6489606 0.6477737 0.97426224 0.9931942 0.05013923 0.66553456 0.66553456 0 0.029471537 0.69906104 1.0130024 0.6937464 0.6563616 0.6602102 0.16898443 0.6795078 0.6672366 0.6874681
1.0164845 0.6539662 0.6568416 0.65540254 0.6611755 0.6686986 0.67040783 0.11033165 0.11183919 0.6731017 0.67580533 0.70160514 0.65110177 0.6522939 0.97499573 0.99357027 0.05067399 0.6643211 0.66553456 0.029471537 0 0.69855326 1.0164845 0.6932422 0.6592462 0.66359407 0.16860871 0.6760516 0.6662635 0.6852207
1.000751 0.70748955 0.7110941 0.70595 0.71342045 0.70903224 0.70748955 0.697032 0.6932422 0.71161044 0.7170537 0.6093986 0.700841 0.7062064 0.96226203 0.9764649 0.702115 0.7098048 0.7113522 0.69906104 0.69855326 0 0.9920673 0.02480573 0.6998234 0.6998234 0.68173814 0.7085177 0.7031358 0.15115887
0.6795078 1.0053219 1.0180373 1.0030329 1.0095364 0.9969631 0.99169195 1.0064689 1.0060863 1.0262426 1.0137748 0.97941184 1.0176488 1.0164845 0.3725277 0.37714309 1.0157093 0.99961257 1.0095364 1.0130024 1.0164845 0.9920673 0 0.990942 0.9931942 1.0238891 1.002652 1.0049399 1.0030329 0.99357027
0.9980974 0.7031358 0.7072328 0.7033912 0.7087749 0.7082605 0.71083605 0.6927383 0.68721807 0.70646286 0.7126442 0.6058015 0.6965256 0.7023701 0.9572284 0.97024083 0.69576657 0.7082605 0.7105781 0.6937464 0.6932422 0.02480573 0.990942 0 0.69753873 0.69779223 0.6767909 0.70748955 0.70543754 0.14810686
1.0072346 0.42793173 0.42299402 0.33753312 0.3411491 0.45623696 0.45092753 0.64872307 0.64328057 0.4362938 0.4366517 0.6927383 0.43254602 0.43094555 0.96479154 0.9783054 0.6604514 0.44965157 0.45019814 0.6563616 0.6592462 0.6998234 0.9931942 0.69753873 0 0.42334563 0.6470625 0.45807657 0.45826077 0.6967787
1.01146 0.32771683 0.32293335 0.43647274 0.44294295 0.46902296 0.45918247 0.6652917 0.65612173 0.20202152 0.20110568 0.69399863 0.32647946 0.32555276 0.9775687 0.98907024 0.66480625 0.46251008 0.45826077 0.6602102 0.66359407 0.6998234 1.0238891 0.69779223 0.42334563 0 0.6494359 0.46399376 0.4630661 0.6887196
1.0041765 0.64824826 0.6530102 0.64233804 0.6442242 0.6592462 0.6558819 0.15902908 0.15841123 0.65660155 0.65564215 0.6892207 0.6413967 0.64045656 0.9662408 0.9808897 0.1671077 0.6604514 0.6626257 0.16898443 0.16860871 0.68173814 1.002652 0.6767909 0.6470625 0.6494359 0 0.66918653 0.65444463 0.67285645
1.0022715 0.45936695 0.46139923 0.46343702 0.47389796 0.15705377 0.14908214 0.6745752 0.66577744 0.47277015 0.472958 0.70903224 0.4662248 0.4647367 0.96479154 0.9753628 0.675067 0.21256836 0.21071193 0.6795078 0.6760516 0.7085177 1.0049399 0.70748955 0.45807657 0.46399376 0.66918653 0 0.1561912 0.700841
0.9977191 0.45385224 0.45826077 0.45476854 0.4656664 0.15152594 0.14518856 0.6686986 0.65852404 0.47370988 0.4720192 0.6877182 0.4647367 0.46380812 0.95508146 0.9626228 0.6662635 0.20965317 0.20740825 0.6672366 0.6662635 0.7031358 1.0030329 0.70543754 0.45826077 0.4630661 0.65444463 0.1561912 0 0.6929902
0.98496884 0.68972224 0.6982995 0.6982995 0.7013504 0.70109564 0.6960195 0.69022405 0.6837262 0.6962725 0.700841 0.5907033 0.6929902 0.69425094 0.9565121 0.9658782 0.6907262 0.70160514 0.70007765 0.6874681 0.6852207 0.15115887 0.99357027 0.14810686 0.6967787 0.6887196 0.67285645 0.700841 0.6929902 0
