0 0.8088132 0.98125964 0.58217925 0.58916616 0.79656565 0.79512084 0.80120784 0.9658782 0.9713354 0.79917336 0.58938557 0.80500084 0.60557723 0.6046809 0.79512084 0.9816297 0.80617183 0.8088132 0.62075216 0.6232732 0.982 0.99734104 0.98237044 0.58065945 0.8224607 0.8161995 0.99056727 0.79310274 0.7913773
0.8088132 0 0.97024083 0.80120784 0.8003352 0.4723946 0.4656664 0.47108158 0.9713354 0.97206604 0.4720192 0.8003352 0.47370988 0.77546155 0.78167397 0.14664629 0.98832285 0.14932616 0.14932616 0.80441606 0.8055861 0.97978103 0.9695119 0.982 0.8224607 0.2699387 0.19797416 0.9655158 0.4652944 0.4660386
0.98125964 0.97024083 0 0.9801504 0.9746289 0.96841997 0.9790429 0.97499573 0.14640313 0.14774145 0.9658782 0.96334505 0.97609735 0.95794547 0.9604604 0.9775687 0.5713908 0.98683035 0.97978103 0.9593815 0.96010065 0.5692516 0.5756876 0.5733213 0.9666036 0.9651536 0.97352946 0.5769814 0.9626228 0.96479154
0.58217925 0.80120784 0.9801504 0 0.12993217 0.79223955 0.7945437 0.79917336 0.97978103 0.9845971 0.790803 0.5584356 0.8023729 0.5982144 0.5957761 0.78879654 0.9680563 0.79830307 0.80324787 0.6109778 0.6145999 0.9680563 0.982 0.9709704 0.45531887 0.80617183 0.80353975 0.9831119 0.7796917 0.77856135
0.58916616 0.8003352 0.9746289 0.12993217 0 0.79512084 0.79252714 0.79830307 0.97316337 0.98496884 0.790803 0.55948913 0.80441606 0.59599745 0.59599745 0.78650993 0.9691478 0.79483217 0.80441606 0.6103006 0.61278665 0.96841997 0.9920673 0.96841997 0.4660386 0.80500084 0.80441606 0.98496884 0.77940893 0.78736657
0.79656565 0.4723946 0.96841997 0.79223955 0.79512084 0 0.123302296 0.12969437 0.9695119 0.9753628 0.2219201 0.81709075 0.22218902 0.776869 0.7791263 0.45955148 0.9950763 0.4656664 0.46399376 0.80529344 0.8076381 0.99056727 0.9695119 0.98645765 0.80851924 0.4586293 0.4652944 0.98125964 0.24236105 0.24457467
0.79512084 0.4656664 0.9790429 0.7945437 0.79252714 0.123302296 0 0.10975263 0.97978103 0.9779369 0.22030865 0.8099901 0.2189684 0.7813905 0.78195757 0.45385224 0.99734104 0.45973605 0.4571562 0.80295604 0.80500084 0.99131685 0.97978103 0.9894442 0.8105793 0.45770827 0.4586293 0.9783054 0.23781599 0.24457467
0.80120784 0.47108158 0.97499573 0.79917336 0.79830307 0.12969437 0.10975263 0 0.97243166 0.97170067 0.22474852 0.8191745 0.2255586 0.778279 0.7842303 0.45881367 1.0076177 0.46399376 0.4621396 0.8105793 0.81234956 1.0037951 0.97352946 1.000751 0.8153093 0.4578924 0.46343702 0.98757625 0.2426374 0.24679483
0.9658782 0.9713354 0.14640313 0.97978103 0.97316337 0.9695119 0.97978103 0.97243166 0 0.09883541 0.959741 0.9626228 0.97024083 0.95294064 0.9572284 0.97316337 0.56584156 0.97867405 0.9746289 0.9637064 0.96226203 0.5656289 0.56754464 0.571605 0.96226203 0.96334505 0.97316337 0.5767656 0.9651536 0.97024083
0.9713354 0.97206604 0.14774145 0.9845971 0.98496884 0.9753628 0.9779369 0.97170067 0.09883541 0 0.95472425 0.9695119 0.9626228 0.95508146 0.9593815 0.9687838 0.56711847 0.97316337 0.97024083 0.9680563 0.9673296 0.5698927 0.5698927 0.57482624 0.9687838 0.96479154 0.9706055 0.5804426 0.9680563 0.97206604
0.79917336 0.4720192 0.9658782 0.790803 0.790803 0.2219201 0.22030865 0.22474852 0.959741 0.95472425 0 0.81087404 0.093265936 0.7690214 0.77546155 0.46269536 0.9838541 0.46251008 0.46399376 0.80324787 0.80646485 0.9845971 0.97978103 0.98051995 0.800626 0.4662248 0.46029004 0.97170067 0.23562221 0.24346703
0.58938557 0.8003352 0.96334505 0.5584356 0.55948913 0.81709075 0.8099901 0.8191745 0.9626228 0.9695119 0.81087404 0 0.82305974 0.5968834 0.59533364 0.7928149 0.9738958 0.79714435 0.79830307 0.6058015 0.609624 0.97609735 0.97170067 0.9713354 0.5502686 0.80295604 0.80295604 0.9727974 0.8073446 0.8096957
0.80500084 0.47370988 0.97609735 0.8023729 0.80441606 0.22218902 0.2189684 0.2255586 0.97024083 0.9626228 0.093265936 0.82305974 0 0.78167397 0.78508437 0.4623248 0.9920673 0.46399376 0.46510842 0.8105793 0.81442016 0.9920673 0.98645765 0.9901927 0.811759 0.4652944 0.46158424 0.97206604 0.23754142 0.2431904
0.60557723 0.77546155 0.95794547 0.5982144 0.59599745 0.776869 0.7813905 0.778279 0.95294064 0.95508146 0.7690214 0.5968834 0.78167397 0 0.07857607 0.7751804 0.9608204 0.778279 0.78195757 0.1788198 0.1798359 0.95794547 0.97609735 0.9572284 0.5964403 0.79252714 0.7876524 0.95472425 0.7673504 0.77771467
0.6046809 0.78167397 0.9604604 0.5957761 0.59599745 0.7791263 0.78195757 0.7842303 0.9572284 0.9593815 0.77546155 0.59533364 0.78508437 0.07857607 0 0.7799746 0.9706055 0.7822413 0.78879654 0.17894675 0.17958175 0.9662408 0.97978103 0.9666036 0.5971051 0.800626 0.78708094 0.96406794 0.7729349 0.7813905
0.79512084 0.14664629 0.9775687 0.78879654 0.78650993 0.45955148 0.45385224 0.45881367 0.97316337 0.9687838 0.46269536 0.7928149 0.4623248 0.7751804 0.7799746 0 0.9764649 0.04311591 0.04226905 0.79310274 0.79512084 0.97024083 0.9590223 0.97170067 0.79859304 0.25940725 0.19317186 0.9608204 0.45238847 0.45955148
0.9816297 0.98832285 0.5713908 0.9680563 0.9691478 0.9950763 0.99734104 1.0076177 0.56584156 0.56711847 0.9838541 0.9738958 0.9920673 0.9608204 0.9706055 0.9764649 0 0.9842255 0.9775687 0.982 0.98907024 0.041211817 0.47277015 0.042480677 0.97941184 0.9687838 0.9842255 0.18276484 0.98125964 0.9920673
0.80617183 0.14932616 0.98683035 0.79830307 0.79483217 0.4656664 0.45973605 0.46399376 0.97867405 0.97316337 0.46251008 0.79714435 0.46399376 0.778279 0.7822413 0.04311591 0.9842255 0 0.033434283 0.79888314 0.800626 0.9783054 0.9666036 0.97867405 0.8020814 0.2657939 0.19628336 0.9615409 0.4586293 0.4621396
0.8088132 0.14932616 0.97978103 0.80324787 0.80441606 0.46399376 0.4571562 0.4621396 0.9746289 0.97024083 0.46399376 0.79830307 0.46510842 0.78195757 0.78879654 0.04226905 0.9775687 0.033434283 0 0.8017901 0.8041238 0.97316337 0.96190137 0.97352946 0.8094014 0.2646545 0.19563407 0.9615409 0.4604748 0.4628807
0.62075216 0.80441606 0.9593815 0.6109778 0.6103006 0.80529344 0.80295604 0.8105793 0.9637064 0.9680563 0.80324787 0.6058015 0.8105793 0.1788198 0.17894675 0.79310274 0.982 0.79888314 0.8017901 0 0.015968801 0.98125964 0.9790429 0.9816297 0.60669917 0.81709075 0.8120542 0.97609735 0.7905161 0.7977235
0.6232732 0.8055861 0.96010065 0.6145999 0.61278665 0.8076381 0.80500084 0.81234956 0.96226203 0.9673296 0.80646485 0.609624 0.81442016 0.1798359 0.17958175 0.79512084 0.98907024 0.800626 0.8041238 0.015968801 0 0.98832285 0.9857129 0.98869646 0.60647464 0.81709075 0.814124 0.9808897 0.79627645 0.8038317
0.982 0.97978103 0.5692516 0.9680563 0.96841997 0.99056727 0.99131685 1.0037951 0.5656289 0.5698927 0.9845971 0.97609735 0.9920673 0.95794547 0.9662408 0.97024083 0.041211817 0.9783054 0.97316337 0.98125964 0.98832285 0 0.47089422 0.01067562 0.98496884 0.9644296 0.9783054 0.18148997 0.9808897 0.98794943
0.99734104 0.9695119 0.5756876 0.982 0.9920673 0.9695119 0.97978103 0.97352946 0.56754464 0.5698927 0.97978103 0.97170067 0.98645765 0.97609735 0.97978103 0.9590223 0.47277015 0.9666036 0.96190137 0.9790429 0.9857129 0.47089422 0 0.4744625 0.97499573 0.95794547 0.9565121 0.48146042 0.9655158 0.97170067
0.98237044 0.982 0.5733213 0.9709704 0.96841997 0.98645765 0.9894442 1.000751 0.571605 0.57482624 0.98051995 0.9713354 0.9901927 0.9572284 0.9666036 0.97170067 0.042480677 0.97867405 0.97352946 0.9816297 0.98869646 0.01067562 0.4744625 0 0.9838541 0.96769285 0.97941184 0.18378629 0.9790429 0.9872032
0.58065945 0.8224607 0.9666036 0.45531887 0.4660386 0.80851924 0.8105793 0.8153093 0.96226203 0.9687838 0.800626 0.5502686 0.811759 0.5964403 0.5971051 0.79859304 0.97941184 0.8020814 0.8094014 0.60669917 0.60647464 0.98496884 0.97499573 0.9838541 0 0.8094014 0.81323624 0.9768326 0.8000446 0.8026644
0.8224607 0.2699387 0.9651536 0.80617183 0.80500084 0.4586293 0.45770827 0.4578924 0.96334505 0.96479154 0.4662248 0.80295604 0.4652944 0.79252714 0.800626 0.25940725 0.9687838 0.2657939 0.2646545 0.81709075 0.81709075 0.9644296 0.95794547 0.96769285 0.8094014 0 0.2739625 0.95794547 0.45513538 0.45531887
0.8161995 0.19797416 0.97352946 0.80353975 0.80441606 0.4652944 0.4586293 0.46343702 0.97316337 0.9706055 0.46029004 0.80295604 0.46158424 0.7876524 0.78708094 0.19317186 0.9842255 0.19628336 0.19563407 0.8120542 0.814124 0.9783054 0.9565121 0.97941184 0.81323624 0.2739625 0 0.9698763 0.46029004 0.4606596
0.99056727 0.9655158 0.5769814 0.9831119 0.98496884 0.98125964 0.9783054 0.98757625 0.5767656 0.5804426 0.97170067 0.9727974 0.97206604 0.95472425 0.96406794 0.9608204 0.18276484 0.9615409 0.9615409 0.97609735 0.9808897 0.18148997 0.48146042 0.18378629 0.9768326 0.95794547 0.9698763 0 0.9727974 0.9801504
0.79310274 0.4652944 0.9626228 0.7796917 0.77940893 0.24236105 0.23781599 0.2426374 0.9651536 0.9680563 0.23562221 0.8073446 0.23754142 0.7673504 0.7729349 0.45238847 0.98125964 0.4586293 0.4604748 0.7905161 0.79627645 0.9808897 0.9655158 0.9790429 0.8000446 0.45513538 0.46029004 0.9727974 0 0.163617
0.7913773 0.4660386 0.96479154 0.77856135 0.78736657 0.24457467 0.24457467 0.24679483 0.97024083 0.97206604 0.24346703 0.8096957 0.2431904 0.77771467 0.7813905 0.45955148 0.9920673 0.4621396 0.4628807 0.7977235 0.8038317 0.98794943 0.97170067 0.9872032 0.8026644 0.45531887 0.4606596 0.9801504 0.163617 0
