0 0.7656831 1.0258498 1.0270288 1.0064689 1.0015109 1.019204 1.0246727 0.3541846 0.7760242 0.99847597 1.0041765 1.0083846 0.7693002 0.7656831 0.35050538 0.34986734 0.756853 0.7623596 0.35788196 0.35402426 0.35338324 0.98683035 0.35386395 0.49817687 0.49778837 0.5046164 1.0041765 1.0254573 1.018426
0.7656831 0 1.0258498 1.0357314 0.99885464 0.9980974 1.0103053 1.0011308 0.7695792 0.12933783 1.0095364 1.0293922 1.01069 0.12566338 0.12389187 0.77321523 0.7723746 0.24346703 0.24707282 0.77321523 0.7734957 0.76374257 1.0103053 0.76374257 0.7712552 0.76429653 0.77321523 1.0421246 1.0445362 1.0282096
1.0258498 1.0258498 0 0.10398692 1.0133885 1.0030329 0.8729233 0.8726031 1.0278157 1.0465518 0.3801252 1.0286036 0.37912986 1.0345387 1.0365276 1.0365276 1.0349361 1.0270288 1.0258498 1.0353336 1.0325551 1.0188149 1.0301816 1.025065 1.0164845 1.0137748 1.0168724 0.3801252 0.37863266 0.14664629
1.0270288 1.0357314 0.10398692 0 1.0083846 1.0034139 0.87581104 0.87420535 1.0282096 1.0534456 0.38512188 1.030972 0.3816207 1.0445362 1.0461482 1.0365276 1.0337447 1.0282096 1.0278157 1.0325551 1.0289978 1.0160967 1.0329514 1.0227151 1.0270288 1.0282096 1.0357314 0.37929565 0.3814544 0.1465247
1.0064689 0.99885464 1.0133885 1.0083846 0 0.10318325 1.0481682 1.0325551 1.0211525 1.0122308 1.0207624 0.36565742 1.0091523 1.0087683 1.0087683 0.99357027 0.99545324 1.0064689 1.0133885 1.0195932 1.0130024 1.0080011 0.35675475 1.0030329 1.01069 1.0095364 1.0231062 1.0188149 1.018426 1.0103053
1.0015109 0.9980974 1.0030329 1.0034139 0.10318325 0 1.0465518 1.0270288 1.0015109 1.0083846 0.99999183 0.35917228 0.9950763 1.0130024 1.0091523 0.9894442 0.9901927 1.0083846 1.0126165 1.0003713 0.9946995 1.0072346 0.35130367 1.002652 1.01146 1.0141612 1.0227151 0.99999183 0.9943229 0.9977191
1.019204 1.0103053 0.8729233 0.87581104 1.0481682 1.0465518 0 0.100548655 1.0242808 1.019204 0.87356406 1.0421246 0.8678169 1.0030329 1.0103053 1.0409217 1.0445362 1.001891 1.0003713 1.0254573 1.0238891 1.0203725 1.0223241 1.0207624 0.99357027 0.9768326 1.0003713 0.85613984 0.8652767 0.8684533
1.0246727 1.0011308 0.8726031 0.87420535 1.0325551 1.0270288 0.100548655 0 1.0172604 1.014548 0.8722831 1.0429276 0.8649598 0.99847597 1.0049399 1.0361294 1.0365276 0.9977191 0.99961257 1.0195932 1.015322 1.0110749 1.0207624 1.0122308 1.002652 0.99281836 1.014548 0.85363877 0.8652767 0.8652767
0.3541846 0.7695792 1.0278157 1.0282096 1.0211525 1.0015109 1.0242808 1.0172604 0 0.7805406 1.0130024 1.0160967 1.0168724 0.76985824 0.7673504 0.22097966 0.22111394 0.7609791 0.76623845 0.061667144 0.05993204 0.29308018 0.9872032 0.294856 0.5055969 0.50265914 0.50148726 1.0195932 1.025065 1.0172604
0.7760242 0.12933783 1.0465518 1.0534456 1.0122308 1.0083846 1.019204 1.014548 0.7805406 0 1.0238891 1.0373245 1.0305767 0.056366004 0.055181086 0.7890828 0.78708094 0.24651696 0.24943985 0.7791263 0.77884376 0.7813905 1.0141612 0.78167397 0.7882242 0.77884376 0.79109013 1.0493827 1.0554852 1.0473596
0.99847597 1.0095364 0.3801252 0.38512188 1.0207624 0.99999183 0.87356406 0.8722831 1.0130024 1.0238891 0 1.0254573 0.051102072 1.0110749 1.019204 1.0223241 1.0195932 1.0022715 1.000751 1.019204 1.0076177 1.0118452 1.0227151 1.01146 1.018426 1.0223241 1.0149349 0.30710486 0.31087938 0.37846702
1.0041765 1.0293922 1.0286036 1.030972 0.36565742 0.35917228 1.0421246 1.0429276 1.0160967 1.0373245 1.0254573 0 1.0130024 1.0341415 1.0266355 0.9950763 1.0015109 1.01146 1.0172604 1.0188149 1.01069 1.0168724 0.28983533 1.0110749 1.0207624 1.0231062 1.0262426 1.0091523 1.0188149 1.025065
1.0083846 1.01069 0.37912986 0.3816207 1.0091523 0.9950763 0.8678169 0.8649598 1.0168724 1.0305767 0.051102072 1.0130024 0 1.015322 1.0238891 1.0246727 1.0211525 1.0049399 1.0045581 1.0262426 1.015322 1.0099207 1.0203725 1.0099207 1.0133885 1.0130024 1.0099207 0.30665317 0.31209126 0.37747386
0.7693002 0.12566338 1.0345387 1.0445362 1.0087683 1.0130024 1.0030329 0.99847597 0.76985824 0.056366004 1.0110749 1.0341415 1.015322 0 0.036892682 0.7813905 0.7805406 0.24153262 0.24554518 0.7746184 0.7737762 0.7729349 1.0099207 0.7746184 0.7791263 0.77181464 0.7796917 1.0401208 1.0385218 1.0377234
0.7656831 0.12389187 1.0365276 1.0461482 1.0087683 1.0091523 1.0103053 1.0049399 0.7673504 0.055181086 1.019204 1.0266355 1.0238891 0.036892682 0 0.7760242 0.7757428 0.2426374 0.24610032 0.7701374 0.76985824 0.7701374 1.0064689 0.77153486 0.78195757 0.7726547 0.7779968 1.0453417 1.0457449 1.0377234
0.35050538 0.77321523 1.0365276 1.0365276 0.99357027 0.9894442 1.0409217 1.0361294 0.22097966 0.7890828 1.0223241 0.9950763 1.0246727 0.7813905 0.7760242 0 0.029055621 0.7709756 0.7746184 0.22111394 0.2195042 0.2954489 0.9783054 0.29574552 0.497012 0.496818 0.49643022 1.033348 1.049788 1.0227151
0.34986734 0.7723746 1.0349361 1.0337447 0.99545324 0.9901927 1.0445362 1.0365276 0.22111394 0.78708094 1.0195932 1.0015109 1.0211525 0.7805406 0.7757428 0.029055621 0 0.76790696 0.7726547 0.22097966 0.2195042 0.29574552 0.9783054 0.2954489 0.4923704 0.4943009 0.49333504 1.0305767 1.0429276 1.018426
0.756853 0.24346703 1.0270288 1.0282096 1.0064689 1.0083846 1.001891 0.9977191 0.7609791 0.24651696 1.0022715 1.01146 1.0049399 0.24153262 0.2426374 0.7709756 0.76790696 0 0.025426164 0.7723746 0.7687426 0.7585007 0.99999183 0.7587757 0.7656831 0.75712734 0.7687426 1.0242808 1.0341415 1.0188149
0.7623596 0.24707282 1.0258498 1.0278157 1.0133885 1.0126165 1.0003713 0.99961257 0.76623845 0.24943985 1.000751 1.0172604 1.0045581 0.24554518 0.24610032 0.7746184 0.7726547 0.025426164 0 0.776869 0.7734957 0.7676286 1.000751 0.76790696 0.7701374 0.7618071 0.7734957 1.0199828 1.0317632 1.0207624
0.35788196 0.77321523 1.0353336 1.0325551 1.0195932 1.0003713 1.0254573 1.0195932 0.061667144 0.7791263 1.019204 1.0188149 1.0262426 0.7746184 0.7701374 0.22111394 0.22097966 0.7723746 0.776869 0 0.027497988 0.2975277 0.9962078 0.2993141 0.5089403 0.5089403 0.5083492 1.0353336 1.0361294 1.0242808
0.35402426 0.7734957 1.0325551 1.0289978 1.0130024 0.9946995 1.0238891 1.015322 0.05993204 0.77884376 1.0076177 1.01069 1.015322 0.7737762 0.76985824 0.2195042 0.2195042 0.7687426 0.7734957 0.027497988 0 0.29455975 0.98757625 0.29693317 0.50265914 0.50344145 0.50285465 1.0242808 1.0274222 1.0242808
0.35338324 0.76374257 1.0188149 1.0160967 1.0080011 1.0072346 1.0203725 1.0110749 0.29308018 0.7813905 1.0118452 1.0168724 1.0099207 0.7729349 0.7701374 0.2954489 0.29574552 0.7585007 0.7676286 0.2975277 0.29455975 0 0.9831119 0.021608312 0.5001224 0.49914902 0.50344145 1.0176488 1.0289978 1.0060863
0.98683035 1.0103053 1.0301816 1.0329514 0.35675475 0.35130367 1.0223241 1.0207624 0.9872032 1.0141612 1.0227151 0.28983533 1.0203725 1.0099207 1.0064689 0.9783054 0.9783054 0.99999183 1.000751 0.9962078 0.98757625 0.9831119 0 0.9801504 1.0157093 1.001891 1.01146 1.0164845 1.0168724 1.0262426
0.35386395 0.76374257 1.025065 1.0227151 1.0030329 1.002652 1.0207624 1.0122308 0.294856 0.78167397 1.01146 1.0110749 1.0099207 0.7746184 0.77153486 0.29574552 0.2954489 0.7587757 0.76790696 0.2993141 0.29693317 0.021608312 0.9801504 0 0.5018777 0.50129217 0.5044204 1.0215429 1.032159 1.01069
0.49817687 0.7712552 1.0164845 1.0270288 1.01069 1.01146 0.99357027 1.002652 0.5055969 0.7882242 1.018426 1.0207624 1.0133885 0.7791263 0.78195757 0.497012 0.4923704 0.7656831 0.7701374 0.5089403 0.50265914 0.5001224 1.0157093 0.5018777 0 0.23507477 0.23480119 0.99923354 1.0099207 1.0118452
0.49778837 0.76429653 1.0137748 1.0282096 1.0095364 1.0141612 0.9768326 0.99281836 0.50265914 0.77884376 1.0223241 1.0231062 1.0130024 0.77181464 0.7726547 0.496818 0.4943009 0.75712734 0.7618071 0.5089403 0.50344145 0.49914902 1.001891 0.50129217 0.23507477 0 0.16660804 1.01069 1.019204 1.0141612
0.5046164 0.77321523 1.0168724 1.0357314 1.0231062 1.0227151 1.0003713 1.014548 0.50148726 0.79109013 1.0149349 1.0262426 1.0099207 0.7796917 0.7779968 0.49643022 0.49333504 0.7687426 0.7734957 0.5083492 0.50285465 0.50344145 1.01146 0.5044204 0.23480119 0.16660804 0 1.0080011 1.0133885 1.0168724
1.0041765 1.0421246 0.3801252 0.37929565 1.0188149 0.99999183 0.85613984 0.85363877 1.0195932 1.0493827 0.30710486 1.0091523 0.30665317 1.0401208 1.0453417 1.033348 1.0305767 1.0242808 1.0199828 1.0353336 1.0242808 1.0176488 1.0164845 1.0215429 0.99923354 1.01069 1.0080011 0 0.1602663 0.3723634
1.0254573 1.0445362 0.37863266 0.3814544 1.018426 0.9943229 0.8652767 0.8652767 1.025065 1.0554852 0.31087938 1.0188149 0.31209126 1.0385218 1.0457449 1.049788 1.0429276 1.0341415 1.0317632 1.0361294 1.0274222 1.0289978 1.0168724 1.032159 1.0099207 1.019204 1.0133885 0.1602663 0 0.3733498
1.018426 1.0282096 0.14664629 0.1465247 1.0103053 0.9977191 0.8684533 0.8652767 1.0172604 1.0473596 0.37846702 1.025065 0.37747386 1.0377234 1.0377234 1.0227151 1.018426 1.0188149 1.0207624 1.0242808 1.0242808 1.0060863 1.0262426 1.01069 1.0118452 1.0141612 1.0168724 0.3723634 0.3733498 0
