0 1.01146 1.0022715 1.0060863 0.47352183 0.5258845 0.5202605 0.5206608 0.48833245 0.47842628 1.0282096 1.0126165 1.0137748 0.52810556 0.53033316 0.5256829 0.53297436 1.0211525 1.0234975 0.51926064 0.5170656 0.52306724 0.9977191 0.5232681 0.52166253 0.99847597 0.5283078 0.5228664 0.52246493 0.9901927
1.01146 0 0.9342909 0.9335961 1.001891 1.0297868 1.0011308 1.042526 0.99658537 1.0060863 0.5287124 0.49662408 0.5194605 1.0293922 1.0282096 0.99131685 0.9977191 0.2288077 0.23207094 1.019204 1.0172604 1.0168724 0.497206 1.014548 1.01146 0.928061 1.0353336 1.0022715 0.9939465 0.92909575
1.0022715 0.9342909 0 0.18557718 0.9950763 1.0022715 1.0060863 1.0199828 0.96769285 0.97609735 0.91439945 0.9100125 0.90398026 1.0110749 1.0219333 1.01069 1.0266355 0.93151563 0.93324894 0.99545324 0.9958304 1.0099207 0.89766514 1.0099207 0.9939465 0.29116106 1.0231062 1.005704 1.019204 0.23644413
1.0060863 0.9335961 0.18557718 0 0.99999183 1.0060863 0.9969631 1.0160967 0.97426224 0.98496884 0.9127091 0.89667284 0.8970035 1.0064689 1.0157093 1.0049399 1.0141612 0.9184719 0.9249654 0.9860852 0.9842255 1.0176488 0.8914027 1.0160967 0.98794943 0.2967846 1.0083846 0.99131685 1.0068517 0.24153262
0.47352183 1.001891 0.9950763 0.99999183 0 0.51786304 0.52387106 0.5182621 0.1740121 0.16898443 1.0141612 0.9962078 0.99847597 0.5196604 0.52487713 0.50992644 0.5132893 1.0060863 1.0095364 0.5228664 0.52226424 0.5226656 1.0149349 0.52246493 0.51091397 1.0076177 0.51646805 0.5166672 0.5075618 1.0003713
0.5258845 1.0297868 1.0022715 1.0060863 0.51786304 0 0.15668398 0.28149295 0.5258845 0.5176636 1.0130024 1.0122308 1.0110749 0.28601852 0.2806202 0.2255586 0.22948638 1.0297868 1.0313674 0.15238315 0.15030305 0.15115887 1.0176488 0.15152594 0.36078832 0.98907024 0.26622158 0.24651696 0.27989367 0.9931942
0.5202605 1.0011308 1.0060863 0.9969631 0.52387106 0.15668398 0 0.28367934 0.5283078 0.5214621 1.0118452 0.99885464 1.0060863 0.28763095 0.28207538 0.2277231 0.23288897 1.0099207 1.0099207 0.15213813 0.15103655 0.15066971 1.0068517 0.15115887 0.3635436 0.9950763 0.26736337 0.2515346 0.27902275 0.9894442
0.5206608 1.042526 1.0199828 1.0160967 0.5182621 0.28149295 0.28367934 0 0.5198604 0.5172649 1.0286036 1.0262426 1.0286036 0.14361255 0.14640313 0.2807656 0.28003892 1.0353336 1.0433295 0.28821814 0.2868976 0.28660446 1.0238891 0.28733754 0.36240783 1.0118452 0.28426346 0.28939393 0.23220722 1.002652
0.48833245 0.99658537 0.96769285 0.97426224 0.1740121 0.5258845 0.5283078 0.5198604 0 0.14786322 0.99281836 0.990942 0.98496884 0.5279034 0.52608615 0.515871 0.5202605 1.0030329 0.99545324 0.53480834 0.5317542 0.53419656 0.99923354 0.53480834 0.5186613 0.9738958 0.5198604 0.52447456 0.51786304 0.9764649
0.47842628 1.0060863 0.97609735 0.98496884 0.16898443 0.5176636 0.5214621 0.5172649 0.14786322 0 0.99961257 0.9943229 0.9860852 0.5166672 0.5214621 0.50953186 0.5115071 1.000751 1.0041765 0.52306724 0.52106136 0.52447456 1.0003713 0.5254814 0.51190275 0.9827411 0.5113093 0.51447976 0.5069718 0.98645765
1.0282096 0.5287124 0.91439945 0.9127091 1.0141612 1.0130024 1.0118452 1.0286036 0.99281836 0.99961257 0 0.5136859 0.1342254 1.014548 1.0172604 0.9853408 0.9958304 0.53094184 0.53419656 1.005704 1.0030329 1.0060863 0.5214621 1.0072346 1.0060863 0.9297863 1.0011308 1.0003713 1.0003713 0.910349
1.0126165 0.49662408 0.9100125 0.89667284 0.9962078 1.0122308 0.99885464 1.0262426 0.990942 0.9943229 0.5136859 0 0.5052045 1.0045581 1.0083846 0.97941184 0.9894442 0.49333504 0.496818 1.0126165 1.0076177 1.0022715 0.49488103 1.002652 1.0003713 0.8963424 1.0053219 0.99847597 1.0103053 0.8983274
1.0137748 0.5194605 0.90398026 0.8970035 0.99847597 1.0110749 1.0060863 1.0286036 0.98496884 0.9860852 0.1342254 0.5052045 0 1.0103053 1.0091523 0.9842255 0.9946995 0.52306724 0.52628785 1.000751 0.99923354 1.0045581 0.5089403 1.0053219 1.0083846 0.9130469 1.0072346 1.0126165 1.0030329 0.8973342
0.52810556 1.0293922 1.0110749 1.0064689 0.5196604 0.28601852 0.28763095 0.14361255 0.5279034 0.5166672 1.014548 1.0045581 1.0103053 0 0.11696423 0.27713925 0.27931294 1.0401208 1.0441338 0.29116106 0.2889528 0.28983533 1.0041765 0.29012972 0.363706 1.0003713 0.28865886 0.28763095 0.23166226 1.0049399
0.53033316 1.0282096 1.0219333 1.0157093 0.52487713 0.2806202 0.28207538 0.14640313 0.52608615 0.5214621 1.0172604 1.0083846 1.0091523 0.11696423 0 0.27612698 0.27699456 1.0341415 1.0401208 0.28440955 0.28207538 0.28543305 1.0068517 0.2858721 0.36451846 1.0041765 0.2868976 0.28704423 0.23357135 1.0064689
0.5256829 0.99131685 1.01069 1.0049399 0.50992644 0.2255586 0.2277231 0.2807656 0.515871 0.50953186 0.9853408 0.97941184 0.9842255 0.27713925 0.27612698 0 0.082584396 0.9901927 0.9894442 0.22718139 0.22420895 0.2288077 0.9872032 0.2289434 0.35562924 0.99961257 0.26053867 0.24070512 0.2712297 0.9920673
0.53297436 0.9977191 1.0266355 1.0141612 0.5132893 0.22948638 0.23288897 0.28003892 0.5202605 0.5115071 0.9958304 0.9894442 0.9946995 0.27931294 0.27699456 0.082584396 0 0.99885464 0.99885464 0.23098162 0.22826521 0.2288077 0.99169195 0.22948638 0.35466585 0.9969631 0.26323268 0.2459615 0.27281064 1.0122308
1.0211525 0.2288077 0.93151563 0.9184719 1.0060863 1.0297868 1.0099207 1.0353336 1.0030329 1.000751 0.53094184 0.49333504 0.52306724 1.0401208 1.0341415 0.9901927 0.99885464 0 0.07968735 1.0157093 1.019204 1.0215429 0.493142 1.0199828 1.0289978 0.9167723 1.0325551 1.0118452 1.0030329 0.90665525
1.0234975 0.23207094 0.93324894 0.9249654 1.0095364 1.0313674 1.0099207 1.0433295 0.99545324 1.0041765 0.53419656 0.496818 0.52628785 1.0441338 1.0401208 0.9894442 0.99885464 0.07968735 0 1.0211525 1.0180373 1.0195932 0.4983712 1.019204 1.0313674 0.9110226 1.0385218 1.0168724 1.0149349 0.910349
0.51926064 1.019204 0.99545324 0.9860852 0.5228664 0.15238315 0.15213813 0.28821814 0.53480834 0.52306724 1.005704 1.0126165 1.000751 0.29116106 0.28440955 0.22718139 0.23098162 1.0157093 1.0211525 0 0.032493845 0.1425234 1.0126165 0.1425234 0.36663502 0.9783054 0.26807785 0.25237417 0.2803295 0.9790429
0.5170656 1.0172604 0.9958304 0.9842255 0.52226424 0.15030305 0.15103655 0.2868976 0.5317542 0.52106136 1.0030329 1.0076177 0.99923354 0.2889528 0.28207538 0.22420895 0.22826521 1.019204 1.0180373 0.032493845 0 0.14059103 1.0064689 0.14047043 0.3650064 0.9764649 0.26722056 0.250696 0.27873266 0.9738958
0.52306724 1.0168724 1.0099207 1.0176488 0.5226656 0.15115887 0.15066971 0.28660446 0.53419656 0.52447456 1.0060863 1.0022715 1.0045581 0.28983533 0.28543305 0.2288077 0.2288077 1.0215429 1.0195932 0.1425234 0.14059103 0 1.0030329 0.0038096593 0.36941192 0.99169195 0.26836383 0.24999788 0.282804 0.990942
0.9977191 0.497206 0.89766514 0.8914027 1.0149349 1.0176488 1.0068517 1.0238891 0.99923354 1.0003713 0.5214621 0.49488103 0.5089403 1.0041765 1.0068517 0.9872032 0.99169195 0.493142 0.4983712 1.0126165 1.0064689 1.0030329 0 1.0037951 1.0003713 0.8910746 1.0034139 1.0099207 0.99056727 0.90498227
0.5232681 1.014548 1.0099207 1.0160967 0.52246493 0.15152594 0.15115887 0.28733754 0.53480834 0.5254814 1.0072346 1.002652 1.0053219 0.29012972 0.2858721 0.2289434 0.22948638 1.0199828 1.019204 0.1425234 0.14047043 0.0038096593 1.0037951 0 0.3695756 0.9946995 0.26822084 0.24943985 0.28294984 0.99281836
0.52166253 1.01146 0.9939465 0.98794943 0.51091397 0.36078832 0.3635436 0.36240783 0.5186613 0.51190275 1.0060863 1.0003713 1.0083846 0.363706 0.36451846 0.35562924 0.35466585 1.0289978 1.0313674 0.36663502 0.3650064 0.36941192 1.0003713 0.3695756 0 1.002652 0.36062655 0.36305663 0.36046484 0.9943229
0.99847597 0.928061 0.29116106 0.2967846 1.0076177 0.98907024 0.9950763 1.0118452 0.9738958 0.9827411 0.9297863 0.8963424 0.9130469 1.0003713 1.0041765 0.99961257 0.9969631 0.9167723 0.9110226 0.9783054 0.9764649 0.99169195 0.8910746 0.9946995 1.002652 0 0.99923354 0.9977191 1.0053219 0.2976764
0.5283078 1.0353336 1.0231062 1.0083846 0.51646805 0.26622158 0.26736337 0.28426346 0.5198604 0.5113093 1.0011308 1.0053219 1.0072346 0.28865886 0.2868976 0.26053867 0.26323268 1.0325551 1.0385218 0.26807785 0.26722056 0.26836383 1.0034139 0.26822084 0.36062655 0.99923354 0 0.266079 0.28222105 1.0130024
0.5228664 1.0022715 1.005704 0.99131685 0.5166672 0.24651696 0.2515346 0.28939393 0.52447456 0.51447976 1.0003713 0.99847597 1.0126165 0.28763095 0.28704423 0.24070512 0.2459615 1.0118452 1.0168724 0.25237417 0.250696 0.24999788 1.0099207 0.24943985 0.36305663 0.9977191 0.266079 0 0.28192973 0.99357027
0.52246493 0.9939465 1.019204 1.0068517 0.5075618 0.27989367 0.27902275 0.23220722 0.51786304 0.5069718 1.0003713 1.0103053 1.0030329 0.23166226 0.23357135 0.2712297 0.27281064 1.0030329 1.0149349 0.2803295 0.27873266 0.282804 0.99056727 0.28294984 0.36046484 1.0053219 0.28222105 0.28192973 0 0.9980974
0.9901927 0.92909575 0.23644413 0.24153262 1.0003713 0.9931942 0.9894442 1.002652 0.9764649 0.98645765 0.910349 0.8983274 0.8973342 1.0049399 1.0064689 0.9920673 1.0122308 0.90665525 0.910349 0.9790429 0.9738958 0.990942 0.90498227 0.99281836 0.9943229 0.2976764 1.0130024 0.99357027 0.9980974 0
