0 0.7799746 0.78994244 0.7882242 0.78879654 0.77181464 0.7830931 0.80295604 0.79483217 0.7994636 0.2589834 0.80295604 0.26039714 0.7945437 0.778279 0.77546155 0.778279 1.0022715 1.01146 0.7890828 0.7916646 0.7882242 0.80353975 0.7885103 0.25013745 1.0064689 0.25602314 0.7751804 0.25083572 0.2548985
0.7799746 0 0.14640313 0.40630734 0.4049334 0.20635414 0.2089922 0.40544835 0.41338858 0.40854537 0.76540554 0.4841254 0.7751804 0.40133873 0.1408323 0.14143583 0.14059103 0.99357027 0.9962078 0.40168035 0.40270612 0.2093887 0.47108158 0.20806782 0.75493515 0.97941184 0.7723746 0.20411906 0.7585007 0.7690214
0.78994244 0.14640313 0 0.40407598 0.40699527 0.2093887 0.21363124 0.40975326 0.41321507 0.41165528 0.76985824 0.4915996 0.7796917 0.4045903 0.13470393 0.13662118 0.13770178 1.0011308 1.002652 0.40424737 0.40647927 0.21097685 0.4788049 0.21084438 0.76540554 0.9946995 0.77884376 0.20965317 0.7687426 0.7765873
0.7882242 0.40630734 0.40407598 0 0.12377392 0.39861146 0.4045903 0.12625483 0.12708361 0.12365598 0.7673504 0.4718316 0.7723746 0.12059619 0.40219304 0.40304834 0.40236402 0.9827411 0.9768326 0.12118365 0.12094861 0.39946267 0.4744625 0.40202212 0.7609791 0.9790429 0.7676286 0.3974214 0.77153486 0.7763057
0.78879654 0.4049334 0.40699527 0.12377392 0 0.40099728 0.40527666 0.0955342 0.098037235 0.09371904 0.776869 0.47804788 0.78195757 0.087625116 0.40304834 0.40133873 0.4028772 0.9969631 0.99357027 0.08863734 0.088074826 0.40219304 0.4788049 0.40373325 0.7695792 0.9894442 0.7690214 0.40150952 0.7693002 0.77940893
0.77181464 0.20635414 0.2093887 0.39861146 0.40099728 0 0.09542062 0.4049334 0.40665123 0.40304834 0.75520885 0.48775735 0.761255 0.40014434 0.20622247 0.20595923 0.2085959 0.9764649 0.9779369 0.39844134 0.40065598 0.1638658 0.47033232 0.16411468 0.75002605 0.97206604 0.7629125 0.15828773 0.75384146 0.76042765
0.7830931 0.2089922 0.21363124 0.4045903 0.40527666 0.09542062 0 0.40785605 0.40889028 0.40373325 0.7701374 0.49294904 0.77856135 0.40150952 0.20952092 0.20806782 0.21005002 0.99281836 0.99056727 0.39963302 0.4028772 0.16660804 0.47861555 0.16673292 0.7565787 0.9950763 0.776869 0.16150555 0.76429653 0.77041674
0.80295604 0.40544835 0.40975326 0.12625483 0.0955342 0.4049334 0.40785605 0 0.09963443 0.094853 0.78565425 0.47937313 0.78994244 0.08091166 0.40630734 0.40424737 0.40562007 1.0015109 0.9943229 0.082584396 0.08236115 0.40253505 0.48089057 0.4039046 0.7822413 0.98794943 0.78110707 0.4049334 0.7830931 0.7928149
0.79483217 0.41338858 0.41321507 0.12708361 0.098037235 0.40665123 0.40889028 0.09963443 0 0.0829194 0.7796917 0.48279172 0.78793824 0.09111743 0.40992597 0.4100987 0.4100987 0.99999183 0.9977191 0.09303948 0.091795236 0.40596363 0.4826014 0.40716735 0.7757428 0.98869646 0.776869 0.40407598 0.78110707 0.7859394
0.7994636 0.40854537 0.41165528 0.12365598 0.09371904 0.40304834 0.40373325 0.094853 0.0829194 0 0.78394586 0.48051092 0.7893693 0.08695106 0.40579182 0.40733945 0.40630734 1.0049399 1.0003713 0.08874989 0.08818729 0.40321952 0.48279172 0.40476185 0.7765873 0.9939465 0.77940893 0.4028772 0.7802575 0.7885103
0.2589834 0.76540554 0.76985824 0.7673504 0.776869 0.75520885 0.7701374 0.78565425 0.7796917 0.78394586 0 0.799754 0.07260347 0.77321523 0.7706961 0.76457363 0.7629125 1.0003713 1.0041765 0.77209455 0.7743376 0.7706961 0.79310274 0.7737762 0.20595923 1.0037951 0.22366977 0.76512814 0.22084542 0.22272713
0.80295604 0.4841254 0.4915996 0.4718316 0.47804788 0.48775735 0.49294904 0.47937313 0.48279172 0.48051092 0.799754 0 0.8026644 0.47597006 0.48833245 0.48507947 0.48775735 1.0080011 1.0110749 0.47578144 0.47389796 0.48775735 0.24443612 0.48890796 0.79223955 1.0087683 0.80617183 0.4829821 0.7896558 0.80500084
0.26039714 0.7751804 0.7796917 0.7723746 0.78195757 0.761255 0.77856135 0.78994244 0.78793824 0.7893693 0.07260347 0.8026644 0 0.77856135 0.7796917 0.7729349 0.7737762 1.0083846 1.0130024 0.7757428 0.77940893 0.7796917 0.79425526 0.7805406 0.20952092 1.0118452 0.22407411 0.7774327 0.22259256 0.2274522
0.7945437 0.40133873 0.4045903 0.12059619 0.087625116 0.40014434 0.40150952 0.08091166 0.09111743 0.08695106 0.77321523 0.47597006 0.77856135 0 0.39946267 0.3975913 0.3981012 0.98348296 0.9790429 0.038049035 0.03741808 0.39963302 0.47578144 0.40099728 0.7687426 0.9779369 0.76846397 0.39572456 0.77209455 0.7805406
0.778279 0.1408323 0.13470393 0.40219304 0.40304834 0.20622247 0.20952092 0.40630734 0.40992597 0.40579182 0.7706961 0.48833245 0.7796917 0.39946267 0 0.036892682 0.03846997 0.9845971 0.9857129 0.39946267 0.40065598 0.21005002 0.47051957 0.21018235 0.76540554 0.97499573 0.7734957 0.20965317 0.76485085 0.77209455
0.77546155 0.14143583 0.13662118 0.40304834 0.40133873 0.20595923 0.20806782 0.40424737 0.4100987 0.40733945 0.76457363 0.48507947 0.7729349 0.3975913 0.036892682 0 0.03741808 0.98051995 0.9816297 0.3981012 0.39963302 0.21005002 0.46977088 0.2105795 0.761255 0.97316337 0.7726547 0.20925651 0.7607034 0.76790696
0.778279 0.14059103 0.13770178 0.40236402 0.4028772 0.2085959 0.21005002 0.40562007 0.4100987 0.40630734 0.7629125 0.48775735 0.7737762 0.3981012 0.03846997 0.03741808 0 0.9872032 0.98907024 0.39844134 0.39997387 0.21097685 0.46920985 0.21097685 0.7609791 0.9779369 0.7760242 0.20965317 0.761255 0.7723746
1.0022715 0.99357027 1.0011308 0.9827411 0.9969631 0.9764649 0.99281836 1.0015109 0.99999183 1.0049399 1.0003713 1.0080011 1.0083846 0.98348296 0.9845971 0.98051995 0.9872032 0 0.030824859 0.9842255 0.98832285 0.9857129 0.9958304 0.982 0.9920673 0.1953745 1.0022715 0.98757625 1.0053219 1.0110749
1.01146 0.9962078 1.002652 0.9768326 0.99357027 0.9779369 0.99056727 0.9943229 0.9977191 1.0003713 1.0041765 1.0110749 1.0130024 0.9790429 0.9857129 0.9816297 0.98907024 0.030824859 0 0.9808897 0.9838541 0.9831119 0.9943229 0.97978103 0.99961257 0.19550428 1.0118452 0.9857129 1.0103053 1.015322
0.7890828 0.40168035 0.40424737 0.12118365 0.08863734 0.39844134 0.39963302 0.082584396 0.09303948 0.08874989 0.77209455 0.47578144 0.7757428 0.038049035 0.39946267 0.3981012 0.39844134 0.9842255 0.9808897 0 0.021196732 0.39895183 0.47370988 0.39997387 0.76707226 0.98645765 0.7676286 0.3967422 0.7690214 0.77546155
0.7916646 0.40270612 0.40647927 0.12094861 0.088074826 0.40065598 0.4028772 0.08236115 0.091795236 0.08818729 0.7743376 0.47389796 0.77940893 0.03741808 0.40065598 0.39963302 0.39997387 0.98832285 0.9838541 0.021196732 0 0.39946267 0.471644 0.4008266 0.76846397 0.9838541 0.77041674 0.39776123 0.7712552 0.7779968
0.7882242 0.2093887 0.21097685 0.39946267 0.40219304 0.1638658 0.16660804 0.40253505 0.40596363 0.40321952 0.7706961 0.48775735 0.7796917 0.39963302 0.21005002 0.21005002 0.21097685 0.9857129 0.9831119 0.39895183 0.39946267 0 0.47540435 0.016479736 0.7601521 0.97941184 0.78082377 0.16423915 0.7598766 0.76790696
0.80353975 0.47108158 0.4788049 0.4744625 0.4788049 0.47033232 0.47861555 0.48089057 0.4826014 0.48279172 0.79310274 0.24443612 0.79425526 0.47578144 0.47051957 0.46977088 0.46920985 0.9958304 0.9943229 0.47370988 0.471644 0.47540435 0 0.47634742 0.7890828 0.98869646 0.7956984 0.46808907 0.7836615 0.79310274
0.7885103 0.20806782 0.21084438 0.40202212 0.40373325 0.16411468 0.16673292 0.4039046 0.40716735 0.40476185 0.7737762 0.48890796 0.7805406 0.40099728 0.21018235 0.2105795 0.21097685 0.982 0.97978103 0.39997387 0.4008266 0.016479736 0.47634742 0 0.7640195 0.97352946 0.7830931 0.16411468 0.761255 0.7695792
0.25013745 0.75493515 0.76540554 0.7609791 0.7695792 0.75002605 0.7565787 0.7822413 0.7757428 0.7765873 0.20595923 0.79223955 0.20952092 0.7687426 0.76540554 0.761255 0.7609791 0.9920673 0.99961257 0.76707226 0.76846397 0.7601521 0.7890828 0.7640195 0 1.000751 0.21696252 0.75384146 0.21990632 0.22111394
1.0064689 0.97941184 0.9946995 0.9790429 0.9894442 0.97206604 0.9950763 0.98794943 0.98869646 0.9939465 1.0037951 1.0087683 1.0118452 0.9779369 0.97499573 0.97316337 0.9779369 0.1953745 0.19550428 0.98645765 0.9838541 0.97941184 0.98869646 0.97352946 1.000751 0 1.0122308 0.98683035 1.0068517 1.0133885
0.25602314 0.7723746 0.77884376 0.7676286 0.7690214 0.7629125 0.776869 0.78110707 0.776869 0.77940893 0.22366977 0.80617183 0.22407411 0.76846397 0.7734957 0.7726547 0.7760242 1.0022715 1.0118452 0.7676286 0.77041674 0.78082377 0.7956984 0.7830931 0.21696252 1.0122308 0 0.7681854 0.18942927 0.18711564
0.7751804 0.20411906 0.20965317 0.3974214 0.40150952 0.15828773 0.16150555 0.4049334 0.40407598 0.4028772 0.76512814 0.4829821 0.7774327 0.39572456 0.20965317 0.20925651 0.20965317 0.98757625 0.9857129 0.3967422 0.39776123 0.16423915 0.46808907 0.16411468 0.75384146 0.98683035 0.7681854 0 0.7585007 0.76374257
0.25083572 0.7585007 0.7687426 0.77153486 0.7693002 0.75384146 0.76429653 0.7830931 0.78110707 0.7802575 0.22084542 0.7896558 0.22259256 0.77209455 0.76485085 0.7607034 0.761255 1.0053219 1.0103053 0.7690214 0.7712552 0.7598766 0.7836615 0.761255 0.21990632 1.0068517 0.18942927 0.7585007 0 0.15496069
0.2548985 0.7690214 0.7765873 0.7763057 0.77940893 0.76042765 0.77041674 0.7928149 0.7859394 0.7885103 0.22272713 0.80500084 0.2274522 0.7805406 0.77209455 0.76790696 0.7723746 1.0110749 1.015322 0.77546155 0.7779968 0.76790696 0.79310274 0.7695792 0.22111394 1.0133885 0.18711564 0.76374257 0.15496069 0
