0 0.90398026 0.9713354 0.60804766 0.97867405 0.96334505 0.903313 0.90264636 0.9842255 0.6662635 0.6116556 0.9046481 0.6116556 0.9939465 0.99056727 0.65876466 0.6575622 0.6198375 0.618924 0.671876 0.6723661 0.97243166 0.6103006 0.97170067 0.9069903 0.9626228 0.618924 0.9391723 0.9691478 0.9069903
0.90398026 0 1.0176488 0.93672764 1.0409217 1.0357314 0.5559132 0.55110216 1.0219333 0.91949344 0.92017525 0.43700978 0.91983426 1.015322 1.0266355 0.91439945 0.91406107 0.93116945 0.928061 0.90766084 0.9086678 1.0180373 0.92154074 1.0149349 0.35226277 1.0087683 0.932902 1.0266355 1.0337447 0.1732558
0.9713354 1.0176488 0 0.98237044 0.71367943 0.70903224 1.0034139 0.9898184 0.16473724 0.97170067 0.9753628 0.99545324 0.9738958 0.16835833 0.16810805 0.9680563 0.96406794 0.98237044 0.98794943 0.9669665 0.97426224 0.700841 0.9845971 0.70109564 0.990942 0.7018601 0.9790429 0.684224 0.7098048 1.0133885
0.60804766 0.93672764 0.98237044 0 0.99847597 0.9872032 0.90900373 0.91779155 0.9842255 0.65948707 0.1884001 0.9073255 0.18621783 0.99169195 0.99545324 0.65372705 0.6508636 0.1622501 0.16287111 0.6802505 0.6837262 0.98496884 0.3832859 0.9831119 0.90933985 0.9768326 0.28338745 0.9666036 1.0041765 0.92085767
0.97867405 1.0409217 0.71367943 0.99847597 0 0.1518932 1.0266355 1.0049399 0.7085177 0.9946995 0.9827411 1.0215429 0.9872032 0.7026252 0.7056938 0.99734104 0.9943229 0.9950763 1.0030329 0.99545324 0.99885464 0.34589195 1.0130024 0.34589195 1.0172604 0.3098206 1.0072346 0.3305084 0.21616167 1.049788
0.96334505 1.0357314 0.70903224 0.9872032 0.1518932 0 1.0118452 0.99961257 0.70697606 0.9801504 0.97941184 1.0130024 0.97867405 0.702115 0.7013504 0.9853408 0.9790429 0.9872032 0.9920673 0.99169195 0.99357027 0.34004673 1.0022715 0.33988938 1.01069 0.30020893 0.99131685 0.32277957 0.21150698 1.0353336
0.903313 0.5559132 1.0034139 0.90900373 1.0266355 1.0118452 0 0.13470393 1.015322 0.9259958 0.9100125 0.54322046 0.9029796 1.002652 1.0083846 0.92119914 0.92154074 0.8979962 0.89601207 0.9174517 0.9188122 1.01069 0.9036466 1.0133885 0.560333 1.0011308 0.9019803 1.0068517 1.0203725 0.5584356
0.90264636 0.55110216 0.9898184 0.91779155 1.0049399 0.99961257 0.13470393 0 1.0030329 0.91949344 0.9100125 0.5488121 0.9096761 0.99169195 0.9980974 0.9036466 0.9063204 0.9043141 0.9013148 0.91643286 0.9184719 0.99734104 0.91203403 0.99847597 0.5552839 0.9943229 0.903313 0.9980974 1.0045581 0.5559132
0.9842255 1.0219333 0.16473724 0.9842255 0.7085177 0.70697606 1.015322 1.0030329 0 0.9775687 0.9753628 1.0087683 0.97170067 0.124954276 0.124718055 0.98125964 0.97609735 0.9783054 0.98496884 0.9658782 0.97206604 0.70415795 0.99169195 0.70415795 1.0037951 0.6937464 0.9872032 0.68198633 0.70903224 1.0137748
0.6662635 0.91949344 0.97170067 0.65948707 0.9946995 0.9801504 0.9259958 0.91949344 0.9775687 0 0.6623838 0.91949344 0.65972805 0.97609735 0.9753628 0.11789983 0.11661368 0.66480625 0.6669932 0.45056275 0.45275414 0.9853408 0.6672366 0.9838541 0.9150766 0.9673296 0.66553456 0.9554389 0.9872032 0.92909575
0.6116556 0.92017525 0.9753628 0.1884001 0.9827411 0.97941184 0.9100125 0.9100125 0.9753628 0.6623838 0 0.8999856 0.04885736 0.9901927 0.99131685 0.6573219 0.65492344 0.19498533 0.19797416 0.6802505 0.6849714 0.9801504 0.3841199 0.9768326 0.8953518 0.9611805 0.27974844 0.95794547 0.9958304 0.91779155
0.9046481 0.43700978 0.99545324 0.9073255 1.0215429 1.0130024 0.54322046 0.5488121 1.0087683 0.91949344 0.8999856 0 0.895022 1.002652 1.0080011 0.9086678 0.90766084 0.9036466 0.9036466 0.8953518 0.89865875 1.01146 0.9046481 1.014548 0.43736804 0.99169195 0.9013148 1.0060863 1.0080011 0.43183428
0.6116556 0.91983426 0.9738958 0.18621783 0.9872032 0.97867405 0.9029796 0.9096761 0.97170067 0.65972805 0.04885736 0.895022 0 0.9842255 0.9853408 0.65660155 0.6542054 0.1942076 0.19719331 0.6748211 0.6812419 0.9768326 0.38295257 0.97426224 0.8923881 0.9608204 0.28134742 0.95508146 0.98907024 0.92017525
0.9939465 1.015322 0.16835833 0.99169195 0.7026252 0.702115 1.002652 0.99169195 0.124954276 0.97609735 0.9901927 1.002652 0.9842255 0 0.039417937 0.9842255 0.97573 0.98757625 0.9946995 0.9680563 0.97352946 0.7062064 0.99658537 0.70595 1.0003713 0.6993151 0.9790429 0.682483 0.7082605 1.01146
0.99056727 1.0266355 0.16810805 0.99545324 0.7056938 0.7013504 1.0083846 0.9980974 0.124718055 0.9753628 0.99131685 1.0080011 0.9853408 0.039417937 0 0.9853408 0.97609735 0.9920673 0.99847597 0.9691478 0.9746289 0.7018601 1.002652 0.7018601 0.99885464 0.6993151 0.98237044 0.68049824 0.70441365 1.0203725
0.65876466 0.91439945 0.9680563 0.65372705 0.99734104 0.9853408 0.92119914 0.9036466 0.98125964 0.11789983 0.6573219 0.9086678 0.65660155 0.9842255 0.9853408 0 0.023153748 0.65852404 0.6619002 0.44946945 0.45184028 0.99658537 0.66918653 0.9939465 0.9019803 0.9738958 0.66796726 0.9637064 0.9872032 0.9249654
0.6575622 0.91406107 0.96406794 0.6508636 0.9943229 0.9790429 0.92154074 0.9063204 0.97609735 0.11661368 0.65492344 0.90766084 0.6542054 0.97573 0.97609735 0.023153748 0 0.6573219 0.6604514 0.44601783 0.44855958 0.98683035 0.6672366 0.98348296 0.90098226 0.9655158 0.6640787 0.95794547 0.98348296 0.9259958
0.6198375 0.93116945 0.98237044 0.1622501 0.9950763 0.9872032 0.8979962 0.9043141 0.9783054 0.66480625 0.19498533 0.9036466 0.1942076 0.98757625 0.9920673 0.65852404 0.6573219 0 0.022535192 0.6852207 0.6889701 0.9753628 0.39217365 0.97426224 0.89865875 0.9655158 0.28851193 0.96479154 0.9980974 0.91779155
0.618924 0.928061 0.98794943 0.16287111 1.0030329 0.9920673 0.89601207 0.9013148 0.98496884 0.6669932 0.19797416 0.9036466 0.19719331 0.9946995 0.99847597 0.6619002 0.6604514 0.022535192 0 0.6847222 0.6884691 0.9831119 0.392005 0.982 0.8940332 0.9691478 0.28821814 0.9706055 1.0060863 0.91779155
0.671876 0.90766084 0.9669665 0.6802505 0.99545324 0.99169195 0.9174517 0.91643286 0.9658782 0.45056275 0.6802505 0.8953518 0.6748211 0.9680563 0.9691478 0.44946945 0.44601783 0.6852207 0.6847222 0 0.017195629 0.9894442 0.67654437 0.9838541 0.9019803 0.9658782 0.6854701 0.96226203 0.9946995 0.9174517
0.6723661 0.9086678 0.97426224 0.6837262 0.99885464 0.99357027 0.9188122 0.9184719 0.97206604 0.45275414 0.6849714 0.89865875 0.6812419 0.97352946 0.9746289 0.45184028 0.44855958 0.6889701 0.6884691 0.017195629 0 0.9924427 0.6775309 0.98683035 0.9043141 0.96479154 0.68721807 0.96406794 0.99357027 0.91915274
0.97243166 1.0180373 0.700841 0.98496884 0.34589195 0.34004673 1.01069 0.99734104 0.70415795 0.9853408 0.9801504 1.01146 0.9768326 0.7062064 0.7018601 0.99658537 0.98683035 0.9753628 0.9831119 0.9894442 0.9924427 0 0.9958304 0.009358142 1.0095364 0.34763852 1.0022715 0.20886007 0.35002682 1.019204
0.6103006 0.92154074 0.9845971 0.3832859 1.0130024 1.0022715 0.9036466 0.91203403 0.99169195 0.6672366 0.3841199 0.9046481 0.38295257 0.99658537 1.002652 0.66918653 0.6672366 0.39217365 0.392005 0.67654437 0.6775309 0.9958304 0 0.9931942 0.8910746 0.97499573 0.3930176 0.97573 0.99734104 0.9150766
0.97170067 1.0149349 0.70109564 0.9831119 0.34589195 0.33988938 1.0133885 0.99847597 0.70415795 0.9838541 0.9768326 1.014548 0.97426224 0.70595 0.7018601 0.9939465 0.98348296 0.97426224 0.982 0.9838541 0.98683035 0.009358142 0.9931942 0 1.0103053 0.3484338 0.9969631 0.20965317 0.3501863 1.0172604
0.9069903 0.35226277 0.990942 0.90933985 1.0172604 1.01069 0.560333 0.5552839 1.0037951 0.9150766 0.8953518 0.43736804 0.8923881 1.0003713 0.99885464 0.9019803 0.90098226 0.89865875 0.8940332 0.9019803 0.9043141 1.0095364 0.8910746 1.0103053 0 0.99545324 0.90264636 1.0072346 1.0126165 0.35354343
0.9626228 1.0087683 0.7018601 0.9768326 0.3098206 0.30020893 1.0011308 0.9943229 0.6937464 0.9673296 0.9611805 0.99169195 0.9608204 0.6993151 0.6993151 0.9738958 0.9655158 0.9655158 0.9691478 0.9658782 0.96479154 0.34763852 0.97499573 0.3484338 0.99545324 0 0.98832285 0.3297319 0.3137608 1.0172604
0.618924 0.932902 0.9790429 0.28338745 1.0072346 0.99131685 0.9019803 0.903313 0.9872032 0.66553456 0.27974844 0.9013148 0.28134742 0.9790429 0.98237044 0.66796726 0.6640787 0.28851193 0.28821814 0.6854701 0.68721807 1.0022715 0.3930176 0.9969631 0.90264636 0.98832285 0 0.9790429 1.0003713 0.9167723
0.9391723 1.0266355 0.684224 0.9666036 0.3305084 0.32277957 1.0068517 0.9980974 0.68198633 0.9554389 0.95794547 1.0060863 0.95508146 0.682483 0.68049824 0.9637064 0.95794547 0.96479154 0.9706055 0.96226203 0.96406794 0.20886007 0.97573 0.20965317 1.0072346 0.3297319 0.9790429 0 0.33816072 1.0223241
0.9691478 1.0337447 0.7098048 1.0041765 0.21616167 0.21150698 1.0203725 1.0045581 0.70903224 0.9872032 0.9958304 1.0080011 0.98907024 0.7082605 0.70441365 0.9872032 0.98348296 0.9980974 1.0060863 0.9946995 0.99357027 0.35002682 0.99734104 0.3501863 1.0126165 0.3137608 1.0003713 0.33816072 0 1.0433295
0.9069903 0.1732558 1.0133885 0.92085767 1.049788 1.0353336 0.5584356 0.5559132 1.0137748 0.92909575 0.91779155 0.43183428 0.92017525 1.01146 1.0203725 0.9249654 0.9259958 0.91779155 0.91779155 0.9174517 0.91915274 1.019204 0.9150766 1.0172604 0.35354343 1.0172604 0.9167723 1.0223241 1.0433295 0
