0 0.44222128 0.5196604 0.5301304 0.5182621 0.9764649 0.9583042 0.959741 0.95294064 0.9583042 0.5140827 0.94514287 0.51289284 0.9615409 0.9572284 0.49856558 0.5063822 0.51289284 0.51786304 0.98645765 0.98683035 0.9801504 0.40613547 0.98051995 0.40699527 0.44874147 0.4586293 0.9946995 0.5152744 0.45421863
0.44222128 0 0.53094184 0.53951573 0.53726065 0.9894442 0.9808897 0.97867405 0.9651536 0.9790429 0.5413658 0.9943229 0.5397211 0.9816297 0.97941184 0.52186304 0.5264896 0.52729714 0.5301304 1.0080011 1.015322 0.9950763 0.45257127 0.9946995 0.44819596 0.46902296 0.47634742 1.0211525 0.530536 0.32124332
0.5196604 0.53094184 0 0.30560035 0.39589408 0.97499573 0.9662408 0.9713354 0.97499573 0.9901927 0.39572456 0.98757625 0.3930176 0.9746289 0.97170067 0.46715635 0.46939683 0.3856234 0.3884716 1.001891 1.0003713 0.9783054 0.52810556 0.9764649 0.5446661 0.537056 0.5299277 1.015322 0.38780046 0.5391052
0.5301304 0.53951573 0.30560035 0 0.40596363 0.98907024 0.97573 0.9687838 0.9706055 0.97978103 0.40236402 0.9831119 0.40373325 0.9857129 0.9783054 0.47559288 0.47729164 0.40065598 0.40168035 1.0126165 1.0141612 0.98757625 0.5440462 0.98683035 0.5391052 0.55256313 0.5428079 1.0293922 0.39403155 0.5494359
0.5182621 0.53726065 0.39589408 0.40596363 0 0.9939465 0.98348296 0.99131685 0.97609735 0.9898184 0.2703688 0.98907024 0.26736337 1.0037951 0.99056727 0.472958 0.4771027 0.26722056 0.26864994 0.9977191 0.99734104 0.99169195 0.5246758 0.9920673 0.53195745 0.54095423 0.5428079 1.0130024 0.32601598 0.5421895
0.9764649 0.9894442 0.97499573 0.98907024 0.9939465 0 0.6882187 0.6852207 0.70160514 0.71083605 0.99169195 0.7005865 0.98645765 0.69906104 0.6899731 0.9465546 0.94867724 0.9713354 0.97720057 1.0274222 1.0349361 0.07381626 0.9691478 0.07271364 0.9943229 0.98869646 0.9924427 1.033348 0.9790429 0.99357027
0.9583042 0.9808897 0.9662408 0.97573 0.98348296 0.6882187 0 0.079464965 0.58413774 0.5951125 0.9669665 0.42141378 0.96010065 0.2022834 0.19628336 0.95258445 0.9511613 0.9543672 0.9568702 1.0270288 1.0341415 0.69198316 0.95794547 0.69097745 0.9698763 0.96298385 0.97024083 1.0141612 0.97609735 0.982
0.959741 0.97867405 0.9713354 0.9687838 0.99131685 0.6852207 0.079464965 0 0.58653843 0.5971051 0.9779369 0.4189622 0.9673296 0.20503858 0.20045221 0.959741 0.96010065 0.9680563 0.9709704 1.0534456 1.0587604 0.68972224 0.98125964 0.6884691 0.9753628 0.9698763 0.9783054 1.036926 0.9894442 0.97978103
0.95294064 0.9651536 0.97499573 0.9706055 0.97609735 0.70160514 0.58413774 0.58653843 0 0.06733413 0.98237044 0.5791428 0.9779369 0.59246385 0.58828926 0.93255514 0.93255514 0.96298385 0.96841997 1.0457449 1.0481682 0.7067194 0.9680563 0.70595 0.9662408 0.9658782 0.9842255 1.0195932 0.99056727 0.9395222
0.9583042 0.9790429 0.9901927 0.97978103 0.9898184 0.71083605 0.5951125 0.5971051 0.06733413 0 1.000751 0.59246385 0.99056727 0.5999927 0.5966618 0.9433819 0.94267863 0.97609735 0.9808897 1.0546688 1.0599923 0.71601385 0.97499573 0.7152349 0.9768326 0.97426224 0.98757625 1.0278157 1.005704 0.9511613
0.5140827 0.5413658 0.39572456 0.40236402 0.2703688 0.99169195 0.9669665 0.9779369 0.98237044 1.000751 0 0.9746289 0.05163752 0.9857129 0.97573 0.46808907 0.4740861 0.23002975 0.22975801 0.98832285 0.9872032 0.9924427 0.5356249 0.99131685 0.54095423 0.53726065 0.53419656 1.0172604 0.3306638 0.53664684
0.94514287 0.9943229 0.98757625 0.9831119 0.98907024 0.7005865 0.42141378 0.4189622 0.5791428 0.59246385 0.9746289 0 0.9662408 0.41966185 0.4163444 0.95151687 0.9518725 0.9662408 0.9698763 1.015322 1.0227151 0.70109564 0.96841997 0.69956917 0.9768326 0.9768326 0.9845971 1.0195932 0.98832285 0.97609735
0.51289284 0.5397211 0.3930176 0.40373325 0.26736337 0.98645765 0.96010065 0.9673296 0.9779369 0.99056727 0.05163752 0.9662408 0 0.9753628 0.9691478 0.466411 0.4723946 0.22528848 0.22542353 0.98757625 0.98496884 0.98907024 0.5285101 0.98794943 0.5331779 0.531551 0.5339927 1.0215429 0.32787165 0.5393104
0.9615409 0.9816297 0.9746289 0.9857129 1.0037951 0.69906104 0.2022834 0.20503858 0.59246385 0.5999927 0.9857129 0.41966185 0.9753628 0 0.044281904 0.9709704 0.9698763 0.9842255 0.9857129 1.0297868 1.0365276 0.7023701 0.97499573 0.70109564 0.9831119 0.9706055 0.97720057 1.018426 1.0015109 0.9845971
0.9572284 0.97941184 0.97170067 0.9783054 0.99056727 0.6899731 0.19628336 0.20045221 0.58828926 0.5966618 0.97573 0.4163444 0.9691478 0.044281904 0 0.96190137 0.96190137 0.97243166 0.97316337 1.030972 1.0393208 0.6927383 0.97316337 0.69173163 0.9753628 0.96190137 0.9746289 1.0188149 0.98907024 0.9827411
0.49856558 0.52186304 0.46715635 0.47559288 0.472958 0.9465546 0.95258445 0.959741 0.93255514 0.9433819 0.46808907 0.95151687 0.466411 0.9709704 0.96190137 0 0.033120673 0.46436512 0.46864927 0.9775687 0.97720057 0.9493862 0.5140827 0.94903165 0.5156721 0.5258845 0.5289148 0.9898184 0.471644 0.52931976
0.5063822 0.5264896 0.46939683 0.47729164 0.4771027 0.94867724 0.9511613 0.96010065 0.93255514 0.94267863 0.4740861 0.9518725 0.4723946 0.9698763 0.96190137 0.033120673 0 0.47014514 0.47352183 0.9779369 0.9764649 0.95151687 0.52246493 0.9511613 0.5240722 0.5331779 0.5358292 0.98832285 0.4771027 0.5337889
0.51289284 0.52729714 0.3856234 0.40065598 0.26722056 0.9713354 0.9543672 0.9680563 0.96298385 0.97609735 0.23002975 0.9662408 0.22528848 0.9842255 0.97243166 0.46436512 0.47014514 0 0.017400295 0.9801504 0.9816297 0.9695119 0.52367 0.9695119 0.5289148 0.5376702 0.5299277 1.0076177 0.32247207 0.5331779
0.51786304 0.5301304 0.3884716 0.40168035 0.26864994 0.97720057 0.9568702 0.9709704 0.96841997 0.9808897 0.22975801 0.9698763 0.22542353 0.9857129 0.97316337 0.46864927 0.47352183 0.017400295 0 0.9920673 0.9950763 0.9713354 0.5279034 0.9713354 0.53297436 0.5403374 0.5327709 1.0122308 0.32478142 0.53644234
0.98645765 1.0080011 1.001891 1.0126165 0.9977191 1.0274222 1.0270288 1.0534456 1.0457449 1.0546688 0.98832285 1.015322 0.98757625 1.0297868 1.030972 0.9775687 0.9779369 0.9801504 0.9920673 0 0.01607096 1.018426 0.9950763 1.018426 0.9950763 0.99169195 0.990942 0.34304264 0.99131685 1.0030329
0.98683035 1.015322 1.0003713 1.0141612 0.99734104 1.0349361 1.0341415 1.0587604 1.0481682 1.0599923 0.9872032 1.0227151 0.98496884 1.0365276 1.0393208 0.97720057 0.9764649 0.9816297 0.9950763 0.01607096 0 1.0254573 1.0022715 1.0254573 0.99847597 0.99847597 0.9939465 0.34525782 0.99131685 1.01069
0.9801504 0.9950763 0.9783054 0.98757625 0.99169195 0.07381626 0.69198316 0.68972224 0.7067194 0.71601385 0.9924427 0.70109564 0.98907024 0.7023701 0.6927383 0.9493862 0.95151687 0.9695119 0.9713354 1.018426 1.0254573 0 0.9713354 0.002403848 0.9901927 0.982 0.98645765 1.0286036 0.9753628 0.9946995
0.40613547 0.45257127 0.52810556 0.5440462 0.5246758 0.9691478 0.95794547 0.98125964 0.9680563 0.97499573 0.5356249 0.96841997 0.5285101 0.97499573 0.97316337 0.5140827 0.52246493 0.52367 0.5279034 0.9950763 1.0022715 0.9713354 0 0.9709704 0.39776123 0.4630661 0.47108158 1.0149349 0.5283078 0.46251008
0.98051995 0.9946995 0.9764649 0.98683035 0.9920673 0.07271364 0.69097745 0.6884691 0.70595 0.7152349 0.99131685 0.69956917 0.98794943 0.70109564 0.69173163 0.94903165 0.9511613 0.9695119 0.9713354 1.018426 1.0254573 0.002403848 0.9709704 0 0.98907024 0.9808897 0.9872032 1.0270288 0.9753628 0.9943229
0.40699527 0.44819596 0.5446661 0.5391052 0.53195745 0.9943229 0.9698763 0.9753628 0.9662408 0.9768326 0.54095423 0.9768326 0.5331779 0.9831119 0.9753628 0.5156721 0.5240722 0.5289148 0.53297436 0.9950763 0.99847597 0.9901927 0.39776123 0.98907024 0 0.46883607 0.472958 1.001891 0.5321607 0.46436512
0.44874147 0.46902296 0.537056 0.55256313 0.54095423 0.98869646 0.96298385 0.9698763 0.9658782 0.97426224 0.53726065 0.9768326 0.531551 0.9706055 0.96190137 0.5258845 0.5331779 0.5376702 0.5403374 0.99169195 0.99847597 0.982 0.4630661 0.9808897 0.46883607 0 0.4087178 0.99658537 0.5430141 0.47370988
0.4586293 0.47634742 0.5299277 0.5428079 0.5428079 0.9924427 0.97024083 0.9783054 0.9842255 0.98757625 0.53419656 0.9845971 0.5339927 0.97720057 0.9746289 0.5289148 0.5358292 0.5299277 0.5327709 0.990942 0.9939465 0.98645765 0.47108158 0.9872032 0.472958 0.4087178 0 1.0164845 0.5352165 0.47937313
0.9946995 1.0211525 1.015322 1.0293922 1.0130024 1.033348 1.0141612 1.036926 1.0195932 1.0278157 1.0172604 1.0195932 1.0215429 1.018426 1.0188149 0.9898184 0.98832285 1.0076177 1.0122308 0.34304264 0.34525782 1.0286036 1.0149349 1.0270288 1.001891 0.99658537 1.0164845 0 1.015322 1.0203725
0.5152744 0.530536 0.38780046 0.39403155 0.32601598 0.9790429 0.97609735 0.9894442 0.99056727 1.005704 0.3306638 0.98832285 0.32787165 1.0015109 0.98907024 0.471644 0.4771027 0.32247207 0.32478142 0.99131685 0.99131685 0.9753628 0.5283078 0.9753628 0.5321607 0.5430141 0.5352165 1.015322 0 0.5448729
0.45421863 0.32124332 0.5391052 0.5494359 0.5421895 0.99357027 0.982 0.97978103 0.9395222 0.9511613 0.53664684 0.97609735 0.5393104 0.9845971 0.9827411 0.52931976 0.5337889 0.5331779 0.53644234 1.0030329 1.01069 0.9946995 0.46251008 0.9943229 0.46436512 0.47370988 0.47937313 1.0203725 0.5448729 0
