0 0.7737762 0.7757428 0.77940893 0.7459595 0.7598766 0.7737762 0.7394986 0.7763057 0.782809 0.7693002 0.6922348 0.77209455 0.7397667 0.74406934 0.7563045 0.756853 0.69399863 0.6922348 0.75822586 0.750842 0.7243734 1.0060863 0.7243734 1.0095364 0.7196597 0.70748955 0.72700495 0.7328271 0.77856135
0.7737762 0 0.75384146 0.7640195 0.7701374 0.4771027 0.4846977 0.77884376 0.15103655 0.1555757 0.1525057 0.7574018 0.15287343 0.77209455 0.7695792 0.7709756 0.7723746 0.7681854 0.7690214 0.77041674 0.76374257 0.75302225 1.0076177 0.75466156 0.9808897 0.7565787 0.7779968 0.7587757 0.7593259 0.4881407
0.7757428 0.75384146 0 0.14701116 0.78879654 0.76042765 0.7746184 0.7757428 0.75603044 0.76042765 0.761255 0.7563045 0.7601521 0.7774327 0.7763057 0.78708094 0.7853693 0.7631891 0.7629125 0.78110707 0.7763057 0.7486681 1.01146 0.7511142 1.0003713 0.75493515 0.77181464 0.7522039 0.761531 0.7693002
0.77940893 0.7640195 0.14701116 0 0.78337723 0.7601521 0.7701374 0.7765873 0.76346576 0.7693002 0.7676286 0.7532952 0.76707226 0.778279 0.77856135 0.79109013 0.7882242 0.76512814 0.7631891 0.7779968 0.77405685 0.7483968 0.9980974 0.7511142 0.99885464 0.7565787 0.7765873 0.7535683 0.7629125 0.7598766
0.7459595 0.7701374 0.78879654 0.78337723 0 0.7791263 0.782809 0.14664629 0.77489936 0.782809 0.776869 0.7293813 0.7779968 0.14300726 0.14337038 0.20714457 0.2085959 0.74514884 0.74433905 0.16498642 0.16150555 0.56096655 1.0076177 0.56202364 1.0034139 0.5616006 0.74541897 0.5774132 0.5832667 0.7746184
0.7598766 0.4771027 0.76042765 0.7601521 0.7791263 0 0.116146535 0.7659607 0.47785875 0.48070073 0.4714565 0.7618071 0.47277015 0.7601521 0.7587757 0.7729349 0.7760242 0.7620833 0.75493515 0.7723746 0.7656831 0.7609791 1.0060863 0.7607034 1.0083846 0.7532952 0.76457363 0.7598766 0.77546155 0.1646127
0.7737762 0.4846977 0.7746184 0.7701374 0.782809 0.116146535 0 0.7706961 0.48488855 0.49121448 0.47994182 0.7743376 0.4829821 0.77321523 0.77209455 0.7799746 0.78195757 0.76374257 0.75603044 0.7799746 0.7734957 0.76623845 1.000751 0.76651627 0.99357027 0.7590508 0.77489936 0.7729349 0.782809 0.16986184
0.7394986 0.77884376 0.7757428 0.7765873 0.14664629 0.7659607 0.7706961 0 0.7743376 0.7822413 0.776869 0.72858834 0.7796917 0.11602979 0.11719802 0.20952092 0.21124187 0.74975425 0.7527494 0.17161976 0.16735767 0.5616006 0.99999183 0.5637181 0.9969631 0.5592783 0.74677104 0.5739659 0.58675706 0.7706961
0.7763057 0.15103655 0.75603044 0.76346576 0.77489936 0.47785875 0.48488855 0.7743376 0 0.045662243 0.102151215 0.7618071 0.10249507 0.76790696 0.76429653 0.7757428 0.7765873 0.76985824 0.7706961 0.7656831 0.761531 0.7522039 1.0076177 0.7527494 0.9845971 0.75603044 0.7842303 0.75302225 0.7524766 0.48890796
0.782809 0.1555757 0.76042765 0.7693002 0.782809 0.48070073 0.49121448 0.7822413 0.045662243 0 0.10640312 0.76346576 0.10605747 0.7779968 0.7737762 0.782809 0.7842303 0.7746184 0.7746184 0.77153486 0.76651627 0.7659607 1.0188149 0.76651627 0.98869646 0.76651627 0.78736657 0.7607034 0.7620833 0.49488103
0.7693002 0.1525057 0.761255 0.7676286 0.776869 0.4714565 0.47994182 0.776869 0.102151215 0.10640312 0 0.75960124 0.044918668 0.77209455 0.76790696 0.7791263 0.77856135 0.7687426 0.7667942 0.7676286 0.76346576 0.7598766 0.99999183 0.7598766 0.9753628 0.7629125 0.7796917 0.76346576 0.76429653 0.48355353
0.6922348 0.7574018 0.7563045 0.7532952 0.7293813 0.7618071 0.7743376 0.72858834 0.7618071 0.76346576 0.75960124 0 0.76042765 0.7227989 0.7222747 0.7328271 0.7338906 0.43575725 0.4366517 0.732296 0.72858834 0.7105781 0.9857129 0.71083605 0.98645765 0.7023701 0.43343666 0.70441365 0.71887696 0.76846397
0.77209455 0.15287343 0.7601521 0.76707226 0.7779968 0.47277015 0.4829821 0.7796917 0.10249507 0.10605747 0.044918668 0.76042765 0 0.7729349 0.7706961 0.7825251 0.7813905 0.7676286 0.76651627 0.7706961 0.76429653 0.7659607 1.0037951 0.76623845 0.97941184 0.76540554 0.7743376 0.76346576 0.76707226 0.48641723
0.7397667 0.77209455 0.7774327 0.778279 0.14300726 0.7601521 0.77321523 0.11602979 0.76790696 0.7779968 0.77209455 0.7227989 0.7729349 0 0.031763207 0.20952092 0.21031472 0.74650043 0.74677104 0.16573443 0.16113356 0.5616006 0.9872032 0.5632941 0.98832285 0.5582251 0.73602206 0.5763342 0.58174473 0.7667942
0.74406934 0.7695792 0.7763057 0.77856135 0.14337038 0.7587757 0.77209455 0.11719802 0.76429653 0.7737762 0.76790696 0.7222747 0.7706961 0.031763207 0 0.20952092 0.21018235 0.74650043 0.7456892 0.16635834 0.16200183 0.55991095 0.98645765 0.56117785 0.9872032 0.5582251 0.73495555 0.5756876 0.58131045 0.76346576
0.7563045 0.7709756 0.78708094 0.79109013 0.20714457 0.7729349 0.7799746 0.20952092 0.7757428 0.782809 0.7791263 0.7328271 0.7825251 0.20952092 0.20952092 0 0.031241756 0.73149997 0.73149997 0.21576156 0.21071193 0.56096655 0.99923354 0.5630822 0.99357027 0.56477904 0.7309697 0.57289183 0.5808764 0.76846397
0.756853 0.7723746 0.7853693 0.7882242 0.2085959 0.7760242 0.78195757 0.21124187 0.7765873 0.7842303 0.77856135 0.7338906 0.7813905 0.21031472 0.21018235 0.031241756 0 0.732296 0.7333587 0.21616167 0.21137442 0.56096655 0.99961257 0.5630822 0.99885464 0.5624469 0.7325615 0.5707484 0.57957584 0.7667942
0.69399863 0.7681854 0.7631891 0.76512814 0.74514884 0.7620833 0.76374257 0.74975425 0.76985824 0.7746184 0.7687426 0.43575725 0.7676286 0.74650043 0.74650043 0.73149997 0.732296 0 0.025219295 0.750842 0.74677104 0.7113522 1.0076177 0.71212715 1.0034139 0.714716 0.31254622 0.7082605 0.71601385 0.7676286
0.6922348 0.7690214 0.7629125 0.7631891 0.74433905 0.75493515 0.75603044 0.7527494 0.7706961 0.7746184 0.7667942 0.4366517 0.76651627 0.74677104 0.7456892 0.73149997 0.7333587 0.025219295 0 0.7511142 0.7459595 0.7087749 1.005704 0.70954716 1.005704 0.7141975 0.31239453 0.7049255 0.71601385 0.75960124
0.75822586 0.77041674 0.78110707 0.7779968 0.16498642 0.7723746 0.7799746 0.17161976 0.7656831 0.77153486 0.7676286 0.732296 0.7706961 0.16573443 0.16635834 0.21576156 0.21616167 0.750842 0.7511142 0 0.028951678 0.5731065 1.018426 0.573751 0.9977191 0.567971 0.74514884 0.57979244 0.5920233 0.7743376
0.750842 0.76374257 0.7763057 0.77405685 0.16150555 0.7656831 0.7734957 0.16735767 0.761531 0.76651627 0.76346576 0.72858834 0.76429653 0.16113356 0.16200183 0.21071193 0.21137442 0.74677104 0.7459595 0.028951678 0 0.5626586 1.0076177 0.5630822 0.98794943 0.5582251 0.7376246 0.57224816 0.5828315 0.7690214
0.7243734 0.75302225 0.7486681 0.7483968 0.56096655 0.7609791 0.76623845 0.5616006 0.7522039 0.7659607 0.7598766 0.7105781 0.7659607 0.5616006 0.55991095 0.56096655 0.56096655 0.7113522 0.7087749 0.5731065 0.5626586 0 0.99847597 0.006124942 0.98237044 0.38195345 0.7113522 0.23493797 0.20793585 0.7587757
1.0060863 1.0076177 1.01146 0.9980974 1.0076177 1.0060863 1.000751 0.99999183 1.0076177 1.0188149 0.99999183 0.9857129 1.0037951 0.9872032 0.98645765 0.99923354 0.99961257 1.0076177 1.005704 1.018426 1.0076177 0.99847597 0 0.9980974 0.42387336 0.9931942 1.0180373 0.9977191 0.9898184 0.9980974
0.7243734 0.75466156 0.7511142 0.7511142 0.56202364 0.7607034 0.76651627 0.5637181 0.7527494 0.76651627 0.7598766 0.71083605 0.76623845 0.5632941 0.56117785 0.5630822 0.5630822 0.71212715 0.70954716 0.573751 0.5630822 0.006124942 0.9980974 0 0.9853408 0.38295257 0.7110941 0.23603305 0.20886007 0.7590508
1.0095364 0.9808897 1.0003713 0.99885464 1.0034139 1.0083846 0.99357027 0.9969631 0.9845971 0.98869646 0.9753628 0.98645765 0.97941184 0.98832285 0.9872032 0.99357027 0.99885464 1.0034139 1.005704 0.9977191 0.98794943 0.98237044 0.42387336 0.9853408 0 0.98348296 1.0238891 0.98237044 0.97941184 0.98869646
0.7196597 0.7565787 0.75493515 0.7565787 0.5616006 0.7532952 0.7590508 0.5592783 0.75603044 0.76651627 0.7629125 0.7023701 0.76540554 0.5582251 0.5582251 0.56477904 0.5624469 0.714716 0.7141975 0.567971 0.5582251 0.38195345 0.9931942 0.38295257 0.98348296 0 0.71032023 0.3768125 0.383953 0.7587757
0.70748955 0.7779968 0.77181464 0.7765873 0.74541897 0.76457363 0.77489936 0.74677104 0.7842303 0.78736657 0.7796917 0.43343666 0.7743376 0.73602206 0.73495555 0.7309697 0.7325615 0.31254622 0.31239453 0.74514884 0.7376246 0.7113522 1.0180373 0.7110941 1.0238891 0.71032023 0 0.70646286 0.71342045 0.7729349
0.72700495 0.7587757 0.7522039 0.7535683 0.5774132 0.7598766 0.7729349 0.5739659 0.75302225 0.7607034 0.76346576 0.70441365 0.76346576 0.5763342 0.5756876 0.57289183 0.5707484 0.7082605 0.7049255 0.57979244 0.57224816 0.23493797 0.9977191 0.23603305 0.98237044 0.3768125 0.70646286 0 0.24540646 0.7609791
0.7328271 0.7593259 0.761531 0.7629125 0.5832667 0.77546155 0.782809 0.58675706 0.7524766 0.7620833 0.76429653 0.71887696 0.76707226 0.58174473 0.58131045 0.5808764 0.57957584 0.71601385 0.71601385 0.5920233 0.5828315 0.20793585 0.9898184 0.20886007 0.97941184 0.383953 0.71342045 0.24540646 0 0.7746184
0.77856135 0.4881407 0.7693002 0.7598766 0.7746184 0.1646127 0.16986184 0.7706961 0.48890796 0.49488103 0.48355353 0.76846397 0.48641723 0.7667942 0.76346576 0.76846397 0.7667942 0.7676286 0.75960124 0.7743376 0.7690214 0.7587757 0.9980974 0.7590508 0.98869646 0.7587757 0.7729349 0.7609791 0.7746184 0
