0 0.5430141 0.5481887 0.5419835 0.3962332 0.39335543 0.54528654 0.54528654 0.39133066 0.5459075 0.39403155 0.3911622 0.39640284 0.53951573 0.5421895 0.38947943 0.3930176 0.3884716 0.38763276 0.54860425 0.54694355 0.5434268 0.3965725 0.54322046 1.0015109 0.5374654 0.5450797 0.53951573 0.9931942 0.99885464
0.5430141 0 0.520861 0.52608615 0.5656289 0.56626695 0.085268565 0.08314281 0.5613892 0.5279034 0.5618121 0.5597 0.5632941 0.23084556 0.23030159 0.56054413 0.56202364 0.5450797 0.5444594 0.52527994 0.52346903 0.52246493 0.5575939 0.5228664 0.9764649 0.52346903 0.52810556 0.52709514 0.98496884 0.9764649
0.5481887 0.520861 0 0.08169181 0.5578042 0.5586462 0.5299277 0.52527994 0.5531901 0.08236115 0.5506852 0.5546552 0.5548647 0.5156721 0.51886106 0.5506852 0.5544457 0.547981 0.54902 0.0820264 0.08146882 0.09224745 0.5521454 0.09247366 1.0053219 0.17224857 0.34907058 0.3439912 0.9842255 0.9845971
0.5419835 0.52608615 0.08169181 0 0.55675304 0.5573836 0.53134793 0.5279034 0.55006033 0.084148996 0.5477734 0.5548647 0.5523542 0.5182621 0.5202605 0.54860425 0.5523542 0.549644 0.5504769 0.08314281 0.08236115 0.095079996 0.55131066 0.095079996 1.0045581 0.17565337 0.35130367 0.34320065 0.98794943 0.9872032
0.3962332 0.5656289 0.5578042 0.55675304 0 0.06656877 0.5720337 0.56541634 0.084372774 0.56393015 0.08695106 0.21349831 0.08874989 0.5571734 0.55948913 0.08459662 0.086838774 0.19693321 0.19810438 0.5637181 0.5628704 0.5561231 0.19433716 0.5561231 1.0072346 0.5592783 0.55948913 0.5519366 1.0037951 1.0060863
0.39335543 0.56626695 0.5586462 0.5573836 0.06656877 0 0.5713908 0.56711847 0.08638981 0.5649914 0.08920027 0.21629508 0.090778746 0.5559132 0.55991095 0.08661426 0.089425564 0.19784397 0.19940782 0.5643545 0.56350607 0.5569632 0.19589372 0.5571734 0.99923354 0.5578042 0.5557034 0.54322046 0.99734104 0.99545324
0.54528654 0.085268565 0.5299277 0.53134793 0.5720337 0.5713908 0 0.047151603 0.5677578 0.5331779 0.568611 0.5677578 0.5677578 0.23439102 0.23316185 0.5656289 0.5692516 0.5531901 0.5546552 0.5317542 0.53033316 0.5285101 0.5677578 0.5291173 0.9775687 0.5283078 0.5301304 0.52931976 0.98683035 0.9827411
0.54528654 0.08314281 0.52527994 0.5279034 0.56541634 0.56711847 0.047151603 0 0.56350607 0.5289148 0.56520385 0.56012195 0.5643545 0.23288897 0.23193468 0.5626586 0.56456673 0.5477734 0.5492279 0.5277012 0.52628785 0.52527994 0.56584156 0.5254814 0.97352946 0.52387106 0.5307389 0.52810556 0.98907024 0.9816297
0.39133066 0.5613892 0.5531901 0.55006033 0.084372774 0.08638981 0.5677578 0.56350607 0 0.5586462 0.036052816 0.2093887 0.037628338 0.5533992 0.5546552 0.034166552 0.03615775 0.19394852 0.19394852 0.55991095 0.55885684 0.5504769 0.19110468 0.5502686 1.0099207 0.5515193 0.5515193 0.54528654 1.0034139 1.0072346
0.5459075 0.5279034 0.08236115 0.084148996 0.56393015 0.5649914 0.5331779 0.5289148 0.5586462 0 0.5575939 0.55675304 0.56202364 0.52306724 0.5250785 0.5582251 0.56096655 0.5559132 0.556333 0.03552838 0.035004307 0.09519352 0.5626586 0.0955342 1.0095364 0.1752743 0.35338324 0.34446594 0.99169195 0.9946995
0.39403155 0.5618121 0.5506852 0.5477734 0.08695106 0.08920027 0.568611 0.56520385 0.036052816 0.5575939 0 0.21018235 0.032493845 0.5529811 0.5550743 0.031033278 0.032076247 0.19446675 0.19485565 0.556543 0.5554936 0.5475659 0.19226676 0.54694355 1.0011308 0.5488121 0.55402696 0.5492279 0.99961257 1.0041765
0.3911622 0.5597 0.5546552 0.5548647 0.21349831 0.21629508 0.5677578 0.56012195 0.2093887 0.55675304 0.21018235 0 0.2148288 0.55402696 0.5559132 0.21005002 0.21190482 0.21283394 0.21270114 0.5584356 0.5571734 0.5552839 0.2188345 0.5552839 1.0141612 0.55381763 0.560333 0.55089366 1.0126165 1.0072346
0.39640284 0.5632941 0.5548647 0.5523542 0.08874989 0.090778746 0.5677578 0.5643545 0.037628338 0.56202364 0.032493845 0.2148288 0 0.5559132 0.5578042 0.032389425 0.034375902 0.19784397 0.19771379 0.5618121 0.56117785 0.5521454 0.1953745 0.55172795 1.0099207 0.5546552 0.5571734 0.54860425 1.01146 1.0141612
0.53951573 0.23084556 0.5156721 0.5182621 0.5571734 0.5559132 0.23439102 0.23288897 0.5533992 0.52306724 0.5529811 0.55402696 0.5559132 0 0.025115883 0.5529811 0.5557034 0.5413658 0.5413658 0.52306724 0.52226424 0.51926064 0.55172795 0.5200604 0.97206604 0.5172649 0.52367 0.51607 0.9962078 0.9898184
0.5421895 0.23030159 0.51886106 0.5202605 0.55948913 0.55991095 0.23316185 0.23193468 0.5546552 0.5250785 0.5550743 0.5559132 0.5578042 0.025115883 0 0.5531901 0.5571734 0.54425275 0.5444594 0.5246758 0.52387106 0.5204606 0.5544457 0.5212617 0.97426224 0.5174642 0.5258845 0.5172649 0.99923354 0.99131685
0.38947943 0.56054413 0.5506852 0.54860425 0.08459662 0.08661426 0.5656289 0.5626586 0.034166552 0.5582251 0.031033278 0.21005002 0.032389425 0.5529811 0.5531901 0 0.019860659 0.19446675 0.19459637 0.55801463 0.5571734 0.549644 0.19136275 0.5492279 1.0011308 0.5502686 0.55172795 0.54570043 0.99734104 0.99999183
0.3930176 0.56202364 0.5544457 0.5523542 0.086838774 0.089425564 0.5692516 0.56456673 0.03615775 0.56096655 0.032076247 0.21190482 0.034375902 0.5557034 0.5571734 0.019860659 0 0.1966732 0.1968032 0.56054413 0.5597 0.5519366 0.19368954 0.55172795 1.0099207 0.5523542 0.5546552 0.54860425 1.0030329 1.0072346
0.3884716 0.5450797 0.547981 0.549644 0.19693321 0.19784397 0.5531901 0.5477734 0.19394852 0.5559132 0.19446675 0.21283394 0.19784397 0.5413658 0.54425275 0.19446675 0.1966732 0 0.010979982 0.55675304 0.5557034 0.54902 0.20058286 0.54902 0.99847597 0.5521454 0.54694355 0.5421895 0.99169195 0.9853408
0.38763276 0.5444594 0.54902 0.5504769 0.19810438 0.19940782 0.5546552 0.5492279 0.19394852 0.556333 0.19485565 0.21270114 0.19771379 0.5413658 0.5444594 0.19459637 0.1968032 0.010979982 0 0.5573836 0.556333 0.55110216 0.20189062 0.5506852 1.0072346 0.5523542 0.55006033 0.5428079 0.9980974 0.9924427
0.54860425 0.52527994 0.0820264 0.08314281 0.5637181 0.5643545 0.5317542 0.5277012 0.55991095 0.03552838 0.556543 0.5584356 0.5618121 0.52306724 0.5246758 0.55801463 0.56054413 0.55675304 0.5573836 0 0.0053188154 0.0942858 0.5632941 0.094512634 1.002652 0.17363384 0.35370368 0.34605056 0.9831119 0.9831119
0.54694355 0.52346903 0.08146882 0.08236115 0.5628704 0.56350607 0.53033316 0.52628785 0.55885684 0.035004307 0.5554936 0.5571734 0.56117785 0.52226424 0.52387106 0.5571734 0.5597 0.5557034 0.556333 0.0053188154 0 0.09371904 0.56223524 0.09405905 1.002652 0.17262612 0.3524227 0.3450994 0.9853408 0.9831119
0.5434268 0.52246493 0.09224745 0.095079996 0.5561231 0.5569632 0.5285101 0.52527994 0.5504769 0.09519352 0.5475659 0.5552839 0.5521454 0.51926064 0.5204606 0.549644 0.5519366 0.54902 0.55110216 0.0942858 0.09371904 0 0.55381763 0.004211804 1.0199828 0.17250025 0.34827465 0.34020412 1.0022715 1.0030329
0.3965725 0.5575939 0.5521454 0.55131066 0.19433716 0.19589372 0.5677578 0.56584156 0.19110468 0.5626586 0.19226676 0.2188345 0.1953745 0.55172795 0.5544457 0.19136275 0.19368954 0.20058286 0.20189062 0.5632941 0.56223524 0.55381763 0 0.5531901 1.0122308 0.55131066 0.5533992 0.5419835 1.0037951 1.0034139
0.54322046 0.5228664 0.09247366 0.095079996 0.5561231 0.5571734 0.5291173 0.5254814 0.5502686 0.0955342 0.54694355 0.5552839 0.55172795 0.5200604 0.5212617 0.5492279 0.55172795 0.54902 0.5506852 0.094512634 0.09405905 0.004211804 0.5531901 0 1.019204 0.17262612 0.34891135 0.34036154 1.0022715 1.002652
1.0015109 0.9764649 1.0053219 1.0045581 1.0072346 0.99923354 0.9775687 0.97352946 1.0099207 1.0095364 1.0011308 1.0141612 1.0099207 0.97206604 0.97426224 1.0011308 1.0099207 0.99847597 1.0072346 1.002652 1.002652 1.0199828 1.0122308 1.019204 0 1.0122308 1.0041765 1.0045581 0.19084668 0.1966732
0.5374654 0.52346903 0.17224857 0.17565337 0.5592783 0.5578042 0.5283078 0.52387106 0.5515193 0.1752743 0.5488121 0.55381763 0.5546552 0.5172649 0.5174642 0.5502686 0.5523542 0.5521454 0.5523542 0.17363384 0.17262612 0.17250025 0.55131066 0.17262612 1.0122308 0 0.34304264 0.33346638 1.0080011 1.0015109
0.5450797 0.52810556 0.34907058 0.35130367 0.55948913 0.5557034 0.5301304 0.5307389 0.5515193 0.35338324 0.55402696 0.560333 0.5571734 0.52367 0.5258845 0.55172795 0.5546552 0.54694355 0.55006033 0.35370368 0.3524227 0.34827465 0.5533992 0.34891135 1.0041765 0.34304264 0 0.14518856 1.0022715 0.9950763
0.53951573 0.52709514 0.3439912 0.34320065 0.5519366 0.54322046 0.52931976 0.52810556 0.54528654 0.34446594 0.5492279 0.55089366 0.54860425 0.51607 0.5172649 0.54570043 0.54860425 0.5421895 0.5428079 0.34605056 0.3450994 0.34020412 0.5419835 0.34036154 1.0045581 0.33346638 0.14518856 0 0.99923354 0.9939465
0.9931942 0.98496884 0.9842255 0.98794943 1.0037951 0.99734104 0.98683035 0.98907024 1.0034139 0.99169195 0.99961257 1.0126165 1.01146 0.9962078 0.99923354 0.99734104 1.0030329 0.99169195 0.9980974 0.9831119 0.9853408 1.0022715 1.0037951 1.0022715 0.19084668 1.0080011 1.0022715 0.99923354 0 0.081134476
0.99885464 0.9764649 0.9845971 0.9872032 1.0060863 0.99545324 0.9827411 0.9816297 1.0072346 0.9946995 1.0041765 1.0072346 1.0141612 0.9898184 0.99131685 0.99999183 1.0072346 0.9853408 0.9924427 0.9831119 0.9831119 1.0030329 1.0034139 1.002652 0.1966732 1.0015109 0.9950763 0.9939465 0.081134476 0
