0 1.5396451454144 1.78672560444102 1.47948953788728 1.06236872496083 1.38392203999683 1.39840718219057 1.35087141650729 1.02857655356638 1.59204176976345 1.74276815890335 1.51552851777524 1.66928959195502 1.54204765963368 1.69729959079996 1.72640470275655 1.88377892039716 1.81194626144134 1.1629977452103 1.18720098212361 0.971428505610675 1.35398923279718 1.06779341143556 1.2597857164219 1.67808291711845 1.71514893556014 1.66880738991313 1.33744334848598 1.65675976267084 1.66196210100316
1.5396451454144 0 1.12970405328088 1.63135951547883 1.38466916349716 1.49671122431755 1.89978524902835 1.86898108804598 1.25774708110839 1.88271289155819 1.05112978955731 1.84634840185754 1.59922094224021 0.948445494519547 0.960803270805627 1.9121467678342 1.92590715270489 1.72484668693505 1.14455313817598 0.971280682599172 1.36201457353309 1.11885287612677 1.61814525327645 1.82265319582075 1.21302503929473 1.11731655406766 1.27665203483775 1.73469960177317 1.75282113277353 1.30978906457312
1.78672560444102 1.12970405328088 0 1.10438178759068 1.22856142278761 1.38384963618591 1.17185879335739 1.05817367159761 1.9255382118281 1.86682852730155 1.12449921807274 1.40160235436633 1.54303697869182 1.38013386726379 1.73176112445071 1.36645668535493 1.37085742247291 1.45999223412946 0.989217042922974 1.05408289073966 1.79533621692099 1.1734577154275 1.59811384929344 1.50213957740925 1.50521156121977 1.83491279697046 0.975693841231987 1.36116365576163 1.8653564916458 1.73917358438484
1.47948953788728 1.63135951547883 1.10438178759068 0 1.48507140227593 1.35800251946785 1.8996548904106 1.30849107168615 0.94439159007743 1.71873153350316 0.945157815469429 1.48011493426748 1.80277706682682 1.12147676968016 1.02325739944354 1.43891131062992 1.18633965519257 1.30651720380411 1.89589376538061 1.81677348027006 1.18844823609106 1.10975962155499 1.11905768536963 1.88595573999919 1.73498879885301 1.37310328241438 1.64692337089218 1.3119234777987 1.6960029497277 1.89134612260386
1.06236872496083 1.38466916349716 1.22856142278761 1.48507140227593 0 1.49152454012074 1.16815317724831 1.80242236424237 0.961553602479398 1.27258854126558 1.76097398484126 1.08734930446371 1.16329099237919 1.64295278373174 1.58691063546576 1.67728869104758 1.31685420917347 1.35451262653805 1.55120677081868 1.7537987777032 1.77059650700539 0.950422900496051 1.37982348189689 1.06099004112184 0.992686880985275 1.41449085529894 1.37857962097041 1.42074736859649 1.43151222448796 1.52497825841419
1.38392203999683 1.49671122431755 1.38384963618591 1.35800251946785 1.49152454012074 0 1.29700807016343 1.72136275633238 1.16274539195001 1.46437390870415 1.27185709495097 0.944056221982464 1.61977353226393 1.13112136884592 1.58912633033469 1.62536675180309 1.16794103500433 1.91142136114649 1.03308401722461 1.02907060296275 1.33393986127339 1.5142819583416 1.65217173425481 1.18428717972711 1.90353451785631 1.39572382625192 1.78079092409462 0.992644090671092 1.87701250799 0.96464750636369
1.39840718219057 1.89978524902835 1.17185879335739 1.8996548904106 1.16815317724831 1.29700807016343 0 1.02752865408547 1.04411444580182 1.79812052636407 1.05099036172032 1.54092480242252 1.00673263403587 1.13502051448449 1.00163080333732 1.47131714480929 1.10691638523713 1.92548766452819 1.79901987779886 1.33551263390109 1.34199777338654 1.22812345391139 1.84093798603863 1.05289325490594 0.964104057056829 1.81167557742447 1.62187295337208 1.57144043687731 1.288659931859 1.81998264882714
1.35087141650729 1.86898108804598 1.05817367159761 1.30849107168615 1.80242236424237 1.72136275633238 1.02752865408547 0 1.29190627858043 1.80463584838435 1.51119924755767 1.71279333275743 1.24396199453622 1.84197001648135 1.34579823003151 1.58283497346565 1.3735095593147 1.0033497097902 1.91087049804628 1.08080251025967 1.46878065704368 0.951704575214535 1.12401282228529 1.64708067825995 1.51910510170273 1.21955685224384 1.82620309456252 1.43647067993879 1.22746181068942 1.76669394713826
1.02857655356638 1.25774708110839 1.9255382118281 0.94439159007743 0.961553602479398 1.16274539195001 1.04411444580182 1.29190627858043 0 1.71830195118673 1.61565741128288 1.36881776060909 1.74327269732021 1.50026190211065 0.958566918969154 1.6168738103006 1.33441011398099 1.76663920516148 0.951502175303176 1.22337234718725 1.88586957356893 1.07245857291855 1.3983745125588 1.32982612191699 1.64009268349037 1.6603479818441 1.9179584113881 1.24927927763201 1.5990558473859 1.73660700838082
1.59204176976345 1.88271289155819 1.86682852730155 1.71873153350316 1.27258854126558 1.46437390870415 1.79812052636407 1.80463584838435 1.71830195118673 0 1.31686336779967 1.59460480278358 1.75426751677878 1.32287488691509 1.21832084003836 0.998610540525988 1.13968484569341 1.04576144902967 1.33410537405871 1.29483109829016 1.73482018848881 1.87358488724567 1.07359749265015 1.84446570579894 1.03093603951856 1.18335712398402 1.36443169671111 1.84791049920022 1.6992283675354 1.0183533441741
1.74276815890335 1.05112978955731 1.12449921807274 0.945157815469429 1.76097398484126 1.27185709495097 1.05099036172032 1.51119924755767 1.61565741128288 1.31686336779967 0 1.91121505852789 1.0732076917775 1.29680186323822 1.1939865660388 1.04427546286024 1.43813670822419 1.88131141848862 1.85638639098033 1.44028430595063 1.92971969908103 1.8921092976816 0.936284441966563 1.17874153051525 1.14260781439953 1.45481110876426 0.99121150537394 1.82554881437682 1.56382083147764 1.64237311622128
1.51552851777524 1.84634840185754 1.40160235436633 1.48011493426748 1.08734930446371 0.944056221982464 1.54092480242252 1.71279333275743 1.36881776060909 1.59460480278358 1.91121505852789 0 1.36098183388822 0.949924156535417 1.53509764396586 1.74847418512218 1.22552786720917 1.50291915447451 1.23184653650969 1.24835873418488 1.31948044197634 1.39767234330066 1.42449692334048 1.8235368784517 1.67491063149646 1.8248126860708 1.45538470731117 0.938773969653994 1.33288375637494 1.42126174713485
1.66928959195502 1.59922094224021 1.54303697869182 1.80277706682682 1.16329099237919 1.61977353226393 1.00673263403587 1.24396199453622 1.74327269732021 1.75426751677878 1.0732076917775 1.36098183388822 0 1.92053348943591 1.53724832786247 1.0800205427222 1.00236136629246 1.74041303340346 1.28554718918167 1.81780350254849 1.11460370244458 1.50355358002707 1.26556796673685 1.01721828617156 1.32289492757991 1.43414928833954 1.64448022609577 1.78614576486871 1.73889561765827 1.29572356701829
1.54204765963368 0.948445494519547 1.38013386726379 1.12147676968016 1.64295278373174 1.13112136884592 1.13502051448449 1.84197001648135 1.50026190211065 1.32287488691509 1.29680186323822 0.949924156535417 1.92053348943591 0 1.61821538442746 1.54335366236046 1.43803839525208 1.02163619920611 1.13030036306009 1.0632044787053 1.01381425769068 1.42471526516601 1.73426071181893 1.39921779115684 1.86923493118957 0.954403481911868 1.43336472730152 1.73793892306276 1.65906483354047 1.44141823751852
1.69729959079996 0.960803270805627 1.73176112445071 1.02325739944354 1.58691063546576 1.58912633033469 1.00163080333732 1.34579823003151 0.958566918969154 1.21832084003836 1.1939865660388 1.53509764396586 1.53724832786247 1.61821538442746 0 1.76397395413369 1.58778059622273 1.54910453758202 1.45338407461531 1.15597197180614 1.61433978914283 1.22748781484552 1.28506709076464 1.58107773703523 1.36974954348989 1.35920690745115 1.82178718829527 1.53034498123452 1.76599127426744 1.79715616884641
1.72640470275655 1.9121467678342 1.36645668535493 1.43891131062992 1.67728869104758 1.62536675180309 1.47131714480929 1.58283497346565 1.6168738103006 0.998610540525988 1.04427546286024 1.74847418512218 1.0800205427222 1.54335366236046 1.76397395413369 0 1.22146288491786 1.25886092497967 1.85631698253565 1.2671736292541 1.92088263714686 1.91395077691413 1.07111442298628 1.52380348858424 1.5804862244986 1.78282913402654 1.69644325529225 1.89650357631035 1.67198277404532 1.80796656827442
1.88377892039716 1.92590715270489 1.37085742247291 1.18633965519257 1.31685420917347 1.16794103500433 1.10691638523713 1.3735095593147 1.33441011398099 1.13968484569341 1.43813670822419 1.22552786720917 1.00236136629246 1.43803839525208 1.58778059622273 1.22146288491786 0 1.50478114746511 1.60458478168584 1.17109612561762 1.46122135361657 1.00725049478933 1.36909019947052 1.862709419569 1.43827196839266 1.09715825901367 1.3944204817526 1.24539139051922 1.39627221925184 1.36118444357999
1.81194626144134 1.72484668693505 1.45999223412946 1.30651720380411 1.35451262653805 1.91142136114649 1.92548766452819 1.0033497097902 1.76663920516148 1.04576144902967 1.88131141848862 1.50291915447451 1.74041303340346 1.02163619920611 1.54910453758202 1.25886092497967 1.50478114746511 0 1.9165844223462 1.91436170972884 1.70407955953851 1.64078227151185 1.50625815358944 1.50215360545553 1.89548081392422 1.86762477341108 1.19123367103748 1.21965776034631 1.19902738137171 1.32480937615037
1.1629977452103 1.14455313817598 0.989217042922974 1.89589376538061 1.55120677081868 1.03308401722461 1.79901987779886 1.91087049804628 0.951502175303176 1.33410537405871 1.85638639098033 1.23184653650969 1.28554718918167 1.13030036306009 1.45338407461531 1.85631698253565 1.60458478168584 1.9165844223462 0 1.70727121271193 1.25604304182343 1.47142603225075 1.30079717957415 1.61607172782533 1.31960879731923 1.50409709801897 1.46989467227831 1.30158233758993 1.01718950038776 0.995696183759719
1.18720098212361 0.971280682599172 1.05408289073966 1.81677348027006 1.7537987777032 1.02907060296275 1.33551263390109 1.08080251025967 1.22337234718725 1.29483109829016 1.44028430595063 1.24835873418488 1.81780350254849 1.0632044787053 1.15597197180614 1.2671736292541 1.17109612561762 1.91436170972884 1.70727121271193 0 1.0733215038199 1.39807097241282 1.19905094546266 1.26929547847249 1.41654390539043 0.994744719471782 1.00586110143922 1.60023867851123 1.19125498947687 1.44837443297729
0.971428505610675 1.36201457353309 1.79533621692099 1.18844823609106 1.77059650700539 1.33393986127339 1.34199777338654 1.46878065704368 1.88586957356893 1.73482018848881 1.92971969908103 1.31948044197634 1.11460370244458 1.01381425769068 1.61433978914283 1.92088263714686 1.46122135361657 1.70407955953851 1.25604304182343 1.0733215038199 0 1.56316284788772 1.4483291702345 1.15613452997059 1.51250360859558 1.83749096351676 1.12124192272313 1.45633168146014 1.59742468735203 1.60989120346494
1.35398923279718 1.11885287612677 1.1734577154275 1.10975962155499 0.950422900496051 1.5142819583416 1.22812345391139 0.951704575214535 1.07245857291855 1.87358488724567 1.8921092976816 1.39767234330066 1.50355358002707 1.42471526516601 1.22748781484552 1.91395077691413 1.00725049478933 1.64078227151185 1.47142603225075 1.39807097241282 1.56316284788772 0 1.54833881859668 1.26142089767382 1.18866513716057 1.84029655880295 1.60979133588262 1.40360708883964 1.68835133570246 1.88768706819974
1.06779341143556 1.61814525327645 1.59811384929344 1.11905768536963 1.37982348189689 1.65217173425481 1.84093798603863 1.12401282228529 1.3983745125588 1.07359749265015 0.936284441966563 1.42449692334048 1.26556796673685 1.73426071181893 1.28506709076464 1.07111442298628 1.36909019947052 1.50625815358944 1.30079717957415 1.19905094546266 1.4483291702345 1.54833881859668 0 1.75420754426159 1.25795406033285 1.49753901758231 1.1263903437648 1.08300221641548 1.24215245759115 1.45660568005405
1.2597857164219 1.82265319582075 1.50213957740925 1.88595573999919 1.06099004112184 1.18428717972711 1.05289325490594 1.64708067825995 1.32982612191699 1.84446570579894 1.17874153051525 1.8235368784517 1.01721828617156 1.39921779115684 1.58107773703523 1.52380348858424 1.862709419569 1.50215360545553 1.61607172782533 1.26929547847249 1.15613452997059 1.26142089767382 1.75420754426159 0 1.39179138164036 1.7029393222183 1.36756904912181 1.87532841670327 1.36618278129026 1.31158332736231
1.67808291711845 1.21302503929473 1.50521156121977 1.73498879885301 0.992686880985275 1.90353451785631 0.964104057056829 1.51910510170273 1.64009268349037 1.03093603951856 1.14260781439953 1.67491063149646 1.32289492757991 1.86923493118957 1.36974954348989 1.5804862244986 1.43827196839266 1.89548081392422 1.31960879731923 1.41654390539043 1.51250360859558 1.18866513716057 1.25795406033285 1.39179138164036 0 1.8181783510372 1.69918529130518 1.16953906044364 1.84834795678034 1.10603243368678
1.71514893556014 1.11731655406766 1.83491279697046 1.37310328241438 1.41449085529894 1.39572382625192 1.81167557742447 1.21955685224384 1.6603479818441 1.18335712398402 1.45481110876426 1.8248126860708 1.43414928833954 0.954403481911868 1.35920690745115 1.78282913402654 1.09715825901367 1.86762477341108 1.50409709801897 0.994744719471782 1.83749096351676 1.84029655880295 1.49753901758231 1.7029393222183 1.8181783510372 0 1.66939621325582 1.55534373223782 1.03915220825002 1.16795444232412
1.66880738991313 1.27665203483775 0.975693841231987 1.64692337089218 1.37857962097041 1.78079092409462 1.62187295337208 1.82620309456252 1.9179584113881 1.36443169671111 0.99121150537394 1.45538470731117 1.64448022609577 1.43336472730152 1.82178718829527 1.69644325529225 1.3944204817526 1.19123367103748 1.46989467227831 1.00586110143922 1.12124192272313 1.60979133588262 1.1263903437648 1.36756904912181 1.69918529130518 1.66939621325582 0 1.60976418387145 1.65428101061843 1.42899698903784
1.33744334848598 1.73469960177317 1.36116365576163 1.3119234777987 1.42074736859649 0.992644090671092 1.57144043687731 1.43647067993879 1.24927927763201 1.84791049920022 1.82554881437682 0.938773969653994 1.78614576486871 1.73793892306276 1.53034498123452 1.89650357631035 1.24539139051922 1.21965776034631 1.30158233758993 1.60023867851123 1.45633168146014 1.40360708883964 1.08300221641548 1.87532841670327 1.16953906044364 1.55534373223782 1.60976418387145 0 1.26608987897635 1.24971338408068
1.65675976267084 1.75282113277353 1.8653564916458 1.6960029497277 1.43151222448796 1.87701250799 1.288659931859 1.22746181068942 1.5990558473859 1.6992283675354 1.56382083147764 1.33288375637494 1.73889561765827 1.65906483354047 1.76599127426744 1.67198277404532 1.39627221925184 1.19902738137171 1.01718950038776 1.19125498947687 1.59742468735203 1.68835133570246 1.24215245759115 1.36618278129026 1.84834795678034 1.03915220825002 1.65428101061843 1.26608987897635 0 1.84940241789445
1.66196210100316 1.30978906457312 1.73917358438484 1.89134612260386 1.52497825841419 0.96464750636369 1.81998264882714 1.76669394713826 1.73660700838082 1.0183533441741 1.64237311622128 1.42126174713485 1.29572356701829 1.44141823751852 1.79715616884641 1.80796656827442 1.36118444357999 1.32480937615037 0.995696183759719 1.44837443297729 1.60989120346494 1.88768706819974 1.45660568005405 1.31158332736231 1.10603243368678 1.16795444232412 1.42899698903784 1.24971338408068 1.84940241789445 0
