0 1.09269021963701 1.00255393236876 1.25684119085781 0.974797038594261 0.946837819181383 1.70015050726943 1.30564295011573 1.87234762310982 1.86603092821315 1.10874654585496 1.88648524694145 0.995048249606043 1.45204382389784 0.935339243384078 1.27602625684813 1.00433052051812 1.62234493880533 1.14894443959929 1.57872800063342 1.3638950206805 0.951040378306061 1.85818678257056 1.19130320218392 1.81365634431131 1.35180917591788 0.942621863214299 1.66702370089479 1.75831598415971 1.79930254118517
1.09269021963701 0 1.86057683243416 1.05804790207185 1.17732732417062 1.0076845891308 1.47231238847598 1.41981493378989 1.75046625430696 1.7068530600518 0.999785520136356 1.50192090007477 0.979724549921229 1.58309959573671 1.45430390606634 0.912165179150179 1.22506987932138 1.60335449920967 1.26926013594493 1.49463494028896 1.62453954969533 1.42385121085681 1.66135603189468 1.26102528651245 1.61519009969197 1.48446141090244 1.01297703338787 1.58295187656768 1.74045556667261 1.35289992229082
1.00255393236876 1.86057683243416 0 1.6596572084818 0.919001218862832 1.7732028644532 1.35401203599758 1.78505033487454 1.37445913860574 1.09246485237963 1.82570814737119 1.29978650482371 0.981914207804948 1.22145505668595 1.1770990989171 1.0603306684643 1.49733037711121 1.30666427710094 1.58768958435394 1.10232755891047 1.83317388431169 1.81577841821127 1.02290280419402 1.59054489131086 1.17467351886444 1.35136353783309 1.02588357590139 1.79043278563768 1.82013797340915 1.62233456899412
1.25684119085781 1.05804790207185 1.6596572084818 0 1.90253406181 1.78811056376435 0.928791279671714 1.1574099122081 1.51400076877326 0.975758514832705 1.67433644132689 1.20164615148678 1.71605498972349 1.58336256654002 1.73584088450298 1.32231352408417 1.35581345227547 1.47805388318375 1.66677130712196 1.65608413075097 1.11049836990424 1.51633172738366 1.25019246549346 1.68513730494305 1.78738628071733 1.13529240735807 1.10355561971664 1.80160647490993 1.56960480543785 1.67399134882726
0.974797038594261 1.17732732417062 0.919001218862832 1.90253406181 0 1.83057835069485 1.7525009191595 1.48287870804779 1.37270209821872 1.37714483705349 1.89503879565746 1.86477944208309 1.20303499000147 1.58031671261415 1.65382880344987 1.18900346639566 1.80212934990413 1.25191394239664 1.75597392464988 1.81437574885786 1.26377665996552 1.13549572206102 1.0236478545703 1.54124824982136 1.68897415930405 1.53728540847078 1.66798183415085 1.8672297608573 1.60713158641011 1.24740837956779
0.946837819181383 1.0076845891308 1.7732028644532 1.78811056376435 1.83057835069485 0 1.86601872858591 1.16739632375538 1.61341687571257 1.38688492798246 1.67204329138622 0.950813197996467 0.929230021545663 1.48562674433924 1.14177952706814 1.6521662119776 1.6304637058638 1.86068502883427 1.29363709827885 1.14408766990528 1.66775414044969 1.27259613829665 1.89433630253188 1.33664121292531 1.09621652564965 1.45597732113674 1.3945456573274 1.38575267931446 1.24071741569787 1.15306897903793
1.70015050726943 1.47231238847598 1.35401203599758 0.928791279671714 1.7525009191595 1.86601872858591 0 1.78962430893444 1.5536476757843 0.936983309919015 1.80079583125189 1.62201001844369 1.05830507026985 0.906391970813274 1.35510761057958 1.02602220512927 1.11920157889836 1.77875374839641 1.56062590074725 0.968765950063244 1.7105865762569 1.8588563289959 1.69037260627374 1.85078136343509 1.57210641168058 1.70116459787823 1.63100783200935 1.54029414895922 1.05675309780054 1.17884787172079
1.30564295011573 1.41981493378989 1.78505033487454 1.1574099122081 1.48287870804779 1.16739632375538 1.78962430893444 0 1.06095411954448 1.07999033411033 1.74501475645229 1.60958220344037 0.928172149928287 1.85844983300194 1.219872005051 1.23385310196318 1.84542062715627 1.34021383966319 1.45406588749029 0.95668049226515 1.74146145046689 1.23927428061143 1.10591121925972 1.72817563079298 1.32416182383895 1.16991218784824 1.26357976696454 1.8405050560832 1.10904336208478 1.20748585066758
1.87234762310982 1.75046625430696 1.37445913860574 1.51400076877326 1.37270209821872 1.61341687571257 1.5536476757843 1.06095411954448 0 1.79088058928028 1.25999005045742 1.40151447569951 1.82765762414783 1.78743371204473 1.32419785251841 1.1661332109943 1.39713931526057 1.47252785391174 1.35541121358983 0.910951050696895 1.47650543088093 1.7240938229952 1.05059593170881 1.59891459345818 0.931498184567317 1.44296429096721 1.34339501592331 1.8519104400184 1.34921207930893 1.28329499065876
1.86603092821315 1.7068530600518 1.09246485237963 0.975758514832705 1.37714483705349 1.38688492798246 0.936983309919015 1.07999033411033 1.79088058928028 0 1.31263237888925 1.18911514501087 1.35839275899343 1.26948667666875 1.386021011509 1.77774623502046 1.61667804140598 1.08871913747862 1.18159126862884 1.75254903710447 1.56533213774674 1.32563732005656 1.19463816285133 1.83645788347349 1.53165368223563 1.73204967565835 1.4339553208556 1.69856847287156 1.19536768877879 1.07672905013897
1.10874654585496 0.999785520136356 1.82570814737119 1.67433644132689 1.89503879565746 1.67204329138622 1.80079583125189 1.74501475645229 1.25999005045742 1.31263237888925 0 1.22496026777662 1.90352438786067 1.73375853314064 1.48202512878925 1.31046471139416 1.13041738211177 1.54945423221216 1.1679345688317 1.73188682598993 1.35746691725217 1.58433750853874 0.986160713015124 1.26679287385195 1.80270046135411 1.14002020610496 1.0499510592781 1.28081088303588 1.13244549557567 1.07010734709911
1.88648524694145 1.50192090007477 1.29978650482371 1.20164615148678 1.86477944208309 0.950813197996467 1.62201001844369 1.60958220344037 1.40151447569951 1.18911514501087 1.22496026777662 0 1.46909549832344 1.02742291847244 1.68733497383073 1.64313688292168 0.905399436829612 1.03226461843587 1.24158409493975 1.89462629472837 1.27819927711971 1.01957548037171 1.64518369408324 1.43946599657647 1.70147590269335 1.66451889160089 0.981148519087583 1.47390360501595 1.76116634020582 1.89258053922094
0.995048249606043 0.979724549921229 0.981914207804948 1.71605498972349 1.20303499000147 0.929230021545663 1.05830507026985 0.928172149928287 1.82765762414783 1.35839275899343 1.90352438786067 1.46909549832344 0 1.02477902616374 1.77303113974631 1.59994159429334 1.89648842066526 1.32342159515247 1.14095499343239 1.32737733237445 0.963159078266472 1.52210302278399 1.59359265980311 0.964400903787464 1.00381909427233 1.23666976438835 1.12673047697172 1.06617805967107 1.75170257221907 1.20724975760095
1.45204382389784 1.58309959573671 1.22145505668595 1.58336256654002 1.58031671261415 1.48562674433924 0.906391970813274 1.85844983300194 1.78743371204473 1.26948667666875 1.73375853314064 1.02742291847244 1.02477902616374 0 1.26176307769492 0.936985654290766 1.43284830125049 1.66890225978568 1.77262139646336 1.77096004178748 1.17938711424358 1.7204922514502 1.3143128673546 1.59688279451802 1.87645086180419 1.36608617170714 1.41790832555853 1.2400073625613 0.993178344564512 1.72113642585464
0.935339243384078 1.45430390606634 1.1770990989171 1.73584088450298 1.65382880344987 1.14177952706814 1.35510761057958 1.219872005051 1.32419785251841 1.386021011509 1.48202512878925 1.68733497383073 1.77303113974631 1.26176307769492 0 1.30452502821572 0.907811377430335 1.10726792295463 1.64943408127874 1.78766162390821 1.65090209967457 1.37169586936943 1.65041352808475 1.90088140615262 1.05006620916538 1.50329987797886 1.08794461446814 1.6242303471081 1.4691558368504 1.8368435469456
1.27602625684813 0.912165179150179 1.0603306684643 1.32231352408417 1.18900346639566 1.6521662119776 1.02602220512927 1.23385310196318 1.1661332109943 1.77774623502046 1.31046471139416 1.64313688292168 1.59994159429334 0.936985654290766 1.30452502821572 0 1.83817663276568 1.29798263986595 1.01089476211928 1.4460692005232 0.91935319500044 1.3452752805315 1.89700469234958 1.82206724002026 1.19245842215605 1.49666368565522 0.97900994354859 0.944861237425357 1.72247079340741 1.11598994978704
1.00433052051812 1.22506987932138 1.49733037711121 1.35581345227547 1.80212934990413 1.6304637058638 1.11920157889836 1.84542062715627 1.39713931526057 1.61667804140598 1.13041738211177 0.905399436829612 1.89648842066526 1.43284830125049 0.907811377430335 1.83817663276568 0 1.5780884353444 1.29990591597743 1.75864764279686 1.07101069297642 1.59445553226396 1.14192199450918 1.6455867618788 1.42758917505853 1.75038329116069 1.07954885321669 1.80027246335521 1.03459802013822 1.61945281154476
1.62234493880533 1.60335449920967 1.30666427710094 1.47805388318375 1.25191394239664 1.86068502883427 1.77875374839641 1.34021383966319 1.47252785391174 1.08871913747862 1.54945423221216 1.03226461843587 1.32342159515247 1.66890225978568 1.10726792295463 1.29798263986595 1.5780884353444 0 0.971351886866614 0.940914488164708 1.69143261085264 1.57689210958779 0.907097857678309 1.82444926351309 1.11801884020679 1.58784741256386 0.969657002016902 1.65971480472945 1.10854106792249 1.53383352980018
1.14894443959929 1.26926013594493 1.58768958435394 1.66677130712196 1.75597392464988 1.29363709827885 1.56062590074725 1.45406588749029 1.35541121358983 1.18159126862884 1.1679345688317 1.24158409493975 1.14095499343239 1.77262139646336 1.64943408127874 1.01089476211928 1.29990591597743 0.971351886866614 0 1.21442186599597 1.71108884504065 1.09141854383051 1.37300544767641 1.84485258068889 1.54484717641026 1.58944278699346 1.28976938314736 1.49151088949293 1.86510268156417 1.5981479708571
1.57872800063342 1.49463494028896 1.10232755891047 1.65608413075097 1.81437574885786 1.14408766990528 0.968765950063244 0.95668049226515 0.910951050696895 1.75254903710447 1.73188682598993 1.89462629472837 1.32737733237445 1.77096004178748 1.78766162390821 1.4460692005232 1.75864764279686 0.940914488164708 1.21442186599597 0 1.45867891353555 1.32461984525435 1.03762972890399 0.951235218206421 1.57603001547977 1.80044114287011 1.63193653151393 1.00270964717492 1.19104693178087 1.00777382939123
1.3638950206805 1.62453954969533 1.83317388431169 1.11049836990424 1.26377665996552 1.66775414044969 1.7105865762569 1.74146145046689 1.47650543088093 1.56533213774674 1.35746691725217 1.27819927711971 0.963159078266472 1.17938711424358 1.65090209967457 0.91935319500044 1.07101069297642 1.69143261085264 1.71108884504065 1.45867891353555 0 0.971837741555646 1.32472378737293 1.35992445144802 1.63065495132469 0.914332711836323 1.33026388427243 1.47503711399622 1.01434811437503 1.48505531088449
0.951040378306061 1.42385121085681 1.81577841821127 1.51633172738366 1.13549572206102 1.27259613829665 1.8588563289959 1.23927428061143 1.7240938229952 1.32563732005656 1.58433750853874 1.01957548037171 1.52210302278399 1.7204922514502 1.37169586936943 1.3452752805315 1.59445553226396 1.57689210958779 1.09141854383051 1.32461984525435 0.971837741555646 0 1.54830717039295 1.39464676822536 1.82527994806878 1.88617045339197 0.951254081213847 1.3573964049574 0.995679908199236 1.03981654532254
1.85818678257056 1.66135603189468 1.02290280419402 1.25019246549346 1.0236478545703 1.89433630253188 1.69037260627374 1.10591121925972 1.05059593170881 1.19463816285133 0.986160713015124 1.64518369408324 1.59359265980311 1.3143128673546 1.65041352808475 1.89700469234958 1.14192199450918 0.907097857678309 1.37300544767641 1.03762972890399 1.32472378737293 1.54830717039295 0 0.969764726469293 1.40380356344394 1.17322497279383 1.83323754835874 1.64056321629323 1.7813223595731 1.11978273582645
1.19130320218392 1.26102528651245 1.59054489131086 1.68513730494305 1.54124824982136 1.33664121292531 1.85078136343509 1.72817563079298 1.59891459345818 1.83645788347349 1.26679287385195 1.43946599657647 0.964400903787464 1.59688279451802 1.90088140615262 1.82206724002026 1.6455867618788 1.82444926351309 1.84485258068889 0.951235218206421 1.35992445144802 1.39464676822536 0.969764726469293 0 0.992248458089307 1.68171915831044 1.464537773747 1.68603427382186 1.78396575036459 1.31324283778667
1.81365634431131 1.61519009969197 1.17467351886444 1.78738628071733 1.68897415930405 1.09621652564965 1.57210641168058 1.32416182383895 0.931498184567317 1.53165368223563 1.80270046135411 1.70147590269335 1.00381909427233 1.87645086180419 1.05006620916538 1.19245842215605 1.42758917505853 1.11801884020679 1.54484717641026 1.57603001547977 1.63065495132469 1.82527994806878 1.40380356344394 0.992248458089307 0 1.23410745360889 0.991981418104842 1.39248763862997 1.76864586537704 1.14403136679903
1.35180917591788 1.48446141090244 1.35136353783309 1.13529240735807 1.53728540847078 1.45597732113674 1.70116459787823 1.16991218784824 1.44296429096721 1.73204967565835 1.14002020610496 1.66451889160089 1.23666976438835 1.36608617170714 1.50329987797886 1.49666368565522 1.75038329116069 1.58784741256386 1.58944278699346 1.80044114287011 0.914332711836323 1.88617045339197 1.17322497279383 1.68171915831044 1.23410745360889 0 1.05550084915012 1.28975102538243 1.0835415374022 1.33326430525631
0.942621863214299 1.01297703338787 1.02588357590139 1.10355561971664 1.66798183415085 1.3945456573274 1.63100783200935 1.26357976696454 1.34339501592331 1.4339553208556 1.0499510592781 0.981148519087583 1.12673047697172 1.41790832555853 1.08794461446814 0.97900994354859 1.07954885321669 0.969657002016902 1.28976938314736 1.63193653151393 1.33026388427243 0.951254081213847 1.83323754835874 1.464537773747 0.991981418104842 1.05550084915012 0 1.32407808071002 1.69688021764159 1.6040078101214
1.66702370089479 1.58295187656768 1.79043278563768 1.80160647490993 1.8672297608573 1.38575267931446 1.54029414895922 1.8405050560832 1.8519104400184 1.69856847287156 1.28081088303588 1.47390360501595 1.06617805967107 1.2400073625613 1.6242303471081 0.944861237425357 1.80027246335521 1.65971480472945 1.49151088949293 1.00270964717492 1.47503711399622 1.3573964049574 1.64056321629323 1.68603427382186 1.39248763862997 1.28975102538243 1.32407808071002 0 1.46125363954343 0.963682021712884
1.75831598415971 1.74045556667261 1.82013797340915 1.56960480543785 1.60713158641011 1.24071741569787 1.05675309780054 1.10904336208478 1.34921207930893 1.19536768877879 1.13244549557567 1.76116634020582 1.75170257221907 0.993178344564512 1.4691558368504 1.72247079340741 1.03459802013822 1.10854106792249 1.86510268156417 1.19104693178087 1.01434811437503 0.995679908199236 1.7813223595731 1.78396575036459 1.76864586537704 1.0835415374022 1.69688021764159 1.46125363954343 0 1.47751990915276
1.79930254118517 1.35289992229082 1.62233456899412 1.67399134882726 1.24740837956779 1.15306897903793 1.17884787172079 1.20748585066758 1.28329499065876 1.07672905013897 1.07010734709911 1.89258053922094 1.20724975760095 1.72113642585464 1.8368435469456 1.11598994978704 1.61945281154476 1.53383352980018 1.5981479708571 1.00777382939123 1.48505531088449 1.03981654532254 1.11978273582645 1.31324283778667 1.14403136679903 1.33326430525631 1.6040078101214 0.963682021712884 1.47751990915276 0
