0 1.33243498695083 1.48878787341528 1.2583132958971 1.03020666493103 1.19241720996797 1.18168709520251 0.898837541928515 1.81571176415309 1.45798414433375 1.42988961935043 1.40451964270324 1.88535508769564 1.71497524087317 1.35825345129706 0.927585364086553 1.25548640498891 1.08790467097424 1.22066514403559 0.967884027166292 1.32295641605742 1.6669401708059 1.80995185067877 1.04267504718155 1.87320993747562 1.06157315499149 1.84383243671618 1.78611119859852 1.86038061929867 1.08401553961448
1.33243498695083 0 1.17889306764118 0.98139003990218 0.951788405654952 1.55488078901544 0.954538040561602 1.37480779760517 1.1079451139085 1.2448095139116 1.71599771641195 1.82759571191855 1.49229011218995 0.922992250649258 1.19384385249577 1.86360752140172 1.10018278798088 0.96523068472743 1.20229737856425 1.54180733324029 1.81804947508499 1.35017294948921 1.42491891281679 1.86652934434824 1.50034021097235 0.889501202153042 1.29540736577474 1.31479950482026 1.68310363194905 1.66158133535646
1.48878787341528 1.17889306764118 0 1.67508310615085 1.73474900214933 1.77961208834313 1.58049177471548 1.15406377892941 1.05423923325725 1.29216195526533 1.4446742690634 1.32897597993724 1.62623894913122 1.15969862276688 1.48052161978558 1.34596505621448 1.77121444465593 1.72794925118797 0.917528147576377 1.24951783847064 1.80318441381678 1.03754140553065 1.20783405494876 1.35696235648356 1.67840152583085 1.42954081040807 0.903986849822104 1.27687040599994 1.33171745715663 1.55155828292482
1.2583132958971 0.98139003990218 1.67508310615085 0 1.65140874683857 1.06064109201543 1.85378095391206 1.71231106272899 1.47675987612456 1.40429226774722 1.09337459946983 1.19301287527196 1.35199855896644 0.992750951321796 1.25301338476129 1.262392077595 1.48155328305438 1.38889874960296 1.46628791396506 1.2976256988477 1.11723293270916 1.76131514576264 1.7821116107516 0.940886090276763 0.991936827311292 1.39737401925959 1.57471511256881 1.43161460710689 1.62094190367498 1.88135622045957
1.03020666493103 0.951788405654952 1.73474900214933 1.65140874683857 0 1.30782090267166 1.26064959494397 1.8340505042579 1.74358228058554 1.49986263224855 1.63149822084233 1.12437231349759 1.26090645720251 1.41278550913557 1.16805627546273 1.21381922089495 1.39437309955247 1.469631385291 1.31439162301831 1.22488415520638 1.02396428049542 1.08474693563767 1.17872292851098 0.95857774396427 1.28804757446051 1.59689733036794 1.41911695082672 0.981700918870047 1.19036630145274 1.29189968551509
1.19241720996797 1.55488078901544 1.77961208834313 1.06064109201543 1.30782090267166 0 1.04250064748339 1.74106982606463 1.31324967741966 1.40448400285095 1.61771832010709 1.50230834400281 0.978810977423564 1.85967939603142 0.938831459730864 1.0646648244001 1.24542161542922 1.05704744416289 1.79200070747174 1.54069501394406 1.06367383990437 1.47418037406169 1.52520959917456 1.58168026176281 1.77650291658938 1.77214159141295 1.45579229248688 1.54866340942681 1.27407471765764 1.88341157953255
1.18168709520251 0.954538040561602 1.58049177471548 1.85378095391206 1.26064959494397 1.04250064748339 0 1.65567106753588 1.71946414420381 1.42848161631264 1.77846699999645 1.01983032887802 0.998275711899623 1.87753029121086 0.990536034107208 1.29193228716031 0.93479637731798 1.49323085905053 1.22609187616035 1.45466236351058 1.80107320472598 1.36148844123818 1.21728206984699 1.39627628377639 1.28525114990771 1.35492726671509 1.02860257029533 0.983252297854051 1.65514478832483 1.81268060090952
0.898837541928515 1.37480779760517 1.15406377892941 1.71231106272899 1.8340505042579 1.74106982606463 1.65567106753588 0 1.86679287604056 1.56279960996471 1.56812707707286 0.944653763435781 1.58354917820543 1.6153983597178 1.1069527619984 1.38765667495318 1.86949340743013 1.21026366297156 0.915490186074749 1.38576726266183 1.74367776000872 1.22612452600151 1.84670027624816 1.00474414904602 1.55759645672515 1.36615505930968 1.53106108889915 0.899510456249118 1.37498002336361 1.37160319159739
1.81571176415309 1.1079451139085 1.05423923325725 1.47675987612456 1.74358228058554 1.31324967741966 1.71946414420381 1.86679287604056 0 1.6302396194078 1.31909557408653 1.52349005569704 1.09297396871261 1.3174895842094 1.41059620864689 1.63351957616396 1.15188459283672 1.36770534329116 1.48427573614754 1.65041456045583 1.0016308510676 1.6697646107059 1.58932448551059 0.938538086367771 1.26846703188494 1.29064370575361 1.00980464322492 1.36242572125047 1.30468073114753 1.46991454157978
1.45798414433375 1.2448095139116 1.29216195526533 1.40429226774722 1.49986263224855 1.40448400285095 1.42848161631264 1.56279960996471 1.6302396194078 0 1.46366202202626 1.85789419570938 1.41382436593994 1.63966287090443 1.76704659266397 1.45353750372306 1.73405027366243 1.05714124720544 1.32247516536154 1.22710873978212 1.21023465041071 1.46262406976894 1.62104643811472 1.25820596097037 1.78943031909876 0.957902202149853 0.939610244939104 0.892374904360622 1.31878091325052 1.03011022205465
1.42988961935043 1.71599771641195 1.4446742690634 1.09337459946983 1.63149822084233 1.61771832010709 1.77846699999645 1.56812707707286 1.31909557408653 1.46366202202626 0 1.53245097748004 1.34635346056893 1.2218742580153 1.0344434264116 0.947249358752742 1.05448103533126 1.61384869436733 1.19353239890188 1.6995669414755 1.7858554397244 1.72633843775839 1.22826441936195 1.21458568843082 1.38308282615617 1.36995987617411 1.24056689394638 1.4170574368909 1.80703379353508 1.36370370420627
1.40451964270324 1.82759571191855 1.32897597993724 1.19301287527196 1.12437231349759 1.50230834400281 1.01983032887802 0.944653763435781 1.52349005569704 1.85789419570938 1.53245097748004 0 1.78252444299869 1.41185515304096 1.75706207635812 1.03323106840253 1.84609239175916 1.14838448702358 1.03905918565579 1.50209954031743 1.83976417710073 1.39938016491942 1.17418550211005 1.5368660367094 0.927539761411026 1.30054666032083 1.81228779512458 1.27752706967294 1.35567823261954 1.36948065063916
1.88535508769564 1.49229011218995 1.62623894913122 1.35199855896644 1.26090645720251 0.978810977423564 0.998275711899623 1.58354917820543 1.09297396871261 1.41382436593994 1.34635346056893 1.78252444299869 0 0.943538368912414 1.62843538937159 1.58885934134014 1.67576592974365 1.12382986675948 1.41496490384452 1.07339658821002 1.41510958829895 1.21115755965002 1.05346894613467 1.79415835021064 1.70263365516439 1.00955874123611 1.1313672021497 1.70923970802687 0.994946979917586 1.11448376183398
1.71497524087317 0.922992250649258 1.15969862276688 0.992750951321796 1.41278550913557 1.85967939603142 1.87753029121086 1.6153983597178 1.3174895842094 1.63966287090443 1.2218742580153 1.41185515304096 0.943538368912414 0 1.11639391863719 1.6008438647259 0.996561639010906 1.00782527471893 1.73966210219078 1.29986099945381 0.965716035105288 1.06345415720716 1.3605360512156 1.01246248045936 1.77657573577017 1.53903426299803 1.20785968611017 1.76077257608995 1.8222173016984 1.39297034079209
1.35825345129706 1.19384385249577 1.48052161978558 1.25301338476129 1.16805627546273 0.938831459730864 0.990536034107208 1.1069527619984 1.41059620864689 1.76704659266397 1.0344434264116 1.75706207635812 1.62843538937159 1.11639391863719 0 1.60138114634901 1.54988035699353 1.34780543297529 0.942394238431007 1.33641012199223 0.94599330611527 1.60612386604771 1.68787024053745 1.41435138718225 1.02465295256115 1.26653662812896 1.66603471920826 1.35995517158881 1.45429883897305 1.1271687631961
0.927585364086553 1.86360752140172 1.34596505621448 1.262392077595 1.21381922089495 1.0646648244001 1.29193228716031 1.38765667495318 1.63351957616396 1.45353750372306 0.947249358752742 1.03323106840253 1.58885934134014 1.6008438647259 1.60138114634901 0 1.62050616252236 1.40466342843138 1.05707842693664 1.34388619661331 1.19484889274463 1.3493550173007 1.41851464379579 1.84043081081472 1.39289927762002 1.67827089433558 1.10810775705613 1.65647521754727 0.948530518449843 1.78657550481148
1.25548640498891 1.10018278798088 1.77121444465593 1.48155328305438 1.39437309955247 1.24542161542922 0.93479637731798 1.86949340743013 1.15188459283672 1.73405027366243 1.05448103533126 1.84609239175916 1.67576592974365 0.996561639010906 1.54988035699353 1.62050616252236 0 1.42144361301325 1.03354910202324 1.21729940129444 1.64321310818195 1.15633503301069 1.4070700656157 1.68726090970449 1.11576191708446 1.41484745172784 1.87664392916486 1.30875120754354 1.32331945281476 1.26879881299101
1.08790467097424 0.96523068472743 1.72794925118797 1.38889874960296 1.469631385291 1.05704744416289 1.49323085905053 1.21026366297156 1.36770534329116 1.05714124720544 1.61384869436733 1.14838448702358 1.12382986675948 1.00782527471893 1.34780543297529 1.40466342843138 1.42144361301325 0 1.05250287242234 1.16759736649692 1.77113951696083 1.38282261928543 1.41234697867185 1.60187182296067 1.80283107911237 1.53054095315747 1.54303915938362 1.50723023153841 1.84863319434226 1.31125881476328
1.22066514403559 1.20229737856425 0.917528147576377 1.46628791396506 1.31439162301831 1.79200070747174 1.22609187616035 0.915490186074749 1.48427573614754 1.32247516536154 1.19353239890188 1.03905918565579 1.41496490384452 1.73966210219078 0.942394238431007 1.05707842693664 1.03354910202324 1.05250287242234 0 1.74542779941112 1.70454137097113 1.48054886376485 1.38088420475833 1.11885917233303 1.45147225167602 1.27783808996901 1.30551634938456 1.01842819922604 1.8047901855316 1.25486305076629
0.967884027166292 1.54180733324029 1.24951783847064 1.2976256988477 1.22488415520638 1.54069501394406 1.45466236351058 1.38576726266183 1.65041456045583 1.22710873978212 1.6995669414755 1.50209954031743 1.07339658821002 1.29986099945381 1.33641012199223 1.34388619661331 1.21729940129444 1.16759736649692 1.74542779941112 0 1.78627322218381 1.05576107464731 1.36678220075555 1.38556257961318 1.11079608555883 1.42145808786154 1.84769961587153 1.05485068145208 1.45786740328185 1.0947497903835
1.32295641605742 1.81804947508499 1.80318441381678 1.11723293270916 1.02396428049542 1.06367383990437 1.80107320472598 1.74367776000872 1.0016308510676 1.21023465041071 1.7858554397244 1.83976417710073 1.41510958829895 0.965716035105288 0.94599330611527 1.19484889274463 1.64321310818195 1.77113951696083 1.70454137097113 1.78627322218381 0 1.17737643863074 1.48546226928011 1.02032429818064 1.77517947508022 1.48249152628705 1.49183217389509 0.92776218848303 1.86188692506403 1.21367041720077
1.6669401708059 1.35017294948921 1.03754140553065 1.76131514576264 1.08474693563767 1.47418037406169 1.36148844123818 1.22612452600151 1.6697646107059 1.46262406976894 1.72633843775839 1.39938016491942 1.21115755965002 1.06345415720716 1.60612386604771 1.3493550173007 1.15633503301069 1.38282261928543 1.48054886376485 1.05576107464731 1.17737643863074 0 1.43649478373118 1.78712742123753 1.50300042121671 1.22242549969815 1.21005736337975 1.81703770393506 0.891380711458623 1.21783947851509
1.80995185067877 1.42491891281679 1.20783405494876 1.7821116107516 1.17872292851098 1.52520959917456 1.21728206984699 1.84670027624816 1.58932448551059 1.62104643811472 1.22826441936195 1.17418550211005 1.05346894613467 1.3605360512156 1.68787024053745 1.41851464379579 1.4070700656157 1.41234697867185 1.38088420475833 1.36678220075555 1.48546226928011 1.43649478373118 0 1.58619412500411 1.67556290072389 1.21942128962837 1.76174136670306 1.8818130090367 1.32681710342877 1.41206609085202
1.04267504718155 1.86652934434824 1.35696235648356 0.940886090276763 0.95857774396427 1.58168026176281 1.39627628377639 1.00474414904602 0.938538086367771 1.25820596097037 1.21458568843082 1.5368660367094 1.79415835021064 1.01246248045936 1.41435138718225 1.84043081081472 1.68726090970449 1.60187182296067 1.11885917233303 1.38556257961318 1.02032429818064 1.78712742123753 1.58619412500411 0 1.25492442864925 1.70481545990333 0.904173854272813 1.01716490252875 1.35967651777901 1.24772827979177
1.87320993747562 1.50034021097235 1.67840152583085 0.991936827311292 1.28804757446051 1.77650291658938 1.28525114990771 1.55759645672515 1.26846703188494 1.78943031909876 1.38308282615617 0.927539761411026 1.70263365516439 1.77657573577017 1.02465295256115 1.39289927762002 1.11576191708446 1.80283107911237 1.45147225167602 1.11079608555883 1.77517947508022 1.50300042121671 1.67556290072389 1.25492442864925 0 1.18745118705556 1.70298626180738 1.43552593700588 1.74735193676315 1.43722539581358
1.06157315499149 0.889501202153042 1.42954081040807 1.39737401925959 1.59689733036794 1.77214159141295 1.35492726671509 1.36615505930968 1.29064370575361 0.957902202149853 1.36995987617411 1.30054666032083 1.00955874123611 1.53903426299803 1.26653662812896 1.67827089433558 1.41484745172784 1.53054095315747 1.27783808996901 1.42145808786154 1.48249152628705 1.22242549969815 1.21942128962837 1.70481545990333 1.18745118705556 0 1.50330312550068 1.42421717406251 1.71132451575249 1.84742291900329
1.84383243671618 1.29540736577474 0.903986849822104 1.57471511256881 1.41911695082672 1.45579229248688 1.02860257029533 1.53106108889915 1.00980464322492 0.939610244939104 1.24056689394638 1.81228779512458 1.1313672021497 1.20785968611017 1.66603471920826 1.10810775705613 1.87664392916486 1.54303915938362 1.30551634938456 1.84769961587153 1.49183217389509 1.21005736337975 1.76174136670306 0.904173854272813 1.70298626180738 1.50330312550068 0 1.67308909352869 1.75872876495123 1.12461507413536
1.78611119859852 1.31479950482026 1.27687040599994 1.43161460710689 0.981700918870047 1.54866340942681 0.983252297854051 0.899510456249118 1.36242572125047 0.892374904360622 1.4170574368909 1.27752706967294 1.70923970802687 1.76077257608995 1.35995517158881 1.65647521754727 1.30875120754354 1.50723023153841 1.01842819922604 1.05485068145208 0.92776218848303 1.81703770393506 1.8818130090367 1.01716490252875 1.43552593700588 1.42421717406251 1.67308909352869 0 1.72714516567066 1.59870517626405
1.86038061929867 1.68310363194905 1.33171745715663 1.62094190367498 1.19036630145274 1.27407471765764 1.65514478832483 1.37498002336361 1.30468073114753 1.31878091325052 1.80703379353508 1.35567823261954 0.994946979917586 1.8222173016984 1.45429883897305 0.948530518449843 1.32331945281476 1.84863319434226 1.8047901855316 1.45786740328185 1.86188692506403 0.891380711458623 1.32681710342877 1.35967651777901 1.74735193676315 1.71132451575249 1.75872876495123 1.72714516567066 0 1.53446869854815
1.08401553961448 1.66158133535646 1.55155828292482 1.88135622045957 1.29189968551509 1.88341157953255 1.81268060090952 1.37160319159739 1.46991454157978 1.03011022205465 1.36370370420627 1.36948065063916 1.11448376183398 1.39297034079209 1.1271687631961 1.78657550481148 1.26879881299101 1.31125881476328 1.25486305076629 1.0947497903835 1.21367041720077 1.21783947851509 1.41206609085202 1.24772827979177 1.43722539581358 1.84742291900329 1.12461507413536 1.59870517626405 1.53446869854815 0
