0 1.03876081272028 1.4139853680972 1.43862483999692 1.00666298740543 1.19575073523447 1.11529781692661 1.5939950030297 1.33640913362615 1.2843951350078 1.59670499851927 1.14547787792981 1.78048180928454 1.01455267635174 1.04956570081413 1.79481552750804 1.03713396494277 1.53771725017577 1.80378235806711 1.11342524294741 1.72171677416191 1.30583603633568 1.81449872488156 1.06541559216566 1.12462587165646 1.19024381274357 1.45886207930744 1.80298447771929 1.75871394877322 1.05039989505894
1.03876081272028 0 1.43071214295924 1.82605400145985 1.17975801043212 1.6818634099327 1.64352060179226 0.996524230577052 1.72441286966205 0.971328957704827 1.39217994525097 0.914860097924247 1.57078993972391 1.39688102644868 1.74293244630098 1.57770451158285 1.50618779310025 1.77720023598522 1.1193420663476 1.49188800342381 1.58267037081532 1.32469131611288 0.987539066700265 1.21594903571531 1.36171595007181 1.02546568727121 1.20097670983523 1.08720013592392 1.80043747415766 0.923028571065515
1.4139853680972 1.43071214295924 0 1.45983575750142 0.929165455978364 1.22521942667663 1.11211326275952 1.64804487698711 1.50115892849863 1.57851345418021 1.18055685656145 1.53953939885832 1.32791591924615 1.67353151412681 1.2808655295521 1.258867071243 1.75044428906403 1.44243809441105 1.31096755596809 1.02615843550302 1.61294997716323 1.78062019264325 1.70608334522694 1.3036863070447 1.12944344012067 1.72725929669105 0.896595862461254 1.75667101936415 1.00806868285872 1.49567246623337
1.43862483999692 1.82605400145985 1.45983575750142 0 1.72895483789034 1.07395237660967 1.16779690282419 1.24173919647001 1.76604290516116 1.24426546297036 1.15499328495935 1.83471838152036 1.5877236216329 1.49536640779115 1.78577096899971 1.21333581022918 1.65979331801645 1.10460924124345 1.62458929885179 0.904269724385813 1.47104789386503 1.05755741731264 0.954862431623042 1.08689966751263 1.32316024764441 1.25993017200381 1.82087461557239 1.61757638514973 1.12459831358865 0.966925529297441
1.00666298740543 1.17975801043212 0.929165455978364 1.72895483789034 0 1.84629534720443 1.87416890263557 1.23088500229642 0.896268613636494 1.26465161889791 1.48310412582941 1.03858105279505 1.32735160342418 1.68706992361695 1.327948119957 1.03005543886684 1.52960310387425 1.8773818903137 1.18778038490564 1.49352599540725 1.70972795342095 1.67253071442246 1.77132500545122 1.74674093001522 1.36624904535711 1.26895334757864 1.17158963554539 1.18521253042854 1.60437052813359 0.919125748565421
1.19575073523447 1.6818634099327 1.22521942667663 1.07395237660967 1.84629534720443 0 1.4348820396699 1.07130951550789 1.19366501714103 1.33867259160616 1.68170111021027 0.951936673838645 1.84348967438564 1.41544424579479 1.20818995940499 1.34595609060489 1.68797278404236 1.35795431560837 1.82949235592969 1.08858301583678 1.234031194821 1.87566610681824 1.50711314496584 1.20133555331267 1.3529963013716 1.0285869166255 1.6132248796057 1.22399329440668 1.12254673242569 1.0797813415993
1.11529781692661 1.64352060179226 1.11211326275952 1.16779690282419 1.87416890263557 1.4348820396699 0 1.55043627345003 1.17989040235989 1.31177883944474 1.48093600361608 0.949371439404786 1.73654424375854 1.48149743047543 1.18154941755347 1.41903321770951 1.35706292768009 1.46839844575152 1.73189738555811 1.64025078527629 1.10663480078802 1.70667014271021 0.972492792876437 1.27826688298956 1.48506923369132 1.46024772757664 1.08869501925074 1.72019909042865 1.74651798023842 1.4020974971354
1.5939950030297 0.996524230577052 1.64804487698711 1.24173919647001 1.23088500229642 1.07130951550789 1.55043627345003 0 1.89035369060002 1.82548295450397 1.27998569607735 1.80605666781776 1.16208445793018 1.09930705581792 1.69055808265693 1.86408628057688 1.60807376657613 1.08523227553815 0.981555241392925 1.73059915564954 1.52033453434706 1.72081631748006 1.09241176140495 0.968200080329552 1.23973968671635 1.48994252667762 0.951677059754729 1.84989354852587 1.36343525955454 1.26866067317314
1.33640913362615 1.72441286966205 1.50115892849863 1.76604290516116 0.896268613636494 1.19366501714103 1.17989040235989 1.89035369060002 0 1.57231228030287 1.65526185720228 1.62459153542295 1.10912332893349 1.14869269705378 1.07381213898771 1.28858429798856 1.04874844616279 1.48820634745061 1.05297433538362 1.1184003946837 1.74610130279325 1.52972457953729 1.23221212648787 1.29906485672109 1.54335669009015 1.36577443941496 1.53334448719397 1.681367615005 1.3359493680764 1.04758949368261
1.2843951350078 0.971328957704827 1.57851345418021 1.24426546297036 1.26465161889791 1.33867259160616 1.31177883944474 1.82548295450397 1.57231228030287 0 1.27225558902137 1.24748403485864 1.82776173832826 1.72481869533658 1.60038033337332 1.7556973467581 1.80620142468251 1.66770575684495 1.84329673252068 1.24891301197931 0.975058939307928 1.57076550251804 1.0431296818424 1.03755197091959 1.17757493304089 1.34128970326856 1.56748799001798 1.19440297991969 0.983189148595557 1.39729991438799
1.59670499851927 1.39217994525097 1.18055685656145 1.15499328495935 1.48310412582941 1.68170111021027 1.48093600361608 1.27998569607735 1.65526185720228 1.27225558902137 0 1.4883570719976 0.920578131917864 1.78858551569283 1.14411005284637 1.05429289466701 1.06023234152235 1.22658975748345 1.18952591763809 1.41779470350593 1.1878185372334 1.74406201392412 1.16483445628546 1.2639522049576 0.995933007448912 1.15766396280378 0.925447795772925 1.19135096599348 1.30809151544236 1.59971066727303
1.14547787792981 0.914860097924247 1.53953939885832 1.83471838152036 1.03858105279505 0.951936673838645 0.949371439404786 1.80605666781776 1.62459153542295 1.24748403485864 1.4883570719976 0 1.81505736289546 1.72294660820626 1.82909421436489 1.4579168506898 1.04058173811063 1.76820604526438 1.6323008092586 0.930448657134548 1.58572738943622 1.3880066992715 1.59504082822241 1.11409692978486 1.43132649571635 1.48500485345721 1.87917920178734 1.59021355840378 1.58934728102759 1.5255347576458
1.78048180928454 1.57078993972391 1.32791591924615 1.5877236216329 1.32735160342418 1.84348967438564 1.73654424375854 1.16208445793018 1.10912332893349 1.82776173832826 0.920578131917864 1.81505736289546 0 1.01047281548381 1.54635635600425 1.65594384074211 1.02911219140515 0.963839850621298 0.941036829957739 1.20338816009462 1.30310353450477 0.907647546147928 1.63947571651079 1.30664648325182 1.33663357328624 0.930317578837276 1.33070844481699 1.67484003584832 1.22349882102571 1.44113389030099
1.01455267635174 1.39688102644868 1.67353151412681 1.49536640779115 1.68706992361695 1.41544424579479 1.48149743047543 1.09930705581792 1.14869269705378 1.72481869533658 1.78858551569283 1.72294660820626 1.01047281548381 0 1.07080457848497 1.58437811280601 1.44126928527839 1.84596632514149 1.33475633873604 0.945344245294109 1.21465481235646 1.25494881393388 1.73379845218733 1.66142418584786 1.16084239841439 1.148254950298 1.37267871550284 1.71656669210643 1.37665966991335 1.67744558514096
1.04956570081413 1.74293244630098 1.2808655295521 1.78577096899971 1.327948119957 1.20818995940499 1.18154941755347 1.69055808265693 1.07381213898771 1.60038033337332 1.14411005284637 1.82909421436489 1.54635635600425 1.07080457848497 0 1.83980445121415 1.3903515918646 1.61465620296076 1.41367248608731 1.30843680351973 1.08476634323597 1.58215529192239 1.57549030147493 1.88922338490374 1.22562337690033 1.22697849222459 1.08734211348929 1.33672602521256 1.14703901531175 1.27126056118868
1.79481552750804 1.57770451158285 1.258867071243 1.21333581022918 1.03005543886684 1.34595609060489 1.41903321770951 1.86408628057688 1.28858429798856 1.7556973467581 1.05429289466701 1.4579168506898 1.65594384074211 1.58437811280601 1.83980445121415 0 1.17485061055049 1.77295080199838 1.10925055202097 0.98953945026733 0.975790485041216 1.16479548043571 0.926966914441437 1.65827239281498 1.68467397149652 1.31302841496654 1.79419747181237 1.38181180739775 1.42052407143638 0.993047928903252
1.03713396494277 1.50618779310025 1.75044428906403 1.65979331801645 1.52960310387425 1.68797278404236 1.35706292768009 1.60807376657613 1.04874844616279 1.80620142468251 1.06023234152235 1.04058173811063 1.02911219140515 1.44126928527839 1.3903515918646 1.17485061055049 0 1.71317213051952 1.48213786957785 1.29694948112592 1.0131617533043 1.2942970704753 1.29982426459901 1.74450861755759 1.57346188556403 1.74386392324232 1.57501574838534 1.24957595928572 1.76495634601451 1.70813515782356
1.53771725017577 1.77720023598522 1.44243809441105 1.10460924124345 1.8773818903137 1.35795431560837 1.46839844575152 1.08523227553815 1.48820634745061 1.66770575684495 1.22658975748345 1.76820604526438 0.963839850621298 1.84596632514149 1.61465620296076 1.77295080199838 1.71317213051952 0 1.65813877107576 1.40413430263288 1.37490237527527 1.02371642785147 1.79810892813839 0.945203132927418 1.75668947794475 1.12758181500249 1.18934162007645 1.74448411772028 0.896917946171016 1.22904007975012
1.80378235806711 1.1193420663476 1.31096755596809 1.62458929885179 1.18778038490564 1.82949235592969 1.73189738555811 0.981555241392925 1.05297433538362 1.84329673252068 1.18952591763809 1.6323008092586 0.941036829957739 1.33475633873604 1.41367248608731 1.10925055202097 1.48213786957785 1.65813877107576 0 1.076906605158 1.38695890665986 1.266568480758 1.07007888448425 1.75576339033432 1.02206587325782 1.16184878442436 0.897020096657798 1.42824093275703 1.24680446833372 1.34944111201912
1.11342524294741 1.49188800342381 1.02615843550302 0.904269724385813 1.49352599540725 1.08858301583678 1.64025078527629 1.73059915564954 1.1184003946837 1.24891301197931 1.41779470350593 0.930448657134548 1.20338816009462 0.945344245294109 1.30843680351973 0.98953945026733 1.29694948112592 1.40413430263288 1.076906605158 0 1.71095898305066 1.14509634417482 1.41209277580492 1.75760796875693 1.67010339070112 1.46656116191298 1.11671987501904 1.36143070482649 0.936353167751804 1.30103338579647
1.72171677416191 1.58267037081532 1.61294997716323 1.47104789386503 1.70972795342095 1.234031194821 1.10663480078802 1.52033453434706 1.74610130279325 0.975058939307928 1.1878185372334 1.58572738943622 1.30310353450477 1.21465481235646 1.08476634323597 0.975790485041216 1.0131617533043 1.37490237527527 1.38695890665986 1.71095898305066 0 1.79019958525896 1.79068739898503 0.919246718054637 1.1365059511736 1.25600683665834 1.20354613848031 1.82662878977135 1.08527341694571 1.81016274099238
1.30583603633568 1.32469131611288 1.78062019264325 1.05755741731264 1.67253071442246 1.87566610681824 1.70667014271021 1.72081631748006 1.52972457953729 1.57076550251804 1.74406201392412 1.3880066992715 0.907647546147928 1.25494881393388 1.58215529192239 1.16479548043571 1.2942970704753 1.02371642785147 1.266568480758 1.14509634417482 1.79019958525896 0 1.50655826064758 1.26151357893832 1.69795444747433 1.25520583312027 1.06226710183546 1.46312033920549 1.86097389040515 1.40553175611421
1.81449872488156 0.987539066700265 1.70608334522694 0.954862431623042 1.77132500545122 1.50711314496584 0.972492792876437 1.09241176140495 1.23221212648787 1.0431296818424 1.16483445628546 1.59504082822241 1.63947571651079 1.73379845218733 1.57549030147493 0.926966914441437 1.29982426459901 1.79810892813839 1.07007888448425 1.41209277580492 1.79068739898503 1.50655826064758 0 1.45981687051244 1.23932748776861 0.937386651756242 1.40145484101959 1.00329150608741 1.15076252818108 0.896013310877606
1.06541559216566 1.21594903571531 1.3036863070447 1.08689966751263 1.74674093001522 1.20133555331267 1.27826688298956 0.968200080329552 1.29906485672109 1.03755197091959 1.2639522049576 1.11409692978486 1.30664648325182 1.66142418584786 1.88922338490374 1.65827239281498 1.74450861755759 0.945203132927418 1.75576339033432 1.75760796875693 0.919246718054637 1.26151357893832 1.45981687051244 0 1.15450516133569 0.911065797321498 0.961864884477109 0.965961622307077 1.00949303200468 1.6072093618568
1.12462587165646 1.36171595007181 1.12944344012067 1.32316024764441 1.36624904535711 1.3529963013716 1.48506923369132 1.23973968671635 1.54335669009015 1.17757493304089 0.995933007448912 1.43132649571635 1.33663357328624 1.16084239841439 1.22562337690033 1.68467397149652 1.57346188556403 1.75668947794475 1.02206587325782 1.67010339070112 1.1365059511736 1.69795444747433 1.23932748776861 1.15450516133569 0 1.14296284434386 1.08534507360309 0.899991777492687 1.52621736307628 1.71866854722612
1.19024381274357 1.02546568727121 1.72725929669105 1.25993017200381 1.26895334757864 1.0285869166255 1.46024772757664 1.48994252667762 1.36577443941496 1.34128970326856 1.15766396280378 1.48500485345721 0.930317578837276 1.148254950298 1.22697849222459 1.31302841496654 1.74386392324232 1.12758181500249 1.16184878442436 1.46656116191298 1.25600683665834 1.25520583312027 0.937386651756242 0.911065797321498 1.14296284434386 0 1.35909471381456 1.59675261424854 1.12175744934939 1.21183214802295
1.45886207930744 1.20097670983523 0.896595862461254 1.82087461557239 1.17158963554539 1.6132248796057 1.08869501925074 0.951677059754729 1.53334448719397 1.56748799001798 0.925447795772925 1.87917920178734 1.33070844481699 1.37267871550284 1.08734211348929 1.79419747181237 1.57501574838534 1.18934162007645 0.897020096657798 1.11671987501904 1.20354613848031 1.06226710183546 1.40145484101959 0.961864884477109 1.08534507360309 1.35909471381456 0 1.75791613687761 0.900716340634972 1.84096799814142
1.80298447771929 1.08720013592392 1.75667101936415 1.61757638514973 1.18521253042854 1.22399329440668 1.72019909042865 1.84989354852587 1.681367615005 1.19440297991969 1.19135096599348 1.59021355840378 1.67484003584832 1.71656669210643 1.33672602521256 1.38181180739775 1.24957595928572 1.74448411772028 1.42824093275703 1.36143070482649 1.82662878977135 1.46312033920549 1.00329150608741 0.965961622307077 0.899991777492687 1.59675261424854 1.75791613687761 0 1.25518667441793 1.42635694006458
1.75871394877322 1.80043747415766 1.00806868285872 1.12459831358865 1.60437052813359 1.12254673242569 1.74651798023842 1.36343525955454 1.3359493680764 0.983189148595557 1.30809151544236 1.58934728102759 1.22349882102571 1.37665966991335 1.14703901531175 1.42052407143638 1.76495634601451 0.896917946171016 1.24680446833372 0.936353167751804 1.08527341694571 1.86097389040515 1.15076252818108 1.00949303200468 1.52621736307628 1.12175744934939 0.900716340634972 1.25518667441793 0 1.42702687880956
1.05039989505894 0.923028571065515 1.49567246623337 0.966925529297441 0.919125748565421 1.0797813415993 1.4020974971354 1.26866067317314 1.04758949368261 1.39729991438799 1.59971066727303 1.5255347576458 1.44113389030099 1.67744558514096 1.27126056118868 0.993047928903252 1.70813515782356 1.22904007975012 1.34944111201912 1.30103338579647 1.81016274099238 1.40553175611421 0.896013310877606 1.6072093618568 1.71866854722612 1.21183214802295 1.84096799814142 1.42635694006458 1.42702687880956 0
