0 1.90137114166282 0.945927522843704 1.15141169703566 1.64014542242512 1.73801400396042 1.65997873200104 1.61180364037864 1.24097908753902 1.20881192130037 1.22763026203029 1.77943714475259 1.79225843911991 1.05262744310312 1.86585635785013 1.68666888168082 1.38790829177015 1.05752741219476 1.78615474025719 1.49504845845513 1.47203060449101 1.87797727738507 1.08950617630035 1.83319547725841 1.67588824988343 1.89776975894347 0.971123221796006 1.50263698794879 1.13188656419516 1.29493803158402
1.90137114166282 0 1.75405288650654 1.00998477474786 1.53218381572515 1.03035067627206 1.90350052993745 1.53105226787739 1.07867448963225 1.740837758407 1.26744953054003 1.32458337163553 1.16294644656591 1.34429171006195 1.38748484058306 1.42902361601591 1.24719820008613 1.01090911519714 1.46308842138387 1.8036665446125 1.73203850234859 1.78643628326245 1.54165911488235 1.72616777010262 1.11333564063534 1.21738785202615 1.92168462113477 1.22180977859534 1.45750529225916 1.1707017456647
0.945927522843704 1.75405288650654 0 1.84993014554493 1.09089861717075 1.69510800368153 1.85522864735685 1.60997885419056 1.7811144858133 0.953280770685524 1.44002018659376 1.04961559409276 1.66102130012587 1.30856987670995 1.77913984353654 1.74273989885114 1.67048480222002 1.5385495654773 1.90730994287878 0.971919070929289 0.961682541295886 1.4321965877898 1.28091367566958 1.05740856961347 1.21316976659 1.75553035573103 1.91705074463971 1.25312860892154 1.8253799569793 1.09221035428345
1.15141169703566 1.00998477474786 1.84993014554493 0 1.64725580718368 1.04099351796322 0.971988008590415 1.42528109648265 1.42723425687291 1.67885102401488 1.66436997591518 1.74590175319463 1.62548972642981 1.83691110508516 1.10661991126835 0.965965525712818 1.9258534417022 1.47033013612963 1.793400663184 1.65106186945923 1.27129113487899 1.92187773971818 1.79388612788171 1.8106785803102 1.30021337699145 1.13587462319992 1.46454438264482 1.83720345958136 1.78244188800454 1.0358659545891
1.64014542242512 1.53218381572515 1.09089861717075 1.64725580718368 0 1.00400851247832 1.03707913146354 1.37967786868103 1.0830505725462 1.48141203192063 1.78334792074747 1.55943684210069 0.953525461954996 1.51309339911677 1.22783082723618 0.983600571518764 1.54094203445129 1.60140886087902 1.0912888078019 1.03949400992133 1.53305123676546 1.5210820576176 1.28710450534709 1.79985895520076 1.70184227474965 1.19959774310701 1.86365941166878 1.28482398157939 1.9129619456362 1.09644170058891
1.73801400396042 1.03035067627206 1.69510800368153 1.04099351796322 1.00400851247832 0 1.81102165253833 1.69661925290711 1.74520721286535 1.46822188235819 1.05610926938243 1.85859539639205 1.35408027749509 1.34614431648515 1.41896944143809 1.22511839843355 1.92846393422224 1.49209873192012 1.5341843131464 1.52872046479024 1.8536730138585 1.91147770755924 1.20504726818763 1.87702202307992 1.19232552614994 1.01262437715195 1.41702538845129 1.8320380281657 1.53503611986525 1.1120287925005
1.65997873200104 1.90350052993745 1.85522864735685 0.971988008590415 1.03707913146354 1.81102165253833 0 1.21693226229399 1.68431491614319 0.940978056518361 1.19878209545277 1.22206927998923 1.36373517895117 1.25163466320373 1.66543459543027 1.06336768437177 1.32830201508477 1.76057821838185 1.2531969496049 1.09408999979496 1.39316474483348 1.44472045195289 1.79134654649533 1.4983418120537 1.522096227156 0.960141211282462 1.4082318386063 1.89643446891569 1.56505102082156 1.71129653113894
1.61180364037864 1.53105226787739 1.60997885419056 1.42528109648265 1.37967786868103 1.69661925290711 1.21693226229399 0 1.81785116484389 1.7202373277396 1.47646699636243 1.05805631331168 1.24044362735003 1.55551502644084 1.84472518740222 1.2498976115603 1.19957786938176 1.4552893799264 1.82092523924075 0.955677696736529 1.54571094736457 1.60569842392579 1.00973817310296 1.18433060240932 1.441405370133 1.13145686034113 0.982157713500783 1.48662075540051 1.87891894578934 1.77559293271042
1.24097908753902 1.07867448963225 1.7811144858133 1.42723425687291 1.0830505725462 1.74520721286535 1.68431491614319 1.81785116484389 0 1.12168208137155 1.83141866745427 1.37209559720941 1.2849900489673 1.77374218590558 1.04627400380559 1.70217925705947 1.31903106160462 1.04094721516594 1.67021832359023 1.79850603686646 1.19785752217285 1.50587269174866 1.19292219728231 0.949510091682896 1.78001764044166 1.5099847917445 1.82753925095312 1.46284809219651 1.19558993168175 1.1372306663543
1.20881192130037 1.740837758407 0.953280770685524 1.67885102401488 1.48141203192063 1.46822188235819 0.940978056518361 1.7202373277396 1.12168208137155 0 1.25290531641804 1.84725480317138 1.16662227595225 1.24395548854955 1.60196060291491 1.72005152353086 1.86744273803197 1.30756261805072 1.45144405961037 1.73219281900674 1.61758222826757 1.26724194153212 1.44119323184714 1.88150066696107 1.2335059819743 1.76018331595697 1.53235253388993 1.37214897992089 1.67503208876587 1.62324771471322
1.22763026203029 1.26744953054003 1.44002018659376 1.66436997591518 1.78334792074747 1.05610926938243 1.19878209545277 1.47646699636243 1.83141866745427 1.25290531641804 0 1.58012537192553 1.06540501466952 1.43019353598356 1.06680842139758 1.22432322683744 1.73535655997694 1.116818186827 1.11815724358894 1.62547639454715 1.87280706898309 1.81082188850269 1.85070990445092 1.88090135599487 1.09462340152822 1.35830061859451 1.37936813291162 1.21013750438578 1.6183008546941 1.7744914572686
1.77943714475259 1.32458337163553 1.04961559409276 1.74590175319463 1.55943684210069 1.85859539639205 1.22206927998923 1.05805631331168 1.37209559720941 1.84725480317138 1.58012537192553 0 1.35387862334028 1.30538749578409 1.1227524226997 1.45604105293751 1.67870432604104 1.54333377513103 1.47754636988975 1.10385210998356 1.54710091883317 1.45370902027935 1.54998137243092 1.43998651718721 1.63125683739781 1.03863401175477 1.34073633956723 0.938129702582955 1.05011150892824 1.75319971051067
1.79225843911991 1.16294644656591 1.66102130012587 1.62548972642981 0.953525461954996 1.35408027749509 1.36373517895117 1.24044362735003 1.2849900489673 1.16662227595225 1.06540501466952 1.35387862334028 0 1.11759842536412 1.6893538904842 1.46224783197977 1.3804354253225 1.54850356350653 1.91365583683364 1.29466269887052 1.56787229701877 1.27278094179928 1.52089583268389 1.87940835976042 1.18627633876167 1.42272787448019 1.41805059206672 1.78757164138369 1.28417402366176 1.32970283855684
1.05262744310312 1.34429171006195 1.30856987670995 1.83691110508516 1.51309339911677 1.34614431648515 1.25163466320373 1.55551502644084 1.77374218590558 1.24395548854955 1.43019353598356 1.30538749578409 1.11759842536412 0 1.78304436826147 1.69329418358393 1.11096596717834 1.17092826706357 1.13883560150862 1.04573245276697 1.56059008697048 1.00836194073781 1.66564848972484 1.09663333301432 1.12013336271048 1.38603102019988 1.46261257561855 1.37992088566534 1.66844375198707 1.14420221163891
1.86585635785013 1.38748484058306 1.77913984353654 1.10661991126835 1.22783082723618 1.41896944143809 1.66543459543027 1.84472518740222 1.04627400380559 1.60196060291491 1.06680842139758 1.1227524226997 1.6893538904842 1.78304436826147 0 1.74643495492637 1.56000457447954 1.18281790800393 1.19724830123596 1.48282705806196 1.88788690348156 1.22241874272004 1.78382478607818 1.30648120329715 1.57370006502606 1.81592355994508 1.546119018225 1.39751778822392 1.03583279205486 1.74278036062606
1.68666888168082 1.42902361601591 1.74273989885114 0.965965525712818 0.983600571518764 1.22511839843355 1.06336768437177 1.2498976115603 1.70217925705947 1.72005152353086 1.22432322683744 1.45604105293751 1.46224783197977 1.69329418358393 1.74643495492637 0 0.967837481293827 1.74450352368876 1.31515957019292 1.8221831091214 1.45884944451973 1.84825806971639 1.8948380225338 1.07361113326624 1.75652408506721 1.52301027346402 1.22420585015789 1.02635588077828 1.51879856665619 1.00156703032553
1.38790829177015 1.24719820008613 1.67048480222002 1.9258534417022 1.54094203445129 1.92846393422224 1.32830201508477 1.19957786938176 1.31903106160462 1.86744273803197 1.73535655997694 1.67870432604104 1.3804354253225 1.11096596717834 1.56000457447954 0.967837481293827 0 1.37319721491076 1.16671961499378 1.57698051421903 1.89265746786259 1.85131197841838 1.03549943608232 1.81904784333892 1.08874792279676 1.11957126040943 1.0425069744233 1.85769205307588 1.36778549849987 1.1253506380599
1.05752741219476 1.01090911519714 1.5385495654773 1.47033013612963 1.60140886087902 1.49209873192012 1.76057821838185 1.4552893799264 1.04094721516594 1.30756261805072 1.116818186827 1.54333377513103 1.54850356350653 1.17092826706357 1.18281790800393 1.74450352368876 1.37319721491076 0 1.37815791089088 1.07112101046368 1.0228344311472 1.60325429984368 1.17990975850262 1.2727473762352 1.28316394682042 1.20900532882661 1.26272518816404 1.52802254236303 1.66011434188113 1.39890886028297
1.78615474025719 1.46308842138387 1.90730994287878 1.793400663184 1.0912888078019 1.5341843131464 1.2531969496049 1.82092523924075 1.67021832359023 1.45144405961037 1.11815724358894 1.47754636988975 1.91365583683364 1.13883560150862 1.19724830123596 1.31515957019292 1.16671961499378 1.37815791089088 0 1.46713215881027 1.8634550916031 1.42393241473474 1.83524727472104 1.82029185350984 1.12012728862464 1.86605583666824 0.970840402180329 1.68457549274899 1.07355438545346 1.76215529534966
1.49504845845513 1.8036665446125 0.971919070929289 1.65106186945923 1.03949400992133 1.52872046479024 1.09408999979496 0.955677696736529 1.79850603686646 1.73219281900674 1.62547639454715 1.10385210998356 1.29466269887052 1.04573245276697 1.48282705806196 1.8221831091214 1.57698051421903 1.07112101046368 1.46713215881027 0 1.0868929461576 1.38645459804684 1.91863356158137 1.29118916764855 1.63726016739383 1.56428280030377 1.86093951156363 1.04392857803032 1.788093815092 1.08088178932667
1.47203060449101 1.73203850234859 0.961682541295886 1.27129113487899 1.53305123676546 1.8536730138585 1.39316474483348 1.54571094736457 1.19785752217285 1.61758222826757 1.87280706898309 1.54710091883317 1.56787229701877 1.56059008697048 1.88788690348156 1.45884944451973 1.89265746786259 1.0228344311472 1.8634550916031 1.0868929461576 0 1.32378120510839 1.18768471223302 1.18146910169162 0.990670640254393 1.08227347629145 1.39744295389391 1.53023041901179 1.04682747274637 1.1676304214634
1.87797727738507 1.78643628326245 1.4321965877898 1.92187773971818 1.5210820576176 1.91147770755924 1.44472045195289 1.60569842392579 1.50587269174866 1.26724194153212 1.81082188850269 1.45370902027935 1.27278094179928 1.00836194073781 1.22241874272004 1.84825806971639 1.85131197841838 1.60325429984368 1.42393241473474 1.38645459804684 1.32378120510839 0 1.01500436407514 1.10735650523566 1.59893872332759 0.955832151463255 1.76731443312019 1.52082028239965 1.23651473992504 1.03458277694881
1.08950617630035 1.54165911488235 1.28091367566958 1.79388612788171 1.28710450534709 1.20504726818763 1.79134654649533 1.00973817310296 1.19292219728231 1.44119323184714 1.85070990445092 1.54998137243092 1.52089583268389 1.66564848972484 1.78382478607818 1.8948380225338 1.03549943608232 1.17990975850262 1.83524727472104 1.91863356158137 1.18768471223302 1.01500436407514 0 1.62471937038936 1.52149442606606 1.85981616075151 1.15537713747472 1.82023477205075 1.02093405858614 1.93123730039224
1.83319547725841 1.72616777010262 1.05740856961347 1.8106785803102 1.79985895520076 1.87702202307992 1.4983418120537 1.18433060240932 0.949510091682896 1.88150066696107 1.88090135599487 1.43998651718721 1.87940835976042 1.09663333301432 1.30648120329715 1.07361113326624 1.81904784333892 1.2727473762352 1.82029185350984 1.29118916764855 1.18146910169162 1.10735650523566 1.62471937038936 0 1.15851336438209 1.54803956532851 1.6784116665367 1.52132286503911 1.12021978525445 1.54547378583811
1.67588824988343 1.11333564063534 1.21316976659 1.30021337699145 1.70184227474965 1.19232552614994 1.522096227156 1.441405370133 1.78001764044166 1.2335059819743 1.09462340152822 1.63125683739781 1.18627633876167 1.12013336271048 1.57370006502606 1.75652408506721 1.08874792279676 1.28316394682042 1.12012728862464 1.63726016739383 0.990670640254393 1.59893872332759 1.52149442606606 1.15851336438209 0 1.54569906392135 1.77476789522916 1.76446450548247 1.80164910526946 1.22546314098872
1.89776975894347 1.21738785202615 1.75553035573103 1.13587462319992 1.19959774310701 1.01262437715195 0.960141211282462 1.13145686034113 1.5099847917445 1.76018331595697 1.35830061859451 1.03863401175477 1.42272787448019 1.38603102019988 1.81592355994508 1.52301027346402 1.11957126040943 1.20900532882661 1.86605583666824 1.56428280030377 1.08227347629145 0.955832151463255 1.85981616075151 1.54803956532851 1.54569906392135 0 1.47618729458191 1.84736634395085 1.05344174429774 1.35236309980974
0.971123221796006 1.92168462113477 1.91705074463971 1.46454438264482 1.86365941166878 1.41702538845129 1.4082318386063 0.982157713500783 1.82753925095312 1.53235253388993 1.37936813291162 1.34073633956723 1.41805059206672 1.46261257561855 1.546119018225 1.22420585015789 1.0425069744233 1.26272518816404 0.970840402180329 1.86093951156363 1.39744295389391 1.76731443312019 1.15537713747472 1.6784116665367 1.77476789522916 1.47618729458191 0 0.97301124711521 1.28040998824872 1.08167897933163
1.50263698794879 1.22180977859534 1.25312860892154 1.83720345958136 1.28482398157939 1.8320380281657 1.89643446891569 1.48662075540051 1.46284809219651 1.37214897992089 1.21013750438578 0.938129702582955 1.78757164138369 1.37992088566534 1.39751778822392 1.02635588077828 1.85769205307588 1.52802254236303 1.68457549274899 1.04392857803032 1.53023041901179 1.52082028239965 1.82023477205075 1.52132286503911 1.76446450548247 1.84736634395085 0.97301124711521 0 1.47803828632459 1.78168888646178
1.13188656419516 1.45750529225916 1.8253799569793 1.78244188800454 1.9129619456362 1.53503611986525 1.56505102082156 1.87891894578934 1.19558993168175 1.67503208876587 1.6183008546941 1.05011150892824 1.28417402366176 1.66844375198707 1.03583279205486 1.51879856665619 1.36778549849987 1.66011434188113 1.07355438545346 1.788093815092 1.04682747274637 1.23651473992504 1.02093405858614 1.12021978525445 1.80164910526946 1.05344174429774 1.28040998824872 1.47803828632459 0 1.69481513625942
1.29493803158402 1.1707017456647 1.09221035428345 1.0358659545891 1.09644170058891 1.1120287925005 1.71129653113894 1.77559293271042 1.1372306663543 1.62324771471322 1.7744914572686 1.75319971051067 1.32970283855684 1.14420221163891 1.74278036062606 1.00156703032553 1.1253506380599 1.39890886028297 1.76215529534966 1.08088178932667 1.1676304214634 1.03458277694881 1.93123730039224 1.54547378583811 1.22546314098872 1.35236309980974 1.08167897933163 1.78168888646178 1.69481513625942 0
