0 1.22838037484325 1.86879213177599 1.27833683346398 1.49067291081883 1.07924818410538 1.70217369799502 1.02191695827059 1.4810269093141 1.78608069359325 1.77109790989198 1.31043006759137 1.17552753863856 1.49302209727466 1.06665188237093 1.68198756710626 1.7424926487729 1.60290116979741 1.49982129805721 1.496461577015 1.05920157837681 1.7962316730991 1.31770108453929 1.76523021725006 1.09404110792093 1.69429581030272 1.24576181964949 1.74304646928795 0.904680001782253 1.19853080273606
1.22838037484325 0 1.81956062046811 1.53262073709629 1.52572764200158 1.56316644186154 1.68595609464683 1.01740625780076 1.48771571996622 1.71580004692078 1.05892694252543 1.50048307143152 1.5709974237252 1.66898463177495 1.74807320022956 1.7136763506569 1.7425543339923 1.66919580148533 1.63998150429688 1.34506313689053 1.52204821375199 1.16833108547144 1.19943347992375 1.86397685506381 1.28862892067991 1.56518573407084 1.0329149866011 1.5201511294581 1.66339907748625 1.32938558864407
1.86879213177599 1.81956062046811 0 1.51543392939493 0.940840904135257 1.06541652604938 1.05547603382729 1.22436504205689 1.00125628616661 1.09330438752659 1.70158914430067 1.00619471655227 1.67965710069984 1.49871054990217 1.26471785455942 1.68401844846085 1.80121495807543 1.4378722961992 1.51982783409767 1.24564801971428 1.15481794648804 1.24398484569974 1.63278404134326 1.04078602883965 1.85229223803617 1.42643644637428 1.18428097874857 0.963256990537047 1.09976990125142 1.27954113343731
1.27833683346398 1.53262073709629 1.51543392939493 0 1.63260799692944 1.37972339289263 1.66265729395673 1.05638885148801 1.46959774917923 1.22382353246212 1.26005384325981 1.34006338077597 0.988525996217504 1.87212483026087 1.35446948441677 1.47325461730361 1.7879217765294 0.994766175979748 0.966338121565059 1.19153293501586 1.13146951212548 1.41964084282517 1.09680227166973 1.78964354516938 1.42936536064371 1.75821637921035 1.00270060892217 1.59165392816067 1.61697220918722 1.18299382529221
1.49067291081883 1.52572764200158 0.940840904135257 1.63260799692944 0 1.47998489299789 1.07705284608528 1.19521965854801 1.16354235308245 1.57804090087302 1.23238859069534 1.23566172039136 0.915026467526332 1.38428493239917 0.912399668246508 1.73383239144459 1.24730513710529 1.52521513029933 0.898033363511786 1.3129613136407 1.10604124702513 1.70863218838349 1.40386835043319 1.76820352883078 0.998894948279485 1.12696087337099 1.35504426900297 1.03835560497828 1.50366026745178 1.69529164442793
1.07924818410538 1.56316644186154 1.06541652604938 1.37972339289263 1.47998489299789 0 0.918584421044216 0.915693435585126 1.55161883262917 1.889290536521 1.65924725378864 0.997854262357578 1.82463291147724 1.16732333297841 1.5290945135057 1.72171936719678 1.36901133134961 1.73079889267683 1.44075090158731 1.81044988287613 1.52079024584964 1.02616895502433 1.69988779933192 1.7300511309877 0.971707079093903 1.22438860079274 1.41906948247924 1.61948356358334 1.65309531078674 1.54441981669515
1.70217369799502 1.68595609464683 1.05547603382729 1.66265729395673 1.07705284608528 0.918584421044216 0 1.58811140130274 1.49235484749079 1.23701619519852 1.26537110400386 1.58900878322311 1.0004077849444 1.76657679933123 1.62510802154429 1.38669968838803 1.47926932107657 0.984273037873209 1.30438944767229 1.54937184671871 1.62314081611112 1.31092755589634 1.40083090309054 1.28354218532331 1.5372149636969 1.12258958606981 1.57420298876241 1.62744960933924 1.43542518466711 1.08124472107738
1.02191695827059 1.01740625780076 1.22436504205689 1.05638885148801 1.19521965854801 0.915693435585126 1.58811140130274 0 1.83768071513623 1.48280816338956 1.08636474935338 1.70379775972106 1.18981811357662 1.15384029434063 1.82056127488613 1.36655144509859 1.38425699947402 1.73504724819213 1.59097291645594 1.07509150123224 1.54873915622011 1.14790869015269 1.09614189411514 1.215290163178 1.8295425302349 1.19599007209763 1.26170813967474 1.42604721873067 0.982028788421303 1.49463337147608
1.4810269093141 1.48771571996622 1.00125628616661 1.46959774917923 1.16354235308245 1.55161883262917 1.49235484749079 1.83768071513623 0 1.88414239720441 1.08283198834397 1.37920813285746 1.30744123714976 1.66014954983257 1.84095956757665 1.19167307391763 1.8187227465678 1.38488382636569 1.77161673293449 1.79509158199653 1.48431776114739 1.31676685065031 1.20636215410195 1.16800981760025 0.926121067255735 0.981729579623789 1.41330974921584 1.22453801310621 1.62848445842974 1.63769476511516
1.78608069359325 1.71580004692078 1.09330438752659 1.22382353246212 1.57804090087302 1.889290536521 1.23701619519852 1.48280816338956 1.88414239720441 0 1.23225002782419 1.54472858668305 1.20219325018115 1.07432384439744 0.907846622634679 1.06640566792339 0.95225165784359 1.15520186233334 1.45662660640664 1.8581418574322 1.1315166966524 1.65395520371385 1.58456778014079 1.52601202763617 1.56356214638799 1.74067119276151 1.29860430490226 1.81114087346941 1.36309868260287 1.4619934388902
1.77109790989198 1.05892694252543 1.70158914430067 1.26005384325981 1.23238859069534 1.65924725378864 1.26537110400386 1.08636474935338 1.08283198834397 1.23225002782419 0 1.72922955523245 0.98335417942144 1.54275967297144 1.77667062007822 1.48975455295295 1.82648344198242 0.989310951437801 1.33351647737436 1.6254425754305 1.58254422084428 1.01418728707358 1.48793199029751 1.16429255739786 1.83003011182882 0.947394264861941 1.38311069365591 0.996184815187007 1.30473684379831 1.05779351852834
1.31043006759137 1.50048307143152 1.00619471655227 1.34006338077597 1.23566172039136 0.997854262357578 1.58900878322311 1.70379775972106 1.37920813285746 1.54472858668305 1.72922955523245 0 1.05541379726492 1.23119929642417 1.12190890708007 1.86984362127259 1.42023840383627 1.02791918208823 1.7451098235324 1.85865312465467 1.4805266901385 0.997638158267364 1.09571394789964 1.58814483112656 1.36306729121134 1.05183769483119 1.1692220796831 1.47164851007983 0.996182773262262 1.25401677237824
1.17552753863856 1.5709974237252 1.67965710069984 0.988525996217504 0.915026467526332 1.82463291147724 1.0004077849444 1.18981811357662 1.30744123714976 1.20219325018115 0.98335417942144 1.05541379726492 0 1.30998443090357 0.965109975542873 1.8698004365433 1.40799855813384 1.58506874530576 1.60961693827994 1.20734061626717 0.990634180838242 1.37004946568049 1.01332723000087 1.83294095401652 1.74083602731116 1.37661924841814 1.64461881923489 1.42588742962107 1.21763361431658 0.935155008453876
1.49302209727466 1.66898463177495 1.49871054990217 1.87212483026087 1.38428493239917 1.16732333297841 1.76657679933123 1.15384029434063 1.66014954983257 1.07432384439744 1.54275967297144 1.23119929642417 1.30998443090357 0 1.19400156242773 1.35630648164079 1.77703594905324 1.37175836809911 1.77229464938864 1.15070250350982 1.39795077545568 1.85646516713314 1.50957669015042 1.09546558302827 1.59133972786367 0.931035588495433 1.22911341208965 1.12002644408494 1.20262495707721 1.21042912150733
1.06665188237093 1.74807320022956 1.26471785455942 1.35446948441677 0.912399668246508 1.5290945135057 1.62510802154429 1.82056127488613 1.84095956757665 0.907846622634679 1.77667062007822 1.12190890708007 0.965109975542873 1.19400156242773 0 1.43966786959209 1.0253855844494 1.44113752664998 1.04313123994507 0.978019737871364 1.25814308831468 1.72282574209385 1.1350222916808 1.58082874678075 0.996187569340691 1.22106174984947 1.41562797711231 1.37680409126915 1.69154703407548 1.61238688067533
1.68198756710626 1.7136763506569 1.68401844846085 1.47325461730361 1.73383239144459 1.72171936719678 1.38669968838803 1.36655144509859 1.19167307391763 1.06640566792339 1.48975455295295 1.86984362127259 1.8698004365433 1.35630648164079 1.43966786959209 0 1.41512038558722 1.76803032192402 1.25691369781271 1.58408532408066 1.70655944687314 1.29773594113067 1.13605999620631 1.54271739069372 1.08975290413946 1.62840013881214 1.44513114518486 1.42986505920999 1.21307766973041 1.00137890595943
1.7424926487729 1.7425543339923 1.80121495807543 1.7879217765294 1.24730513710529 1.36901133134961 1.47926932107657 1.38425699947402 1.8187227465678 0.95225165784359 1.82648344198242 1.42023840383627 1.40799855813384 1.77703594905324 1.0253855844494 1.41512038558722 0 1.82572108507156 1.57151928637177 1.75019702594727 1.74497777433135 1.25876089604571 1.76553268381394 1.11639334610663 1.87010564771481 1.52665142714977 1.5417793544475 1.35636052163318 1.87987685226835 1.25533229648136
1.60290116979741 1.66919580148533 1.4378722961992 0.994766175979748 1.52521513029933 1.73079889267683 0.984273037873209 1.73504724819213 1.38488382636569 1.15520186233334 0.989310951437801 1.02791918208823 1.58506874530576 1.37175836809911 1.44113752664998 1.76803032192402 1.82572108507156 0 1.56985977478325 1.42629987001419 1.58613122534007 1.44852518104017 1.86282643559389 1.60791868157685 0.965362095274031 0.942508483305573 1.59466249402612 0.936418474186212 1.09912074892782 1.5939685839694
1.49982129805721 1.63998150429688 1.51982783409767 0.966338121565059 0.898033363511786 1.44075090158731 1.30438944767229 1.59097291645594 1.77161673293449 1.45662660640664 1.33351647737436 1.7451098235324 1.60961693827994 1.77229464938864 1.04313123994507 1.25691369781271 1.57151928637177 1.56985977478325 0 1.83741256408393 0.910270371939987 1.30708196782507 1.70959614845924 1.58246445166878 1.3313054733444 1.86049353517592 1.85160536575131 1.88769910158589 1.55735282669775 1.19161609746516
1.496461577015 1.34506313689053 1.24564801971428 1.19153293501586 1.3129613136407 1.81044988287613 1.54937184671871 1.07509150123224 1.79509158199653 1.8581418574322 1.6254425754305 1.85865312465467 1.20734061626717 1.15070250350982 0.978019737871364 1.58408532408066 1.75019702594727 1.42629987001419 1.83741256408393 0 0.927142192143947 1.45169033436105 1.84953032480553 0.984831635840237 1.22535513015464 1.20524829649366 1.84035803703591 1.44241972872987 1.76946436078288 1.60011135716923
1.05920157837681 1.52204821375199 1.15481794648804 1.13146951212548 1.10604124702513 1.52079024584964 1.62314081611112 1.54873915622011 1.48431776114739 1.1315166966524 1.58254422084428 1.4805266901385 0.990634180838242 1.39795077545568 1.25814308831468 1.70655944687314 1.74497777433135 1.58613122534007 0.910270371939987 0.927142192143947 0 1.66465651593171 1.25373203959316 1.57527580764145 1.81406785920262 1.82244740100577 1.16738007823005 1.34788582823239 0.940639755222946 1.10882303281687
1.7962316730991 1.16833108547144 1.24398484569974 1.41964084282517 1.70863218838349 1.02616895502433 1.31092755589634 1.14790869015269 1.31676685065031 1.65395520371385 1.01418728707358 0.997638158267364 1.37004946568049 1.85646516713314 1.72282574209385 1.29773594113067 1.25876089604571 1.44852518104017 1.30708196782507 1.45169033436105 1.66465651593171 0 1.5166649222374 1.84154756437056 1.72085371846333 1.71483771153726 1.87774874805473 0.994933136040345 1.64138695504516 0.989777127048001
1.31770108453929 1.19943347992375 1.63278404134326 1.09680227166973 1.40386835043319 1.69988779933192 1.40083090309054 1.09614189411514 1.20636215410195 1.58456778014079 1.48793199029751 1.09571394789964 1.01332723000087 1.50957669015042 1.1350222916808 1.13605999620631 1.76553268381394 1.86282643559389 1.70959614845924 1.84953032480553 1.25373203959316 1.5166649222374 0 1.42197435768321 1.83017071499489 1.63805540464818 1.52408005553298 1.50875256815925 1.06543272733688 1.58387032453902
1.76523021725006 1.86397685506381 1.04078602883965 1.78964354516938 1.76820352883078 1.7300511309877 1.28354218532331 1.215290163178 1.16800981760025 1.52601202763617 1.16429255739786 1.58814483112656 1.83294095401652 1.09546558302827 1.58082874678075 1.54271739069372 1.11639334610663 1.60791868157685 1.58246445166878 0.984831635840237 1.57527580764145 1.84154756437056 1.42197435768321 0 1.0265004793182 1.06212325301021 1.26608707034029 1.65136675629765 1.02037507202476 1.33365150098689
1.09404110792093 1.28862892067991 1.85229223803617 1.42936536064371 0.998894948279485 0.971707079093903 1.5372149636969 1.8295425302349 0.926121067255735 1.56356214638799 1.83003011182882 1.36306729121134 1.74083602731116 1.59133972786367 0.996187569340691 1.08975290413946 1.87010564771481 0.965362095274031 1.3313054733444 1.22535513015464 1.81406785920262 1.72085371846333 1.83017071499489 1.0265004793182 0 1.7755316994153 1.17251992085949 1.67869891645387 1.32126183854416 1.49285641452298
1.69429581030272 1.56518573407084 1.42643644637428 1.75821637921035 1.12696087337099 1.22438860079274 1.12258958606981 1.19599007209763 0.981729579623789 1.74067119276151 0.947394264861941 1.05183769483119 1.37661924841814 0.931035588495433 1.22106174984947 1.62840013881214 1.52665142714977 0.942508483305573 1.86049353517592 1.20524829649366 1.82244740100577 1.71483771153726 1.63805540464818 1.06212325301021 1.7755316994153 0 1.54154189187102 1.24085113382898 1.02200423181057 1.28091570781544
1.24576181964949 1.0329149866011 1.18428097874857 1.00270060892217 1.35504426900297 1.41906948247924 1.57420298876241 1.26170813967474 1.41330974921584 1.29860430490226 1.38311069365591 1.1692220796831 1.64461881923489 1.22911341208965 1.41562797711231 1.44513114518486 1.5417793544475 1.59466249402612 1.85160536575131 1.84035803703591 1.16738007823005 1.87774874805473 1.52408005553298 1.26608707034029 1.17251992085949 1.54154189187102 0 1.04060820490122 1.02232037275098 1.74838249827735
1.74304646928795 1.5201511294581 0.963256990537047 1.59165392816067 1.03835560497828 1.61948356358334 1.62744960933924 1.42604721873067 1.22453801310621 1.81114087346941 0.996184815187007 1.47164851007983 1.42588742962107 1.12002644408494 1.37680409126915 1.42986505920999 1.35636052163318 0.936418474186212 1.88769910158589 1.44241972872987 1.34788582823239 0.994933136040345 1.50875256815925 1.65136675629765 1.67869891645387 1.24085113382898 1.04060820490122 0 1.28105641552247 1.7427667665761
0.904680001782253 1.66339907748625 1.09976990125142 1.61697220918722 1.50366026745178 1.65309531078674 1.43542518466711 0.982028788421303 1.62848445842974 1.36309868260287 1.30473684379831 0.996182773262262 1.21763361431658 1.20262495707721 1.69154703407548 1.21307766973041 1.87987685226835 1.09912074892782 1.55735282669775 1.76946436078288 0.940639755222946 1.64138695504516 1.06543272733688 1.02037507202476 1.32126183854416 1.02200423181057 1.02232037275098 1.28105641552247 0 1.32880680519156
1.19853080273606 1.32938558864407 1.27954113343731 1.18299382529221 1.69529164442793 1.54441981669515 1.08124472107738 1.49463337147608 1.63769476511516 1.4619934388902 1.05779351852834 1.25401677237824 0.935155008453876 1.21042912150733 1.61238688067533 1.00137890595943 1.25533229648136 1.5939685839694 1.19161609746516 1.60011135716923 1.10882303281687 0.989777127048001 1.58387032453902 1.33365150098689 1.49285641452298 1.28091570781544 1.74838249827735 1.7427667665761 1.32880680519156 0
