0 1.45352878095582 0.994670537533239 1.81885546934791 1.28778589051217 1.47460810886696 1.33314501144923 1.73124105506577 1.47415261669084 1.23991715232842 1.3300107261166 1.34938486805186 1.56743853772059 1.87058801553212 1.67262440710329 1.15763775631785 1.50634234701283 1.17265628115274 1.73544867080636 1.09689782862552 1.50533130788244 1.5807729170192 1.53915104037151 0.949174381792545 1.59196385554969 1.69674410391599 1.55339705874212 1.71131294290535 0.951215279987082 1.83952603605576
1.45352878095582 0 1.7052065054886 1.10892628971487 1.28597383596934 1.78719235258177 1.01418163930066 1.73010237212293 1.88658339413814 1.52174521167763 1.30801442195661 1.00871739839204 1.61242679716088 0.95242854161188 0.974951072363183 0.961777165532112 1.00347257149406 1.84386799787171 0.935642107157037 1.48463251790963 1.1579403327778 1.6408453672193 1.41991941747256 0.930400264915079 1.51917349430732 1.55009827716276 1.20965935057029 1.44469792931341 1.32235983223654 1.68243737076409
0.994670537533239 1.7052065054886 0 1.00521998410113 1.56601815321483 1.8661425022874 1.15934218559414 1.23981284233741 1.44680730416439 1.15241025295109 0.952014771755785 1.87892911722884 1.47815660899505 1.05083258310333 1.87905329489149 1.0229300565552 1.07784360926598 1.26977461879142 1.77895004954189 1.57421672926284 1.36445564846508 1.19277725741267 1.11749328696169 1.42351497337222 1.2166177786421 1.36397736263461 1.73915683361702 1.89738914510235 1.16982259508222 1.91023137862794
1.81885546934791 1.10892628971487 1.00521998410113 0 1.85014001838863 1.25461272103712 1.17170479078777 0.995899626519531 1.49431607755832 1.20313701964915 1.35577615071088 1.00429108203389 1.04155159229413 0.927358587505296 1.3964832208585 1.84449167945422 1.6176930856891 1.405930923298 1.21207608748227 1.83448192011565 1.44568586046807 1.46504895132966 1.06059274752624 1.38344890368171 1.46896785637364 1.78869351535104 1.49258092325181 1.21333315991797 1.25296918908134 1.20879881014116
1.28778589051217 1.28597383596934 1.56601815321483 1.85014001838863 0 1.54995147068985 1.86512948782183 1.32243580371141 1.25473721674643 1.85359790013172 1.7377452258952 1.26927524665371 1.1303003532812 1.2444512587972 1.91418184712529 1.77246740460396 1.17746388050728 1.167713312665 1.68953597685322 1.04420092445798 1.27678471431136 1.27320074802265 1.15299283852801 1.82290237373672 1.37941320729442 1.0025130645372 1.36776347155683 1.44277348602191 0.987792913336307 1.04520502779633
1.47460810886696 1.78719235258177 1.8661425022874 1.25461272103712 1.54995147068985 0 1.75327570759691 1.31162271089852 1.62589553440921 1.20864138496108 1.01678219600581 1.13140867720358 1.42989612440579 1.69863131013699 1.49583360692486 1.3438292958308 1.00252289744094 1.42243899591267 1.10346223437227 1.33572705485858 1.54905804782175 1.55343357403763 1.26370714302175 1.54719358403236 1.23630172060803 1.410336491419 1.41325082024559 1.29199295584112 1.76427580160089 1.25741733121686
1.33314501144923 1.01418163930066 1.15934218559414 1.17170479078777 1.86512948782183 1.75327570759691 0 0.959211067296565 1.18614738364704 1.76944317272864 1.48203614656813 1.48971513728611 1.07490018359385 1.15383591898717 0.989248076686636 1.28626605449244 1.64766990812495 0.960597502999008 1.78967044944875 1.63052484276704 1.57201277697459 1.20047323848121 1.49094437249005 0.953273761086166 1.69230424752459 1.4783040760085 1.51115752360784 1.80935950763524 1.45923935458995 1.79596754256636
1.73124105506577 1.73010237212293 1.23981284233741 0.995899626519531 1.32243580371141 1.31162271089852 0.959211067296565 0 1.20246973936446 1.44837648933753 1.37650929554366 1.7615043183323 0.968738881405443 1.65620348462835 1.35893177683465 1.05521172215231 1.57309647300281 1.31397823430598 1.54609326901846 1.17924180789851 1.01605739700608 1.00409473641776 0.950728043215349 1.43724502343684 1.02559329452924 1.90663625043817 1.27140032080933 1.90757644129917 1.49877276574261 1.61845277925022
1.47415261669084 1.88658339413814 1.44680730416439 1.49431607755832 1.25473721674643 1.62589553440921 1.18614738364704 1.20246973936446 0 1.6761851827614 0.990003978367895 1.1588754937984 1.08305815467611 1.65554078249261 1.58095179800875 1.27884434023872 0.939558389829472 1.33345991652459 1.43903709715232 1.59301835717633 1.17579773208126 1.83118629269302 1.39623882132582 1.34473571833223 1.32875739573501 1.86370549094863 1.80360403028317 1.56693505356088 1.54554394329898 1.81757671851665
1.23991715232842 1.52174521167763 1.15241025295109 1.20313701964915 1.85359790013172 1.20864138496108 1.76944317272864 1.44837648933753 1.6761851827614 0 1.57898075832054 1.36540937284008 1.02063317107968 1.22539325826801 1.8769330654759 1.33712049736641 1.61316805751994 1.09449833654799 1.14002116746269 0.978700281120837 1.54477140191011 1.20718909939751 1.56394221447408 1.08994497242384 1.74511238140985 1.18301228852943 1.05730157438666 1.35571902710944 1.41230759071186 1.78555989149027
1.3300107261166 1.30801442195661 0.952014771755785 1.35577615071088 1.7377452258952 1.01678219600581 1.48203614656813 1.37650929554366 0.990003978367895 1.57898075832054 0 0.976378850173205 1.88003666163422 1.15138589590788 1.35618686885573 1.29528330685571 1.2074812578503 1.66637900099158 1.34279741463251 1.20108353882097 1.33140395418741 1.04019722063094 1.46260414365679 1.66365119698457 1.73976925830357 1.14587685279548 1.5249041619245 1.22288373508491 1.21989974752069 0.973490779520944
1.34938486805186 1.00871739839204 1.87892911722884 1.00429108203389 1.26927524665371 1.13140867720358 1.48971513728611 1.7615043183323 1.1588754937984 1.36540937284008 0.976378850173205 0 1.10596600058489 1.5333027257584 1.47090612398461 1.39109472674318 1.46269665844738 1.4402792439796 1.13837252720259 1.25668200314976 1.14181456668302 1.3515086369589 1.63676471612416 1.25134454970248 1.32430103770457 1.43586410535499 1.10552487173118 1.36049536941573 1.16494606086053 1.13142706966028
1.56743853772059 1.61242679716088 1.47815660899505 1.04155159229413 1.1303003532812 1.42989612440579 1.07490018359385 0.968738881405443 1.08305815467611 1.02063317107968 1.88003666163422 1.10596600058489 0 0.993601333349943 1.4260725621134 1.10173233598471 1.19131612731144 1.56879044906236 1.34326266217977 1.73522382974625 1.21960225701332 1.54409608826973 0.964751149294898 1.28916365862824 1.86028712964617 1.56408506445587 1.7158746086061 1.42775448714383 1.69023650488816 1.60720907407813
1.87058801553212 0.95242854161188 1.05083258310333 0.927358587505296 1.2444512587972 1.69863131013699 1.15383591898717 1.65620348462835 1.65554078249261 1.22539325826801 1.15138589590788 1.5333027257584 0.993601333349943 0 1.39673308725469 1.18960673268884 1.07607897068374 1.2077202918008 1.4875316536054 1.58561924519017 1.06548662483692 1.09053988126107 1.17755833803676 1.47283943765797 1.42493177833967 1.03965444979258 0.947375380666927 1.41238398826681 1.3914185592439 1.34666330576874
1.67262440710329 0.974951072363183 1.87905329489149 1.3964832208585 1.91418184712529 1.49583360692486 0.989248076686636 1.35893177683465 1.58095179800875 1.8769330654759 1.35618686885573 1.47090612398461 1.4260725621134 1.39673308725469 0 1.53138347878121 1.76039486867376 1.12237990787253 1.91059317952022 1.34416399919428 1.87652631872334 1.63019994040951 0.992061635712162 1.33429322391748 1.30710452143103 1.57692112331279 1.69857204868458 1.83443574700505 1.67692203028128 1.16953949234448
1.15763775631785 0.961777165532112 1.0229300565552 1.84449167945422 1.77246740460396 1.3438292958308 1.28626605449244 1.05521172215231 1.27884434023872 1.33712049736641 1.29528330685571 1.39109472674318 1.10173233598471 1.18960673268884 1.53138347878121 0 1.88593527744524 1.68940985295922 1.39545216900297 1.80678006308153 1.78425072785467 1.17832680861466 1.37859357846901 1.63514040317386 1.25345562910661 1.15697485744022 1.86534978123382 1.296196824871 1.65947314933874 1.37265052041039
1.50634234701283 1.00347257149406 1.07784360926598 1.6176930856891 1.17746388050728 1.00252289744094 1.64766990812495 1.57309647300281 0.939558389829472 1.61316805751994 1.2074812578503 1.46269665844738 1.19131612731144 1.07607897068374 1.76039486867376 1.88593527744524 0 1.25183489825577 1.22751886770129 1.74936584522948 1.70838127750903 1.13842255645432 1.74271286651492 1.17202717973851 1.39574969839305 1.55848237406462 1.31271339138038 1.40364854992367 1.51451037125662 1.11420279601589
1.17265628115274 1.84386799787171 1.26977461879142 1.405930923298 1.167713312665 1.42243899591267 0.960597502999008 1.31397823430598 1.33345991652459 1.09449833654799 1.66637900099158 1.4402792439796 1.56879044906236 1.2077202918008 1.12237990787253 1.68940985295922 1.25183489825577 0 1.89764163270593 1.24283735081553 1.85328356479295 1.56367511535063 1.39973821863532 1.26046274625696 0.957654534373432 1.63173713558353 1.79515748750418 1.25346288084984 1.50147995492443 1.69223169679753
1.73544867080636 0.935642107157037 1.77895004954189 1.21207608748227 1.68953597685322 1.10346223437227 1.78967044944875 1.54609326901846 1.43903709715232 1.14002116746269 1.34279741463251 1.13837252720259 1.34326266217977 1.4875316536054 1.91059317952022 1.39545216900297 1.22751886770129 1.89764163270593 0 1.12023040861823 1.15137715870515 1.68230795650743 1.69843648839742 1.34033576119691 1.11572158802301 1.43865550379269 1.27688200073317 1.34497510711662 1.60041510802694 1.01849601371214
1.09689782862552 1.48463251790963 1.57421672926284 1.83448192011565 1.04420092445798 1.33572705485858 1.63052484276704 1.17924180789851 1.59301835717633 0.978700281120837 1.20108353882097 1.25668200314976 1.73522382974625 1.58561924519017 1.34416399919428 1.80678006308153 1.74936584522948 1.24283735081553 1.12023040861823 0 1.39170726132579 1.75941602140665 1.0640147079248 0.991705900523812 1.7474628998898 1.3980642654933 1.65665525663644 1.85687099420466 0.971315852366388 1.47923450148664
1.50533130788244 1.1579403327778 1.36445564846508 1.44568586046807 1.27678471431136 1.54905804782175 1.57201277697459 1.01605739700608 1.17579773208126 1.54477140191011 1.33140395418741 1.14181456668302 1.21960225701332 1.06548662483692 1.87652631872334 1.78425072785467 1.70838127750903 1.85328356479295 1.15137715870515 1.39170726132579 0 1.91103224921972 1.83028678107075 1.24871421908028 0.961764223640785 1.27058132877573 0.954321201890707 1.38032269780524 1.83781806449406 1.87873883964494
1.5807729170192 1.6408453672193 1.19277725741267 1.46504895132966 1.27320074802265 1.55343357403763 1.20047323848121 1.00409473641776 1.83118629269302 1.20718909939751 1.04019722063094 1.3515086369589 1.54409608826973 1.09053988126107 1.63019994040951 1.17832680861466 1.13842255645432 1.56367511535063 1.68230795650743 1.75941602140665 1.91103224921972 0 1.64805838814937 1.65138262533583 0.961529054446146 1.05717440857552 1.0741492502857 1.33439008356072 0.990166824311018 1.23797584394924
1.53915104037151 1.41991941747256 1.11749328696169 1.06059274752624 1.15299283852801 1.26370714302175 1.49094437249005 0.950728043215349 1.39623882132582 1.56394221447408 1.46260414365679 1.63676471612416 0.964751149294898 1.17755833803676 0.992061635712162 1.37859357846901 1.74271286651492 1.39973821863532 1.69843648839742 1.0640147079248 1.83028678107075 1.64805838814937 0 0.976104025263339 1.30190764926374 1.38282111589797 1.41536087193526 1.02415742306039 0.963507684646174 0.970533058047295
0.949174381792545 0.930400264915079 1.42351497337222 1.38344890368171 1.82290237373672 1.54719358403236 0.953273761086166 1.43724502343684 1.34473571833223 1.08994497242384 1.66365119698457 1.25134454970248 1.28916365862824 1.47283943765797 1.33429322391748 1.63514040317386 1.17202717973851 1.26046274625696 1.34033576119691 0.991705900523812 1.24871421908028 1.65138262533583 0.976104025263339 0 1.4321891432628 1.19893829477951 0.940486341482028 1.90454596374184 1.24895965843461 1.36659611109644
1.59196385554969 1.51917349430732 1.2166177786421 1.46896785637364 1.37941320729442 1.23630172060803 1.69230424752459 1.02559329452924 1.32875739573501 1.74511238140985 1.73976925830357 1.32430103770457 1.86028712964617 1.42493177833967 1.30710452143103 1.25345562910661 1.39574969839305 0.957654534373432 1.11572158802301 1.7474628998898 0.961764223640785 0.961529054446146 1.30190764926374 1.4321891432628 0 1.79399711848237 1.85564222349785 1.4471852008719 1.02366158831865 1.57123166392557
1.69674410391599 1.55009827716276 1.36397736263461 1.78869351535104 1.0025130645372 1.410336491419 1.4783040760085 1.90663625043817 1.86370549094863 1.18301228852943 1.14587685279548 1.43586410535499 1.56408506445587 1.03965444979258 1.57692112331279 1.15697485744022 1.55848237406462 1.63173713558353 1.43865550379269 1.3980642654933 1.27058132877573 1.05717440857552 1.38282111589797 1.19893829477951 1.79399711848237 0 1.83529836707748 0.989995193434879 1.41042606625706 1.02291340078227
1.55339705874212 1.20965935057029 1.73915683361702 1.49258092325181 1.36776347155683 1.41325082024559 1.51115752360784 1.27140032080933 1.80360403028317 1.05730157438666 1.5249041619245 1.10552487173118 1.7158746086061 0.947375380666927 1.69857204868458 1.86534978123382 1.31271339138038 1.79515748750418 1.27688200073317 1.65665525663644 0.954321201890707 1.0741492502857 1.41536087193526 0.940486341482028 1.85564222349785 1.83529836707748 0 0.989772892557085 1.41690912866034 0.97498713247478
1.71131294290535 1.44469792931341 1.89738914510235 1.21333315991797 1.44277348602191 1.29199295584112 1.80935950763524 1.90757644129917 1.56693505356088 1.35571902710944 1.22288373508491 1.36049536941573 1.42775448714383 1.41238398826681 1.83443574700505 1.296196824871 1.40364854992367 1.25346288084984 1.34497510711662 1.85687099420466 1.38032269780524 1.33439008356072 1.02415742306039 1.90454596374184 1.4471852008719 0.989995193434879 0.989772892557085 0 1.86996356910095 1.41037345258519
0.951215279987082 1.32235983223654 1.16982259508222 1.25296918908134 0.987792913336307 1.76427580160089 1.45923935458995 1.49877276574261 1.54554394329898 1.41230759071186 1.21989974752069 1.16494606086053 1.69023650488816 1.3914185592439 1.67692203028128 1.65947314933874 1.51451037125662 1.50147995492443 1.60041510802694 0.971315852366388 1.83781806449406 0.990166824311018 0.963507684646174 1.24895965843461 1.02366158831865 1.41042606625706 1.41690912866034 1.86996356910095 0 1.75724853668362
1.83952603605576 1.68243737076409 1.91023137862794 1.20879881014116 1.04520502779633 1.25741733121686 1.79596754256636 1.61845277925022 1.81757671851665 1.78555989149027 0.973490779520944 1.13142706966028 1.60720907407813 1.34666330576874 1.16953949234448 1.37265052041039 1.11420279601589 1.69223169679753 1.01849601371214 1.47923450148664 1.87873883964494 1.23797584394924 0.970533058047295 1.36659611109644 1.57123166392557 1.02291340078227 0.97498713247478 1.41037345258519 1.75724853668362 0
