0 1.80443849111907 1.26013244315982 1.66325745102949 1.83566871215589 1.8172106333077 1.29506944282912 0.977783641777933 1.64572538016364 1.94290882209316 1.47140130633488 1.70383957680315 1.20100187091157 1.0631473090034 1.1031604106538 1.67006458714604 1.53686177078635 1.7602521921508 1.89289772324264 1.87600249168463 1.93440039153211 1.22947079106234 1.89485592325218 1.45103490585461 1.28852078830823 1.34596692537889 1.13900391361676 1.05056614801288 1.39933033753186 1.24308473337442
1.80443849111907 0 0.983769280603155 1.77510228962637 1.24377037398517 1.60905805276707 1.04717995389365 1.85872964654118 1.92028498579748 1.42896084231324 1.08564443676732 1.68626239337027 1.30753702204674 1.02981962822378 1.17120845895261 1.21878216834739 1.76206958666444 1.95113561116159 1.20909841777757 1.44451605528593 0.965728067560121 1.40922775608487 1.04480470297858 1.45220513222739 1.48804176901467 1.17537290113978 1.083367733052 1.76730770641007 1.78678658185527 1.73986737942323
1.26013244315982 0.983769280603155 0 1.37648592772894 1.65586762269959 1.47010300401598 1.1780785145238 1.40505051566288 1.4521725892555 1.83303448255174 1.90744599164464 1.92876584129408 0.964027670677751 1.35032905638218 1.33040629001334 1.61667617480271 1.46724141715094 1.28932400443591 1.81913344655186 1.76372432196513 1.78394096065313 1.323736513732 1.18437647912651 1.11671988223679 1.18461982021108 1.30212224530987 1.82080101710744 1.16338348458521 1.58396312128752 1.03536427742802
1.66325745102949 1.77510228962637 1.37648592772894 0 1.16825047903694 1.81324171181768 1.69463710812852 1.94651896017604 1.51584048569202 1.54976939456537 1.09781603747979 1.36868447810411 1.3387946782168 1.22125691082329 1.60890296590514 1.27051309263334 1.31556366663426 1.46044359821826 1.41506514814682 1.38175511150621 1.13172304676846 1.64420057437383 1.872818345204 1.53353241668083 1.90497375885025 1.23955221008509 1.46154948812909 1.83265317324549 1.05136776575819 1.40571597986855
1.83566871215589 1.24377037398517 1.65586762269959 1.16825047903694 0 1.35964665701613 1.5196020398289 1.65181941748597 1.81682661501691 1.34935119049624 1.0474001748953 1.23814895609394 1.12592703197151 1.67097938875668 1.31241711438634 1.88001115643419 1.74095289455727 1.28307933337055 1.55215895012952 1.62429690291174 1.41827141400427 1.01478159683757 1.70871655130759 1.70043615694158 1.845428528497 1.10880748461932 1.00960866734385 1.42898569791578 1.47131502418779 1.93846440012567
1.8172106333077 1.60905805276707 1.47010300401598 1.81324171181768 1.35964665701613 0 1.87625668244436 1.71459748968482 1.1554688650649 1.53110590321012 1.50161758833565 1.86906674876809 1.88031615223736 0.993875475600362 1.19583940366283 1.14724077330902 1.06393836787902 1.15176616446115 1.11270102392882 1.62528162775561 1.69690168346278 1.09990101703443 1.35961657995358 1.88307829247788 1.28194922208786 1.46703386376612 1.65141760348342 1.51943415286951 1.46595018985681 1.88947516167536
1.29506944282912 1.04717995389365 1.1780785145238 1.69463710812852 1.5196020398289 1.87625668244436 0 1.84321388509125 1.84202684415504 1.27804134832695 1.04088049661368 1.55963591462933 1.61309366696514 1.81645250692964 1.92421941063367 1.08583500166424 1.41229346883483 1.36880083545111 1.22540702833794 1.5152233839035 1.31914023845457 1.62001614249311 1.85083310352638 1.94162338832393 1.67745396099053 1.43182419147342 1.69993787165731 1.27429879526608 1.42342874454334 1.4520154511556
0.977783641777933 1.85872964654118 1.40505051566288 1.94651896017604 1.65181941748597 1.71459748968482 1.84321388509125 0 1.90246469550766 1.00356302550063 1.02074915752746 1.75112213008106 1.18236619932577 1.55813484755345 1.22775854612701 1.80404266319238 1.81167872599326 1.88124648365192 1.35159609140828 1.344983341638 1.93487090384588 1.45788014354184 1.65001480421051 1.45859678764828 1.91938493726775 1.60262150713243 1.32357794907875 1.11829774198122 1.8938882863149 1.90686699841172
1.64572538016364 1.92028498579748 1.4521725892555 1.51584048569202 1.81682661501691 1.1554688650649 1.84202684415504 1.90246469550766 0 1.35141243506223 1.44004140887409 1.21682409523055 1.47203841712326 1.09008951066062 1.36654101777822 1.87750107538886 0.993541816715151 1.52298661554232 1.46599097549915 1.95941968169063 1.68498976272531 1.62365293200128 1.17231483245268 1.82692109956406 1.68134192097932 1.87518076971173 1.59864739282057 1.69551216904074 1.71215794235468 1.63193441880867
1.94290882209316 1.42896084231324 1.83303448255174 1.54976939456537 1.34935119049624 1.53110590321012 1.27804134832695 1.00356302550063 1.35141243506223 0 1.80058449530043 1.6392712504603 1.8641014052555 1.66011265455745 1.50969503330998 1.47185268835165 1.36072810110636 1.76730933506042 1.05999186378904 1.40106119704433 1.52207630383782 1.0157334129326 1.57098807976581 1.75289161014371 1.61176609271206 1.58361035445705 1.15298408968374 1.17818375001661 1.95796634349972 1.38819299871102
1.47140130633488 1.08564443676732 1.90744599164464 1.09781603747979 1.0474001748953 1.50161758833565 1.04088049661368 1.02074915752746 1.44004140887409 1.80058449530043 0 1.27827656944282 1.36028149421327 1.30714006558992 1.78417297941633 1.63470817334019 1.8101516328752 1.42200631019659 1.65238387696445 1.47629068605602 1.32281800499186 1.582268234808 1.41449817921966 1.47896179067902 1.81963910488412 1.14535432355478 1.65217044157907 1.25893319374882 1.48118988447823 1.17779647605494
1.70383957680315 1.68626239337027 1.92876584129408 1.36868447810411 1.23814895609394 1.86906674876809 1.55963591462933 1.75112213008106 1.21682409523055 1.6392712504603 1.27827656944282 0 1.44488382362761 1.14757216046564 1.63337521743961 1.86442212783732 1.45653181802481 1.26346559054218 1.48433255590498 1.59889144729823 1.84863662323914 1.4175868309103 1.02303736004978 1.32145697553642 1.08117265580222 1.91884183022194 1.59174152207561 1.04059038241394 1.62758333934471 1.62763260467909
1.20100187091157 1.30753702204674 0.964027670677751 1.3387946782168 1.12592703197151 1.88031615223736 1.61309366696514 1.18236619932577 1.47203841712326 1.8641014052555 1.36028149421327 1.44488382362761 0 1.75454262667336 1.70767657295801 1.09439086611383 1.30830766190775 1.59438211959787 1.56252181855962 1.2482769980561 1.40334138134494 1.46861358662136 1.46111609903164 1.22957552154548 1.06317070079967 1.68526005069725 0.996309755602852 1.44803467509337 1.86159301386215 1.67982233478688
1.0631473090034 1.02981962822378 1.35032905638218 1.22125691082329 1.67097938875668 0.993875475600362 1.81645250692964 1.55813484755345 1.09008951066062 1.66011265455745 1.30714006558992 1.14757216046564 1.75454262667336 0 1.64931418257765 1.28571510361508 1.45355319511145 1.53033933183178 1.59951549093239 1.32368373358622 1.17953110230155 1.95938592054881 1.86975602107123 1.00283818459138 1.47084421198815 1.833627584856 1.75556360930204 1.79899320774712 1.24461173336022 1.19982953346334
1.1031604106538 1.17120845895261 1.33040629001334 1.60890296590514 1.31241711438634 1.19583940366283 1.92421941063367 1.22775854612701 1.36654101777822 1.50969503330998 1.78417297941633 1.63337521743961 1.70767657295801 1.64931418257765 0 1.02298667165451 1.6794999348931 1.43575167143717 1.50398337328807 1.52395503572188 1.67467349907383 1.74024130171165 1.62782753095962 1.44428734038956 1.0167333248537 1.74556827312335 1.53462205687538 1.73630286986008 1.48410071525723 1.95779687119648
1.67006458714604 1.21878216834739 1.61667617480271 1.27051309263334 1.88001115643419 1.14724077330902 1.08583500166424 1.80404266319238 1.87750107538886 1.47185268835165 1.63470817334019 1.86442212783732 1.09439086611383 1.28571510361508 1.02298667165451 0 1.89085548673756 1.80061966716312 1.63965664547868 1.61403830489144 1.42828177870251 0.969341938849539 1.69065867061727 1.05585894896649 1.11590699874796 1.35341823101044 1.22770497296005 1.34291703882627 1.53681152686477 1.53336986154318
1.53686177078635 1.76206958666444 1.46724141715094 1.31556366663426 1.74095289455727 1.06393836787902 1.41229346883483 1.81167872599326 0.993541816715151 1.36072810110636 1.8101516328752 1.45653181802481 1.30830766190775 1.45355319511145 1.6794999348931 1.89085548673756 0 1.18716353620403 1.66639829217456 1.44630941725336 1.96013783826493 1.30134364287369 1.89499971130863 1.53604066628031 1.56369081931189 1.90019092569128 1.61438163090497 1.2669960774947 1.33403448737226 1.37180896778591
1.7602521921508 1.95113561116159 1.28932400443591 1.46044359821826 1.28307933337055 1.15176616446115 1.36880083545111 1.88124648365192 1.52298661554232 1.76730933506042 1.42200631019659 1.26346559054218 1.59438211959787 1.53033933183178 1.43575167143717 1.80061966716312 1.18716353620403 0 1.28827904956415 1.32996432529762 1.07139784889296 1.50578618911095 1.10985455010086 1.64770940295421 1.42927905055694 1.27978450409137 1.30549018806778 1.25094058644027 1.61419978225604 1.80829741922207
1.89289772324264 1.20909841777757 1.81913344655186 1.41506514814682 1.55215895012952 1.11270102392882 1.22540702833794 1.35159609140828 1.46599097549915 1.05999186378904 1.65238387696445 1.48433255590498 1.56252181855962 1.59951549093239 1.50398337328807 1.63965664547868 1.66639829217456 1.28827904956415 0 1.96132288081571 1.12786721554585 1.27625423483551 1.21946436888538 1.0134038075339 0.996523268520832 1.88078675698489 1.69984249630943 1.35091331647709 1.7883571239654 1.93585300398991
1.87600249168463 1.44451605528593 1.76372432196513 1.38175511150621 1.62429690291174 1.62528162775561 1.5152233839035 1.344983341638 1.95941968169063 1.40106119704433 1.47629068605602 1.59889144729823 1.2482769980561 1.32368373358622 1.52395503572188 1.61403830489144 1.44630941725336 1.32996432529762 1.96132288081571 0 1.55725730280392 1.31659553712234 1.33726243884303 1.31933814543299 0.964799612294883 1.23847945756279 1.12117959582247 1.55727100116201 1.8858737766277 1.35744850686751
1.93440039153211 0.965728067560121 1.78394096065313 1.13172304676846 1.41827141400427 1.69690168346278 1.31914023845457 1.93487090384588 1.68498976272531 1.52207630383782 1.32281800499186 1.84863662323914 1.40334138134494 1.17953110230155 1.67467349907383 1.42828177870251 1.96013783826493 1.07139784889296 1.12786721554585 1.55725730280392 0 1.41171814012341 1.51831656345166 1.41907366854139 1.43774692434818 1.11161960824393 1.46403085859492 1.59719306044281 1.45416714041494 1.47002710145898
1.22947079106234 1.40922775608487 1.323736513732 1.64420057437383 1.01478159683757 1.09990101703443 1.62001614249311 1.45788014354184 1.62365293200128 1.0157334129326 1.582268234808 1.4175868309103 1.46861358662136 1.95938592054881 1.74024130171165 0.969341938849539 1.30134364287369 1.50578618911095 1.27625423483551 1.31659553712234 1.41171814012341 0 1.89990333886817 1.26836160779931 1.91174584138207 1.02429712400772 1.69192215730436 1.79337562411092 1.53063968382776 1.53821165161207
1.89485592325218 1.04480470297858 1.18437647912651 1.872818345204 1.70871655130759 1.35961657995358 1.85083310352638 1.65001480421051 1.17231483245268 1.57098807976581 1.41449817921966 1.02303736004978 1.46111609903164 1.86975602107123 1.62782753095962 1.69065867061727 1.89499971130863 1.10985455010086 1.21946436888538 1.33726243884303 1.51831656345166 1.89990333886817 0 1.38049441482872 1.85268015391193 1.03584819985554 1.87792617501691 0.99198876414448 1.94314090907574 0.985896780155599
1.45103490585461 1.45220513222739 1.11671988223679 1.53353241668083 1.70043615694158 1.88307829247788 1.94162338832393 1.45859678764828 1.82692109956406 1.75289161014371 1.47896179067902 1.32145697553642 1.22957552154548 1.00283818459138 1.44428734038956 1.05585894896649 1.53604066628031 1.64770940295421 1.0134038075339 1.31933814543299 1.41907366854139 1.26836160779931 1.38049441482872 0 1.43851522426121 1.08203881070949 1.80057893577032 1.1615254341159 1.73370650666766 1.14791000075638
1.28852078830823 1.48804176901467 1.18461982021108 1.90497375885025 1.845428528497 1.28194922208786 1.67745396099053 1.91938493726775 1.68134192097932 1.61176609271206 1.81963910488412 1.08117265580222 1.06317070079967 1.47084421198815 1.0167333248537 1.11590699874796 1.56369081931189 1.42927905055694 0.996523268520832 0.964799612294883 1.43774692434818 1.91174584138207 1.85268015391193 1.43851522426121 0 1.94969561183825 1.79443488200195 1.82569714658894 1.18493824871257 1.02830899553373
1.34596692537889 1.17537290113978 1.30212224530987 1.23955221008509 1.10880748461932 1.46703386376612 1.43182419147342 1.60262150713243 1.87518076971173 1.58361035445705 1.14535432355478 1.91884183022194 1.68526005069725 1.833627584856 1.74556827312335 1.35341823101044 1.90019092569128 1.27978450409137 1.88078675698489 1.23847945756279 1.11161960824393 1.02429712400772 1.03584819985554 1.08203881070949 1.94969561183825 0 1.5433416813612 1.36467733117752 1.30251072626561 1.53000503685325
1.13900391361676 1.083367733052 1.82080101710744 1.46154948812909 1.00960866734385 1.65141760348342 1.69993787165731 1.32357794907875 1.59864739282057 1.15298408968374 1.65217044157907 1.59174152207561 0.996309755602852 1.75556360930204 1.53462205687538 1.22770497296005 1.61438163090497 1.30549018806778 1.69984249630943 1.12117959582247 1.46403085859492 1.69192215730436 1.87792617501691 1.80057893577032 1.79443488200195 1.5433416813612 0 1.91685453639366 1.05010931240395 1.41745499800891
1.05056614801288 1.76730770641007 1.16338348458521 1.83265317324549 1.42898569791578 1.51943415286951 1.27429879526608 1.11829774198122 1.69551216904074 1.17818375001661 1.25893319374882 1.04059038241394 1.44803467509337 1.79899320774712 1.73630286986008 1.34291703882627 1.2669960774947 1.25094058644027 1.35091331647709 1.55727100116201 1.59719306044281 1.79337562411092 0.99198876414448 1.1615254341159 1.82569714658894 1.36467733117752 1.91685453639366 0 1.2221385773737 1.92293954174966
1.39933033753186 1.78678658185527 1.58396312128752 1.05136776575819 1.47131502418779 1.46595018985681 1.42342874454334 1.8938882863149 1.71215794235468 1.95796634349972 1.48118988447823 1.62758333934471 1.86159301386215 1.24461173336022 1.48410071525723 1.53681152686477 1.33403448737226 1.61419978225604 1.7883571239654 1.8858737766277 1.45416714041494 1.53063968382776 1.94314090907574 1.73370650666766 1.18493824871257 1.30251072626561 1.05010931240395 1.2221385773737 0 1.42352459928952
1.24308473337442 1.73986737942323 1.03536427742802 1.40571597986855 1.93846440012567 1.88947516167536 1.4520154511556 1.90686699841172 1.63193441880867 1.38819299871102 1.17779647605494 1.62763260467909 1.67982233478688 1.19982953346334 1.95779687119648 1.53336986154318 1.37180896778591 1.80829741922207 1.93585300398991 1.35744850686751 1.47002710145898 1.53821165161207 0.985896780155599 1.14791000075638 1.02830899553373 1.53000503685325 1.41745499800891 1.92293954174966 1.42352459928952 0
