0 1.81805220479146 1.91526926425286 1.52968072122894 1.80145778716542 1.81727931671776 1.22383256000467 1.77151431771927 1.06977875926532 1.1033069153782 1.76212950376794 1.57242117612623 1.47381206392311 1.39220678363927 1.7260660470929 1.50610504997894 1.63093344517983 1.831691801548 1.53476181929 1.70010721078143 1.15484682517126 1.69130398379639 1.62549880123697 1.2138332920149 1.05545202200301 1.6903414952103 1.41106982086785 1.74621607246809 1.2161054208409 1.27848652028479
1.81805220479146 0 1.64505290426314 1.36835390934721 1.61442027520388 1.59078334271908 1.89528667344712 1.07660568854772 1.61095092678443 1.35369620285928 1.20911655249074 1.00585050997324 1.39521607966162 1.48093394120224 1.75052774348296 1.7215005736798 1.18971350719221 1.24479725863785 1.2053571830038 1.53025632351637 1.09446963504888 1.09063637000509 1.90164920897223 1.43801676016301 1.70690993755125 1.6562332957983 1.49923788942397 1.83665149309672 1.65898566995747 1.58141067693941
1.91526926425286 1.64505290426314 0 1.56534853763878 1.47354613919742 1.48148268973455 1.45530407899059 1.26163790444843 1.1743955956772 1.37050109962001 1.05013105389662 0.996359054930508 0.976411446928978 1.19345048861578 1.42349307052791 1.91729206545278 1.22137948125601 1.45120613672771 1.89009623765014 0.981930979294702 1.08598358836025 1.689511599252 1.43775131716393 1.21097798016854 1.11002095788717 1.16368912742473 1.92386232991703 1.27311297785491 1.5336101599969 1.03508866764605
1.52968072122894 1.36835390934721 1.56534853763878 0 1.53279133653268 1.67955504893325 0.982445931993425 1.82663783081807 1.87315267208032 1.85935422591865 1.68193033756688 1.59774812567048 1.82532558171079 1.0671713440679 1.86853863322176 1.17352021369152 1.38044434483163 0.951841283822432 1.78499149437994 1.89876479865052 1.44491360359825 1.4518079275731 1.39611107157543 1.05455134180374 1.11704298015684 1.91238269698806 1.23609356931411 1.71918486105278 1.00618761056103 1.22863696329296
1.80145778716542 1.61442027520388 1.47354613919742 1.53279133653268 0 1.1080540267285 1.06244247150607 1.40951422438957 1.87656636955217 1.06770252599381 1.93130204826593 1.59077946376055 1.88946518255398 1.5804043028038 1.62886232207529 1.82738718669862 1.44337303075008 1.29297320940532 1.14524770737626 1.61061017191969 1.42510538850911 1.84205648978241 1.33893000683747 1.23902903473936 1.81047635595314 1.08089354354888 1.07851804210804 1.91127673722804 1.39511155360378 1.10557862231508
1.81727931671776 1.59078334271908 1.48148268973455 1.67955504893325 1.1080540267285 0 1.87675081752241 1.17471283208579 1.58753954782151 1.68346107192338 1.11519265524112 1.73952839081176 1.8015075516887 1.28345421794802 1.50797224696726 1.84330615517683 1.68204414285719 1.09198504779488 1.03272657608613 1.35189218912274 1.74641846003942 1.62450527702458 1.9135900575202 1.56480626529083 1.39314541872591 1.0918638529256 1.60758587019518 1.20256490795873 1.30284086195752 1.77350756712258
1.22383256000467 1.89528667344712 1.45530407899059 0.982445931993425 1.06244247150607 1.87675081752241 0 1.56964397663251 1.11935085640289 1.57287882966921 1.47658473672345 1.66190429055132 1.66491465922445 1.57271762704477 1.67899708449841 1.76507014175877 1.08265422284603 1.40807794476859 1.26014871126972 1.87028192426078 1.58300961297937 1.47166622313671 1.22840975597501 1.01515485323034 1.28472568863072 1.18028646358289 1.88983991532587 1.10657516517676 1.92801883583888 1.80864836415276
1.77151431771927 1.07660568854772 1.26163790444843 1.82663783081807 1.40951422438957 1.17471283208579 1.56964397663251 0 1.91502690478228 1.43975535361096 1.59850718383677 1.53222415526398 0.955345515161753 1.87381273577921 1.13917979900725 1.35305365291424 0.967732389923185 1.30755271925591 1.7682168635074 0.973430208396167 1.00267553608865 1.05280958185904 1.71008949517272 1.14450546586886 1.02826277841814 0.953436687821522 1.61734981508926 1.09772193850949 1.57850474165753 1.54202145617455
1.06977875926532 1.61095092678443 1.1743955956772 1.87315267208032 1.87656636955217 1.58753954782151 1.11935085640289 1.91502690478228 0 1.71927365288138 1.18346078298055 0.9970686158631 1.03851699852385 1.59949151240289 1.30950517486781 1.36566404160112 0.947294514859095 1.40530762029812 0.991859969450161 1.33715661684982 1.861306729028 1.57985698035918 1.61718464642763 1.48095812043175 1.04253017157316 1.62997041060589 1.86532043851912 1.59518482908607 1.12869405304082 1.78254439029843
1.1033069153782 1.35369620285928 1.37050109962001 1.85935422591865 1.06770252599381 1.68346107192338 1.57287882966921 1.43975535361096 1.71927365288138 0 1.65804462460801 1.43256097077392 1.33929172600619 1.62988260877319 1.86722128721885 1.10129662975669 1.7408171154093 1.78948832978494 1.37790596787818 1.65833492483944 1.16991721885279 1.61996005056426 1.91795065859333 1.25430228002369 1.44366912962869 1.29425185592845 1.48766873474233 1.58851333917119 1.06921242270619 1.66079918900505
1.76212950376794 1.20911655249074 1.05013105389662 1.68193033756688 1.93130204826593 1.11519265524112 1.47658473672345 1.59850718383677 1.18346078298055 1.65804462460801 0 1.72283618524671 1.16459842887707 1.4847438398283 1.81886732182465 1.89360403176397 1.07385367644019 0.939639448421076 0.949677783297375 1.26345216063783 1.47212217771448 1.223743975861 1.00414429511875 1.44445741223171 1.38645267742686 1.29933997942135 1.37289913394488 1.8695382042788 1.44509372161701 1.8012988071423
1.57242117612623 1.00585050997324 0.996359054930508 1.59774812567048 1.59077946376055 1.73952839081176 1.66190429055132 1.53222415526398 0.9970686158631 1.43256097077392 1.72283618524671 0 1.15487352944911 1.31934295129031 1.57414447027259 0.963982980465516 1.2785889361985 1.26238750224002 1.49166481709108 1.00562384398654 1.23154662409797 1.098274378106 1.62293959129602 1.23125999956392 1.34746401314624 1.90154263563454 1.51453328784555 1.4807746661827 1.58608930464834 1.79890093300492
1.47381206392311 1.39521607966162 0.976411446928978 1.82532558171079 1.88946518255398 1.8015075516887 1.66491465922445 0.955345515161753 1.03851699852385 1.33929172600619 1.16459842887707 1.15487352944911 0 1.26965387957171 1.68422051193193 1.66656167479232 1.71731893066317 1.36124973115511 1.0914020142518 1.64000251679681 1.93382184556685 1.40946870436892 1.33104776614346 1.63097107922658 1.75005557155237 1.78520212392323 1.72555870725773 1.79066711454652 1.44106325390749 1.90426847082563
1.39220678363927 1.48093394120224 1.19345048861578 1.0671713440679 1.5804043028038 1.28345421794802 1.57271762704477 1.87381273577921 1.59949151240289 1.62988260877319 1.4847438398283 1.31934295129031 1.26965387957171 0 1.27799252443947 1.44025310408324 1.74983284529299 1.28573364205658 1.53319562994875 1.27702960488386 1.26134141231887 1.05223190248944 1.81341555458494 1.42826760816388 1.40437671821564 1.46344242617488 1.03522572363727 1.76611871947534 1.54743770183995 1.4592595428694
1.7260660470929 1.75052774348296 1.42349307052791 1.86853863322176 1.62886232207529 1.50797224696726 1.67899708449841 1.13917979900725 1.30950517486781 1.86722128721885 1.81886732182465 1.57414447027259 1.68422051193193 1.27799252443947 0 1.52262227027677 0.94436233327724 1.18236691807397 1.89569796971045 1.41369912726805 1.67532159155235 1.24060971476138 1.45267748436891 1.57403802219778 1.34117287350819 1.3930847402662 1.29550901753828 1.42232161504216 1.44303050381131 1.73496405454352
1.50610504997894 1.7215005736798 1.91729206545278 1.17352021369152 1.82738718669862 1.84330615517683 1.76507014175877 1.35305365291424 1.36566404160112 1.10129662975669 1.89360403176397 0.963982980465516 1.66656167479232 1.44025310408324 1.52262227027677 0 1.47570014698431 1.84129453194328 1.11950367572717 1.14889411232434 1.03618820314296 1.13539241137914 1.32086443947628 1.45496569108218 1.41930744959973 1.56243689288385 1.54100467520766 1.04760421137325 1.73407118720934 1.58269437192939
1.63093344517983 1.18971350719221 1.22137948125601 1.38044434483163 1.44337303075008 1.68204414285719 1.08265422284603 0.967732389923185 0.947294514859095 1.7408171154093 1.07385367644019 1.2785889361985 1.71731893066317 1.74983284529299 0.94436233327724 1.47570014698431 0 1.42169761401601 1.76528860325925 1.62547873612493 1.4444858697243 1.79911918495782 1.72453370061703 1.72934860689566 1.92265336657874 1.56109086470678 1.3602838520892 1.44957511569373 1.04709423659369 1.60047702910379
1.831691801548 1.24479725863785 1.45120613672771 0.951841283822432 1.29297320940532 1.09198504779488 1.40807794476859 1.30755271925591 1.40530762029812 1.78948832978494 0.939639448421076 1.26238750224002 1.36124973115511 1.28573364205658 1.18236691807397 1.84129453194328 1.42169761401601 0 1.07324886415154 1.73848797171377 1.37113606673665 1.57001456571743 1.05433174036443 1.02700371784158 1.61643543862738 1.17944321362302 1.84420135966502 1.55678677419201 1.46872084727511 1.45339638437144
1.53476181929 1.2053571830038 1.89009623765014 1.78499149437994 1.14524770737626 1.03272657608613 1.26014871126972 1.7682168635074 0.991859969450161 1.37790596787818 0.949677783297375 1.49166481709108 1.0914020142518 1.53319562994875 1.89569796971045 1.11950367572717 1.76528860325925 1.07324886415154 0 1.20818495331332 1.35903069586493 1.19321898254566 1.21411233511753 1.91708827530965 1.69765953999013 1.51962254103273 1.60104453982785 1.77880320046097 1.100122529082 0.952037279261276
1.70010721078143 1.53025632351637 0.981930979294702 1.89876479865052 1.61061017191969 1.35189218912274 1.87028192426078 0.973430208396167 1.33715661684982 1.65833492483944 1.26345216063783 1.00562384398654 1.64000251679681 1.27702960488386 1.41369912726805 1.14889411232434 1.62547873612493 1.73848797171377 1.20818495331332 0 1.39491314999759 1.37427041050978 1.1724255066365 1.80687814974226 1.07647462491877 1.69831941765733 0.981565777678043 1.39590217289515 1.06199826300144 1.66647087666206
1.15484682517126 1.09446963504888 1.08598358836025 1.44491360359825 1.42510538850911 1.74641846003942 1.58300961297937 1.00267553608865 1.861306729028 1.16991721885279 1.47212217771448 1.23154662409797 1.93382184556685 1.26134141231887 1.67532159155235 1.03618820314296 1.4444858697243 1.37113606673665 1.35903069586493 1.39491314999759 0 1.31496073980816 1.65077817556448 1.46261220960878 1.56379188364372 1.78364159027115 1.12468776921742 1.11913061374798 1.7892209617421 1.06533176358789
1.69130398379639 1.09063637000509 1.689511599252 1.4518079275731 1.84205648978241 1.62450527702458 1.47166622313671 1.05280958185904 1.57985698035918 1.61996005056426 1.223743975861 1.098274378106 1.40946870436892 1.05223190248944 1.24060971476138 1.13539241137914 1.79911918495782 1.57001456571743 1.19321898254566 1.37427041050978 1.31496073980816 0 1.58068793010898 1.87848120182753 0.983136359136552 1.71195316361263 1.63946583913639 1.87153848214075 1.81175331561826 1.38658410334028
1.62549880123697 1.90164920897223 1.43775131716393 1.39611107157543 1.33893000683747 1.9135900575202 1.22840975597501 1.71008949517272 1.61718464642763 1.91795065859333 1.00414429511875 1.62293959129602 1.33104776614346 1.81341555458494 1.45267748436891 1.32086443947628 1.72453370061703 1.05433174036443 1.21411233511753 1.1724255066365 1.65077817556448 1.58068793010898 0 1.03812876227312 1.38940793066286 1.93191910441965 1.15514134452678 0.967174452496693 0.997574254404753 1.46268859738484
1.2138332920149 1.43801676016301 1.21097798016854 1.05455134180374 1.23902903473936 1.56480626529083 1.01515485323034 1.14450546586886 1.48095812043175 1.25430228002369 1.44445741223171 1.23125999956392 1.63097107922658 1.42826760816388 1.57403802219778 1.45496569108218 1.72934860689566 1.02700371784158 1.91708827530965 1.80687814974226 1.46261220960878 1.87848120182753 1.03812876227312 0 1.23397012404166 1.08313273987733 1.26814435259439 0.976214836584404 1.34732474223711 1.77157743810676
1.05545202200301 1.70690993755125 1.11002095788717 1.11704298015684 1.81047635595314 1.39314541872591 1.28472568863072 1.02826277841814 1.04253017157316 1.44366912962869 1.38645267742686 1.34746401314624 1.75005557155237 1.40437671821564 1.34117287350819 1.41930744959973 1.92265336657874 1.61643543862738 1.69765953999013 1.07647462491877 1.56379188364372 0.983136359136552 1.38940793066286 1.23397012404166 0 1.07817839505151 1.36876149615273 1.19949161307886 1.48698916123249 1.54625530424528
1.6903414952103 1.6562332957983 1.16368912742473 1.91238269698806 1.08089354354888 1.0918638529256 1.18028646358289 0.953436687821522 1.62997041060589 1.29425185592845 1.29933997942135 1.90154263563454 1.78520212392323 1.46344242617488 1.3930847402662 1.56243689288385 1.56109086470678 1.17944321362302 1.51962254103273 1.69831941765733 1.78364159027115 1.71195316361263 1.93191910441965 1.08313273987733 1.07817839505151 0 1.09344677021727 1.86322281812318 1.72531435708515 1.76633843034506
1.41106982086785 1.49923788942397 1.92386232991703 1.23609356931411 1.07851804210804 1.60758587019518 1.88983991532587 1.61734981508926 1.86532043851912 1.48766873474233 1.37289913394488 1.51453328784555 1.72555870725773 1.03522572363727 1.29550901753828 1.54100467520766 1.3602838520892 1.84420135966502 1.60104453982785 0.981565777678043 1.12468776921742 1.63946583913639 1.15514134452678 1.26814435259439 1.36876149615273 1.09344677021727 0 1.30850680707954 1.70582768297754 1.77101591485552
1.74621607246809 1.83665149309672 1.27311297785491 1.71918486105278 1.91127673722804 1.20256490795873 1.10657516517676 1.09772193850949 1.59518482908607 1.58851333917119 1.8695382042788 1.4807746661827 1.79066711454652 1.76611871947534 1.42232161504216 1.04760421137325 1.44957511569373 1.55678677419201 1.77880320046097 1.39590217289515 1.11913061374798 1.87153848214075 0.967174452496693 0.976214836584404 1.19949161307886 1.86322281812318 1.30850680707954 0 1.86119980807416 1.02406570757739
1.2161054208409 1.65898566995747 1.5336101599969 1.00618761056103 1.39511155360378 1.30284086195752 1.92801883583888 1.57850474165753 1.12869405304082 1.06921242270619 1.44509372161701 1.58608930464834 1.44106325390749 1.54743770183995 1.44303050381131 1.73407118720934 1.04709423659369 1.46872084727511 1.100122529082 1.06199826300144 1.7892209617421 1.81175331561826 0.997574254404753 1.34732474223711 1.48698916123249 1.72531435708515 1.70582768297754 1.86119980807416 0 1.3376291973982
1.27848652028479 1.58141067693941 1.03508866764605 1.22863696329296 1.10557862231508 1.77350756712258 1.80864836415276 1.54202145617455 1.78254439029843 1.66079918900505 1.8012988071423 1.79890093300492 1.90426847082563 1.4592595428694 1.73496405454352 1.58269437192939 1.60047702910379 1.45339638437144 0.952037279261276 1.66647087666206 1.06533176358789 1.38658410334028 1.46268859738484 1.77157743810676 1.54625530424528 1.76633843034506 1.77101591485552 1.02406570757739 1.3376291973982 0
