0 1.83189954143018 1.30131141352467 1.15733626415022 1.78868249012157 1.09032832458615 0.966877907281741 0.937487970804796 1.10300510050729 1.45761545957066 0.955673435470089 1.24069632356986 1.91086106887087 0.915643833344802 1.06219225749373 1.17265320755541 1.07206634595059 1.76042493316345 0.989736637333408 1.88997038919479 1.54402860742994 1.77961359778419 1.71041950257495 1.3705457765609 1.4144841786474 1.52645948529243 1.34597208839841 1.15537385339849 0.972708773333579 1.80381022277288
1.83189954143018 0 1.82253839308396 1.79903504229151 1.16988603654318 1.79450427973643 1.3603904817719 1.1389737513382 1.63889424689114 1.37775322189555 1.83437381940894 1.83543406939134 1.02792310179211 1.78729540575296 1.60377520113252 1.71187750133686 1.58535610465333 1.2441799514927 1.24045576993376 1.11209681187756 1.21266654180363 1.2076030136086 1.75476431543939 1.57033375673927 0.970293622696772 1.00809613638557 1.20351680018939 1.34879385493696 1.69640992372297 1.38894412270747
1.30131141352467 1.82253839308396 0 1.33787435526028 1.55418445030227 1.33711277903058 1.11697558220476 0.928896610159427 1.71941266441718 1.09241884248331 1.40623275772668 1.91095761489123 1.23933993396349 1.08068843046203 1.7174537978135 1.23665470164269 1.14344974700361 1.22864374285564 1.50407685525715 1.36293195001781 1.74046314880252 1.68669919995591 1.10311995074153 1.76199956377968 1.20329147856683 1.864788308274 1.63914942392148 1.36153476824984 1.59761299774982 1.41999804321676
1.15733626415022 1.79903504229151 1.33787435526028 0 1.26728118071333 1.66268824902363 1.29707894730382 1.51822834508494 1.72270067990758 0.937416440341622 1.58646991639398 1.79789909836836 1.58935477770865 1.37751963175833 1.06790960719809 1.82333580125123 1.62717344867997 1.49297195812687 1.2181076281704 1.42364266351797 1.48537890566513 1.07183461007662 1.70574399735779 1.45937210321426 1.12568886880763 1.63242054218426 1.3726909130346 1.31274120905437 1.25024395179935 1.76389800105244
1.78868249012157 1.16988603654318 1.55418445030227 1.26728118071333 0 1.87203023699112 1.76751586399041 1.46081248414703 1.34022605745122 0.946922329254448 1.36106796539389 1.28609799989499 1.38337407261133 1.81446314835921 1.87316835206002 1.73431360698305 1.85039995820262 1.11020056786947 1.16493477160111 1.6967084701173 1.38860832317732 1.63721098517999 1.62131378194317 1.34458922874182 1.35963380220346 1.75823894492351 0.97447343589738 1.4325932150241 1.6497631224338 1.29725444572978
1.09032832458615 1.79450427973643 1.33711277903058 1.66268824902363 1.87203023699112 0 1.06655413936824 1.57136343838647 0.948941306909546 1.29349562688731 1.40953034441918 1.04919052589685 0.914853751659393 1.4984164184425 1.13496964867227 1.13336255936883 1.45739328721538 0.916309598367661 1.68235861207359 1.26032880903222 0.987682009115815 1.464501546463 1.60323880962096 1.00628704507835 1.10637127049267 1.04807428037748 1.58234779117629 1.65633745770901 1.53025417146273 1.83010063762777
0.966877907281741 1.3603904817719 1.11697558220476 1.29707894730382 1.76751586399041 1.06655413936824 0 1.87272619153373 1.68196300044656 1.15679137967527 0.957936880644411 0.946280237520114 0.948760560015216 1.70043310243636 1.59212505351752 1.74064366403036 1.71263424726203 1.05580623610877 1.462924139807 1.09282982093282 1.22899810434319 1.56478935061023 1.69628532463685 1.71775468578562 0.936975342221558 1.84611898264848 1.81257458496839 1.69973807875067 1.11211083084345 1.90582922869362
0.937487970804796 1.1389737513382 0.928896610159427 1.51822834508494 1.46081248414703 1.57136343838647 1.87272619153373 0 1.41262233932503 1.73824159568176 1.45364771457389 1.84565810998902 1.72687269560993 1.03495848248713 1.53372212103568 1.23399894614704 1.06735845003277 1.85465100640431 1.0528860616032 1.51069875014946 1.76619716943242 1.07161737955175 0.999234243296087 1.10635698586702 0.991000989684835 1.5007455793675 1.91122714220546 1.30121078039519 1.64653852465563 1.39886012393981
1.10300510050729 1.63889424689114 1.71941266441718 1.72270067990758 1.34022605745122 0.948941306909546 1.68196300044656 1.41262233932503 0 1.5425179861486 1.00893963314593 1.5320435394533 1.11665698513389 0.95532450848259 1.66828758874908 1.330293367384 1.04095461266115 1.52659097523428 1.33828214742243 1.48963781399652 1.00027263187803 1.10034070932306 1.88059804379009 0.938976526027545 1.34835610492155 1.63797456701286 1.90524353226647 1.37294126488268 1.15230446122587 1.46090729231946
1.45761545957066 1.37775322189555 1.09241884248331 0.937416440341622 0.946922329254448 1.29349562688731 1.15679137967527 1.73824159568176 1.5425179861486 0 1.12284174701199 1.26978198555298 1.15577953751199 1.40883640223183 1.55500026093796 1.40142252924852 1.25123358215205 0.978849809383973 1.09324468742125 1.00987961678766 1.09594450355507 1.01448845630512 1.72811389132403 1.81010837689973 1.78768335399218 1.60629789973609 1.63202940253541 1.52814952493645 1.14644170389511 1.88318205717951
0.955673435470089 1.83437381940894 1.40623275772668 1.58646991639398 1.36106796539389 1.40953034441918 0.957936880644411 1.45364771457389 1.00893963314593 1.12284174701199 0 1.83717911108397 1.31817748979665 1.1501995306462 1.07603717362508 1.20095873437822 1.40465457621031 1.13306196127087 1.32061960035935 1.57694418937899 1.54174961196259 1.00418341578916 1.78399152634665 1.88048076652922 1.13768193288706 1.15473748231307 1.39743074099533 1.47034659190103 1.35910466779023 1.31485636415891
1.24069632356986 1.83543406939134 1.91095761489123 1.79789909836836 1.28609799989499 1.04919052589685 0.946280237520114 1.84565810998902 1.5320435394533 1.26978198555298 1.83717911108397 0 1.25038329977542 1.08213792392053 1.79734500241466 1.13044898211956 0.929902616422623 1.30675495299511 1.30684179672971 1.6035716868937 1.67491098842584 1.0626034240704 1.82381862145849 1.73207638203166 1.56799649144523 1.75875700335018 1.67838930524886 1.79741582111456 1.02585728559643 1.14938123617321
1.91086106887087 1.02792310179211 1.23933993396349 1.58935477770865 1.38337407261133 0.914853751659393 0.948760560015216 1.72687269560993 1.11665698513389 1.15577953751199 1.31817748979665 1.25038329977542 0 1.76950929081067 1.49275076761842 1.11485000536777 0.91358972969465 1.27589888311923 0.94317936594598 1.72388050984591 1.51896466710605 1.87504476611502 1.39468677667901 1.56075500673614 1.49178734258749 1.75443973741494 1.49345566402189 1.79150869580917 1.79464051313698 1.51322307181545
0.915643833344802 1.78729540575296 1.08068843046203 1.37751963175833 1.81446314835921 1.4984164184425 1.70043310243636 1.03495848248713 0.95532450848259 1.40883640223183 1.1501995306462 1.08213792392053 1.76950929081067 0 1.78459918219596 1.0666015103925 1.35871575307101 1.02813243865967 1.88421883108094 0.992901488207281 1.51774459565058 1.67435595276766 1.24268490099348 1.28868220350705 1.86946123838425 1.00421570008621 1.07070973049849 1.09659014176577 1.7534219508525 0.949651937000453
1.06219225749373 1.60377520113252 1.7174537978135 1.06790960719809 1.87316835206002 1.13496964867227 1.59212505351752 1.53372212103568 1.66828758874908 1.55500026093796 1.07603717362508 1.79734500241466 1.49275076761842 1.78459918219596 0 1.21798417344689 1.84408430452459 1.27119400538504 1.69502467522398 1.23872680542991 1.43784605432302 1.57959707034752 1.18232800159603 1.02667040610686 1.13669035001658 1.15822161897086 1.03579249931499 1.66261140070856 1.15522932214662 1.51000809459947
1.17265320755541 1.71187750133686 1.23665470164269 1.82333580125123 1.73431360698305 1.13336255936883 1.74064366403036 1.23399894614704 1.330293367384 1.40142252924852 1.20095873437822 1.13044898211956 1.11485000536777 1.0666015103925 1.21798417344689 0 1.86600069934502 1.52259705564938 1.39035790320486 1.80752918636426 1.00340852164663 1.06719094584696 1.86663557705469 1.52506953035481 1.87680521979928 1.19790503033437 1.27681133989245 1.56664619455114 1.74747109995224 1.70061200857162
1.07206634595059 1.58535610465333 1.14344974700361 1.62717344867997 1.85039995820262 1.45739328721538 1.71263424726203 1.06735845003277 1.04095461266115 1.25123358215205 1.40465457621031 0.929902616422623 0.91358972969465 1.35871575307101 1.84408430452459 1.86600069934502 0 1.14489402226172 1.85676909564063 0.927105203270912 1.17641858244315 1.76937024551444 1.16314642550424 1.68184453807771 1.76164508704096 1.45977948931977 1.8100856137462 1.86361053725705 1.74383970047347 1.38389517227188
1.76042493316345 1.2441799514927 1.22864374285564 1.49297195812687 1.11020056786947 0.916309598367661 1.05580623610877 1.85465100640431 1.52659097523428 0.978849809383973 1.13306196127087 1.30675495299511 1.27589888311923 1.02813243865967 1.27119400538504 1.52259705564938 1.14489402226172 0 1.83296512369998 1.91133873094805 0.921565558761358 1.05225435341708 1.19726796611212 1.81338080973364 1.04492023959756 1.67184698558412 1.60608224524185 1.71988694835454 1.42783965403214 1.21671440359205
0.989736637333408 1.24045576993376 1.50407685525715 1.2181076281704 1.16493477160111 1.68235861207359 1.462924139807 1.0528860616032 1.33828214742243 1.09324468742125 1.32061960035935 1.30684179672971 0.94317936594598 1.88421883108094 1.69502467522398 1.39035790320486 1.85676909564063 1.83296512369998 0 1.00551035488024 1.14696726063266 0.954895626055077 1.74603932723403 0.918649444822222 1.00998505274765 1.03237514290959 1.21626531751826 1.1993016207125 1.70226175268181 1.21038757218048
1.88997038919479 1.11209681187756 1.36293195001781 1.42364266351797 1.6967084701173 1.26032880903222 1.09282982093282 1.51069875014946 1.48963781399652 1.00987961678766 1.57694418937899 1.6035716868937 1.72388050984591 0.992901488207281 1.23872680542991 1.80752918636426 0.927105203270912 1.91133873094805 1.00551035488024 0 1.52040664688684 1.77664906508289 1.18679473595694 1.75499258493073 1.81498696282506 1.35734100174159 1.74344240641221 1.16825552098453 1.66316340188496 1.14954700577073
1.54402860742994 1.21266654180363 1.74046314880252 1.48537890566513 1.38860832317732 0.987682009115815 1.22899810434319 1.76619716943242 1.00027263187803 1.09594450355507 1.54174961196259 1.67491098842584 1.51896466710605 1.51774459565058 1.43784605432302 1.00340852164663 1.17641858244315 0.921565558761358 1.14696726063266 1.52040664688684 0 1.28070942405611 1.60914894589223 1.09799198899418 1.87495457404293 1.75669016037136 1.10127584054135 1.44160231598653 0.958517692284659 1.86742433696054
1.77961359778419 1.2076030136086 1.68669919995591 1.07183461007662 1.63721098517999 1.464501546463 1.56478935061023 1.07161737955175 1.10034070932306 1.01448845630512 1.00418341578916 1.0626034240704 1.87504476611502 1.67435595276766 1.57959707034752 1.06719094584696 1.76937024551444 1.05225435341708 0.954895626055077 1.77664906508289 1.28070942405611 0 1.05465740268119 1.83583170571364 1.07943252683617 1.68037707847543 1.47862411360256 1.56052105431445 1.12775706429966 1.53561728913337
1.71041950257495 1.75476431543939 1.10311995074153 1.70574399735779 1.62131378194317 1.60323880962096 1.69628532463685 0.999234243296087 1.88059804379009 1.72811389132403 1.78399152634665 1.82381862145849 1.39468677667901 1.24268490099348 1.18232800159603 1.86663557705469 1.16314642550424 1.19726796611212 1.74603932723403 1.18679473595694 1.60914894589223 1.05465740268119 0 1.58304310054518 1.35523284948431 1.30866059917025 1.71308064321056 1.31589357275516 1.63257889985107 1.29176783445291
1.3705457765609 1.57033375673927 1.76199956377968 1.45937210321426 1.34458922874182 1.00628704507835 1.71775468578562 1.10635698586702 0.938976526027545 1.81010837689973 1.88048076652922 1.73207638203166 1.56075500673614 1.28868220350705 1.02667040610686 1.52506953035481 1.68184453807771 1.81338080973364 0.918649444822222 1.75499258493073 1.09799198899418 1.83583170571364 1.58304310054518 0 1.39471547212452 1.23390840133652 1.1843405154068 1.45575484004803 1.21580969868228 1.65402996446937
1.4144841786474 0.970293622696772 1.20329147856683 1.12568886880763 1.35963380220346 1.10637127049267 0.936975342221558 0.991000989684835 1.34835610492155 1.78768335399218 1.13768193288706 1.56799649144523 1.49178734258749 1.86946123838425 1.13669035001658 1.87680521979928 1.76164508704096 1.04492023959756 1.00998505274765 1.81498696282506 1.87495457404293 1.07943252683617 1.35523284948431 1.39471547212452 0 1.37761158263311 1.34048845036887 1.39292268292047 1.16556784161367 1.89789441670291
1.52645948529243 1.00809613638557 1.864788308274 1.63242054218426 1.75823894492351 1.04807428037748 1.84611898264848 1.5007455793675 1.63797456701286 1.60629789973609 1.15473748231307 1.75875700335018 1.75443973741494 1.00421570008621 1.15822161897086 1.19790503033437 1.45977948931977 1.67184698558412 1.03237514290959 1.35734100174159 1.75669016037136 1.68037707847543 1.30866059917025 1.23390840133652 1.37761158263311 0 1.45811518398114 1.49350619525649 1.69375930144452 1.56675644172356
1.34597208839841 1.20351680018939 1.63914942392148 1.3726909130346 0.97447343589738 1.58234779117629 1.81257458496839 1.91122714220546 1.90524353226647 1.63202940253541 1.39743074099533 1.67838930524886 1.49345566402189 1.07070973049849 1.03579249931499 1.27681133989245 1.8100856137462 1.60608224524185 1.21626531751826 1.74344240641221 1.10127584054135 1.47862411360256 1.71308064321056 1.1843405154068 1.34048845036887 1.45811518398114 0 1.03067759075202 1.73827380104922 1.39663942833431
1.15537385339849 1.34879385493696 1.36153476824984 1.31274120905437 1.4325932150241 1.65633745770901 1.69973807875067 1.30121078039519 1.37294126488268 1.52814952493645 1.47034659190103 1.79741582111456 1.79150869580917 1.09659014176577 1.66261140070856 1.56664619455114 1.86361053725705 1.71988694835454 1.1993016207125 1.16825552098453 1.44160231598653 1.56052105431445 1.31589357275516 1.45575484004803 1.39292268292047 1.49350619525649 1.03067759075202 0 1.06233489373699 0.988033616915345
0.972708773333579 1.69640992372297 1.59761299774982 1.25024395179935 1.6497631224338 1.53025417146273 1.11211083084345 1.64653852465563 1.15230446122587 1.14644170389511 1.35910466779023 1.02585728559643 1.79464051313698 1.7534219508525 1.15522932214662 1.74747109995224 1.74383970047347 1.42783965403214 1.70226175268181 1.66316340188496 0.958517692284659 1.12775706429966 1.63257889985107 1.21580969868228 1.16556784161367 1.69375930144452 1.73827380104922 1.06233489373699 0 1.87140661315061
1.80381022277288 1.38894412270747 1.41999804321676 1.76389800105244 1.29725444572978 1.83010063762777 1.90582922869362 1.39886012393981 1.46090729231946 1.88318205717951 1.31485636415891 1.14938123617321 1.51322307181545 0.949651937000453 1.51000809459947 1.70061200857162 1.38389517227188 1.21671440359205 1.21038757218048 1.14954700577073 1.86742433696054 1.53561728913337 1.29176783445291 1.65402996446937 1.89789441670291 1.56675644172356 1.39663942833431 0.988033616915345 1.87140661315061 0
