0 1.21881651086733 1.57468687766232 1.51384745608084 1.41451102448627 1.70783611782826 1.84223328973167 1.03787324996665 0.969543023267761 1.0464406197425 1.00631143548526 1.56906758947298 1.48862595669925 1.92289467691444 1.31570875132456 1.12871951842681 1.42727604578249 1.5479559674859 1.20791077055037 1.12154484074563 1.65859980718233 1.91180418734439 1.4252697173506 1.719493660843 1.41588309896179 1.65027329465374 1.885467244545 1.41133092762902 1.49044155632146 1.51601460343227
1.21881651086733 0 0.989568778313696 1.5598233321216 1.77664913935587 1.03043177118525 1.42811785708182 1.78098924877122 1.92104879580438 1.52912855404429 1.8814698792994 1.3518013660796 1.21988299093209 1.06613242602907 0.960992870153859 1.90560653805733 1.3064631994348 1.70219233212993 1.81539695220999 1.34590480895713 1.80312911747023 1.80111375683919 1.34955142973922 1.14088169950992 1.73002964048646 1.20205591572449 1.69985296064988 1.36283010127954 1.57969439262524 1.30184013093822
1.57468687766232 0.989568778313696 0 1.7377552210819 1.81477457634173 1.15263501228765 1.15295374300331 1.16968864575028 1.87749847956002 1.20343647315167 1.33561424864456 1.83649939647876 1.31555593782105 1.78857015050016 1.5631380144041 1.53086632932536 1.80081021925434 1.02691467967816 1.5750365157146 1.10487891081721 1.14908163482323 1.34048925666139 1.45852311630733 1.14475247589871 1.88166327751242 1.18654877273366 1.34732663887553 1.21863499516621 1.74225816084072 1.38255406101234
1.51384745608084 1.5598233321216 1.7377552210819 0 1.09113984764554 1.10640984890051 1.6297217248939 1.6994061502628 1.38003748119809 1.58385898848064 0.97096811211668 1.52595795807429 1.29320635413751 1.53927459684201 1.85420792293735 1.81640317058191 0.992023119702935 1.79530792753212 1.88901498331688 1.42810458200984 1.85288928262889 0.9885789740365 0.934171745087951 1.70486136199906 1.64989539375529 1.34944588388316 1.53403982031159 1.9189009424299 1.37432437506504 1.46169848646969
1.41451102448627 1.77664913935587 1.81477457634173 1.09113984764554 0 1.4390065476764 1.7119449484162 1.22303138650022 1.86908578360453 0.993346892530099 1.74644671101123 1.41686550131999 1.65826703002676 1.77742850780487 1.23709335085005 1.47051801881753 1.66866063489579 1.68635183270089 1.33252841746435 1.60129064763896 1.06226249202155 1.60800407966599 1.21651362185366 1.27296198927797 1.24782477458939 1.65947272093035 1.72758631547913 1.29340437613428 1.23172113974579 0.997496026800945
1.70783611782826 1.03043177118525 1.15263501228765 1.10640984890051 1.4390065476764 0 1.48282945528626 1.77388595277444 1.47749366890639 1.73119484609924 1.18891792744398 1.34696720796637 1.60003656195477 1.21288583916612 0.940899535315111 1.86638661380857 1.64402189105749 1.13706878968515 1.12380250124261 1.39008315675892 1.5480427686125 1.73610060708597 1.19871532660909 1.18487394647673 1.64806751324795 1.92285189917311 1.67344213370234 1.59869225975126 1.34378066915087 1.76053938013501
1.84223328973167 1.42811785708182 1.15295374300331 1.6297217248939 1.7119449484162 1.48282945528626 0 1.59064416307956 1.25340270530432 1.75366530870087 1.78757297038101 1.21858134469949 0.926413908367977 1.78965074825101 1.50517824129201 1.81364737660624 1.67448015930131 0.957482068799436 0.953638363396749 1.84632339491509 1.42487252037972 1.63081509736367 1.66904062498361 1.68847631383687 1.75640371046029 1.6440087670926 1.69483637576923 1.32291670073755 1.54640250047669 1.83554915897548
1.03787324996665 1.78098924877122 1.16968864575028 1.6994061502628 1.22303138650022 1.77388595277444 1.59064416307956 0 0.988233106443658 1.44791199220344 1.16627375967801 1.8776303071063 1.457621792797 1.71201534080319 1.19186301436275 1.40434251725674 1.2959700783249 1.8855472325813 1.29851879365742 1.09235168038867 1.91275828238577 1.87997330934741 1.19237903994508 1.002690971829 0.984463341999799 1.4566832811106 0.93970936932601 1.44351927144453 0.934160116361454 1.12889983714558
0.969543023267761 1.92104879580438 1.87749847956002 1.38003748119809 1.86908578360453 1.47749366890639 1.25340270530432 0.988233106443658 0 1.60757013456896 1.62896747910418 1.5795376105234 0.966001196531579 1.31816816516221 1.08663651742972 1.35841183946468 1.78759016189724 1.9166257486213 1.65214605606161 1.0953770193737 1.25760400202125 1.64109148294665 0.966344739077613 1.3278537299484 1.59495146060362 1.6147767463699 1.76335102319717 1.21305016777478 1.35711781238206 1.45789547660388
1.0464406197425 1.52912855404429 1.20343647315167 1.58385898848064 0.993346892530099 1.73119484609924 1.75366530870087 1.44791199220344 1.60757013456896 0 1.44978565792553 1.05451661581174 1.41480046953075 1.05030499631539 0.986209815600887 1.43913955194876 1.71541074267589 1.84779492113739 1.76547143235803 1.32814747910015 1.12067920179106 1.14583016536199 1.33287674887106 1.81873032660224 1.32784480950795 1.02890415443107 1.01674878387712 1.37060476280749 1.11509466613643 1.47627738118172
1.00631143548526 1.8814698792994 1.33561424864456 0.97096811211668 1.74644671101123 1.18891792744398 1.78757297038101 1.16627375967801 1.62896747910418 1.44978565792553 0 1.18769592465833 1.39767668163404 1.27923187194392 1.51952843973413 1.8912379599642 1.16833559074439 1.18429635814391 0.962375797564164 1.51961988490075 1.92184526706114 1.60184265859425 1.80760884284973 1.21975836739875 1.0048106815666 1.83784906798974 1.27643247763626 1.64474823675118 1.85362733132206 1.83735939161852
1.56906758947298 1.3518013660796 1.83649939647876 1.52595795807429 1.41686550131999 1.34696720796637 1.21858134469949 1.8776303071063 1.5795376105234 1.05451661581174 1.18769592465833 0 1.09526078077033 1.70355616393499 1.86281567974947 1.73583163530566 0.953481425531209 0.943881157785654 1.88314657774754 1.83362387097441 1.53896913514473 1.68928588647395 1.84705436206423 1.60207579797134 1.80401770188473 1.24354206072167 1.84545806492679 1.2316705933772 1.06086657848209 1.03684658440761
1.48862595669925 1.21988299093209 1.31555593782105 1.29320635413751 1.65826703002676 1.60003656195477 0.926413908367977 1.457621792797 0.966001196531579 1.41480046953075 1.39767668163404 1.09526078077033 0 1.78932553553022 1.09398932987824 0.967029983410612 1.54164906451479 1.42839157697745 1.62245854339562 1.28931835060939 1.49836179194972 1.10503076692112 1.52723763627 1.92179384059273 1.51783524826169 1.256237286143 1.5514889890328 1.0663437852636 1.05878407135606 1.58942563412711
1.92289467691444 1.06613242602907 1.78857015050016 1.53927459684201 1.77742850780487 1.21288583916612 1.78965074825101 1.71201534080319 1.31816816516221 1.05030499631539 1.27923187194392 1.70355616393499 1.78932553553022 0 1.91184248309582 1.83745358791202 1.50061135855503 1.0229524478782 1.34018385410309 1.90834563993849 1.73254038998857 1.80981435789727 1.82228625309654 1.11347274342552 1.86987890512682 0.942954555153847 1.55297026294284 1.74326040549204 1.2450897207018 1.1484736870043
1.31570875132456 0.960992870153859 1.5631380144041 1.85420792293735 1.23709335085005 0.940899535315111 1.50517824129201 1.19186301436275 1.08663651742972 0.986209815600887 1.51952843973413 1.86281567974947 1.09398932987824 1.91184248309582 0 1.11813249159604 1.72839020635001 1.20869153155945 1.13986787502654 1.53107024193741 1.76934696943499 1.65803661476821 1.85031858435832 1.68064127233811 1.76160882483236 1.87247394118458 1.58368232520297 1.38712902041152 1.40678353141993 1.27720760344528
1.12871951842681 1.90560653805733 1.53086632932536 1.81640317058191 1.47051801881753 1.86638661380857 1.81364737660624 1.40434251725674 1.35841183946468 1.43913955194876 1.8912379599642 1.73583163530566 0.967029983410612 1.83745358791202 1.11813249159604 0 1.53152085258625 1.01048104604706 1.36839758628048 1.41005911841057 1.39629795122892 0.95453923731111 1.50403637997806 0.954763857182115 1.88503897911869 1.70347378402948 1.5920449916739 1.19862634199671 1.46154109900817 1.53720190539025
1.42727604578249 1.3064631994348 1.80081021925434 0.992023119702935 1.66866063489579 1.64402189105749 1.67448015930131 1.2959700783249 1.78759016189724 1.71541074267589 1.16833559074439 0.953481425531209 1.54164906451479 1.50061135855503 1.72839020635001 1.53152085258625 0 1.27515131258406 1.6933017114643 1.2049172972329 0.925030833575875 1.83061921573244 1.88256585830823 1.31976777408272 0.965540785342455 1.59982943115756 0.960598032688722 1.52958981972188 1.18016699445434 1.52881805133075
1.5479559674859 1.70219233212993 1.02691467967816 1.79530792753212 1.68635183270089 1.13706878968515 0.957482068799436 1.8855472325813 1.9166257486213 1.84779492113739 1.18429635814391 0.943881157785654 1.42839157697745 1.0229524478782 1.20869153155945 1.01048104604706 1.27515131258406 0 1.66423922753893 1.18757567531429 1.86321180313826 1.32945638685487 1.87854123977013 1.51289649819955 1.84390743169934 1.66635431465693 1.80848984629847 1.23537187441252 1.69626044295728 1.69027708796784
1.20791077055037 1.81539695220999 1.5750365157146 1.88901498331688 1.33252841746435 1.12380250124261 0.953638363396749 1.29851879365742 1.65214605606161 1.76547143235803 0.962375797564164 1.88314657774754 1.62245854339562 1.34018385410309 1.13986787502654 1.36839758628048 1.6933017114643 1.66423922753893 0 1.8329914319329 1.2335556698963 1.50501687452197 1.48207641672343 1.78786609927192 1.09870440675877 1.78677944024093 1.0909948584158 1.24688664148562 1.18533648946323 1.56149783078581
1.12154484074563 1.34590480895713 1.10487891081721 1.42810458200984 1.60129064763896 1.39008315675892 1.84632339491509 1.09235168038867 1.0953770193737 1.32814747910015 1.51961988490075 1.83362387097441 1.28931835060939 1.90834563993849 1.53107024193741 1.41005911841057 1.2049172972329 1.18757567531429 1.8329914319329 0 1.69768963684328 1.75613517547026 1.38228139514104 0.984198113670573 1.38527300441638 1.9197716601193 1.00353860436007 1.27606342080981 1.89432070963085 1.80511595588177
1.65859980718233 1.80312911747023 1.14908163482323 1.85288928262889 1.06226249202155 1.5480427686125 1.42487252037972 1.91275828238577 1.25760400202125 1.12067920179106 1.92184526706114 1.53896913514473 1.49836179194972 1.73254038998857 1.76934696943499 1.39629795122892 0.925030833575875 1.86321180313826 1.2335556698963 1.69768963684328 0 1.83836821769364 1.61640797858126 1.36999329179525 1.80057808826678 1.8145033500623 0.98084719106555 1.35043710889295 1.32385988417082 1.50210812385194
1.91180418734439 1.80111375683919 1.34048925666139 0.9885789740365 1.60800407966599 1.73610060708597 1.63081509736367 1.87997330934741 1.64109148294665 1.14583016536199 1.60184265859425 1.68928588647395 1.10503076692112 1.80981435789727 1.65803661476821 0.95453923731111 1.83061921573244 1.32945638685487 1.50501687452197 1.75613517547026 1.83836821769364 0 1.79902789299376 1.02835857286118 1.00784529000521 1.31454331777059 1.48000302840956 1.16374829364941 1.71422659675591 1.16204154328443
1.4252697173506 1.34955142973922 1.45852311630733 0.934171745087951 1.21651362185366 1.19871532660909 1.66904062498361 1.19237903994508 0.966344739077613 1.33287674887106 1.80760884284973 1.84705436206423 1.52723763627 1.82228625309654 1.85031858435832 1.50403637997806 1.88256585830823 1.87854123977013 1.48207641672343 1.38228139514104 1.61640797858126 1.79902789299376 0 1.50390258943662 1.34812548337504 1.32567302370444 1.06340351304971 1.30419283499941 1.31409120606259 0.986103709321469
1.719493660843 1.14088169950992 1.14475247589871 1.70486136199906 1.27296198927797 1.18487394647673 1.68847631383687 1.002690971829 1.3278537299484 1.81873032660224 1.21975836739875 1.60207579797134 1.92179384059273 1.11347274342552 1.68064127233811 0.954763857182115 1.31976777408272 1.51289649819955 1.78786609927192 0.984198113670573 1.36999329179525 1.02835857286118 1.50390258943662 0 1.61135718785226 1.27207191102207 1.29487077170052 0.941981893498451 1.17343805893324 1.62100226944312
1.41588309896179 1.73002964048646 1.88166327751242 1.64989539375529 1.24782477458939 1.64806751324795 1.75640371046029 0.984463341999799 1.59495146060362 1.32784480950795 1.0048106815666 1.80401770188473 1.51783524826169 1.86987890512682 1.76160882483236 1.88503897911869 0.965540785342455 1.84390743169934 1.09870440675877 1.38527300441638 1.80057808826678 1.00784529000521 1.34812548337504 1.61135718785226 0 1.8895508472342 1.51827125437558 1.35322322812863 1.4343323695939 1.25832491111942
1.65027329465374 1.20205591572449 1.18654877273366 1.34944588388316 1.65947272093035 1.92285189917311 1.6440087670926 1.4566832811106 1.6147767463699 1.02890415443107 1.83784906798974 1.24354206072167 1.256237286143 0.942954555153847 1.87247394118458 1.70347378402948 1.59982943115756 1.66635431465693 1.78677944024093 1.9197716601193 1.8145033500623 1.31454331777059 1.32567302370444 1.27207191102207 1.8895508472342 0 1.36846471205354 1.28662451449782 1.53276823041961 1.45590891316533
1.885467244545 1.69985296064988 1.34732663887553 1.53403982031159 1.72758631547913 1.67344213370234 1.69483637576923 0.93970936932601 1.76335102319717 1.01674878387712 1.27643247763626 1.84545806492679 1.5514889890328 1.55297026294284 1.58368232520297 1.5920449916739 0.960598032688722 1.80848984629847 1.0909948584158 1.00353860436007 0.98084719106555 1.48000302840956 1.06340351304971 1.29487077170052 1.51827125437558 1.36846471205354 0 1.34565667412244 0.942276212386787 1.15523958089761
1.41133092762902 1.36283010127954 1.21863499516621 1.9189009424299 1.29340437613428 1.59869225975126 1.32291670073755 1.44351927144453 1.21305016777478 1.37060476280749 1.64474823675118 1.2316705933772 1.0663437852636 1.74326040549204 1.38712902041152 1.19862634199671 1.52958981972188 1.23537187441252 1.24688664148562 1.27606342080981 1.35043710889295 1.16374829364941 1.30419283499941 0.941981893498451 1.35322322812863 1.28662451449782 1.34565667412244 0 1.19829098065384 1.83035210659727
1.49044155632146 1.57969439262524 1.74225816084072 1.37432437506504 1.23172113974579 1.34378066915087 1.54640250047669 0.934160116361454 1.35711781238206 1.11509466613643 1.85362733132206 1.06086657848209 1.05878407135606 1.2450897207018 1.40678353141993 1.46154109900817 1.18016699445434 1.69626044295728 1.18533648946323 1.89432070963085 1.32385988417082 1.71422659675591 1.31409120606259 1.17343805893324 1.4343323695939 1.53276823041961 0.942276212386787 1.19829098065384 0 1.29013727745041
1.51601460343227 1.30184013093822 1.38255406101234 1.46169848646969 0.997496026800945 1.76053938013501 1.83554915897548 1.12889983714558 1.45789547660388 1.47627738118172 1.83735939161852 1.03684658440761 1.58942563412711 1.1484736870043 1.27720760344528 1.53720190539025 1.52881805133075 1.69027708796784 1.56149783078581 1.80511595588177 1.50210812385194 1.16204154328443 0.986103709321469 1.62100226944312 1.25832491111942 1.45590891316533 1.15523958089761 1.83035210659727 1.29013727745041 0
