0 1.1274960685987 1.74655401101336 1.82112743100151 1.76135337189771 1.4306470726151 1.90395800536498 1.53503438062035 1.809786247788 0.931835073744878 1.24496289365925 1.21334296232089 1.62477640295401 1.29633441078477 1.77204202138819 1.55979216168635 1.16683272575028 1.33029361767694 1.0445346753113 1.659470472252 1.22660267283209 1.23654928919859 1.70910385856405 0.932067597284913 1.64288868010044 1.29535157838836 1.22106965561397 1.07177593442611 1.85631214431487 1.65566032286733
1.1274960685987 0 1.510883691255 1.26916398573667 1.79421587171964 1.82171054673381 1.38211122015491 1.60112149524502 1.01326559321024 1.18268679082394 1.85253338771872 1.09098145668395 1.91039415658452 1.34323740960099 1.7874973998405 1.061617490137 1.67578743700869 1.88820881652646 1.10801874450408 1.81466108746827 1.51335483486764 1.19646451389417 1.39685687422752 1.21340778446756 1.78497545211576 1.13970289682038 1.49215979315341 1.38849894609302 0.951196256093681 1.04279973707162
1.74655401101336 1.510883691255 0 1.27812786935829 1.54267123783939 0.946129348129034 1.20403657038696 1.30107975215651 1.71687086275779 1.10204972326756 1.28342799819075 1.83195157069713 1.0192971280776 1.06421470525675 1.21285639633425 1.33600200014189 1.75542033510283 1.61392351798713 1.91166566009633 0.976962460204959 1.29793486045673 1.36325391265564 1.24094091146253 1.89438519324176 1.1819777705241 1.13513186061755 1.04687603213824 1.52349423710257 1.68410678207874 0.958735829684883
1.82112743100151 1.26916398573667 1.27812786935829 0 1.80425026011653 1.46955044870265 1.71791323251091 0.964564325055107 0.924095080699772 1.62261575134471 1.19752895343117 1.39913289784454 1.21975245978683 0.982235084986314 1.01368599780835 1.26363304280676 1.80790747678839 1.08965626638383 1.37240396789275 1.2338396681007 1.43915817514062 1.6244695961941 1.46907258708961 1.86121477396227 1.14331779046915 1.69363797456026 1.73259936948307 1.3205907093361 1.16139981430024 1.24057402973995
1.76135337189771 1.79421587171964 1.54267123783939 1.80425026011653 0 1.68954633665271 1.88999512349255 1.22400554665364 1.61250612093136 1.16205751802772 1.21377317700535 0.93890243396163 1.34968775440939 0.93239004095085 1.11332705290988 1.86621728586033 1.66699978313409 1.40372308064252 1.07202167948708 1.367847091984 1.77028775028884 1.73131669941358 1.7925530183129 1.5979303480126 1.68051389139146 1.05265556299128 1.90844089444727 1.22963054897264 1.32360090734437 1.47222226881422
1.4306470726151 1.82171054673381 0.946129348129034 1.46955044870265 1.68954633665271 0 1.37987577286549 0.963897869456559 1.70796387316659 1.14565784530714 1.00260733859614 1.81612655892968 1.44973323657177 1.43755837529898 1.24928742251359 1.55615655588917 1.35352372610942 0.948249244363979 1.25912939663976 1.31268412410282 1.86527179204859 1.17871302226558 1.07747017312795 1.0013688064646 1.09749386133626 1.72263284982182 1.13139042910188 1.0760292171035 1.64519242872484 1.47636351617984
1.90395800536498 1.38211122015491 1.20403657038696 1.71791323251091 1.88999512349255 1.37987577286549 0 1.69205757882446 1.60230187489651 1.43751059658825 1.07591001992114 1.12089842138812 1.14933694782667 1.11787119880319 1.73508271574974 1.10490473848768 1.70854536769912 1.61001223768108 1.82101374468766 1.40282728290185 0.988541065016761 1.37372443359345 1.22336980630644 1.33195765223354 1.6072324377019 1.69542150548659 1.53839317290112 0.956306447973475 1.83944051130675 1.19934696168639
1.53503438062035 1.60112149524502 1.30107975215651 0.964564325055107 1.22400554665364 0.963897869456559 1.69205757882446 0 1.67513084807433 1.21612835302949 0.92510003875941 1.36283609457314 1.19830301054753 1.45367295411415 1.7838896762114 1.70152586698532 1.72540640318766 1.63275081058964 1.88172287354246 0.977558649610728 0.933640619972721 1.60890259710141 1.6971662028227 1.338873203611 1.80358131602407 1.90983560890891 1.76364485477097 1.62831350020133 1.44783451734111 1.4066866687499
1.809786247788 1.01326559321024 1.71687086275779 0.924095080699772 1.61250612093136 1.70796387316659 1.60230187489651 1.67513084807433 0 1.07302216836251 1.20818444667384 1.66504626721144 1.1621816419065 1.15371744032018 1.13770922459662 1.67711939220317 1.64433777634986 1.59121237345971 1.65018130862154 1.03848292445764 1.52746529900469 0.978677633218467 1.81151432031766 0.937119693262503 1.37065488565713 1.7963596151676 1.03293350082822 1.06746398564428 1.27661885810085 1.89298379910178
0.931835073744878 1.18268679082394 1.10204972326756 1.62261575134471 1.16205751802772 1.14565784530714 1.43751059658825 1.21612835302949 1.07302216836251 0 1.46715150028467 1.54273804975674 1.22067627124488 1.77797918743454 1.84888775018044 1.25489588733763 1.63833373738453 1.45503930188715 1.57430577185005 1.1953279748559 1.12171172280796 0.975141115253791 1.72299870685674 1.67675229790621 1.77758520678617 1.81905231624842 1.82778133219108 1.66238969331607 1.06598213082179 1.574846573174
1.24496289365925 1.85253338771872 1.28342799819075 1.19752895343117 1.21377317700535 1.00260733859614 1.07591001992114 0.92510003875941 1.20818444667384 1.46715150028467 0 1.61214209278114 1.27267418429255 1.60902274865657 1.4298111773096 1.4364176033996 1.71712970384397 1.47785858763382 1.87176807504147 1.08427592064254 1.53418457158841 1.68416974577121 1.22946440498345 1.02820691280067 1.33536269119941 1.01424039225094 1.19278138037771 1.47550780954771 1.08948027645238 1.58694540825672
1.21334296232089 1.09098145668395 1.83195157069713 1.39913289784454 0.93890243396163 1.81612655892968 1.12089842138812 1.36283609457314 1.66504626721144 1.54273804975674 1.61214209278114 0 1.66907572560012 1.01695276121609 1.40970518253744 1.01850844547153 1.57732325396501 1.6437180233188 1.56498109200038 1.56129665207118 1.20549307763577 1.45404559606686 1.56498699518852 1.21150033315644 1.48036182299256 1.34035097970627 1.35869393753819 1.08065661136061 1.0458581673447 1.72892311192118
1.62477640295401 1.91039415658452 1.0192971280776 1.21975245978683 1.34968775440939 1.44973323657177 1.14933694782667 1.19830301054753 1.1621816419065 1.22067627124488 1.27267418429255 1.66907572560012 0 1.54217690462247 1.57476378069259 1.27904479787685 1.48849584604613 1.53068437147886 1.12731412868015 1.71056011132896 1.79602134111337 1.65243708598427 1.37024938128889 1.42723719938658 1.24284230684862 1.26692522550002 1.87934929481708 1.20565186045133 1.01483310363255 1.68547186627984
1.29633441078477 1.34323740960099 1.06421470525675 0.982235084986314 0.93239004095085 1.43755837529898 1.11787119880319 1.45367295411415 1.15371744032018 1.77797918743454 1.60902274865657 1.01695276121609 1.54217690462247 0 1.57587474398315 1.27733031264506 1.6127015510574 1.73886046395637 1.89594488218427 1.35478904121555 1.16113682021387 1.34106744732708 1.31492636632174 0.998002389445901 1.30552783189341 1.24520450853743 1.31627403013408 1.31254713167436 1.8706482083071 1.72713369992562
1.77204202138819 1.7874973998405 1.21285639633425 1.01368599780835 1.11332705290988 1.24928742251359 1.73508271574974 1.7838896762114 1.13770922459662 1.84888775018044 1.4298111773096 1.40970518253744 1.57476378069259 1.57587474398315 0 1.21863646549173 1.72798298159614 1.35838670167141 1.26758307125419 1.88935285969637 1.56035459972918 1.34153485787101 1.19068891042843 1.89556454448029 1.4723735996522 0.987748248735443 1.71183244511485 1.0463131389115 1.12617681059055 1.83075230382383
1.55979216168635 1.061617490137 1.33600200014189 1.26363304280676 1.86621728586033 1.55615655588917 1.10490473848768 1.70152586698532 1.67711939220317 1.25489588733763 1.4364176033996 1.01850844547153 1.27904479787685 1.27733031264506 1.21863646549173 0 1.44710835255682 1.42370195104741 1.69524376955815 1.48936532693915 1.84478663932532 1.14918156899512 1.08111678273417 1.19120418163948 1.52369868429378 0.932761738775298 1.77050002245232 1.78407595213503 1.77121306606568 1.74806285626255
1.16683272575028 1.67578743700869 1.75542033510283 1.80790747678839 1.66699978313409 1.35352372610942 1.70854536769912 1.72540640318766 1.64433777634986 1.63833373738453 1.71712970384397 1.57732325396501 1.48849584604613 1.6127015510574 1.72798298159614 1.44710835255682 0 1.32899039937183 1.07217010506429 1.11776705668308 1.0630716367159 1.5600234977901 1.4848305482883 1.83050710544921 1.77296285936609 1.16260841093026 1.3980696760118 1.32437190762721 1.67705754050985 1.88001137878746
1.33029361767694 1.88820881652646 1.61392351798713 1.08965626638383 1.40372308064252 0.948249244363979 1.61001223768108 1.63275081058964 1.59121237345971 1.45503930188715 1.47785858763382 1.6437180233188 1.53068437147886 1.73886046395637 1.35838670167141 1.42370195104741 1.32899039937183 0 1.16100224666297 1.40548278810456 1.26577930897474 1.14427173789591 1.72416278091259 1.72754375892691 1.36637610616162 1.33477874891832 0.936460999306291 1.19468821072951 1.70041260891594 1.62355028511956
1.0445346753113 1.10801874450408 1.91166566009633 1.37240396789275 1.07202167948708 1.25912939663976 1.82101374468766 1.88172287354246 1.65018130862154 1.57430577185005 1.87176807504147 1.56498109200038 1.12731412868015 1.89594488218427 1.26758307125419 1.69524376955815 1.07217010506429 1.16100224666297 0 1.08341710246168 1.40545159624889 1.62102138926275 1.08477817941457 1.5821977367159 1.27089889883064 1.35097103659064 1.5261113285087 1.89203234366141 1.3357598495204 1.08688308461569
1.659470472252 1.81466108746827 0.976962460204959 1.2338396681007 1.367847091984 1.31268412410282 1.40282728290185 0.977558649610728 1.03848292445764 1.1953279748559 1.08427592064254 1.56129665207118 1.71056011132896 1.35478904121555 1.88935285969637 1.48936532693915 1.11776705668308 1.40548278810456 1.08341710246168 0 1.47117068502121 1.7696946200449 1.82111320551485 0.987010596552864 1.25934086623602 1.41777797765099 1.65820551733486 1.09401567303576 1.69404387194663 1.41859381715767
1.22660267283209 1.51335483486764 1.29793486045673 1.43915817514062 1.77028775028884 1.86527179204859 0.988541065016761 0.933640619972721 1.52746529900469 1.12171172280796 1.53418457158841 1.20549307763577 1.79602134111337 1.16113682021387 1.56035459972918 1.84478663932532 1.0630716367159 1.26577930897474 1.40545159624889 1.47117068502121 0 1.25804290943779 1.28874648991041 1.59525906038471 1.17357646627352 1.85999694257043 1.21749055199325 1.5505444619339 1.89951031794772 1.88291759905405
1.23654928919859 1.19646451389417 1.36325391265564 1.6244695961941 1.73131669941358 1.17871302226558 1.37372443359345 1.60890259710141 0.978677633218467 0.975141115253791 1.68416974577121 1.45404559606686 1.65243708598427 1.34106744732708 1.34153485787101 1.14918156899512 1.5600234977901 1.14427173789591 1.62102138926275 1.7696946200449 1.25804290943779 0 1.16335597890429 1.62117611640133 1.54832052742131 1.18215243564919 1.14783003786579 1.21693457104266 1.22116443468258 1.64306762209162
1.70910385856405 1.39685687422752 1.24094091146253 1.46907258708961 1.7925530183129 1.07747017312795 1.22336980630644 1.6971662028227 1.81151432031766 1.72299870685674 1.22946440498345 1.56498699518852 1.37024938128889 1.31492636632174 1.19068891042843 1.08111678273417 1.4848305482883 1.72416278091259 1.08477817941457 1.82111320551485 1.28874648991041 1.16335597890429 0 1.63319944939576 1.5063215540722 1.26932585984468 1.75958472024649 1.55548957572319 1.86196180409752 1.48951443121769
0.932067597284913 1.21340778446756 1.89438519324176 1.86121477396227 1.5979303480126 1.0013688064646 1.33195765223354 1.338873203611 0.937119693262503 1.67675229790621 1.02820691280067 1.21150033315644 1.42723719938658 0.998002389445901 1.89556454448029 1.19120418163948 1.83050710544921 1.72754375892691 1.5821977367159 0.987010596552864 1.59525906038471 1.62117611640133 1.63319944939576 0 1.18263852130622 1.22826522472315 0.925071521429345 1.85401375032961 1.52945924061351 1.77959024906158
1.64288868010044 1.78497545211576 1.1819777705241 1.14331779046915 1.68051389139146 1.09749386133626 1.6072324377019 1.80358131602407 1.37065488565713 1.77758520678617 1.33536269119941 1.48036182299256 1.24284230684862 1.30552783189341 1.4723735996522 1.52369868429378 1.77296285936609 1.36637610616162 1.27089889883064 1.25934086623602 1.17357646627352 1.54832052742131 1.5063215540722 1.18263852130622 0 1.33882833644748 1.54871012922376 1.33666774234734 1.21001129737124 1.58961447142065
1.29535157838836 1.13970289682038 1.13513186061755 1.69363797456026 1.05265556299128 1.72263284982182 1.69542150548659 1.90983560890891 1.7963596151676 1.81905231624842 1.01424039225094 1.34035097970627 1.26692522550002 1.24520450853743 0.987748248735443 0.932761738775298 1.16260841093026 1.33477874891832 1.35097103659064 1.41777797765099 1.85999694257043 1.18215243564919 1.26932585984468 1.22826522472315 1.33882833644748 0 1.69394979649223 1.7484701895155 1.79116692906246 0.964919016463682
1.22106965561397 1.49215979315341 1.04687603213824 1.73259936948307 1.90844089444727 1.13139042910188 1.53839317290112 1.76364485477097 1.03293350082822 1.82778133219108 1.19278138037771 1.35869393753819 1.87934929481708 1.31627403013408 1.71183244511485 1.77050002245232 1.3980696760118 0.936460999306291 1.5261113285087 1.65820551733486 1.21749055199325 1.14783003786579 1.75958472024649 0.925071521429345 1.54871012922376 1.69394979649223 0 1.82150697079487 1.68269156431779 1.19771610759199
1.07177593442611 1.38849894609302 1.52349423710257 1.3205907093361 1.22963054897264 1.0760292171035 0.956306447973475 1.62831350020133 1.06746398564428 1.66238969331607 1.47550780954771 1.08065661136061 1.20565186045133 1.31254713167436 1.0463131389115 1.78407595213503 1.32437190762721 1.19468821072951 1.89203234366141 1.09401567303576 1.5505444619339 1.21693457104266 1.55548957572319 1.85401375032961 1.33666774234734 1.7484701895155 1.82150697079487 0 1.7334859278053 1.22297579306178
1.85631214431487 0.951196256093681 1.68410678207874 1.16139981430024 1.32360090734437 1.64519242872484 1.83944051130675 1.44783451734111 1.27661885810085 1.06598213082179 1.08948027645238 1.0458581673447 1.01483310363255 1.8706482083071 1.12617681059055 1.77121306606568 1.67705754050985 1.70041260891594 1.3357598495204 1.69404387194663 1.89951031794772 1.22116443468258 1.86196180409752 1.52945924061351 1.21001129737124 1.79116692906246 1.68269156431779 1.7334859278053 0 1.50469047599472
1.65566032286733 1.04279973707162 0.958735829684883 1.24057402973995 1.47222226881422 1.47636351617984 1.19934696168639 1.4066866687499 1.89298379910178 1.574846573174 1.58694540825672 1.72892311192118 1.68547186627984 1.72713369992562 1.83075230382383 1.74806285626255 1.88001137878746 1.62355028511956 1.08688308461569 1.41859381715767 1.88291759905405 1.64306762209162 1.48951443121769 1.77959024906158 1.58961447142065 0.964919016463682 1.19771610759199 1.22297579306178 1.50469047599472 0
