0 1.57293815468438 1.62857841118239 1.8775942097418 1.8399546877481 1.20280426600948 1.07977492408827 1.05788055760786 1.72827462153509 1.45682939491235 1.74466188927181 1.44936152151786 1.37036809115671 1.81694990559481 1.2841009804979 1.40864930627868 1.40979315759614 1.3653379669413 1.2115584788844 1.31713583739474 1.88769908319227 1.3134667458944 1.97810428892262 1.44693660666235 1.09775143372826 1.7119299126789 1.2237567063421 1.93911453825422 1.59574159421027 1.61067613586783
1.57293815468438 0 1.35088007408194 1.60125965904444 0.99781429162249 1.29856943921186 1.26084470865317 1.93682236317545 1.17155703133903 1.09592951252125 1.2099466403015 1.38176740589552 1.82964376383461 1.05174809182063 1.73934998339973 1.292992540868 1.46043387870304 1.50698328530416 1.94719569617882 1.14187388285063 1.13730753865093 1.24105326551944 1.6179163469933 1.01610793615691 1.68438779236749 1.0067095765844 1.47698515607044 0.989764402387664 1.45262808934785 0.988377930596471
1.62857841118239 1.35088007408194 0 1.58383469399996 1.05101299565285 1.07053158385679 1.31966329738498 1.86271213763393 1.55702177248895 1.02468730160035 1.13075351761654 1.23103539575823 1.52527064015158 1.92919823620468 1.60197067214176 1.40712264901958 1.97471527103335 1.98020035983063 1.08891571196727 1.60422228183597 1.53314223699272 1.9047889993526 1.64943670923822 1.58785970997997 1.59433865919709 1.83190596825443 1.33812727616169 1.03530810819939 1.82776545966044 1.70324991177768
1.8775942097418 1.60125965904444 1.58383469399996 0 1.37021234421991 1.51016486925073 1.30455743940547 1.62374912714586 1.51196543849073 1.3364978004247 1.73059030482545 1.51235366240144 1.00032339524478 1.2945087722037 0.984657418681309 1.66441522818059 1.62684586993419 1.20107870246284 0.992000534432009 1.13157824939117 1.00876206438988 1.07125014532357 1.16513659781776 1.90792914433405 1.59003834426403 1.12806506548077 1.39782600523904 1.57451451243833 1.46187333227135 1.9669516836293
1.8399546877481 0.99781429162249 1.05101299565285 1.37021234421991 0 1.21421061223373 1.22652058466338 1.96274929097854 1.44195476360619 1.3529139929451 1.39682811242528 1.59366772323847 1.2883053352125 1.00357604864985 1.92414527339861 1.48881353344768 1.49649600614794 1.48984739510342 1.79715550248511 1.17843299661763 1.86377113475464 1.437205262715 1.54862594325095 1.70754100428894 1.13899400248192 1.8257432593964 1.87508074310608 1.42119980114512 1.24449295317754 1.92512307851575
1.20280426600948 1.29856943921186 1.07053158385679 1.51016486925073 1.21421061223373 0 1.33828199887648 1.65846886532381 1.05235972302034 1.60698352451436 1.36473945109174 1.4972462055739 1.44014641246758 1.9744580546394 1.49311680649407 1.23011825582944 1.78803993226029 1.35411940841004 1.44811387592927 1.48991121118888 1.25579564413056 1.89824823383242 1.93946791230701 1.30626797187142 0.996801994740963 1.6586862213444 1.10593114490621 1.39028948009945 1.31863290676847 1.14860771456733
1.07977492408827 1.26084470865317 1.31966329738498 1.30455743940547 1.22652058466338 1.33828199887648 0 1.09251350769773 1.33500725869089 1.13002897636034 1.74968213471584 1.44351327978075 1.69278344861232 1.36148310825229 1.51432814751752 1.1040017856285 1.47857442498207 1.28455923148431 1.45146508491598 1.8100878612604 1.05394941405393 1.66645788610913 1.51626320951618 1.9103301295545 1.06278358027339 1.87174256891012 1.68141556484625 1.96959797223099 1.24102816451341 1.72162410640158
1.05788055760786 1.93682236317545 1.86271213763393 1.62374912714586 1.96274929097854 1.65846886532381 1.09251350769773 0 1.72788650589064 1.37631268147379 1.60133122652769 1.19784172438085 1.71779804979451 1.16320542176254 1.20696342014708 1.86863421928138 1.52968455431983 1.10331109329127 1.05138176190667 1.86249529127963 1.01034946995787 1.3535173474811 1.44960606261156 1.36527431127615 1.07584762037732 1.40885029663332 1.04073983244598 1.61244913539849 1.25577734364197 1.60927206161432
1.72827462153509 1.17155703133903 1.55702177248895 1.51196543849073 1.44195476360619 1.05235972302034 1.33500725869089 1.72788650589064 0 1.38073966512457 1.66756414296106 1.63140807929449 1.96845573396422 1.51696117222309 1.64602559548803 1.64999879221432 1.09856854518875 1.87036297097802 1.66731735668145 1.43597827898338 1.18368343194015 1.80019291606732 1.59201035555452 1.19526069611311 1.59811148722656 1.56029824120924 1.24716864526272 1.77725649042986 1.04483698261902 1.42283516214229
1.45682939491235 1.09592951252125 1.02468730160035 1.3364978004247 1.3529139929451 1.60698352451436 1.13002897636034 1.37631268147379 1.38073966512457 0 1.38282001484185 1.30095526739024 1.97251359047368 1.55116680148058 1.87236809544265 1.04654824337922 1.59393238392659 1.61562267947011 1.30576531984843 1.04051170800813 1.44677881104872 1.85458284965716 1.46297769295052 1.31594104110263 1.05882884236053 1.92429364612326 1.1644277034793 1.85802530241199 1.27100640814751 1.55624104873277
1.74466188927181 1.2099466403015 1.13075351761654 1.73059030482545 1.39682811242528 1.36473945109174 1.74968213471584 1.60133122652769 1.66756414296106 1.38282001484185 0 1.64296938432381 1.56379078957252 1.11674299300648 1.34752101637423 1.24249037448317 1.65819352911785 1.67958529223688 1.91605669632554 1.40748417121358 1.9573860312812 1.91978571540676 1.4136793774087 1.19179140264168 1.4134646486491 1.25448207277805 1.41579713742249 1.51963558723219 1.74165807012469 1.36009955056943
1.44936152151786 1.38176740589552 1.23103539575823 1.51235366240144 1.59366772323847 1.4972462055739 1.44351327978075 1.19784172438085 1.63140807929449 1.30095526739024 1.64296938432381 0 1.77277122670785 1.62281819107011 1.72423035721295 1.1655442987103 1.29894208954647 1.18456721352413 1.27232260769233 1.17815915541723 1.58619223721325 1.1777005600743 1.77891781344078 1.18585055903532 1.36269017774612 1.35602045129053 0.992057477124035 1.75431629316881 1.05368209281005 1.29021633439697
1.37036809115671 1.82964376383461 1.52527064015158 1.00032339524478 1.2883053352125 1.44014641246758 1.69278344861232 1.71779804979451 1.96845573396422 1.97251359047368 1.56379078957252 1.77277122670785 0 1.86903404328041 1.82342661870643 1.33425848954357 1.44393233302981 0.99248269572854 1.47389969066717 1.76618728227913 1.20998376165517 1.11720818118192 1.32207686104812 1.49188394029625 1.9608665225096 1.83184586581774 1.35411732573994 1.38186708488502 1.17012661579065 1.54045865894295
1.81694990559481 1.05174809182063 1.92919823620468 1.2945087722037 1.00357604864985 1.9744580546394 1.36148310825229 1.16320542176254 1.51696117222309 1.55116680148058 1.11674299300648 1.62281819107011 1.86903404328041 0 1.67588475113735 1.52708617062308 1.26307472842745 1.39604121097364 1.5333731258288 1.47129440749995 1.09777900367044 1.4505376953166 1.25499893375672 1.69672587676905 1.73732810327783 1.96449542674236 1.40223504486494 1.71317208558321 1.34213253227063 1.80669510527514
1.2841009804979 1.73934998339973 1.60197067214176 0.984657418681309 1.92414527339861 1.49311680649407 1.51432814751752 1.20696342014708 1.64602559548803 1.87236809544265 1.34752101637423 1.72423035721295 1.82342661870643 1.67588475113735 0 1.08327106642537 1.1683364387136 1.35095850168727 1.62837049760856 1.39550937595777 1.21025253110565 1.33817265927792 1.08768880320713 1.64138884213753 1.39540331321768 1.88938464340754 1.93649895186536 1.25491263135336 1.81183465011418 1.30749472719617
1.40864930627868 1.292992540868 1.40712264901958 1.66441522818059 1.48881353344768 1.23011825582944 1.1040017856285 1.86863421928138 1.64999879221432 1.04654824337922 1.24249037448317 1.1655442987103 1.33425848954357 1.52708617062308 1.08327106642537 0 1.76770360651426 1.86795092909597 1.71810100995935 1.25661063520238 1.16022171429358 1.76837728614919 1.03807411994785 1.07453939458355 1.71391255478375 1.65474641905166 1.211569319712 1.43051123293117 1.57584410510026 1.94837484974414
1.40979315759614 1.46043387870304 1.97471527103335 1.62684586993419 1.49649600614794 1.78803993226029 1.47857442498207 1.52968455431983 1.09856854518875 1.59393238392659 1.65819352911785 1.29894208954647 1.44393233302981 1.26307472842745 1.1683364387136 1.76770360651426 0 1.41524060862139 1.59110604389571 1.66514669870958 1.11127105122432 1.29473617626354 1.55330011993647 1.33363315300085 1.30319023388438 1.96326924394816 1.40628959354945 1.41013204702176 1.5039062728174 1.41213555587456
1.3653379669413 1.50698328530416 1.98020035983063 1.20107870246284 1.48984739510342 1.35411940841004 1.28455923148431 1.10331109329127 1.87036297097802 1.61562267947011 1.67958529223688 1.18456721352413 0.99248269572854 1.39604121097364 1.35095850168727 1.86795092909597 1.41524060862139 0 1.9404539023526 1.77010609698482 1.38281455961987 1.31628234405071 1.47934243106283 1.11400047363713 1.82022862392478 1.7378338908311 1.90708181960508 1.73681226652116 1.75735948397778 1.77241254528053
1.2115584788844 1.94719569617882 1.08891571196727 0.992000534432009 1.79715550248511 1.44811387592927 1.45146508491598 1.05138176190667 1.66731735668145 1.30576531984843 1.91605669632554 1.27232260769233 1.47389969066717 1.5333731258288 1.62837049760856 1.71810100995935 1.59110604389571 1.9404539023526 0 1.60751921893097 1.34689664677717 1.41939403349534 1.70157371065579 1.43169182562269 1.12069767806679 1.51881561730988 1.90197861450724 1.81158720399253 1.21982459747232 1.34905530093238
1.31713583739474 1.14187388285063 1.60422228183597 1.13157824939117 1.17843299661763 1.48991121118888 1.8100878612604 1.86249529127963 1.43597827898338 1.04051170800813 1.40748417121358 1.17815915541723 1.76618728227913 1.47129440749995 1.39550937595777 1.25661063520238 1.66514669870958 1.77010609698482 1.60751921893097 0 1.64867032831535 1.63165735942312 1.37102611525916 1.70815334143117 1.77754599484615 1.09905396634713 1.55394440912642 1.42304895515554 1.6572443395853 1.84108446631581
1.88769908319227 1.13730753865093 1.53314223699272 1.00876206438988 1.86377113475464 1.25579564413056 1.05394941405393 1.01034946995787 1.18368343194015 1.44677881104872 1.9573860312812 1.58619223721325 1.20998376165517 1.09777900367044 1.21025253110565 1.16022171429358 1.11127105122432 1.38281455961987 1.34689664677717 1.64867032831535 0 1.95495946379378 1.35088002728298 1.50285169435665 1.80217416607775 1.39241744717583 1.18547262437642 1.23183544143103 1.42609932576306 1.91709793801419
1.3134667458944 1.24105326551944 1.9047889993526 1.07125014532357 1.437205262715 1.89824823383242 1.66645788610913 1.3535173474811 1.80019291606732 1.85458284965716 1.91978571540676 1.1777005600743 1.11720818118192 1.4505376953166 1.33817265927792 1.76837728614919 1.29473617626354 1.31628234405071 1.41939403349534 1.63165735942312 1.95495946379378 0 1.43419209890999 1.51592845027335 1.74409998813644 1.89832048816606 1.64099170197733 1.24935808125883 1.06966270925477 1.04101171460934
1.97810428892262 1.6179163469933 1.64943670923822 1.16513659781776 1.54862594325095 1.93946791230701 1.51626320951618 1.44960606261156 1.59201035555452 1.46297769295052 1.4136793774087 1.77891781344078 1.32207686104812 1.25499893375672 1.08768880320713 1.03807411994785 1.55330011993647 1.47934243106283 1.70157371065579 1.37102611525916 1.35088002728298 1.43419209890999 0 1.17505810852163 1.05304871383123 1.20473412424326 1.40949446614832 1.83994267927483 1.5369086957071 1.2650190081913
1.44693660666235 1.01610793615691 1.58785970997997 1.90792914433405 1.70754100428894 1.30626797187142 1.9103301295545 1.36527431127615 1.19526069611311 1.31594104110263 1.19179140264168 1.18585055903532 1.49188394029625 1.69672587676905 1.64138884213753 1.07453939458355 1.33363315300085 1.11400047363713 1.43169182562269 1.70815334143117 1.50285169435665 1.51592845027335 1.17505810852163 0 1.12684776377864 1.88665483798832 1.05775883886963 1.39795351121575 1.84740473912098 1.55440146499313
1.09775143372826 1.68438779236749 1.59433865919709 1.59003834426403 1.13899400248192 0.996801994740963 1.06278358027339 1.07584762037732 1.59811148722656 1.05882884236053 1.4134646486491 1.36269017774612 1.9608665225096 1.73732810327783 1.39540331321768 1.71391255478375 1.30319023388438 1.82022862392478 1.12069767806679 1.77754599484615 1.80217416607775 1.74409998813644 1.05304871383123 1.12684776377864 0 1.36136129684746 1.72236125729978 1.23593201185577 1.41300021135248 1.2153700934723
1.7119299126789 1.0067095765844 1.83190596825443 1.12806506548077 1.8257432593964 1.6586862213444 1.87174256891012 1.40885029663332 1.56029824120924 1.92429364612326 1.25448207277805 1.35602045129053 1.83184586581774 1.96449542674236 1.88938464340754 1.65474641905166 1.96326924394816 1.7378338908311 1.51881561730988 1.09905396634713 1.39241744717583 1.89832048816606 1.20473412424326 1.88665483798832 1.36136129684746 0 1.33189225429669 1.91550177545287 1.37721766345203 1.00511421682313
1.2237567063421 1.47698515607044 1.33812727616169 1.39782600523904 1.87508074310608 1.10593114490621 1.68141556484625 1.04073983244598 1.24716864526272 1.1644277034793 1.41579713742249 0.992057477124035 1.35411732573994 1.40223504486494 1.93649895186536 1.211569319712 1.40628959354945 1.90708181960508 1.90197861450724 1.55394440912642 1.18547262437642 1.64099170197733 1.40949446614832 1.05775883886963 1.72236125729978 1.33189225429669 0 1.79092351160944 1.19715902232565 1.83182500349358
1.93911453825422 0.989764402387664 1.03530810819939 1.57451451243833 1.42119980114512 1.39028948009945 1.96959797223099 1.61244913539849 1.77725649042986 1.85802530241199 1.51963558723219 1.75431629316881 1.38186708488502 1.71317208558321 1.25491263135336 1.43051123293117 1.41013204702176 1.73681226652116 1.81158720399253 1.42304895515554 1.23183544143103 1.24935808125883 1.83994267927483 1.39795351121575 1.23593201185577 1.91550177545287 1.79092351160944 0 1.33811841439456 1.97814233298413
1.59574159421027 1.45262808934785 1.82776545966044 1.46187333227135 1.24449295317754 1.31863290676847 1.24102816451341 1.25577734364197 1.04483698261902 1.27100640814751 1.74165807012469 1.05368209281005 1.17012661579065 1.34213253227063 1.81183465011418 1.57584410510026 1.5039062728174 1.75735948397778 1.21982459747232 1.6572443395853 1.42609932576306 1.06966270925477 1.5369086957071 1.84740473912098 1.41300021135248 1.37721766345203 1.19715902232565 1.33811841439456 0 1.05360483145341
1.61067613586783 0.988377930596471 1.70324991177768 1.9669516836293 1.92512307851575 1.14860771456733 1.72162410640158 1.60927206161432 1.42283516214229 1.55624104873277 1.36009955056943 1.29021633439697 1.54045865894295 1.80669510527514 1.30749472719617 1.94837484974414 1.41213555587456 1.77241254528053 1.34905530093238 1.84108446631581 1.91709793801419 1.04101171460934 1.2650190081913 1.55440146499313 1.2153700934723 1.00511421682313 1.83182500349358 1.97814233298413 1.05360483145341 0
