0 1.31964095076546 1.34221250773408 1.71231083199382 1.93099093879573 1.87604999099858 1.67064329679124 1.32404692727141 1.65959464688785 1.41157374205068 1.07068357174285 1.05387818161398 1.79580260138027 1.80352237867191 0.977605725638568 1.82419132068753 1.22122359438799 1.31379111879505 1.65116670611314 1.46574165741913 1.91952984477393 1.50320989941247 1.11106681451201 1.54162932722829 1.87296664831229 1.04764294298366 0.968826829921454 1.88321022619493 0.966301995562389 1.46667971671559
1.31964095076546 0 1.84679937502369 1.11468238383532 1.9325381803792 0.976442663930357 0.9484482340049 1.88065516180359 1.07876626541838 1.39367151097395 1.67888535489328 1.16742137493566 0.950405433308333 1.23211157647893 1.51358017371967 1.26792822964489 1.35596267646179 1.2144823402632 1.84516112157144 1.280707832193 1.10927133494988 1.07512398529798 1.64901167526841 1.12498562224209 1.66076993243769 1.13413610402495 1.0066023489926 0.998351981397718 1.57539338525385 1.82797827851027
1.34221250773408 1.84679937502369 0 1.03644796600565 1.61810202989727 1.24593210150488 1.72411831608042 1.22514045401476 1.63493679719977 1.88304374739528 1.53464052267373 1.00055831996724 1.34983498230577 0.952031976543367 1.29743212740868 1.46012910385616 1.28248722455464 1.16923506488092 1.40255910204723 1.85998288821429 1.85042373370379 1.40775695606135 0.970660586142913 1.88757415255532 1.88697319827043 1.43390932469629 1.31093073263764 1.72684338013642 1.79335295502096 1.28109254548326
1.71231083199382 1.11468238383532 1.03644796600565 0 1.79978433134966 1.38089680764824 1.30124428984709 1.28230929607525 0.968227193923667 1.3249120733235 1.82286794483662 0.946602466516197 1.26841012155637 1.36617201939225 1.29656392964534 1.36125049134716 1.59013312286697 1.30664454540238 1.70547558716498 1.02507489407435 1.73547173081897 1.29530608188361 1.21832477021962 0.956988025922328 1.34146690554917 1.40051147784106 1.26271976251155 1.24700791318901 1.38294043228962 1.19698526407592
1.93099093879573 1.9325381803792 1.61810202989727 1.79978433134966 0 1.48530519544147 1.63166961888783 1.14334601606242 1.75453986204229 1.24812248838134 1.38102413830347 1.34133648592979 1.84590191277675 1.52015807735734 1.83649785956368 1.16678587440401 1.24181029433385 1.53075218037702 1.58002764498815 1.60618668678217 1.05701039149426 1.91593179502524 1.48928318102844 1.43413672666065 1.31346634868532 1.79763801628724 0.965618742629886 1.4194518327713 0.969578829826787 1.31520912796259
1.87604999099858 0.976442663930357 1.24593210150488 1.38089680764824 1.48530519544147 0 1.37503956607543 1.77120338822715 1.83196703298017 0.991000228561461 1.35224068118259 1.47168344887905 1.74497641948983 1.32359343906865 1.18513603042811 1.80404154607095 0.962472405983135 1.02422765828669 1.59211280220188 1.44259409187362 1.6254049425479 1.52963091968559 1.25743341492489 1.82454307214357 1.45285600586794 1.28000485757366 1.63958414061926 1.12439373321831 1.00746331852861 1.83386211795732
1.67064329679124 0.9484482340049 1.72411831608042 1.30124428984709 1.63166961888783 1.37503956607543 0 1.01479592360556 1.2798356031999 1.03952102106996 1.18033617385663 0.977653868496418 1.78085090825334 1.24341445881873 1.15378530276939 1.84446953539737 1.73126702615991 1.67096449690871 1.14110823278315 1.29156342009082 1.37945029279217 1.17143035726622 1.43942429614253 0.938046423019841 1.87120764330029 1.33911114488728 1.76701093232259 1.59248673636466 1.14118295931257 1.50136737409048
1.32404692727141 1.88065516180359 1.22514045401476 1.28230929607525 1.14334601606242 1.77120338822715 1.01479592360556 0 1.66104680811986 1.43900587270036 1.52109378622845 1.76677167811431 1.40362317627296 1.76817489555106 1.42767478874885 1.80584805551916 1.18735857470892 1.20252349949442 0.940657227998599 1.48745067650452 1.48796317656524 1.82501978916116 1.4742745407857 1.32296290225349 1.82443642569706 1.39558539958671 1.50040811765939 1.67471357155591 1.66322175622918 1.09926158445887
1.65959464688785 1.07876626541838 1.63493679719977 0.968227193923667 1.75453986204229 1.83196703298017 1.2798356031999 1.66104680811986 0 1.07027207151987 1.30305671761744 1.0457594206091 1.0036185325589 1.23851722758263 1.46965121966787 1.6034297128208 1.84097667690367 0.958903544116765 1.62287155492231 1.72986827138811 1.50318573741242 1.64044599607587 1.1810340739321 1.31068238592707 1.00331057794392 1.40313073806465 1.33044012938626 1.7739567537792 1.49382132152095 1.36650053504854
1.41157374205068 1.39367151097395 1.88304374739528 1.3249120733235 1.24812248838134 0.991000228561461 1.03952102106996 1.43900587270036 1.07027207151987 0 1.31740479194559 1.45256100222468 1.6667020721361 1.89715045248158 0.984998508356512 1.45088409353048 1.06908438983373 1.60138386674225 1.93084177491255 1.00739631382748 1.31117089907639 1.89705949532799 1.56346341758035 1.39917754917406 1.02438823785633 1.29470616718754 1.45778132951818 1.42652678303421 1.51676842314191 1.42474457994103
1.07068357174285 1.67888535489328 1.53464052267373 1.82286794483662 1.38102413830347 1.35224068118259 1.18033617385663 1.52109378622845 1.30305671761744 1.31740479194559 0 1.46934933261946 1.71228694007732 1.08751204120927 1.56892498349771 1.31630443991162 1.06910222047009 1.39944478566758 1.73074261820875 1.31590186851099 0.99757859762758 1.39278836478479 1.47330747102387 1.905565477442 1.37858502147719 1.02320254500955 1.62346075405367 1.21877205302007 1.23251694836654 1.3686309796758
1.05387818161398 1.16742137493566 1.00055831996724 0.946602466516197 1.34133648592979 1.47168344887905 0.977653868496418 1.76677167811431 1.0457594206091 1.45256100222468 1.46934933261946 0 1.51450432999991 1.68753550876863 1.80878047808073 1.54855011613108 1.24707889207639 1.17585534602404 1.81032396876253 1.73065071925521 0.941637207986787 1.59738636342809 1.52786237583496 1.3188664780464 1.66091643180698 1.13521677791141 1.64425741950981 1.90918281744234 1.55365456803702 1.06002719700336
1.79580260138027 0.950405433308333 1.34983498230577 1.26841012155637 1.84590191277675 1.74497641948983 1.78085090825334 1.40362317627296 1.0036185325589 1.6667020721361 1.71228694007732 1.51450432999991 0 1.61530046281405 1.62417045934126 1.67299871542491 1.91447517136112 1.24040265427902 1.80078446189873 1.40770698012784 1.53347481810488 0.989551754202694 1.6465158094652 1.72103499737568 1.76837240369059 0.972743681166321 0.946094565792009 1.63827523961663 1.54130724724382 1.77182216010988
1.80352237867191 1.23211157647893 0.952031976543367 1.36617201939225 1.52015807735734 1.32359343906865 1.24341445881873 1.76817489555106 1.23851722758263 1.89715045248158 1.08751204120927 1.68753550876863 1.61530046281405 0 1.3761004852131 1.2365291537717 1.45353810139932 1.12966766837053 1.31123965629376 1.17019404191524 1.80656062997878 1.47908327518962 1.92269256268628 1.3715860163793 1.81024290784262 1.76429730653763 1.60335583845153 1.9012581424322 1.62237306660973 1.09911187901162
0.977605725638568 1.51358017371967 1.29743212740868 1.29656392964534 1.83649785956368 1.18513603042811 1.15378530276939 1.42767478874885 1.46965121966787 0.984998508356512 1.56892498349771 1.80878047808073 1.62417045934126 1.3761004852131 0 1.48206351208501 0.975771869998425 1.51169672049582 1.08095352188684 1.17927448055707 0.943357288371772 0.981560975778848 1.05032148119062 1.20500953355804 1.00217024004087 1.68145693163387 1.62167241657153 1.21461371378973 1.23813466308638 1.9110491622705
1.82419132068753 1.26792822964489 1.46012910385616 1.36125049134716 1.16678587440401 1.80404154607095 1.84446953539737 1.80584805551916 1.6034297128208 1.45088409353048 1.31630443991162 1.54855011613108 1.67299871542491 1.2365291537717 1.48206351208501 0 1.91751413000748 1.47894470370375 1.87852935423143 1.48065575398505 1.86115411808714 1.07530095102265 1.35204198095016 1.20657489309087 1.29083738639019 1.64863454923034 1.38960977224633 1.39727594074793 1.22400538274087 1.00469752238132
1.22122359438799 1.35596267646179 1.28248722455464 1.59013312286697 1.24181029433385 0.962472405983135 1.73126702615991 1.18735857470892 1.84097667690367 1.06908438983373 1.06910222047009 1.24707889207639 1.91447517136112 1.45353810139932 0.975771869998425 1.91751413000748 0 1.62295434693806 1.25307119777426 1.61832359735854 0.964230858488008 1.33697032742202 0.94564765249379 1.04414351517335 0.942781327059492 1.89676980255172 1.84459573985077 1.18340789736249 1.22983898455277 1.36146828229539
1.31379111879505 1.2144823402632 1.16923506488092 1.30664454540238 1.53075218037702 1.02422765828669 1.67096449690871 1.20252349949442 0.958903544116765 1.60138386674225 1.39944478566758 1.17585534602404 1.24040265427902 1.12966766837053 1.51169672049582 1.47894470370375 1.62295434693806 0 1.02973107853904 1.20869041630067 1.64924881258048 1.87646701745689 1.92284742230549 1.06546752806753 1.37837451673113 1.14611928816885 1.1167792561464 1.78391885571182 1.82456325925887 1.69222271768376
1.65116670611314 1.84516112157144 1.40255910204723 1.70547558716498 1.58002764498815 1.59211280220188 1.14110823278315 0.940657227998599 1.62287155492231 1.93084177491255 1.73074261820875 1.81032396876253 1.80078446189873 1.31123965629376 1.08095352188684 1.87852935423143 1.25307119777426 1.02973107853904 0 1.56611841870472 1.4239852023311 1.10560000222176 1.81646404974163 1.36352297244594 1.73256703373045 1.4957106593065 1.15982763282955 1.16873298212886 1.8916557864286 1.35663640196435
1.46574165741913 1.280707832193 1.85998288821429 1.02507489407435 1.60618668678217 1.44259409187362 1.29156342009082 1.48745067650452 1.72986827138811 1.00739631382748 1.31590186851099 1.73065071925521 1.40770698012784 1.17019404191524 1.17927448055707 1.48065575398505 1.61832359735854 1.20869041630067 1.56611841870472 0 1.00507396413013 1.53817571047693 1.85789044178091 1.86545592918992 1.11400428693742 1.30311407824047 1.32360436976887 1.55378585774451 1.68853110959753 1.32816286757588
1.91952984477393 1.10927133494988 1.85042373370379 1.73547173081897 1.05701039149426 1.6254049425479 1.37945029279217 1.48796317656524 1.50318573741242 1.31117089907639 0.99757859762758 0.941637207986787 1.53347481810488 1.80656062997878 0.943357288371772 1.86115411808714 0.964230858488008 1.64924881258048 1.4239852023311 1.00507396413013 0 1.59670364460908 0.959164089290425 1.83142992341891 0.961316099390388 1.32076566130854 1.28219018643722 1.64043012307957 1.68701431062073 1.75101026729681
1.50320989941247 1.07512398529798 1.40775695606135 1.29530608188361 1.91593179502524 1.52963091968559 1.17143035726622 1.82501978916116 1.64044599607587 1.89705949532799 1.39278836478479 1.59738636342809 0.989551754202694 1.47908327518962 0.981560975778848 1.07530095102265 1.33697032742202 1.87646701745689 1.10560000222176 1.53817571047693 1.59670364460908 0 0.94231328042224 1.76076022326015 1.5981500656344 1.50595489516854 1.35698533290997 1.75853688921779 1.38547997246496 1.8271341023501
1.11106681451201 1.64901167526841 0.970660586142913 1.21832477021962 1.48928318102844 1.25743341492489 1.43942429614253 1.4742745407857 1.1810340739321 1.56346341758035 1.47330747102387 1.52786237583496 1.6465158094652 1.92269256268628 1.05032148119062 1.35204198095016 0.94564765249379 1.92284742230549 1.81646404974163 1.85789044178091 0.959164089290425 0.94231328042224 0 1.08944030478597 1.11136317090131 1.79892919282429 1.88850685534999 1.80200539738871 1.25005962490104 1.77340362244286
1.54162932722829 1.12498562224209 1.88757415255532 0.956988025922328 1.43413672666065 1.82454307214357 0.938046423019841 1.32296290225349 1.31068238592707 1.39917754917406 1.905565477442 1.3188664780464 1.72103499737568 1.3715860163793 1.20500953355804 1.20657489309087 1.04414351517335 1.06546752806753 1.36352297244594 1.86545592918992 1.83142992341891 1.76076022326015 1.08944030478597 0 1.07446827669628 1.53039624704979 1.80213297647424 1.27530212141573 1.70045309583656 0.993408464593813
1.87296664831229 1.66076993243769 1.88697319827043 1.34146690554917 1.31346634868532 1.45285600586794 1.87120764330029 1.82443642569706 1.00331057794392 1.02438823785633 1.37858502147719 1.66091643180698 1.76837240369059 1.81024290784262 1.00217024004087 1.29083738639019 0.942781327059492 1.37837451673113 1.73256703373045 1.11400428693742 0.961316099390388 1.5981500656344 1.11136317090131 1.07446827669628 0 1.84628897206858 1.65065299975686 1.81491029914469 1.69049950339831 1.07066791504622
1.04764294298366 1.13413610402495 1.43390932469629 1.40051147784106 1.79763801628724 1.28000485757366 1.33911114488728 1.39558539958671 1.40313073806465 1.29470616718754 1.02320254500955 1.13521677791141 0.972743681166321 1.76429730653763 1.68145693163387 1.64863454923034 1.89676980255172 1.14611928816885 1.4957106593065 1.30311407824047 1.32076566130854 1.50595489516854 1.79892919282429 1.53039624704979 1.84628897206858 0 1.81793838832527 1.81342707830481 1.88101081829518 0.933904731180519
0.968826829921454 1.0066023489926 1.31093073263764 1.26271976251155 0.965618742629886 1.63958414061926 1.76701093232259 1.50040811765939 1.33044012938626 1.45778132951818 1.62346075405367 1.64425741950981 0.946094565792009 1.60335583845153 1.62167241657153 1.38960977224633 1.84459573985077 1.1167792561464 1.15982763282955 1.32360436976887 1.28219018643722 1.35698533290997 1.88850685534999 1.80213297647424 1.65065299975686 1.81793838832527 0 1.24568078480661 1.57547565735877 1.92073385627009
1.88321022619493 0.998351981397718 1.72684338013642 1.24700791318901 1.4194518327713 1.12439373321831 1.59248673636466 1.67471357155591 1.7739567537792 1.42652678303421 1.21877205302007 1.90918281744234 1.63827523961663 1.9012581424322 1.21461371378973 1.39727594074793 1.18340789736249 1.78391885571182 1.16873298212886 1.55378585774451 1.64043012307957 1.75853688921779 1.80200539738871 1.27530212141573 1.81491029914469 1.81342707830481 1.24568078480661 0 1.09842720511369 1.83919514599256
0.966301995562389 1.57539338525385 1.79335295502096 1.38294043228962 0.969578829826787 1.00746331852861 1.14118295931257 1.66322175622918 1.49382132152095 1.51676842314191 1.23251694836654 1.55365456803702 1.54130724724382 1.62237306660973 1.23813466308638 1.22400538274087 1.22983898455277 1.82456325925887 1.8916557864286 1.68853110959753 1.68701431062073 1.38547997246496 1.25005962490104 1.70045309583656 1.69049950339831 1.88101081829518 1.57547565735877 1.09842720511369 0 1.90184972807765
1.46667971671559 1.82797827851027 1.28109254548326 1.19698526407592 1.31520912796259 1.83386211795732 1.50136737409048 1.09926158445887 1.36650053504854 1.42474457994103 1.3686309796758 1.06002719700336 1.77182216010988 1.09911187901162 1.9110491622705 1.00469752238132 1.36146828229539 1.69222271768376 1.35663640196435 1.32816286757588 1.75101026729681 1.8271341023501 1.77340362244286 0.993408464593813 1.07066791504622 0.933904731180519 1.92073385627009 1.83919514599256 1.90184972807765 0
