0 0.5951125 0.5902638 0.6091733 0.6116556 0.98832285 0.5902638 0.58697575 0.98907024 0.9827411 0.5582251 0.56584156 0.55381763 0.98645765 0.98496884 0.6049049 0.61052626 0.41983685 0.41948688 0.6002153 0.6028915 0.5709624 0.9969631 0.56839764 0.97867405 0.59400773 0.59224355 0.97426224 0.97352946 0.59246385
0.5951125 0 0.18340309 0.2954489 0.29219383 1.0083846 0.4771027 0.47823706 1.0037951 0.9939465 0.59224355 0.6013292 0.58916616 0.9977191 1.0045581 0.44024023 0.45056275 0.5964403 0.5957761 0.38345262 0.38261938 0.6006607 1.0172604 0.5997702 0.9950763 0.25139478 0.4769138 0.98757625 0.9857129 0.3849548
0.5902638 0.18340309 0 0.28924686 0.29027697 0.9939465 0.47258234 0.47578144 0.9860852 0.9808897 0.57979244 0.5847917 0.5778452 0.9931942 1.0015109 0.43290216 0.44150028 0.5920233 0.58785117 0.3731853 0.3753265 0.59422857 0.99923354 0.5926842 0.98869646 0.24623917 0.47634742 0.9816297 0.97978103 0.38062337
0.6091733 0.2954489 0.28924686 0 0.1752743 0.98496884 0.47918367 0.47672495 1.000751 0.9853408 0.59865856 0.5975486 0.59246385 0.9860852 0.9958304 0.45019814 0.4558696 0.60512894 0.60043794 0.3832859 0.3841199 0.6046809 0.9943229 0.6019983 0.98832285 0.28851193 0.48070073 0.97316337 0.96841997 0.3812881
0.6116556 0.29219383 0.29027697 0.1752743 0 0.99056727 0.47861555 0.4829821 1.0015109 0.99357027 0.5997702 0.59932536 0.5975486 0.99658537 0.9943229 0.44728765 0.45642072 0.5999927 0.5979924 0.38378617 0.38378617 0.61482686 1.0087683 0.61142963 0.9943229 0.28851193 0.48032117 0.97573 0.97243166 0.3841199
0.98832285 1.0083846 0.9939465 0.98496884 0.99056727 0 0.9939465 0.97609735 0.3462092 0.34573337 0.98757625 0.98683035 0.99131685 0.18480913 0.18480913 1.001891 0.98794943 1.0095364 1.0083846 0.9920673 0.9950763 1.001891 0.35659385 0.99847597 0.3447826 0.9845971 0.9920673 0.34573337 0.33565342 0.99131685
0.5902638 0.4771027 0.47258234 0.47918367 0.47861555 0.9939465 0 0.17074028 1.0045581 0.9860852 0.5999927 0.6008834 0.59888077 0.9894442 0.99885464 0.49294904 0.49121448 0.60244477 0.5973268 0.48527044 0.4856525 0.60669917 0.98496884 0.6033384 0.98237044 0.47748062 0.24415912 0.982 0.97243166 0.48317254
0.58697575 0.47823706 0.47578144 0.47672495 0.4829821 0.97609735 0.17074028 0 0.97316337 0.95472425 0.59422857 0.5973268 0.5889469 0.97316337 0.98869646 0.4869913 0.49044484 0.6037857 0.5977705 0.4881407 0.49025255 0.6019983 0.97352946 0.5979924 0.9608204 0.47258234 0.24651696 0.9637064 0.9557965 0.4841254
0.98907024 1.0037951 0.9860852 1.000751 1.0015109 0.3462092 1.0045581 0.97316337 0 0.14264435 0.97941184 0.98794943 0.98683035 0.33800378 0.34067646 1.002652 1.0034139 1.0034139 1.0015109 0.9764649 0.98125964 1.0060863 0.32539845 1.0003713 0.33299854 0.9680563 0.98237044 0.33190808 0.3238568 0.9790429
0.9827411 0.9939465 0.9808897 0.9853408 0.99357027 0.34573337 0.9860852 0.95472425 0.14264435 0 0.9695119 0.97720057 0.97941184 0.33659267 0.33941755 0.9946995 0.99357027 0.99281836 0.98645765 0.9709704 0.9746289 0.9950763 0.31986335 0.9872032 0.32957673 0.9698763 0.96226203 0.32833627 0.32170385 0.97243166
0.5582251 0.59224355 0.57979244 0.59865856 0.5997702 0.98757625 0.5999927 0.59422857 0.97941184 0.9695119 0 0.32078305 0.13914502 0.98794943 0.99281836 0.59910303 0.5968834 0.5613892 0.55801463 0.6103006 0.60984945 0.30966946 1.0041765 0.3087633 0.9727974 0.585228 0.60647464 0.97720057 0.9662408 0.5984365
0.56584156 0.6013292 0.5847917 0.5975486 0.59932536 0.98683035 0.6008834 0.5973268 0.98794943 0.97720057 0.32078305 0 0.32201102 0.9831119 0.9831119 0.60849774 0.6171003 0.5641423 0.56223524 0.6073731 0.60804766 0.33159682 0.98869646 0.33004242 0.97352946 0.5874133 0.6091733 0.97609735 0.9604604 0.6017752
0.55381763 0.58916616 0.5778452 0.59246385 0.5975486 0.99131685 0.59888077 0.5889469 0.98683035 0.97941184 0.13914502 0.32201102 0 0.9958304 0.98683035 0.5951125 0.59932536 0.55675304 0.5559132 0.60669917 0.6060258 0.30650267 1.0011308 0.30424884 0.9775687 0.585228 0.59954774 0.98125964 0.97352946 0.5929046
0.98645765 0.9977191 0.9931942 0.9860852 0.99658537 0.18480913 0.9894442 0.97316337 0.33800378 0.33659267 0.98794943 0.9831119 0.9958304 0 0.14361255 0.9946995 0.9958304 0.9842255 0.9808897 0.9816297 0.9894442 0.98832285 0.354345 0.9845971 0.3392603 0.9783054 0.9838541 0.33847472 0.32508987 0.98496884
0.98496884 1.0045581 1.0015109 0.9958304 0.9943229 0.18480913 0.99885464 0.98869646 0.34067646 0.33941755 0.99281836 0.9831119 0.98683035 0.14361255 0 1.0011308 0.9950763 0.9980974 0.9931942 0.99281836 1.0003713 0.99545324 0.35210282 0.99131685 0.34288466 0.97941184 0.99056727 0.33941755 0.33004242 0.9958304
0.6049049 0.44024023 0.43290216 0.45019814 0.44728765 1.001891 0.49294904 0.4869913 1.002652 0.9946995 0.59910303 0.60849774 0.5951125 0.9946995 1.0011308 0 0.1045615 0.6130131 0.6093986 0.44240162 0.44276246 0.61596274 0.99658537 0.6141462 1.0003713 0.43880278 0.48507947 0.99734104 0.98794943 0.44692463
0.61052626 0.45056275 0.44150028 0.4558696 0.45642072 0.98794943 0.49121448 0.49044484 1.0034139 0.99357027 0.5968834 0.6171003 0.59932536 0.9958304 0.9950763 0.1045615 0 0.62006605 0.61369276 0.45056275 0.44983372 0.6193806 0.98794943 0.6182396 0.98757625 0.44601783 0.4917922 0.99357027 0.97867405 0.45202297
0.41983685 0.5964403 0.5920233 0.60512894 0.5999927 1.0095364 0.60244477 0.6037857 1.0034139 0.99281836 0.5613892 0.5641423 0.55675304 0.9842255 0.9980974 0.6130131 0.62006605 0 0.041106176 0.6082727 0.61346614 0.58217925 1.0030329 0.57871 0.98907024 0.58785117 0.6028915 0.99847597 0.9790429 0.6049049
0.41948688 0.5957761 0.58785117 0.60043794 0.5979924 1.0083846 0.5973268 0.5977705 1.0015109 0.98645765 0.55801463 0.56223524 0.5559132 0.9808897 0.9931942 0.6093986 0.61369276 0.041106176 0 0.6071484 0.6116556 0.5789264 1.001891 0.5754721 0.98237044 0.58807015 0.6006607 0.9962078 0.97609735 0.60535306
0.6002153 0.38345262 0.3731853 0.3832859 0.38378617 0.9920673 0.48527044 0.4881407 0.9764649 0.9709704 0.6103006 0.6073731 0.60669917 0.9816297 0.99281836 0.44240162 0.45056275 0.6082727 0.6071484 0 0.029471537 0.6198375 0.98237044 0.6164175 0.98051995 0.3743375 0.48051092 0.9644296 0.97243166 0.22138256
0.6028915 0.38261938 0.3753265 0.3841199 0.38378617 0.9950763 0.4856525 0.49025255 0.98125964 0.9746289 0.60984945 0.60804766 0.6060258 0.9894442 1.0003713 0.44276246 0.44983372 0.61346614 0.6116556 0.029471537 0 0.6216679 0.99131685 0.6184676 0.9838541 0.37615168 0.4837441 0.9680563 0.97720057 0.22299634
0.5709624 0.6006607 0.59422857 0.6046809 0.61482686 1.001891 0.60669917 0.6019983 1.0060863 0.9950763 0.30966946 0.33159682 0.30650267 0.98832285 0.99545324 0.61596274 0.6193806 0.58217925 0.5789264 0.6198375 0.6216679 0 1.0060863 0.00966197 0.9920673 0.60535306 0.610752 0.99056727 0.9924427 0.60849774
0.9969631 1.0172604 0.99923354 0.9943229 1.0087683 0.35659385 0.98496884 0.97352946 0.32539845 0.31986335 1.0041765 0.98869646 1.0011308 0.354345 0.35210282 0.99658537 0.98794943 1.0030329 1.001891 0.98237044 0.99131685 1.0060863 0 1.0045581 0.34036154 0.98496884 0.9808897 0.33690602 0.32926643 0.9860852
0.56839764 0.5997702 0.5926842 0.6019983 0.61142963 0.99847597 0.6033384 0.5979924 1.0003713 0.9872032 0.3087633 0.33004242 0.30424884 0.9845971 0.99131685 0.6141462 0.6182396 0.57871 0.5754721 0.6164175 0.6184676 0.00966197 1.0045581 0 0.98907024 0.6026681 0.6075979 0.98832285 0.9894442 0.6058015
0.97867405 0.9950763 0.98869646 0.98832285 0.9943229 0.3447826 0.98237044 0.9608204 0.33299854 0.32957673 0.9727974 0.97352946 0.9775687 0.3392603 0.34288466 1.0003713 0.98757625 0.98907024 0.98237044 0.98051995 0.9838541 0.9920673 0.34036154 0.98907024 0 0.9764649 0.9709704 0.29308018 0.2938196 0.99281836
0.59400773 0.25139478 0.24623917 0.28851193 0.28851193 0.9845971 0.47748062 0.47258234 0.9680563 0.9698763 0.585228 0.5874133 0.585228 0.9783054 0.97941184 0.43880278 0.44601783 0.58785117 0.58807015 0.3743375 0.37615168 0.60535306 0.98496884 0.6026681 0.9764649 0 0.4769138 0.9637064 0.9662408 0.385289
0.59224355 0.4769138 0.47634742 0.48070073 0.48032117 0.9920673 0.24415912 0.24651696 0.98237044 0.96226203 0.60647464 0.6091733 0.59954774 0.9838541 0.99056727 0.48507947 0.4917922 0.6028915 0.6006607 0.48051092 0.4837441 0.610752 0.9808897 0.6075979 0.9709704 0.4769138 0 0.9673296 0.9695119 0.48146042
0.97426224 0.98757625 0.9816297 0.97316337 0.97573 0.34573337 0.982 0.9637064 0.33190808 0.32833627 0.97720057 0.97609735 0.98125964 0.33847472 0.33941755 0.99734104 0.99357027 0.99847597 0.9962078 0.9644296 0.9680563 0.99056727 0.33690602 0.98832285 0.29308018 0.9637064 0.9673296 0 0.2279941 0.96769285
0.97352946 0.9857129 0.97978103 0.96841997 0.97243166 0.33565342 0.97243166 0.9557965 0.3238568 0.32170385 0.9662408 0.9604604 0.97352946 0.32508987 0.33004242 0.98794943 0.97867405 0.9790429 0.97609735 0.97243166 0.97720057 0.9924427 0.32926643 0.9894442 0.2938196 0.9662408 0.9695119 0.2279941 0 0.96841997
0.59246385 0.3849548 0.38062337 0.3812881 0.3841199 0.99131685 0.48317254 0.4841254 0.9790429 0.97243166 0.5984365 0.6017752 0.5929046 0.98496884 0.9958304 0.44692463 0.45202297 0.6049049 0.60535306 0.22138256 0.22299634 0.60849774 0.9860852 0.6058015 0.99281836 0.385289 0.48146042 0.96769285 0.96841997 0
