0 1.0091523 0.9943229 0.9920673 0.6770375 0.81382793 0.82907665 0.67016345 0.67580533 1.015322 1.0149349 0.6852207 1.0110749 1.0219333 1.0172604 1.0227151 0.98496884 0.85270303 0.8508351 0.9816297 0.9845971 1.0215429 1.0080011 1.025065 1.0441338 1.0357314 0.67580533 0.680994 0.96190137 0.9816297
1.0091523 0 0.85114604 0.8652767 0.9924427 0.97499573 0.9842255 0.9962078 1.0091523 0.3439912 0.3441494 0.990942 0.8153093 0.8224607 0.23030159 0.23343483 0.8703658 1.019204 1.0157093 0.8703658 0.8703658 0.8194727 0.8703658 0.8203678 0.8257614 0.8076381 0.98757625 0.99281836 0.864643 0.8800019
0.9943229 0.85114604 0 0.22474852 0.9901927 0.97170067 0.97352946 0.97316337 0.98237044 0.86813504 0.85613984 0.97978103 0.8542633 0.8652767 0.8621135 0.86718106 0.30035818 1.0168724 1.018426 0.30394885 0.30379888 0.8643263 0.51012385 0.8652767 0.86179787 0.86559373 0.9738958 0.96841997 0.30080608 0.3098206
0.9920673 0.8652767 0.22474852 0 0.9738958 0.97867405 0.982 0.9666036 0.97499573 0.86877173 0.86337715 0.96298385 0.84711295 0.8542633 0.86148244 0.864643 0.302301 1.0080011 1.0126165 0.30605137 0.30605137 0.8530148 0.5040287 0.8545757 0.8636934 0.8567664 0.96769285 0.9543672 0.29842037 0.3084615
0.6770375 0.9924427 0.9901927 0.9738958 0 0.82335943 0.8278694 0.21910232 0.22057699 1.0258498 1.0141612 0.58348435 0.99357027 0.99885464 1.0053219 1.0180373 0.9924427 0.864643 0.86179787 0.98348296 0.9838541 0.9969631 0.99961257 1.0003713 1.0172604 1.0188149 0.40820062 0.40544835 0.97170067 0.99847597
0.81382793 0.97499573 0.97170067 0.97867405 0.82335943 0 0.163617 0.81828076 0.81590265 1.042526 1.0289978 0.83028585 0.9931942 0.99056727 0.9860852 0.9857129 0.98832285 0.5266914 0.5256829 0.9962078 0.9920673 1.000751 1.001891 0.9969631 0.99999183 0.99923354 0.8191745 0.82186216 0.96010065 0.9958304
0.82907665 0.9842255 0.97352946 0.982 0.8278694 0.163617 0 0.8293787 0.8275679 1.0473596 1.0337447 0.8424862 1.0110749 1.0103053 0.98683035 0.9831119 0.99545324 0.5380799 0.5352165 0.9969631 0.99999183 1.0242808 0.99923354 1.0215429 1.0053219 1.01069 0.82546073 0.8263631 0.9626228 0.9943229
0.67016345 0.9962078 0.97316337 0.9666036 0.21910232 0.81828076 0.8293787 0 0.12212453 1.0361294 1.0203725 0.58065945 1.0168724 1.0242808 1.0064689 1.0130024 0.98869646 0.87100434 0.86559373 0.97941184 0.97941184 1.0072346 0.99734104 1.0122308 1.0286036 1.0030329 0.401168 0.40133873 0.97170067 0.9853408
0.67580533 1.0091523 0.98237044 0.97499573 0.22057699 0.81590265 0.8275679 0.12212453 0 1.0337447 1.0254573 0.58131045 1.0157093 1.0195932 1.0199828 1.0297868 0.98869646 0.8662283 0.86148244 0.9808897 0.97978103 1.0022715 1.0060863 1.005704 1.0353336 1.0083846 0.4018512 0.40424737 0.9727974 0.990942
1.015322 0.3439912 0.86813504 0.86877173 1.0258498 1.042526 1.0473596 1.0361294 1.0337447 0 0.11195528 1.0172604 0.82305974 0.82907665 0.34320065 0.34430766 0.88162 1.0286036 1.0282096 0.8842163 0.88226825 0.82877463 0.8855178 0.83028585 0.8284728 0.8194727 0.9962078 1.0223241 0.86877173 0.88780093
1.0149349 0.3441494 0.85613984 0.86337715 1.0141612 1.0289978 1.0337447 1.0203725 1.0254573 0.11195528 0 1.0110749 0.81679356 0.8203678 0.3433587 0.3447826 0.8722831 1.0313674 1.0286036 0.877098 0.87484723 0.8278694 0.8662283 0.8305884 0.8263631 0.82156307 0.99923354 1.015322 0.86591095 0.8754896
0.6852207 0.990942 0.97978103 0.96298385 0.58348435 0.83028585 0.8424862 0.58065945 0.58131045 1.0172604 1.0110749 0 1.001891 1.01146 1.0137748 1.0203725 0.98645765 0.86909026 0.8662283 0.98051995 0.9838541 1.030972 0.9831119 1.0329514 1.0278157 1.0518178 0.5887276 0.57525676 0.9557965 0.97978103
1.0110749 0.8153093 0.8542633 0.84711295 0.99357027 0.9931942 1.0110749 1.0168724 1.0157093 0.82305974 0.81679356 1.001891 0 0.10306851 0.81679356 0.8147164 0.85332674 1.019204 1.018426 0.85802114 0.85896355 0.41843793 0.8871479 0.41826323 0.414083 0.42229128 1.000751 1.002652 0.8354467 0.863061
1.0219333 0.8224607 0.8652767 0.8542633 0.99885464 0.99056727 1.0103053 1.0242808 1.0195932 0.82907665 0.8203678 1.01146 0.10306851 0 0.8293787 0.8272665 0.863061 1.0137748 1.0118452 0.86972773 0.8729233 0.42387336 0.89304566 0.4235215 0.41913706 0.42387336 1.0095364 1.0034139 0.84033674 0.8754896
1.0172604 0.23030159 0.8621135 0.86148244 1.0053219 0.9860852 0.98683035 1.0064689 1.0199828 0.34320065 0.3433587 1.0137748 0.81679356 0.8293787 0 0.06908647 0.8722831 1.0130024 1.0099207 0.8716434 0.8716434 0.82156307 0.8684533 0.82186216 0.8266641 0.8164965 0.9901927 1.0053219 0.8573935 0.87613255
1.0227151 0.23343483 0.86718106 0.864643 1.0180373 0.9857129 0.9831119 1.0130024 1.0297868 0.34430766 0.3447826 1.0203725 0.8147164 0.8272665 0.06908647 0 0.8803252 1.0122308 1.0091523 0.88162 0.8809723 0.8194727 0.8800019 0.82066643 0.82998335 0.81679356 0.9977191 1.0126165 0.85707986 0.87613255
0.98496884 0.8703658 0.30035818 0.302301 0.9924427 0.98832285 0.99545324 0.98869646 0.98869646 0.88162 0.8722831 0.98645765 0.85332674 0.863061 0.8722831 0.8803252 0 1.01069 1.0141612 0.056150425 0.055181086 0.86972773 0.51170486 0.87100434 0.8700467 0.86654574 0.97573 0.9644296 0.2527943 0.2515346
0.85270303 1.019204 1.0168724 1.0080011 0.864643 0.5266914 0.5380799 0.87100434 0.8662283 1.0286036 1.0313674 0.86909026 1.019204 1.0137748 1.0130024 1.0122308 1.01069 0 0.015560305 1.0160967 1.0130024 1.0341415 1.0172604 1.0301816 1.0270288 1.0345387 0.85270303 0.8703658 0.9931942 0.9950763
0.8508351 1.0157093 1.018426 1.0126165 0.86179787 0.5256829 0.5352165 0.86559373 0.86148244 1.0282096 1.0286036 0.8662283 1.018426 1.0118452 1.0099207 1.0091523 1.0141612 0.015560305 0 1.0211525 1.018426 1.025065 1.0168724 1.0211525 1.0188149 1.0301816 0.8517685 0.86749893 0.99131685 1.0015109
0.9816297 0.8703658 0.30394885 0.30605137 0.98348296 0.9962078 0.9969631 0.97941184 0.9808897 0.8842163 0.877098 0.98051995 0.85802114 0.86972773 0.8716434 0.88162 0.056150425 1.0160967 1.0211525 0 0.013928539 0.87420535 0.5136859 0.8754896 0.8703658 0.8713238 0.97499573 0.9568702 0.2571495 0.2511152
0.9845971 0.8703658 0.30379888 0.30605137 0.9838541 0.9920673 0.99999183 0.97941184 0.97978103 0.88226825 0.87484723 0.9838541 0.85896355 0.8729233 0.8716434 0.8809723 0.055181086 1.0130024 1.018426 0.013928539 0 0.87581104 0.5140827 0.877098 0.8751683 0.8722831 0.9753628 0.9565121 0.25630456 0.25055632
1.0215429 0.8194727 0.8643263 0.8530148 0.9969631 1.000751 1.0242808 1.0072346 1.0022715 0.82877463 0.8278694 1.030972 0.41843793 0.42387336 0.82156307 0.8194727 0.86972773 1.0341415 1.025065 0.87420535 0.87581104 0 0.8920595 0.007840844 0.37055832 0.35739866 0.9977191 0.98832285 0.8517685 0.88910866
1.0080011 0.8703658 0.51012385 0.5040287 0.99961257 1.001891 0.99923354 0.99734104 1.0060863 0.8855178 0.8662283 0.9831119 0.8871479 0.89304566 0.8684533 0.8800019 0.51170486 1.0172604 1.0168724 0.5136859 0.5140827 0.8920595 0 0.8904187 0.89601207 0.895022 0.9816297 0.9790429 0.49623638 0.5140827
1.025065 0.8203678 0.8652767 0.8545757 1.0003713 0.9969631 1.0215429 1.0122308 1.005704 0.83028585 0.8305884 1.0329514 0.41826323 0.4235215 0.82186216 0.82066643 0.87100434 1.0301816 1.0211525 0.8754896 0.877098 0.007840844 0.8904187 0 0.3700668 0.35772082 0.9950763 0.98832285 0.8545757 0.8887815
1.0441338 0.8257614 0.86179787 0.8636934 1.0172604 0.99999183 1.0053219 1.0286036 1.0353336 0.8284728 0.8263631 1.0278157 0.414083 0.41913706 0.8266641 0.82998335 0.8700467 1.0270288 1.0188149 0.8703658 0.8751683 0.37055832 0.89601207 0.3700668 0 0.366472 1.0176488 1.0030329 0.8545757 0.88226825
1.0357314 0.8076381 0.86559373 0.8567664 1.0188149 0.99923354 1.01069 1.0030329 1.0083846 0.8194727 0.82156307 1.0518178 0.42229128 0.42387336 0.8164965 0.81679356 0.86654574 1.0345387 1.0301816 0.8713238 0.8722831 0.35739866 0.895022 0.35772082 0.366472 0 1.0195932 1.0141612 0.8514572 0.8855178
0.67580533 0.98757625 0.9738958 0.96769285 0.40820062 0.8191745 0.82546073 0.401168 0.4018512 0.9962078 0.99923354 0.5887276 1.000751 1.0095364 0.9901927 0.9977191 0.97573 0.85270303 0.8517685 0.97499573 0.9753628 0.9977191 0.9816297 0.9950763 1.0176488 1.0195932 0 0.34494096 0.9568702 0.98683035
0.680994 0.99281836 0.96841997 0.9543672 0.40544835 0.82186216 0.8263631 0.40133873 0.40424737 1.0223241 1.015322 0.57525676 1.002652 1.0034139 1.0053219 1.0126165 0.9644296 0.8703658 0.86749893 0.9568702 0.9565121 0.98832285 0.9790429 0.98832285 1.0030329 1.0141612 0.34494096 0 0.94620144 0.96298385
0.96190137 0.864643 0.30080608 0.29842037 0.97170067 0.96010065 0.9626228 0.97170067 0.9727974 0.86877173 0.86591095 0.9557965 0.8354467 0.84033674 0.8573935 0.85707986 0.2527943 0.9931942 0.99131685 0.2571495 0.25630456 0.8517685 0.49623638 0.8545757 0.8545757 0.8514572 0.9568702 0.94620144 0 0.2609634
0.9816297 0.8800019 0.3098206 0.3084615 0.99847597 0.9958304 0.9943229 0.9853408 0.990942 0.88780093 0.8754896 0.97978103 0.863061 0.8754896 0.87613255 0.87613255 0.2515346 0.9950763 1.0015109 0.2511152 0.25055632 0.88910866 0.5140827 0.8887815 0.88226825 0.8855178 0.98683035 0.96298385 0.2609634 0
