0 0.9695119 0.9706055 0.62075216 0.9568702 0.9483231 0.62880313 0.6232732 0.959741 0.9673296 0.9476152 0.35162324 0.9554389 0.9604604 0.944438 0.9500957 0.9536536 0.61278665 0.61278665 0.99169195 0.9898184 0.9402225 0.9511613 0.94162506 0.95794547 0.62189704 0.9360306 0.9565121 0.9779369 0.98869646
0.9695119 0 1.0176488 0.9536536 0.99999183 0.9920673 0.9565121 0.9572284 0.98832285 0.99357027 0.99847597 0.99658537 1.0030329 0.9898184 0.98757625 0.98125964 0.98237044 0.9637064 0.96479154 0.4856525 0.48756576 0.99357027 1.0172604 0.99169195 0.99056727 0.9872032 0.98794943 1.0003713 0.19498533 0.1778051
0.9706055 1.0176488 0 0.9831119 0.34525782 0.3433587 0.9706055 0.9943229 0.34193748 0.34922987 0.3481156 0.97243166 0.35402426 0.1723744 0.17187122 0.3433587 0.33941755 0.9894442 0.9920673 1.0234975 1.0149349 0.34462425 0.3439912 0.34732068 0.4769138 1.0087683 0.4771027 0.47427428 1.0126165 1.0345387
0.62075216 0.9536536 0.9831119 0 0.9554389 0.9615409 0.16249844 0.15804078 0.9637064 0.97499573 0.9476152 0.6216679 0.95258445 0.96226203 0.94232726 0.9493862 0.9500957 0.3081598 0.3074061 0.97978103 0.98348296 0.9458484 0.93672764 0.94549555 0.94479036 0.31103078 0.94867724 0.96010065 0.96334505 0.97243166
0.9568702 0.99999183 0.34525782 0.9554389 0 0.13470393 0.9479691 0.96479154 0.3187918 0.3241649 0.22071119 0.9440858 0.22272713 0.35050538 0.34067646 0.3172637 0.31573868 0.9433819 0.94479036 1.001891 0.9958304 0.22030865 0.33362237 0.22097966 0.4586293 0.96190137 0.46659726 0.46827576 0.9950763 1.0080011
0.9483231 0.9920673 0.3433587 0.9615409 0.13470393 0 0.9500957 0.9611805 0.31118217 0.31269795 0.21536165 0.94620144 0.22004041 0.34954855 0.33988938 0.31573868 0.31391275 0.95258445 0.9536536 1.0053219 0.99961257 0.21736327 0.3340906 0.21656199 0.46121424 0.9557965 0.4621396 0.4647367 0.9950763 1.000751
0.62880313 0.9565121 0.9706055 0.16249844 0.9479691 0.9500957 0 0.10329801 0.9680563 0.97978103 0.9440858 0.6258027 0.94479036 0.9543672 0.936379 0.9611805 0.9626228 0.30605137 0.30725548 0.98645765 0.9845971 0.93568236 0.9388226 0.9405729 0.94903165 0.31209126 0.95472425 0.97024083 0.9662408 0.96769285
0.6232732 0.9572284 0.9943229 0.15804078 0.96479154 0.9611805 0.10329801 0 0.97352946 0.9872032 0.96479154 0.6304238 0.96406794 0.9764649 0.9557965 0.9644296 0.9655158 0.30725548 0.30710486 0.99281836 0.99357027 0.9565121 0.9536536 0.9590223 0.96010065 0.30831063 0.96226203 0.9783054 0.9655158 0.9666036
0.959741 0.98832285 0.34193748 0.9637064 0.3187918 0.31118217 0.9680563 0.97352946 0 0.09678467 0.3137608 0.9713354 0.3181802 0.34209526 0.33800378 0.23864032 0.23316185 0.96841997 0.9658782 1.0060863 1.0030329 0.3116366 0.3348716 0.31148508 0.47258234 0.98832285 0.48051092 0.47220686 0.98794943 1.0011308
0.9673296 0.99357027 0.34922987 0.97499573 0.3241649 0.31269795 0.97978103 0.9872032 0.09678467 0 0.31711105 0.9706055 0.32216468 0.3481156 0.34446594 0.24042948 0.23754142 0.9662408 0.96841997 1.005704 1.0011308 0.31239453 0.33659267 0.31087938 0.47258234 0.9894442 0.47427428 0.46846247 0.9901927 1.0068517
0.9476152 0.99847597 0.3481156 0.9476152 0.22071119 0.21536165 0.9440858 0.96479154 0.3137608 0.31711105 0 0.94373375 0.08740036 0.3477975 0.33941755 0.31284967 0.31012297 0.95080596 0.9483231 1.0157093 1.0133885 0.10444655 0.32988715 0.10364238 0.46585247 0.9698763 0.469958 0.46790242 0.9946995 1.0188149
0.35162324 0.99658537 0.97243166 0.6216679 0.9440858 0.94620144 0.6258027 0.6304238 0.9713354 0.9706055 0.94373375 0 0.95472425 0.953297 0.9458484 0.96226203 0.9615409 0.6202947 0.617328 1.0195932 1.0126165 0.9349863 0.9651536 0.9360306 0.95866317 0.6262635 0.953297 0.9615409 1.0034139 1.015322
0.9554389 1.0030329 0.35402426 0.95258445 0.22272713 0.22004041 0.94479036 0.96406794 0.3181802 0.32216468 0.08740036 0.95472425 0 0.35675475 0.3484338 0.3213968 0.31680587 0.95508146 0.9518725 1.0289978 1.025065 0.10836481 0.3348716 0.107325636 0.46827576 0.97206604 0.472958 0.472958 0.99961257 1.0207624
0.9604604 0.9898184 0.1723744 0.96226203 0.35050538 0.34954855 0.9543672 0.9764649 0.34209526 0.3481156 0.3477975 0.953297 0.35675475 0 0.08124591 0.34859294 0.34051898 0.9709704 0.9691478 1.0126165 1.0122308 0.3439912 0.34430766 0.34684414 0.47653615 0.99545324 0.48146042 0.47899425 1.0045581 1.0227151
0.944438 0.98757625 0.17187122 0.94232726 0.34067646 0.33988938 0.936379 0.9557965 0.33800378 0.34446594 0.33941755 0.9458484 0.3484338 0.08124591 0 0.34051898 0.33346638 0.9557965 0.9554389 1.0064689 1.0064689 0.3373763 0.33847472 0.33941755 0.47033232 0.9775687 0.47108158 0.4714565 1.0037951 1.0215429
0.9500957 0.98125964 0.3433587 0.9493862 0.3172637 0.31573868 0.9611805 0.9644296 0.23864032 0.24042948 0.31284967 0.96226203 0.3213968 0.34859294 0.34051898 0 0.060690653 0.9504507 0.9536536 0.9939465 0.99923354 0.31300145 0.33113015 0.31103078 0.46958384 0.9604604 0.47070688 0.46846247 0.9816297 0.98907024
0.9536536 0.98237044 0.33941755 0.9500957 0.31573868 0.31391275 0.9626228 0.9655158 0.23316185 0.23754142 0.31012297 0.9615409 0.31680587 0.34051898 0.33346638 0.060690653 0 0.9554389 0.95615417 0.98757625 0.99357027 0.30906525 0.3291113 0.3077075 0.46343702 0.9655158 0.4662248 0.46380812 0.97941184 0.9872032
0.61278665 0.9637064 0.9894442 0.3081598 0.9433819 0.95258445 0.30605137 0.30725548 0.96841997 0.9662408 0.95080596 0.6202947 0.95508146 0.9709704 0.9557965 0.9504507 0.9554389 0 0.05528873 1.0087683 1.01069 0.946908 0.94479036 0.9465546 0.9500957 0.21656199 0.9590223 0.9644296 0.9779369 0.97941184
0.61278665 0.96479154 0.9920673 0.3074061 0.94479036 0.9536536 0.30725548 0.30710486 0.9658782 0.96841997 0.9483231 0.617328 0.9518725 0.9691478 0.9554389 0.9536536 0.95615417 0.05528873 0 1.0103053 1.0103053 0.94514287 0.9497408 0.94479036 0.94903165 0.2158949 0.9504507 0.9626228 0.9801504 0.98051995
0.99169195 0.4856525 1.0234975 0.97978103 1.001891 1.0053219 0.98645765 0.99281836 1.0060863 1.005704 1.0157093 1.0195932 1.0289978 1.0126165 1.0064689 0.9939465 0.98757625 1.0087683 1.0103053 0 0.045449715 1.0103053 1.0231062 1.0126165 0.99281836 1.0180373 1.0130024 0.99847597 0.487949 0.4843161
0.9898184 0.48756576 1.0149349 0.98348296 0.9958304 0.99961257 0.9845971 0.99357027 1.0030329 1.0011308 1.0133885 1.0126165 1.025065 1.0122308 1.0064689 0.99923354 0.99357027 1.01069 1.0103053 0.045449715 0 1.0076177 1.0242808 1.0103053 0.98907024 1.0219333 1.0045581 0.99545324 0.48890796 0.48603475
0.9402225 0.99357027 0.34462425 0.9458484 0.22030865 0.21736327 0.93568236 0.9565121 0.3116366 0.31239453 0.10444655 0.9349863 0.10836481 0.3439912 0.3373763 0.31300145 0.30906525 0.946908 0.94514287 1.0103053 1.0076177 0 0.32787165 0.02408254 0.45955148 0.9593815 0.46269536 0.46269536 0.990942 1.0049399
0.9511613 1.0172604 0.3439912 0.93672764 0.33362237 0.3340906 0.9388226 0.9536536 0.3348716 0.33659267 0.32988715 0.9651536 0.3348716 0.34430766 0.33847472 0.33113015 0.3291113 0.94479036 0.9497408 1.0231062 1.0242808 0.32787165 0 0.32647946 0.46362254 0.9680563 0.47033232 0.46939683 1.0168724 1.0373245
0.94162506 0.99169195 0.34732068 0.94549555 0.22097966 0.21656199 0.9405729 0.9590223 0.31148508 0.31087938 0.10364238 0.9360306 0.107325636 0.34684414 0.33941755 0.31103078 0.3077075 0.9465546 0.94479036 1.0126165 1.0103053 0.02408254 0.32647946 0 0.46139923 0.96190137 0.46455088 0.46399376 0.98869646 1.0030329
0.95794547 0.99056727 0.4769138 0.94479036 0.4586293 0.46121424 0.94903165 0.96010065 0.47258234 0.47258234 0.46585247 0.95866317 0.46827576 0.47653615 0.47033232 0.46958384 0.46343702 0.9500957 0.94903165 0.99281836 0.98907024 0.45955148 0.46362254 0.46139923 0 0.946908 0.2289434 0.22731678 0.98496884 1.0164845
0.62189704 0.9872032 1.0087683 0.31103078 0.96190137 0.9557965 0.31209126 0.30831063 0.98832285 0.9894442 0.9698763 0.6262635 0.97206604 0.99545324 0.9775687 0.9604604 0.9655158 0.21656199 0.2158949 1.0180373 1.0219333 0.9593815 0.9680563 0.96190137 0.946908 0 0.9651536 0.9669665 0.9898184 1.0030329
0.9360306 0.98794943 0.4771027 0.94867724 0.46659726 0.4621396 0.95472425 0.96226203 0.48051092 0.47427428 0.469958 0.953297 0.472958 0.48146042 0.47108158 0.47070688 0.4662248 0.9590223 0.9504507 1.0130024 1.0045581 0.46269536 0.47033232 0.46455088 0.2289434 0.9651536 0 0.19966878 0.9753628 0.99885464
0.9565121 1.0003713 0.47427428 0.96010065 0.46827576 0.4647367 0.97024083 0.9783054 0.47220686 0.46846247 0.46790242 0.9615409 0.472958 0.47899425 0.4714565 0.46846247 0.46380812 0.9644296 0.9626228 0.99847597 0.99545324 0.46269536 0.46939683 0.46399376 0.22731678 0.9669665 0.19966878 0 0.98683035 1.0087683
0.9779369 0.19498533 1.0126165 0.96334505 0.9950763 0.9950763 0.9662408 0.9655158 0.98794943 0.9901927 0.9946995 1.0034139 0.99961257 1.0045581 1.0037951 0.9816297 0.97941184 0.9779369 0.9801504 0.487949 0.48890796 0.990942 1.0168724 0.98869646 0.98496884 0.9898184 0.9753628 0.98683035 0 0.2000604
0.98869646 0.1778051 1.0345387 0.97243166 1.0080011 1.000751 0.96769285 0.9666036 1.0011308 1.0068517 1.0188149 1.015322 1.0207624 1.0227151 1.0215429 0.98907024 0.9872032 0.97941184 0.98051995 0.4843161 0.48603475 1.0049399 1.0373245 1.0030329 1.0164845 1.0030329 0.99885464 1.0087683 0.2000604 0
