0 1.0353336 1.0176488 0.81234956 0.8345334 0.8221614 0.8212641 0.83180004 0.83240664 0.8203678 0.8275679 0.8437172 0.8354467 0.8147164 0.8147164 0.8224607 0.8224607 0.8200693 0.81442016 0.8357514 0.83483773 1.0246727 0.84156424 1.019204 0.82156307 1.005704 1.0164845 0.831194 0.84279376 0.83911127
1.0353336 0 0.17843913 1.0207624 1.0103053 1.0087683 1.0072346 1.0133885 1.0015109 1.0246727 1.0053219 0.9958304 1.0064689 1.0313674 1.0215429 1.01146 1.0110749 0.99169195 0.9977191 1.0168724 1.0164845 0.6520554 1.0041765 0.6542054 1.0099207 0.6530102 0.22447868 1.0072346 1.0091523 1.0133885
1.0176488 0.17843913 0 1.0015109 0.98794943 0.98051995 0.9857129 0.9894442 0.9853408 0.99847597 0.9853408 0.97426224 0.97978103 0.9931942 0.98907024 0.9779369 0.97867405 0.97316337 0.9808897 1.001891 1.0041765 0.64564204 0.9779369 0.6470625 0.98645765 0.6409265 0.20754011 0.9901927 0.982 0.9872032
0.81234956 1.0207624 1.0015109 0 0.15927635 0.29130852 0.29589388 0.48603475 0.48279172 0.8099901 0.8079317 0.82276016 0.81087404 0.80529344 0.8038317 0.8014989 0.799754 0.812645 0.8114639 0.8105793 0.8105793 1.0262426 0.8111689 1.0286036 0.48108047 1.0282096 1.0064689 0.8099901 0.8156059 0.81087404
0.8345334 1.0103053 0.98794943 0.15927635 0 0.29663607 0.30260032 0.491022 0.48527044 0.81977093 0.8161995 0.81382793 0.8191745 0.82186216 0.81442016 0.8111689 0.811759 0.8194727 0.82186216 0.8150128 0.81353205 1.0254573 0.8164965 1.0286036 0.48929188 1.0274222 0.9958304 0.81828076 0.82276016 0.8269652
0.8221614 1.0087683 0.98051995 0.29130852 0.29663607 0 0.14713283 0.4822209 0.47899425 0.81353205 0.814124 0.8354467 0.81382793 0.811759 0.8111689 0.80441606 0.8073446 0.8179831 0.81709075 0.8203678 0.81977093 1.0219333 0.8242593 1.0219333 0.4761587 1.0305767 0.9943229 0.8200693 0.81442016 0.8305884
0.8212641 1.0072346 0.9857129 0.29589388 0.30260032 0.14713283 0 0.4841254 0.47994182 0.8099901 0.80587894 0.8272665 0.8055861 0.8076381 0.8073446 0.7968549 0.79743385 0.80851924 0.8094014 0.81768554 0.8179831 1.0087683 0.8236593 1.0087683 0.47937313 1.01146 0.99734104 0.81857854 0.81382793 0.82546073
0.83180004 1.0133885 0.9894442 0.48603475 0.491022 0.4822209 0.4841254 0 0.07304426 0.81857854 0.80646485 0.82606214 0.8088132 0.8102846 0.8120542 0.81382793 0.81234956 0.8105793 0.8120542 0.80705124 0.80529344 1.0301816 0.8153093 1.0329514 0.44366533 1.0199828 1.001891 0.82066643 0.82485974 0.8339251
0.83240664 1.0015109 0.9853408 0.48279172 0.48527044 0.47899425 0.47994182 0.07304426 0 0.81590265 0.8073446 0.83089113 0.8102846 0.80910724 0.8114639 0.80587894 0.80500084 0.80910724 0.81087404 0.8111689 0.8102846 1.0297868 0.8150128 1.0317632 0.4461991 1.0195932 0.98794943 0.814124 0.8161995 0.83089113
0.8203678 1.0246727 0.99847597 0.8099901 0.81977093 0.81353205 0.8099901 0.81857854 0.81590265 0 0.43486387 0.615281 0.4345068 0.08135736 0.07913151 0.4418607 0.4418607 0.43468532 0.43290216 0.58763224 0.58675706 0.9827411 0.6040094 0.98683035 0.79252714 1.0060863 1.0188149 0.44983372 0.4371889 0.45385224
0.8275679 1.0053219 0.9853408 0.8079317 0.8161995 0.814124 0.80587894 0.80646485 0.8073446 0.43486387 0 0.6141462 0.045131043 0.43219006 0.42757794 0.3926799 0.38830376 0.18570527 0.18698733 0.58304906 0.58785117 0.9980974 0.5982144 0.99885464 0.8014989 1.0076177 1.0118452 0.39589408 0.38914335 0.40236402
0.8437172 0.9958304 0.97426224 0.82276016 0.81382793 0.8354467 0.8272665 0.82606214 0.83089113 0.615281 0.6141462 0 0.61687267 0.61915225 0.617328 0.61142963 0.60423315 0.61278665 0.614373 0.6006607 0.6037857 1.0110749 0.5176636 1.0110749 0.81828076 1.0282096 1.0087683 0.6180116 0.6164175 0.62465185
0.8354467 1.0064689 0.97978103 0.81087404 0.8191745 0.81382793 0.8055861 0.8088132 0.8102846 0.4345068 0.045131043 0.61687267 0 0.43219006 0.42775482 0.39335543 0.38897535 0.18608965 0.18737236 0.58544624 0.59004414 0.99999183 0.6008834 1.0003713 0.80120784 1.0133885 1.0103053 0.3962332 0.38712993 0.4039046
0.8147164 1.0313674 0.9931942 0.80529344 0.82186216 0.811759 0.8076381 0.8102846 0.80910724 0.08135736 0.43219006 0.61915225 0.43219006 0 0.048643928 0.43236804 0.43343666 0.42917123 0.42775482 0.58348435 0.58413774 0.98794943 0.60244477 0.99131685 0.78994244 1.0068517 1.0231062 0.44728765 0.43379322 0.45385224
0.8147164 1.0215429 0.98907024 0.8038317 0.81442016 0.8111689 0.8073446 0.8120542 0.8114639 0.07913151 0.42757794 0.617328 0.42775482 0.048643928 0 0.4313009 0.43236804 0.4261645 0.42563516 0.585228 0.5856646 0.98348296 0.6033384 0.98683035 0.78879654 1.000751 1.0207624 0.44204095 0.43272406 0.45129248
0.8224607 1.01146 0.9779369 0.8014989 0.8111689 0.80441606 0.7968549 0.81382793 0.80587894 0.4418607 0.3926799 0.61142963 0.39335543 0.43236804 0.4313009 0 0.024495706 0.39369342 0.3950469 0.5907033 0.59092313 1.0095364 0.60244477 1.0103053 0.79540956 1.0083846 1.0126165 0.34986734 0.34763852 0.35965672
0.8224607 1.0110749 0.97867405 0.799754 0.811759 0.8073446 0.79743385 0.81234956 0.80500084 0.4418607 0.38830376 0.60423315 0.38897535 0.43343666 0.43236804 0.024495706 0 0.3930176 0.3930176 0.5871945 0.58675706 1.0068517 0.6002153 1.0080011 0.7956984 1.0053219 1.0133885 0.3481156 0.3463679 0.35820433
0.8200693 0.99169195 0.97316337 0.812645 0.8194727 0.8179831 0.80851924 0.8105793 0.80910724 0.43468532 0.18570527 0.61278665 0.18608965 0.42917123 0.4261645 0.39369342 0.3930176 0 0.020785378 0.5819619 0.5847917 0.98907024 0.5964403 0.98869646 0.78879654 1.0049399 1.0053219 0.40065598 0.39403155 0.40424737
0.81442016 0.9977191 0.9808897 0.8114639 0.82186216 0.81709075 0.8094014 0.8120542 0.81087404 0.43290216 0.18698733 0.614373 0.18737236 0.42775482 0.42563516 0.3950469 0.3930176 0.020785378 0 0.585228 0.5874133 0.9901927 0.5948914 0.9901927 0.7890828 1.0068517 1.0133885 0.40219304 0.3911622 0.40373325
0.8357514 1.0168724 1.001891 0.8105793 0.8150128 0.8203678 0.81768554 0.80705124 0.8111689 0.58763224 0.58304906 0.6006607 0.58544624 0.58348435 0.585228 0.5907033 0.5871945 0.5819619 0.585228 0 0.016479736 1.0095364 0.604457 1.0087683 0.8023729 1.0188149 1.018426 0.58631986 0.58763224 0.5926842
0.83483773 1.0164845 1.0041765 0.8105793 0.81353205 0.81977093 0.8179831 0.80529344 0.8102846 0.58675706 0.58785117 0.6037857 0.59004414 0.58413774 0.5856646 0.59092313 0.58675706 0.5847917 0.5874133 0.016479736 0 1.0080011 0.60872287 1.0064689 0.8038317 1.0188149 1.015322 0.58697575 0.5871945 0.5933457
1.0246727 0.6520554 0.64564204 1.0262426 1.0254573 1.0219333 1.0087683 1.0301816 1.0297868 0.9827411 0.9980974 1.0110749 0.99999183 0.98794943 0.98348296 1.0095364 1.0068517 0.98907024 0.9901927 1.0095364 1.0080011 0 1.0149349 0.013521152 0.99847597 0.25055632 0.6532491 0.9977191 1.0022715 1.0003713
0.84156424 1.0041765 0.9779369 0.8111689 0.8164965 0.8242593 0.8236593 0.8153093 0.8150128 0.6040094 0.5982144 0.5176636 0.6008834 0.60244477 0.6033384 0.60244477 0.6002153 0.5964403 0.5948914 0.604457 0.60872287 1.0149349 0 1.0095364 0.8147164 1.0034139 1.0122308 0.604457 0.6078228 0.61391944
1.019204 0.6542054 0.6470625 1.0286036 1.0286036 1.0219333 1.0087683 1.0329514 1.0317632 0.98683035 0.99885464 1.0110749 1.0003713 0.99131685 0.98683035 1.0103053 1.0080011 0.98869646 0.9901927 1.0087683 1.0064689 0.013521152 1.0095364 0 1.0037951 0.2551795 0.65540254 0.9980974 1.002652 1.000751
0.82156307 1.0099207 0.98645765 0.48108047 0.48929188 0.4761587 0.47937313 0.44366533 0.4461991 0.79252714 0.8014989 0.81828076 0.80120784 0.78994244 0.78879654 0.79540956 0.7956984 0.78879654 0.7890828 0.8023729 0.8038317 0.99847597 0.8147164 1.0037951 0 0.9857129 0.98869646 0.8082254 0.81857854 0.83240664
1.005704 0.6530102 0.6409265 1.0282096 1.0274222 1.0305767 1.01146 1.0199828 1.0195932 1.0060863 1.0076177 1.0282096 1.0133885 1.0068517 1.000751 1.0083846 1.0053219 1.0049399 1.0068517 1.0188149 1.0188149 0.25055632 1.0034139 0.2551795 0.9857129 0 0.6477737 1.0149349 1.0072346 1.0219333
1.0164845 0.22447868 0.20754011 1.0064689 0.9958304 0.9943229 0.99734104 1.001891 0.98794943 1.0188149 1.0118452 1.0087683 1.0103053 1.0231062 1.0207624 1.0126165 1.0133885 1.0053219 1.0133885 1.018426 1.015322 0.6532491 1.0122308 0.65540254 0.98869646 0.6477737 0 1.0254573 1.0080011 1.019204
0.831194 1.0072346 0.9901927 0.8099901 0.81828076 0.8200693 0.81857854 0.82066643 0.814124 0.44983372 0.39589408 0.6180116 0.3962332 0.44728765 0.44204095 0.34986734 0.3481156 0.40065598 0.40219304 0.58631986 0.58697575 0.9977191 0.604457 0.9980974 0.8082254 1.0149349 1.0254573 0 0.20372532 0.21203749
0.84279376 1.0091523 0.982 0.8156059 0.82276016 0.81442016 0.81382793 0.82485974 0.8161995 0.4371889 0.38914335 0.6164175 0.38712993 0.43379322 0.43272406 0.34763852 0.3463679 0.39403155 0.3911622 0.58763224 0.5871945 1.0022715 0.6078228 1.002652 0.81857854 1.0072346 1.0080011 0.20372532 0 0.19394852
0.83911127 1.0133885 0.9872032 0.81087404 0.8269652 0.8305884 0.82546073 0.8339251 0.83089113 0.45385224 0.40236402 0.62465185 0.4039046 0.45385224 0.45129248 0.35965672 0.35820433 0.40424737 0.40373325 0.5926842 0.5933457 1.0003713 0.61391944 1.000751 0.83240664 1.0219333 1.019204 0.21203749 0.19394852 0
