0 0.9930490425 1.0044014425 0.9953058425 1.0093746425 1.0351450425 1.0411274425 1.0371339425 1.0221492425 1.0225396425 0.9767036925 1.0078409425 0.9745021425 0.9900505425 0.9855751825 1.0097586425 1.0167030425 1.0078409425 1.0093746425 1.0082240425 1.0070752425 0.7135092425 0.7511762825 0.7153223425 0.7591070425 1.0063103425 0.9859471425 1.0327653425 0.9657599425 0.9726723825
0.9930490425 0 0.1869523625 0.1865678425 1.0435339425 1.0548671425 1.0610096425 1.0487745425 1.0132228425 1.0059282425 0.9535469825 1.0435339425 0.9625077125 0.9625077125 0.9628683725 1.0351450425 1.0407271425 1.0463512425 1.0467545425 1.0407271425 1.0375323425 0.9840893025 1.0112963425 0.9863192425 0.9956826425 1.0132228425 0.3209293925 1.0451425425 0.9653978825 0.9734037425
1.0044014425 0.1869523625 0 0.1613681025 1.0573181425 1.0532376425 1.0618324425 1.0573181425 1.0343510425 1.0209788425 0.9571184425 1.0516115425 0.9596286425 0.9592695125 0.9603473425 1.0573181425 1.0618324425 1.0471581425 1.0479659425 1.0343510425 1.0303931425 0.9774389425 1.0155412425 0.9803873725 0.9911736125 1.0451425425 0.3227710225 1.0447401425 0.9589105425 0.9599878425
0.9953058425 0.1865678425 0.1613681025 0 1.0136087425 1.0419288425 1.0423298425 1.0375323425 1.0132228425 0.9979473825 0.9408288425 1.0292099425 0.9415297925 0.9404786025 0.9418805125 1.0170908425 1.0201995425 1.0198103425 1.0182551425 1.0139948425 1.0089909425 0.9585518125 0.9911736125 0.9614267425 0.9811262925 1.0101427425 0.3203165425 1.0276351425 0.9528347425 0.9556878025
1.0093746425 1.0435339425 1.0573181425 1.0136087425 0 0.6136194425 0.6129404425 0.6136194425 0.6012670425 0.6082042425 1.0021172425 0.6245685025 1.0051644425 1.0089909425 1.0044014425 0.1385484825 0.1387888925 0.6163417425 0.6156602425 0.3852270725 0.3843925125 1.0178667425 0.9990823125 1.0167030425 1.0319737425 0.5997093725 1.0399271425 0.6179343425 1.0186436425 1.0335577425
1.0351450425 1.0548671425 1.0532376425 1.0419288425 0.6136194425 0 0.1351906225 0.1361484625 0.5596738925 0.5588314425 0.9971917125 0.5634767425 1.0017371425 1.0280285425 1.0225396425 0.6142991025 0.6152062425 0.2920623225 0.2905888725 0.6120359725 0.6088790425 1.0264561425 1.0136087425 1.0268489425 1.0178667425 0.5622069425 1.0585465425 0.2472622225 1.0217588425 1.0082240425
1.0411274425 1.0610096425 1.0618324425 1.0423298425 0.6129404425 0.1351906225 0 0.1027575575 0.5619955425 0.5600954725 1.0082240425 0.5685773425 1.0155412425 1.0174787425 1.0167030425 0.6097796425 0.6097796425 0.2945739125 0.2932432125 0.6152062425 0.6129404425 1.0319737425 1.0186436425 1.0327653425 1.0296041425 0.5675118425 1.0565002425 0.2468455125 1.0343510425 1.0256713425
1.0371339425 1.0487745425 1.0573181425 1.0375323425 0.6136194425 0.1361484625 0.1027575575 0 0.5582002425 0.5600954725 1.0021172425 0.5672989425 1.0082240425 1.0213687425 1.0178667425 0.6147525425 0.6149793425 0.2951660925 0.2936865225 0.6129404425 0.6104557925 1.0159283425 1.0074580425 1.0167030425 1.0155412425 0.5641124125 1.0503943425 0.2479572425 1.0170908425 1.0217588425
1.0221492425 1.0132228425 1.0343510425 1.0132228425 0.6012670425 0.5596738925 0.5619955425 0.5582002425 0 0.0792934664999998 0.9956826425 0.5140938425 0.9979473825 1.0260636425 1.0213687425 0.6043920425 0.6052872425 0.5546333025 0.5531694725 0.5941726425 0.5961611425 0.9911736125 0.9994609825 0.9911736125 1.0190323425 0.3379826425 1.0272418425 0.5573593825 0.9971917125 1.0078409425
1.0225396425 1.0059282425 1.0209788425 0.9979473825 0.6082042425 0.5588314425 0.5600954725 0.5600954725 0.0792934664999998 0 0.9945528425 0.5166763425 1.0021172425 1.0167030425 1.0078409425 0.6091040825 0.6106813425 0.5508749425 0.5490027425 0.6001540825 0.6014897425 0.9934247025 1.0036392425 0.9941766125 1.0143811425 0.3390810625 1.0217588425 0.5560999425 0.9953058425 1.0005981725
0.9767036925 0.9535469825 0.9571184425 0.9408288425 1.0021172425 0.9971917125 1.0082240425 1.0021172425 0.9956826425 0.9945528425 0 1.0044014425 0.0685971224999998 0.3249253225 0.3263134825 1.0009776425 0.9998398825 1.0201995425 1.0159283425 1.0128371425 1.0082240425 0.9581932425 0.9556878025 0.9574765425 0.9723070125 0.9833474425 0.9589105425 1.0143811425 0.4415663625 0.4408465725
1.0078409425 1.0435339425 1.0516115425 1.0292099425 0.6245685025 0.5634767425 0.5685773425 0.5672989425 0.5140938425 0.5166763425 1.0044014425 0 1.0028778425 1.0311830425 1.0343510425 0.6206723925 0.6215873425 0.5626299825 0.5619955425 0.6075301025 0.6055112425 0.9930490425 1.0151543425 0.9926736425 1.0415280425 0.5164773425 1.0589565425 0.5624184425 0.9998398825 1.0009776425
0.9745021425 0.9625077125 0.9596286425 0.9415297925 1.0051644425 1.0017371425 1.0155412425 1.0082240425 0.9979473825 1.0021172425 0.0685971224999998 1.0028778425 0 0.3230784125 0.3236935425 1.0044014425 1.0051644425 1.0198103425 1.0167030425 1.0059282425 1.0017371425 0.9574765425 0.9507020425 0.9556878025 0.9712118425 0.9774389425 0.9628683725 1.0159283425 0.4394091225 0.4386914225
0.9900505425 0.9625077125 0.9592695125 0.9404786025 1.0089909425 1.0280285425 1.0174787425 1.0213687425 1.0260636425 1.0167030425 0.3249253225 1.0311830425 0.3230784125 0 0.0508524954999998 0.9964367425 1.0032583425 1.0319737425 1.0292099425 1.0147675425 1.0086074425 0.9599878425 0.9818659825 0.9589105425 0.9811262925 1.0036392425 0.9635901925 1.0319737425 0.4497117225 0.4528120425
0.9855751825 0.9628683725 0.9603473425 0.9418805125 1.0044014425 1.0225396425 1.0167030425 1.0178667425 1.0213687425 1.0078409425 0.3263134825 1.0343510425 0.3236935425 0.0508524954999998 0 0.9938005425 0.9998398825 1.0280285425 1.0256713425 1.0101427425 1.0036392425 0.9546166425 0.9770712425 0.9531907925 0.9829767825 1.0036392425 0.9556878025 1.0248871425 0.4449947425 0.4477124425
1.0097586425 1.0351450425 1.0573181425 1.0170908425 0.1385484825 0.6142991025 0.6097796425 0.6147525425 0.6043920425 0.6091040825 1.0009776425 0.6206723925 1.0044014425 0.9964367425 0.9938005425 0 0.0335180124999998 0.6091040825 0.6086540025 0.3805655725 0.3794047125 1.0128371425 1.0143811425 1.0093746425 1.0241038425 0.6055112425 1.0375323425 0.6142991025 1.0047828425 1.0124515425
1.0167030425 1.0407271425 1.0618324425 1.0201995425 0.1387888925 0.6152062425 0.6097796425 0.6149793425 0.6052872425 0.6106813425 0.9998398825 0.6215873425 1.0051644425 1.0032583425 0.9998398825 0.0335180124999998 0 0.6082042425 0.6079794425 0.3823934025 0.3817282125 1.0260636425 1.0128371425 1.0233214425 1.0155412425 0.6052872425 1.0371339425 0.6129404425 1.0047828425 1.0139948425
1.0078409425 1.0463512425 1.0471581425 1.0198103425 0.6163417425 0.2920623225 0.2945739125 0.2951660925 0.5546333025 0.5508749425 1.0201995425 0.5626299825 1.0198103425 1.0319737425 1.0280285425 0.6091040825 0.6082042425 0 0.0139238834999998 0.6124880425 0.6109069425 1.0101427425 1.0147675425 1.0109116425 1.0009776425 0.5624184425 1.0303931425 0.2928001725 1.0109116425 1.0260636425
1.0093746425 1.0467545425 1.0479659425 1.0182551425 0.6156602425 0.2905888725 0.2932432125 0.2936865225 0.5531694725 0.5490027425 1.0159283425 0.5619955425 1.0167030425 1.0292099425 1.0256713425 0.6086540025 0.6079794425 0.0139238834999998 0 0.6145257825 0.6129404425 1.0112963425 1.0182551425 1.0116812425 1.0066926425 0.5617841925 1.0284220425 0.2917674025 1.0105270425 1.0264561425
1.0082240425 1.0407271425 1.0343510425 1.0139948425 0.3852270725 0.6120359725 0.6152062425 0.6129404425 0.5941726425 0.6001540825 1.0128371425 0.6075301025 1.0059282425 1.0147675425 1.0101427425 0.3805655725 0.3823934025 0.6124880425 0.6145257825 0 0.0100657454999998 1.0112963425 1.0086074425 1.0163156425 1.0059282425 0.6030511125 1.0359399425 0.6213585025 0.9956826425 1.0143811425
1.0070752425 1.0375323425 1.0303931425 1.0089909425 0.3843925125 0.6088790425 0.6129404425 0.6104557925 0.5961611425 0.6014897425 1.0082240425 0.6055112425 1.0017371425 1.0086074425 1.0036392425 0.3794047125 0.3817282125 0.6109069425 0.6129404425 0.0100657454999998 0 1.0066926425 1.0009776425 1.0116812425 1.0063103425 0.6017126425 1.0311830425 0.6202154025 0.9953058425 1.0116812425
0.7135092425 0.9840893025 0.9774389425 0.9585518125 1.0178667425 1.0264561425 1.0319737425 1.0159283425 0.9911736125 0.9934247025 0.9581932425 0.9930490425 0.9574765425 0.9599878425 0.9546166425 1.0128371425 1.0260636425 1.0101427425 1.0112963425 1.0112963425 1.0066926425 0 0.7387658825 0.0050192999999998 0.7291946825 0.9792803925 0.9726723825 1.0139948425 0.9617868425 0.9807567425
0.7511762825 1.0112963425 1.0155412425 0.9911736125 0.9990823125 1.0136087425 1.0186436425 1.0074580425 0.9994609825 1.0036392425 0.9556878025 1.0151543425 0.9507020425 0.9818659825 0.9770712425 1.0143811425 1.0128371425 1.0147675425 1.0182551425 1.0086074425 1.0009776425 0.7387658825 0 0.7393012425 0.4310191725 1.0086074425 0.9964367425 1.0089909425 0.9607069925 0.9657599425
0.7153223425 0.9863192425 0.9803873725 0.9614267425 1.0167030425 1.0268489425 1.0327653425 1.0167030425 0.9911736125 0.9941766125 0.9574765425 0.9926736425 0.9556878025 0.9589105425 0.9531907925 1.0093746425 1.0233214425 1.0109116425 1.0116812425 1.0163156425 1.0116812425 0.0050192999999998 0.7393012425 0 0.7310462425 0.9803873725 0.9745021425 1.0132228425 0.9599878425 0.9789117425
0.7591070425 0.9956826425 0.9911736125 0.9811262925 1.0319737425 1.0178667425 1.0296041425 1.0155412425 1.0190323425 1.0143811425 0.9723070125 1.0415280425 0.9712118425 0.9811262925 0.9829767825 1.0241038425 1.0155412425 1.0009776425 1.0066926425 1.0059282425 1.0063103425 0.7291946825 0.4310191725 0.7310462425 0 1.0167030425 0.9759691425 1.0315783425 0.9578347425 0.9650359425
1.0063103425 1.0132228425 1.0451425425 1.0101427425 0.5997093725 0.5622069425 0.5675118425 0.5641124125 0.3379826425 0.3390810625 0.9833474425 0.5164773425 0.9774389425 1.0036392425 1.0036392425 0.6055112425 0.6052872425 0.5624184425 0.5617841925 0.6030511125 0.6017126425 0.9792803925 1.0086074425 0.9803873725 1.0167030425 0 1.0296041425 0.5632649425 1.0036392425 1.0063103425
0.9859471425 0.3209293925 0.3227710225 0.3203165425 1.0399271425 1.0585465425 1.0565002425 1.0503943425 1.0272418425 1.0217588425 0.9589105425 1.0589565425 0.9628683725 0.9635901925 0.9556878025 1.0375323425 1.0371339425 1.0303931425 1.0284220425 1.0359399425 1.0311830425 0.9726723825 0.9964367425 0.9745021425 0.9759691425 1.0296041425 0 1.0459480425 0.9560452425 0.9610667425
1.0327653425 1.0451425425 1.0447401425 1.0276351425 0.6179343425 0.2472622225 0.2468455125 0.2479572425 0.5573593825 0.5560999425 1.0143811425 0.5624184425 1.0159283425 1.0319737425 1.0248871425 0.6142991025 0.6129404425 0.2928001725 0.2917674025 0.6213585025 0.6202154025 1.0139948425 1.0089909425 1.0132228425 1.0315783425 0.5632649425 1.0459480425 0 1.0186436425 1.0280285425
0.9657599425 0.9653978825 0.9589105425 0.9528347425 1.0186436425 1.0217588425 1.0343510425 1.0170908425 0.9971917125 0.9953058425 0.4415663625 0.9998398825 0.4394091225 0.4497117225 0.4449947425 1.0047828425 1.0047828425 1.0109116425 1.0105270425 0.9956826425 0.9953058425 0.9617868425 0.9607069925 0.9599878425 0.9578347425 1.0036392425 0.9560452425 1.0186436425 0 0.1933901725
0.9726723825 0.9734037425 0.9599878425 0.9556878025 1.0335577425 1.0082240425 1.0256713425 1.0217588425 1.0078409425 1.0005981725 0.4408465725 1.0009776425 0.4386914225 0.4528120425 0.4477124425 1.0124515425 1.0139948425 1.0260636425 1.0264561425 1.0143811425 1.0116812425 0.9807567425 0.9657599425 0.9789117425 0.9650359425 1.0063103425 0.9610667425 1.0280285425 0.1933901725 0
