0 0.9282195907 0.7457263907 0.9320170407 0.9414204907 1.0216099907 1.0377735907 1.0069338907 1.0069338907 1.0027385907 1.0034995907 0.7400782207 1.0054056907 0.7344721907 0.7278525407 0.7350042907 0.7291718207 0.8971899907 0.9993235607 1.0065515907 1.0088486907 0.8965294907 0.9234140907 0.8952101907 0.9282195907 0.7312874907 0.9196597907 0.9227300907 1.0433735907 1.0278763907
0.9282195907 0 0.9220467307 0.1883483507 0.1947961107 0.9891704407 0.9978106907 0.9970553907 1.0012188907 0.9970553907 1.0069338907 0.8991749907 1.0057874907 0.9234140907 0.9186391407 0.9098513207 0.9008331907 0.6567294907 1.0073164907 1.0019783907 1.0076992907 0.6593716307 0.7763091407 0.6588904907 0.6724787507 0.8896290907 0.8123114907 0.8084856907 1.0173320907 0.9714530907
0.7457263907 0.9220467307 0 0.9176198907 0.9344436907 0.9887970207 0.9887970207 1.0150087907 0.9858164307 0.9835886907 0.9925395407 0.7411507507 0.9974329607 0.1846338807 0.1824649507 0.7481601907 0.7435696907 0.8776236307 0.9974329607 1.0012188907 1.0004601607 0.8795574907 0.9085084307 0.8760158907 0.9176198907 0.5129482307 0.9292533507 0.9237562907 1.0216099907 0.9869327907
0.9320170407 0.1883483507 0.9176198907 0 0.1168773807 1.0084652907 1.0096158907 0.9978106907 1.0103839907 1.0092321907 1.0080821907 0.9058298607 1.0057874907 0.9051616907 0.9095153907 0.9166020307 0.9108600907 0.6629895907 1.0107682907 1.0076992907 1.0103839907 0.6637152607 0.7887858307 0.6639572907 0.6685711907 0.8879954907 0.8161568907 0.8126065907 1.0286632907 0.9751098307
0.9414204907 0.1947961107 0.9344436907 0.1168773807 0 1.0092321907 1.0092321907 0.9963008307 1.0061694907 1.0008394207 1.0165568907 0.9166020307 1.0169442907 0.9316710407 0.9264997907 0.9108600907 0.9011652607 0.6717445407 1.0069338907 1.0057874907 1.0103839907 0.6732136907 0.7985710907 0.6729686407 0.6801080207 0.9054956907 0.8269097307 0.8248068207 1.0177199907 0.9835886907
1.0216099907 0.9891704407 0.9887970207 1.0084652907 1.0092321907 0 0.1057540507 0.8961993907 0.7205072907 0.7236464907 0.7004167607 0.9989449907 0.7016885907 0.9762103907 0.9652771907 1.0204407907 1.0038804907 0.9641926407 0.8876691607 0.8896290907 0.8955398307 0.9598698907 0.9906659907 0.9559290507 0.9710884207 1.0000811307 1.0208303907 1.0330065907 0.8850638907 0.2851110507
1.0377735907 0.9978106907 0.9887970207 1.0096158907 1.0092321907 0.1057540507 0 0.8866910907 0.7179012907 0.7207683407 0.7060290907 0.9873052407 0.7060290907 0.9861883907 0.9754764907 1.0227808907 1.0111528907 0.9638314407 0.8718519307 0.8773018207 0.8811727907 0.9602290907 0.9921644407 0.9555718407 0.9780481607 0.9921644407 1.0274830907 1.0389699907 0.8818198907 0.2823405407
1.0069338907 0.9970553907 1.0150087907 0.9978106907 0.9963008307 0.8961993907 0.8866910907 0 0.8683465207 0.8744116507 0.8760158907 1.0027385907 0.8712133907 1.0073164907 0.9944178607 1.0173320907 1.0134640907 0.9718179907 0.0907239447 0.0908366867 0.0921908806999999 0.9721829907 0.9955470907 0.9696313907 0.9997022307 1.0057874907 1.0130783907 1.0169442907 0.3138490407 0.8818198907
1.0069338907 1.0012188907 0.9858164307 1.0103839907 1.0061694907 0.7205072907 0.7179012907 0.8683465207 0 0.0777598307 0.7098798307 1.0223904907 0.7093652907 0.9847016907 0.9743770507 1.0115375907 1.0050240907 0.9910402907 0.8635926407 0.8670758907 0.8689826307 0.9887970207 0.9978106907 0.9865604907 1.0126927907 0.9850730907 1.0126927907 1.0220000907 0.8958695907 0.7085940407
1.0027385907 0.9970553907 0.9835886907 1.0092321907 1.0008394207 0.7236464907 0.7207683407 0.8744116507 0.0777598307 0 0.7134917907 1.0278763907 0.7116836407 0.9762103907 0.9667257907 0.9970553907 0.9917895907 0.9970553907 0.8689826307 0.8708942907 0.8744116507 0.9940417907 1.0019783907 0.9910402907 1.0080821907 0.9813675407 1.0080821907 1.0119224907 0.8995063407 0.7093652907
1.0034995907 1.0069338907 0.9925395407 1.0080821907 1.0165568907 0.7004167607 0.7060290907 0.8760158907 0.7098798307 0.7134917907 0 1.0184963907 0.0567825007 0.9854446907 0.9776801907 1.0251283907 1.0235626907 0.9861883907 0.8747322907 0.8750529407 0.8808494907 0.9813675407 1.0334026907 0.9787844907 0.9876779407 0.9914148607 1.0046426907 1.0204407907 0.8958695907 0.6961085907
0.7400782207 0.8991749907 0.7411507507 0.9058298607 0.9166020307 0.9989449907 0.9873052407 1.0027385907 1.0223904907 1.0278763907 1.0184963907 0 1.0200515907 0.7286438507 0.7283799907 0.5773974907 0.5726669607 0.9155855307 0.9858164307 0.9876779407 0.9899178307 0.9091795907 0.9091795907 0.9071679907 0.8978510907 0.7326127907 0.9264997907 0.9149086607 1.0138499907 0.9858164307
1.0054056907 1.0057874907 0.9974329607 1.0057874907 1.0169442907 0.7016885907 0.7060290907 0.8712133907 0.7093652907 0.7116836407 0.0567825007 1.0200515907 0 0.9917895907 0.9850730907 1.0181079907 1.0200515907 0.9850730907 0.8673933307 0.8667585407 0.8731306907 0.9817372907 1.0282697907 0.9795216407 0.9869327907 0.9974329607 1.0184963907 1.0251283907 0.8870170207 0.6963613907
0.7344721907 0.9234140907 0.1846338807 0.9051616907 0.9316710407 0.9762103907 0.9861883907 1.0073164907 0.9847016907 0.9762103907 0.9854446907 0.7286438507 0.9917895907 0 0.0558134367 0.7395424907 0.7334090907 0.8785899407 0.9970553907 1.0004601607 1.0000811307 0.8798802907 0.8915941907 0.8753737907 0.9081730907 0.5054639907 0.9128816207 0.9230719907 1.0220000907 0.9802594307
0.7278525407 0.9186391407 0.1824649507 0.9095153907 0.9264997907 0.9652771907 0.9754764907 0.9944178607 0.9743770507 0.9667257907 0.9776801907 0.7283799907 0.9850730907 0.0558134367 0 0.7350042907 0.7315523907 0.8724909907 0.9824772907 0.9869327907 0.9884238407 0.8740912207 0.8821436907 0.8702564907 0.8971899907 0.5054639907 0.9095153907 0.9169411907 1.0107682907 0.9718179907
0.7350042907 0.9098513207 0.7481601907 0.9166020307 0.9108600907 1.0204407907 1.0227808907 1.0173320907 1.0115375907 0.9970553907 1.0251283907 0.5773974907 1.0181079907 0.7395424907 0.7350042907 0 0.0534498777 0.8978510907 1.0069338907 1.0084652907 1.0123075907 0.8945514907 0.8818198907 0.8932356907 0.9005012907 0.7297001607 0.9210228407 0.9169411907 1.0239537907 1.0050240907
0.7291718207 0.9008331907 0.7435696907 0.9108600907 0.9011652607 1.0038804907 1.0111528907 1.0134640907 1.0050240907 0.9917895907 1.0235626907 0.5726669607 1.0200515907 0.7334090907 0.7315523907 0.0534498777 0 0.9014974907 1.0027385907 1.0012188907 1.0061694907 0.8985127307 0.8821436907 0.8958695907 0.8932356907 0.7297001607 0.9200003307 0.9142323907 1.0177199907 0.9880507907
0.8971899907 0.6567294907 0.8776236307 0.6629895907 0.6717445407 0.9641926407 0.9638314407 0.9718179907 0.9910402907 0.9970553907 0.9861883907 0.9155855307 0.9850730907 0.8785899407 0.8724909907 0.8978510907 0.9014974907 0 0.9707238907 0.9681771907 0.9718179907 0.0218386177 0.7968349607 0.0212218427 0.5265304907 0.8785899407 0.8008921907 0.7930871407 0.9880507907 0.9481090907
0.9993235607 1.0073164907 0.9974329607 1.0107682907 1.0069338907 0.8876691607 0.8718519307 0.0907239447 0.8635926407 0.8689826307 0.8747322907 0.9858164307 0.8673933307 0.9970553907 0.9824772907 1.0069338907 1.0027385907 0.9707238907 0 0.0194770577 0.0199898087 0.9703594907 0.9925395407 0.9681771907 0.9865604907 0.9966779907 1.0123075907 1.0111528907 0.3102148907 0.8661242907
1.0065515907 1.0019783907 1.0012188907 1.0076992907 1.0057874907 0.8896290907 0.8773018207 0.0908366867 0.8670758907 0.8708942907 0.8750529407 0.9876779407 0.8667585407 1.0004601607 0.9869327907 1.0084652907 1.0012188907 0.9681771907 0.0194770577 0 0.0110162137 0.9667257907 0.9959238907 0.9645539907 0.9854446907 1.0027385907 1.0150087907 1.0126927907 0.3108193707 0.8693008907
1.0088486907 1.0076992907 1.0004601607 1.0103839907 1.0103839907 0.8955398307 0.8811727907 0.0921908806999999 0.8689826307 0.8744116507 0.8808494907 0.9899178307 0.8731306907 1.0000811307 0.9884238407 1.0123075907 1.0061694907 0.9718179907 0.0199898087 0.0110162137 0 0.9710884207 0.9970553907 0.9689038907 0.9929148907 1.0042614907 1.0157824907 1.0153955907 0.3114243307 0.8718519307
0.8965294907 0.6593716307 0.8795574907 0.6637152607 0.6732136907 0.9598698907 0.9602290907 0.9721829907 0.9887970207 0.9940417907 0.9813675407 0.9091795907 0.9817372907 0.8798802907 0.8740912207 0.8945514907 0.8985127307 0.0218386177 0.9703594907 0.9667257907 0.9710884207 0 0.7953912907 0.00465724999999996 0.5255233907 0.8805262607 0.7945263907 0.7896441307 0.9850730907 0.9466959907
0.9234140907 0.7763091407 0.9085084307 0.7887858307 0.7985710907 0.9906659907 0.9921644407 0.9955470907 0.9978106907 1.0019783907 1.0334026907 0.9091795907 1.0282697907 0.8915941907 0.8821436907 0.8818198907 0.8821436907 0.7968349607 0.9925395407 0.9959238907 0.9970553907 0.7953912907 0 0.7953912907 0.7919377207 0.9081730907 0.5763196907 0.5703127907 1.0357836907 0.9817372907
0.8952101907 0.6588904907 0.8760158907 0.6639572907 0.6729686407 0.9559290507 0.9555718407 0.9696313907 0.9865604907 0.9910402907 0.9787844907 0.9071679907 0.9795216407 0.8753737907 0.8702564907 0.8932356907 0.8958695907 0.0212218427 0.9681771907 0.9645539907 0.9689038907 0.00465724999999996 0.7953912907 0 0.5239148307 0.8782676907 0.7953912907 0.7893578907 0.9847016907 0.9424726507
0.9282195907 0.6724787507 0.9176198907 0.6685711907 0.6801080207 0.9710884207 0.9780481607 0.9997022307 1.0126927907 1.0080821907 0.9876779407 0.8978510907 0.9869327907 0.9081730907 0.8971899907 0.9005012907 0.8932356907 0.5265304907 0.9865604907 0.9854446907 0.9929148907 0.5255233907 0.7919377207 0.5239148307 0 0.8929070907 0.8026376907 0.7956797607 1.0130783907 0.9570017607
0.7312874907 0.8896290907 0.5129482307 0.8879954907 0.9054956907 1.0000811307 0.9921644407 1.0057874907 0.9850730907 0.9813675407 0.9914148607 0.7326127907 0.9974329607 0.5054639907 0.5054639907 0.7297001607 0.7297001607 0.8785899407 0.9966779907 1.0027385907 1.0042614907 0.8805262607 0.9081730907 0.8782676907 0.8929070907 0 0.9132190907 0.9186391407 1.0107682907 0.9910402907
0.9196597907 0.8123114907 0.9292533507 0.8161568907 0.8269097307 1.0208303907 1.0274830907 1.0130783907 1.0126927907 1.0080821907 1.0046426907 0.9264997907 1.0184963907 0.9128816207 0.9095153907 0.9210228407 0.9200003307 0.8008921907 1.0123075907 1.0150087907 1.0157824907 0.7945263907 0.5763196907 0.7953912907 0.8026376907 0.9132190907 0 0.3524708307 1.0349890907 1.0038804907
0.9227300907 0.8084856907 0.9237562907 0.8126065907 0.8248068207 1.0330065907 1.0389699907 1.0169442907 1.0220000907 1.0119224907 1.0204407907 0.9149086607 1.0251283907 0.9230719907 0.9169411907 0.9169411907 0.9142323907 0.7930871407 1.0111528907 1.0126927907 1.0153955907 0.7896441307 0.5703127907 0.7893578907 0.7956797607 0.9186391407 0.3524708307 0 1.0478031907 1.0008394207
1.0433735907 1.0173320907 1.0216099907 1.0286632907 1.0177199907 0.8850638907 0.8818198907 0.3138490407 0.8958695907 0.8995063407 0.8958695907 1.0138499907 0.8870170207 1.0220000907 1.0107682907 1.0239537907 1.0177199907 0.9880507907 0.3102148907 0.3108193707 0.3114243307 0.9850730907 1.0357836907 0.9847016907 1.0130783907 1.0107682907 1.0349890907 1.0478031907 0 0.8785899407
1.0278763907 0.9714530907 0.9869327907 0.9751098307 0.9835886907 0.2851110507 0.2823405407 0.8818198907 0.7085940407 0.7093652907 0.6961085907 0.9858164307 0.6963613907 0.9802594307 0.9718179907 1.0050240907 0.9880507907 0.9481090907 0.8661242907 0.8693008907 0.8718519307 0.9466959907 0.9817372907 0.9424726507 0.9570017607 0.9910402907 1.0038804907 1.0008394207 0.8785899407 0
