0 0.68198633 0.66796726 1.0099207 1.0015109 1.0034139 1.0246727 0.68972224 0.6889701 1.0172604 0.99923354 1.01069 0.99961257 1.000751 0.99923354 1.0130024 1.0103053 1.014548 1.0137748 1.005704 1.01069 0.680994 1.0176488 0.6795078 0.6812419 0.6849714 1.0091523 1.0022715 0.98757625 0.6731017
0.68198633 0 0.12177156 0.9779369 0.97316337 0.97978103 0.98832285 0.65492344 0.6489606 0.9775687 0.9709704 0.9764649 0.97024083 0.96298385 0.96298385 0.97720057 0.9662408 0.97352946 0.9727974 0.96841997 0.97352946 0.63414127 0.97243166 0.6339084 0.6364741 0.63834554 0.96479154 0.9764649 0.97170067 0.14810686
0.66796726 0.12177156 0 0.9838541 0.98869646 0.98832285 0.98683035 0.654684 0.64516914 0.9808897 0.9845971 0.9738958 0.97867405 0.9583042 0.9590223 0.97352946 0.9673296 0.9764649 0.97352946 0.9669665 0.97352946 0.62488186 0.9658782 0.62511194 0.6350735 0.6364741 0.9666036 0.97941184 0.9842255 0.14240249
1.0099207 0.9779369 0.9838541 0 0.72779626 0.114746846 0.11183919 1.0011308 0.99545324 0.7890828 0.71445674 0.77321523 0.71992075 0.14337038 0.14337038 0.7799746 0.77321523 0.77321523 0.776869 0.7791263 0.778279 0.99357027 0.19992983 0.99545324 0.9845971 0.98683035 0.15115887 0.7293813 0.723061 0.97316337
1.0015109 0.97316337 0.98869646 0.72779626 0 0.7307048 0.72832423 1.0160967 1.0083846 0.7765873 0.10490646 0.7723746 0.1042167 0.7243734 0.72148925 0.76985824 0.7813905 0.77940893 0.7693002 0.76846397 0.76790696 0.99056727 0.7330929 0.98832285 1.002652 0.982 0.72568804 0.6932422 0.6874681 0.95472425
1.0034139 0.97978103 0.98832285 0.114746846 0.7307048 0 0.10169299 1.001891 1.0015109 0.79252714 0.7235857 0.782809 0.7254249 0.14361255 0.14349145 0.7813905 0.778279 0.78082377 0.7796917 0.78110707 0.78110707 0.99131685 0.19992983 0.9924427 0.9894442 0.9827411 0.14981444 0.7386949 0.72463614 0.98051995
1.0246727 0.98832285 0.98683035 0.11183919 0.72832423 0.10169299 0 1.0087683 1.0064689 0.78708094 0.71549445 0.78110707 0.71887696 0.14034984 0.13806233 0.7805406 0.7746184 0.7763057 0.7802575 0.7805406 0.7813905 0.9931942 0.19771379 0.9939465 0.9958304 0.9980974 0.14494589 0.7330929 0.72018194 0.98348296
0.68972224 0.65492344 0.654684 1.0011308 1.0160967 1.001891 1.0087683 0 0.09462607 1.0137748 1.0122308 1.0037951 1.0160967 0.99545324 0.98645765 0.9943229 0.9977191 1.0015109 0.99545324 0.9958304 0.9958304 0.56520385 0.99545324 0.5632941 0.56584156 0.5677578 0.9977191 1.0199828 1.0072346 0.6501494
0.6889701 0.6489606 0.64516914 0.99545324 1.0083846 1.0015109 1.0064689 0.09462607 0 1.0022715 1.0041765 0.98348296 1.0118452 0.98683035 0.9783054 0.9853408 0.9779369 0.98237044 0.9872032 0.98683035 0.9857129 0.56456673 0.99545324 0.56223524 0.56647974 0.56456673 0.9943229 1.0053219 0.9898184 0.6430448
1.0172604 0.9775687 0.9808897 0.7890828 0.7765873 0.79252714 0.78708094 1.0137748 1.0022715 0 0.7746184 0.28440955 0.7799746 0.77940893 0.77715075 0.082472764 0.20464435 0.20411906 0.081134476 0.081134476 0.08325454 0.9980974 0.78337723 0.99357027 1.0011308 0.99169195 0.77715075 0.7563045 0.7574018 0.97352946
0.99923354 0.9709704 0.9845971 0.71445674 0.10490646 0.7235857 0.71549445 1.0122308 1.0041765 0.7746184 0 0.76623845 0.07062313 0.7126442 0.7105781 0.76707226 0.7760242 0.77489936 0.76790696 0.76485085 0.76457363 0.9920673 0.7227989 0.98794943 1.0130024 0.98832285 0.71445674 0.6907262 0.6852207 0.9522284
1.01069 0.9764649 0.9738958 0.77321523 0.7723746 0.782809 0.78110707 1.0037951 0.98348296 0.28440955 0.76623845 0 0.77153486 0.7687426 0.7693002 0.28134742 0.27670524 0.27526045 0.28134742 0.27829775 0.28382534 0.99885464 0.76651627 0.99357027 1.001891 0.9943229 0.76623845 0.7557565 0.7535683 0.97170067
0.99961257 0.97024083 0.97867405 0.71992075 0.1042167 0.7254249 0.71887696 1.0160967 1.0118452 0.7799746 0.07062313 0.77153486 0 0.71342045 0.71032023 0.7712552 0.77884376 0.7779968 0.77041674 0.76790696 0.76985824 0.9779369 0.72332335 0.97426224 1.0011308 0.97867405 0.7152349 0.6924865 0.6869681 0.95472425
1.000751 0.96298385 0.9583042 0.14337038 0.7243734 0.14361255 0.14034984 0.99545324 0.98683035 0.77940893 0.7126442 0.7687426 0.71342045 0 0.04301 0.76790696 0.76651627 0.76651627 0.76429653 0.76790696 0.7690214 0.99169195 0.19330125 0.9931942 0.98125964 0.97978103 0.14421831 0.7293813 0.7167936 0.9575869
0.99923354 0.96298385 0.9590223 0.14337038 0.72148925 0.14349145 0.13806233 0.98645765 0.9783054 0.77715075 0.7105781 0.7693002 0.71032023 0.04301 0 0.76790696 0.7629125 0.7629125 0.76485085 0.7659607 0.76707226 0.9872032 0.19524476 0.98907024 0.97573 0.97609735 0.14458202 0.7262145 0.71006244 0.9593815
1.0130024 0.97720057 0.97352946 0.7799746 0.76985824 0.7813905 0.7805406 0.9943229 0.9853408 0.082472764 0.76707226 0.28134742 0.7712552 0.76790696 0.76790696 0 0.20058286 0.19953829 0.03479478 0.03479478 0.037838656 0.9816297 0.7690214 0.9764649 0.9853408 0.982 0.7640195 0.74893945 0.7446089 0.9687838
1.0103053 0.9662408 0.9673296 0.77321523 0.7813905 0.778279 0.7746184 0.9977191 0.9779369 0.20464435 0.7760242 0.27670524 0.77884376 0.76651627 0.7629125 0.20058286 0 0.032180626 0.19810438 0.1973234 0.20032158 0.9943229 0.761531 0.98907024 0.99545324 0.9853408 0.762636 0.7563045 0.7554826 0.9504507
1.014548 0.97352946 0.9764649 0.77321523 0.77940893 0.78082377 0.7763057 1.0015109 0.98237044 0.20411906 0.77489936 0.27526045 0.7779968 0.76651627 0.7629125 0.19953829 0.032180626 0 0.19836488 0.1973234 0.1997993 1.0030329 0.761255 0.99847597 1.000751 0.9924427 0.76651627 0.76346576 0.7607034 0.9583042
1.0137748 0.9727974 0.97352946 0.776869 0.7693002 0.7796917 0.7802575 0.99545324 0.9872032 0.081134476 0.76790696 0.28134742 0.77041674 0.76429653 0.76485085 0.03479478 0.19810438 0.19836488 0 0.024702376 0.027290547 0.9860852 0.7693002 0.98125964 0.9920673 0.9816297 0.7623596 0.7456892 0.74514884 0.96769285
1.005704 0.96841997 0.9669665 0.7791263 0.76846397 0.78110707 0.7805406 0.9958304 0.98683035 0.081134476 0.76485085 0.27829775 0.76790696 0.76790696 0.7659607 0.03479478 0.1973234 0.1973234 0.024702376 0 0.017400295 0.97978103 0.7681854 0.97573 0.9853408 0.9753628 0.7659607 0.74406934 0.74110866 0.9626228
1.01069 0.97352946 0.97352946 0.778279 0.76790696 0.78110707 0.7813905 0.9958304 0.9857129 0.08325454 0.76457363 0.28382534 0.76985824 0.7690214 0.76707226 0.037838656 0.20032158 0.1997993 0.027290547 0.017400295 0 0.98348296 0.7693002 0.97867405 0.98869646 0.9790429 0.7676286 0.7481256 0.7478545 0.96841997
0.680994 0.63414127 0.62488186 0.99357027 0.99056727 0.99131685 0.9931942 0.56520385 0.56456673 0.9980974 0.9920673 0.99885464 0.9779369 0.99169195 0.9872032 0.9816297 0.9943229 1.0030329 0.9860852 0.97978103 0.98348296 0 0.9924427 0.012910485 0.18276484 0.18583338 0.9842255 0.99923354 0.98125964 0.6318157
1.0176488 0.97243166 0.9658782 0.19992983 0.7330929 0.19992983 0.19771379 0.99545324 0.99545324 0.78337723 0.7227989 0.76651627 0.72332335 0.19330125 0.19524476 0.7690214 0.761531 0.761255 0.7693002 0.7681854 0.7693002 0.9924427 0 0.990942 0.98683035 0.9842255 0.19472599 0.7235857 0.7141975 0.9669665
0.6795078 0.6339084 0.62511194 0.99545324 0.98832285 0.9924427 0.9939465 0.5632941 0.56223524 0.99357027 0.98794943 0.99357027 0.97426224 0.9931942 0.98907024 0.9764649 0.98907024 0.99847597 0.98125964 0.97573 0.97867405 0.012910485 0.990942 0 0.18314771 0.18493709 0.9857129 0.9969631 0.9790429 0.6313514
0.6812419 0.6364741 0.6350735 0.9845971 1.002652 0.9894442 0.9958304 0.56584156 0.56647974 1.0011308 1.0130024 1.001891 1.0011308 0.98125964 0.97573 0.9853408 0.99545324 1.000751 0.9920673 0.9853408 0.98869646 0.18276484 0.98683035 0.18314771 0 0.14896016 0.97426224 0.9946995 0.9695119 0.6364741
0.6849714 0.63834554 0.6364741 0.98683035 0.982 0.9827411 0.9980974 0.5677578 0.56456673 0.99169195 0.98832285 0.9943229 0.97867405 0.97978103 0.97609735 0.982 0.9853408 0.9924427 0.9816297 0.9753628 0.9790429 0.18583338 0.9842255 0.18493709 0.14896016 0 0.9655158 0.99847597 0.9753628 0.6409265
1.0091523 0.96479154 0.9666036 0.15115887 0.72568804 0.14981444 0.14494589 0.9977191 0.9943229 0.77715075 0.71445674 0.76623845 0.7152349 0.14421831 0.14458202 0.7640195 0.762636 0.76651627 0.7623596 0.7659607 0.7676286 0.9842255 0.19472599 0.9857129 0.97426224 0.9655158 0 0.7304399 0.7241107 0.959741
1.0022715 0.9764649 0.97941184 0.7293813 0.6932422 0.7386949 0.7330929 1.0199828 1.0053219 0.7563045 0.6907262 0.7557565 0.6924865 0.7293813 0.7262145 0.74893945 0.7563045 0.76346576 0.7456892 0.74406934 0.7481256 0.99923354 0.7235857 0.9969631 0.9946995 0.99847597 0.7304399 0 0.1467679 0.9709704
0.98757625 0.97170067 0.9842255 0.723061 0.6874681 0.72463614 0.72018194 1.0072346 0.9898184 0.7574018 0.6852207 0.7535683 0.6869681 0.7167936 0.71006244 0.7446089 0.7554826 0.7607034 0.74514884 0.74110866 0.7478545 0.98125964 0.7141975 0.9790429 0.9695119 0.9753628 0.7241107 0.1467679 0 0.9662408
0.6731017 0.14810686 0.14240249 0.97316337 0.95472425 0.98051995 0.98348296 0.6501494 0.6430448 0.97352946 0.9522284 0.97170067 0.95472425 0.9575869 0.9593815 0.9687838 0.9504507 0.9583042 0.96769285 0.9626228 0.96841997 0.6318157 0.9669665 0.6313514 0.6364741 0.6409265 0.959741 0.9709704 0.9662408 0
