0 0.9753295756 0.6073998456 0.6157545756 0.9753295756 0.9804817056 0.6091984156 0.6051576756 0.9779012456 0.9753295756 0.9698484756 0.6849246756 0.9669414756 0.6556241156 0.6549060756 0.9771655756 0.9658542756 0.9716710756 0.9745964756 0.9665788756 0.9654922156 0.5750966256 0.9860414756 0.5753117456 0.9935190356 0.6628426756 0.6894202756 0.6869194156 0.6513260756 0.9582875756
0.9753295756 0 0.9841836356 0.9987980756 0.2798685056 0.2849641356 0.9965310756 0.9760634756 0.1532063756 0.1514926456 0.2449982856 1.0052587756 0.2422332956 1.0022115756 1.0041145756 0.2376932556 0.1516149256 0.2378304256 0.2401662356 0.1541874056 0.1532063756 0.9890235256 0.5133953756 0.9905190756 0.4527236456 1.0117755756 1.0344453756 0.9999342156 1.0094689756 0.2829217256
0.6073998456 0.9841836356 0 0.1005635556 0.9683935256 0.9838125756 0.1993261656 0.1950378356 1.0090852756 0.9965310756 0.9827006756 0.7079334756 0.9793747256 0.6558636056 0.6568224056 0.9793747256 0.9954001756 0.9716710756 0.9731323356 0.9942709456 0.9912679456 0.6087483356 1.0234157756 0.6085234756 0.9946471756 0.6601877456 0.7053702156 0.7066506756 0.6570622756 0.9938948756
0.6157545756 0.9987980756 0.1005635556 0 0.9790060756 0.9893971356 0.1997172356 0.1967242456 1.0148618756 1.0071695756 0.9923926256 0.7148981756 0.9897709156 0.6655069256 0.6645370356 0.9875310256 1.0075523756 0.9834417756 0.9841836356 1.0052587756 1.0014516756 0.6128084756 1.0420231756 0.6130347756 1.0037335756 0.6703754756 0.7092183756 0.7117947756 0.6599468756 0.9976637756
0.9753295756 0.2798685056 0.9683935256 0.9790060756 0 0.0912537205999999 0.9727667156 0.9771655756 0.2821936256 0.2821936256 0.2864263756 0.9995553156 0.2892126056 0.9984197756 1.0006925056 0.2856949156 0.2870121256 0.2858411556 0.2871586056 0.2880382156 0.2868656456 0.9753295756 0.5147833756 0.9749629156 0.4582248756 1.0014516756 1.0137030756 0.9946471756 0.9980417156 0.1694345956
0.9804817056 0.2849641356 0.9838125756 0.9893971356 0.0912537205999999 0 0.9838125756 0.9834417756 0.2890657156 0.2874517056 0.2856949156 0.9931433756 0.2880382156 1.0056405756 1.0087017756 0.2870121256 0.2877449056 0.2878915256 0.2892126056 0.2896534756 0.2881849056 0.9680302756 0.5217620356 0.9680302756 0.4574890356 1.0087017756 1.0106213756 0.9916426756 1.0083183756 0.1683083856
0.6091984156 0.9965310756 0.1993261656 0.1997172356 0.9727667156 0.9838125756 0 0.0798321855999999 1.0125458756 1.0014516756 0.9838125756 0.7030707756 0.9838125756 0.6549060756 0.6577823756 0.9867858756 1.0018314756 0.9834417756 0.9845547756 0.9999342156 0.9976637756 0.6119043756 1.0424241756 0.6123562756 1.0129314756 0.6589840756 0.7012871756 0.7035811156 0.6525175156 0.9954001756
0.6051576756 0.9760634756 0.1950378356 0.1967242456 0.9771655756 0.9834417756 0.0798321855999999 0 0.9972860456 0.9901448756 0.9793747256 0.6982394056 0.9793747256 0.6527560756 0.6541887156 0.9782693756 0.9886501056 0.9745964756 0.9753295756 0.9852977756 0.9830711156 0.6062779056 1.0289102756 0.6069508456 1.0064046756 0.6585031756 0.6984929056 0.6974793756 0.6491862756 0.9935190356
0.9779012456 0.1532063756 1.0090852756 1.0148618756 0.2821936256 0.2890657156 1.0125458756 0.9972860456 0 0.0633455895999999 0.2530748456 1.0018314756 0.2493042456 1.0183494756 1.0191266756 0.2404415056 0.1375618556 0.2401662356 0.2419573556 0.1393643056 0.1386428156 0.9908933756 0.5207610756 0.9916426756 0.4538206756 1.0218531756 1.0261579756 1.0064046756 1.0113906756 0.2884783956
0.9753295756 0.1514926456 0.9965310756 1.0071695756 0.2821936256 0.2874517056 1.0014516756 0.9901448756 0.0633455895999999 0 0.2498616656 1.0090852756 0.2468009956 1.0137030756 1.0171851756 0.2381048456 0.1375618556 0.2385166656 0.2400286256 0.1397253256 0.1390034656 0.9815903756 0.5147833756 0.9823303756 0.4508988156 1.0121606756 1.0257656756 1.0041145756 1.0064046756 0.2865727756
0.9698484756 0.2449982856 0.9827006756 0.9923926256 0.2864263756 0.2856949156 0.9838125756 0.9793747256 0.2530748456 0.2498616656 0 0.9879038756 0.0552362285999999 1.0067869756 1.0079352756 0.1345673556 0.2466621756 0.1361230056 0.1373218556 0.2484688956 0.2469398456 0.9779012456 0.5207610756 0.9797435756 0.4604367256 1.0056405756 1.0121606756 0.9995553156 0.9950235756 0.2883316256
0.6849246756 1.0052587756 0.7079334756 0.7148981756 0.9995553156 0.9931433756 0.7030707756 0.6982394056 1.0018314756 1.0090852756 0.9879038756 0 0.9879038756 0.6809511756 0.6826870056 0.9790060756 0.9954001756 0.9793747256 0.9760634756 0.9931433756 0.9920175256 0.6911757756 1.0269432756 0.6921808356 1.0117755756 0.7133448756 0.5290084756 0.5157763756 0.6861707756 0.9841836356
0.9669414756 0.2422332956 0.9793747256 0.9897709156 0.2892126056 0.2880382156 0.9838125756 0.9793747256 0.2493042456 0.2468009956 0.0552362285999999 0.9879038756 0 1.0090852756 1.0125458756 0.1350456756 0.2452753456 0.1358834556 0.1369619856 0.2472176356 0.2458297756 0.9841836356 0.5269885256 0.9856695156 0.4628402756 1.0094689756 1.0125458756 1.0022115756 0.9999342156 0.2887719756
0.6556241156 1.0022115756 0.6558636056 0.6655069256 0.9984197756 1.0056405756 0.6549060756 0.6527560756 1.0183494756 1.0137030756 1.0067869756 0.6809511756 1.0090852756 0 0.0207667285999999 0.9980417156 0.9980417156 1.0003132456 0.9987980756 0.9976637756 0.9972860456 0.6587435756 1.0332557756 0.6589840756 1.0137030756 0.4073519056 0.7138623256 0.6926838356 0.3124887756 0.9957769756
0.6549060756 1.0041145756 0.6568224056 0.6645370356 1.0006925056 1.0087017756 0.6577823756 0.6541887156 1.0191266756 1.0171851756 1.0079352756 0.6826870056 1.0125458756 0.0207667285999999 0 0.9991766456 0.9991766456 1.0010719756 0.9995553156 0.9984197756 0.9976637756 0.6609108756 1.0356367756 0.6611520756 1.0137030756 0.4078680256 0.7138623256 0.6959616756 0.3140057756 0.9972860456
0.9771655756 0.2376932556 0.9793747256 0.9875310256 0.2856949156 0.2870121256 0.9867858756 0.9782693756 0.2404415056 0.2381048456 0.1345673556 0.9790060756 0.1350456756 0.9980417156 0.9991766456 0 0.2365967556 0.0190226605999999 0.0200480915999999 0.2387913556 0.2376932556 0.9841836356 0.5159750756 0.9845547756 0.4574890356 0.9916426756 0.9984197756 0.9957769756 0.9972860456 0.2856949156
0.9658542756 0.1516149256 0.9954001756 1.0075523756 0.2870121256 0.2877449056 1.0018314756 0.9886501056 0.1375618556 0.1375618556 0.2466621756 0.9954001756 0.2452753456 0.9980417156 0.9991766456 0.2365967556 0 0.2361859956 0.2381048456 0.00945152959999987 0.00874364859999987 0.9749629156 0.5126034256 0.9756964056 0.4503522456 0.9984197756 1.0202938756 0.9995553156 0.9984197756 0.2870121256
0.9716710756 0.2378304256 0.9716710756 0.9834417756 0.2858411556 0.2878915256 0.9834417756 0.9745964756 0.2401662356 0.2385166656 0.1361230056 0.9793747256 0.1358834556 1.0003132456 1.0010719756 0.0190226605999999 0.2361859956 0 0.00531484019999987 0.2385166656 0.2372818756 0.9845547756 0.5155776356 0.9849261756 0.4571213956 0.9946471756 1.0041145756 0.9942709456 0.9965310756 0.2859874256
0.9745964756 0.2401662356 0.9731323356 0.9841836356 0.2871586056 0.2892126056 0.9845547756 0.9753295756 0.2419573556 0.2400286256 0.1373218556 0.9760634756 0.1369619856 0.9987980756 0.9995553156 0.0200480915999999 0.2381048456 0.00531484019999987 0 0.2404415056 0.2389287256 0.9838125756 0.5173678756 0.9841836356 0.4580408556 0.9920175256 1.0052587756 0.9946471756 0.9950235756 0.2875982756
0.9665788756 0.1541874056 0.9942709456 1.0052587756 0.2880382156 0.2896534756 0.9999342156 0.9852977756 0.1393643056 0.1397253256 0.2484688956 0.9931433756 0.2472176356 0.9976637756 0.9984197756 0.2387913556 0.00945152959999987 0.2385166656 0.2404415056 0 0.00380709999999987 0.9734980756 0.5124055356 0.9745964756 0.4505343956 0.9999342156 1.0164099756 0.9972860456 0.9980417156 0.2887719756
0.9654922156 0.1532063756 0.9912679456 1.0014516756 0.2868656456 0.2881849056 0.9976637756 0.9830711156 0.1386428156 0.1390034656 0.2469398456 0.9920175256 0.2458297756 0.9972860456 0.9976637756 0.2376932556 0.00874364859999987 0.2372818756 0.2389287256 0.00380709999999987 0 0.9738640456 0.5114170756 0.9749629156 0.4492602556 0.9984197756 1.0160226756 0.9965310756 0.9976637756 0.2871586056
0.5750966256 0.9890235256 0.6087483356 0.6128084756 0.9753295756 0.9680302756 0.6119043756 0.6062779056 0.9908933756 0.9815903756 0.9779012456 0.6911757756 0.9841836356 0.6587435756 0.6609108756 0.9841836356 0.9749629156 0.9845547756 0.9838125756 0.9734980756 0.9738640456 0 0.9991766456 0.00340554719999987 0.9734980756 0.6577823756 0.6979859756 0.6799611056 0.6411572356 0.9622415756
0.9860414756 0.5133953756 1.0234157756 1.0420231756 0.5147833756 0.5217620356 1.0424241756 1.0289102756 0.5207610756 0.5147833756 0.5207610756 1.0269432756 0.5269885256 1.0332557756 1.0356367756 0.5159750756 0.5126034256 0.5155776356 0.5173678756 0.5124055356 0.5114170756 0.9991766456 0 0.9995553156 0.5171687256 1.0332557756 1.0380251756 1.0210731756 1.0125458756 0.5139899756
0.5753117456 0.9905190756 0.6085234756 0.6130347756 0.9749629156 0.9680302756 0.6123562756 0.6069508456 0.9916426756 0.9823303756 0.9797435756 0.6921808356 0.9856695156 0.6589840756 0.6611520756 0.9845547756 0.9756964056 0.9849261756 0.9841836356 0.9745964756 0.9749629156 0.00340554719999987 0.9995553156 0 0.9738640456 0.6585031756 0.6984929056 0.6811989156 0.6416271756 0.9629627056
0.9935190356 0.4527236456 0.9946471756 1.0037335756 0.4582248756 0.4574890356 1.0129314756 1.0064046756 0.4538206756 0.4508988156 0.4604367256 1.0117755756 0.4628402756 1.0137030756 1.0137030756 0.4574890356 0.4503522456 0.4571213956 0.4580408556 0.4505343956 0.4492602556 0.9734980756 0.5171687256 0.9738640456 0 1.0202938756 1.0195155756 1.0102370756 0.9908933756 0.4574890356
0.6628426756 1.0117755756 0.6601877456 0.6703754756 1.0014516756 1.0087017756 0.6589840756 0.6585031756 1.0218531756 1.0121606756 1.0056405756 0.7133448756 1.0094689756 0.4073519056 0.4078680256 0.9916426756 0.9984197756 0.9946471756 0.9920175256 0.9999342156 0.9984197756 0.6577823756 1.0332557756 0.6585031756 1.0202938756 0 0.7369895756 0.7087040756 0.3971035156 1.0075523756
0.6894202756 1.0344453756 0.7053702156 0.7092183756 1.0137030756 1.0106213756 0.7012871756 0.6984929056 1.0261579756 1.0257656756 1.0121606756 0.5290084756 1.0125458756 0.7138623256 0.7138623256 0.9984197756 1.0202938756 1.0041145756 1.0052587756 1.0164099756 1.0160226756 0.6979859756 1.0380251756 0.6984929056 1.0195155756 0.7369895756 0 0.3819887756 0.7156760756 0.9882769256
0.6869194156 0.9999342156 0.7066506756 0.7117947756 0.9946471756 0.9916426756 0.7035811156 0.6974793756 1.0064046756 1.0041145756 0.9995553156 0.5157763756 1.0022115756 0.6926838356 0.6959616756 0.9957769756 0.9995553156 0.9942709456 0.9946471756 0.9972860456 0.9965310756 0.6799611056 1.0210731756 0.6811989156 1.0102370756 0.7087040756 0.3819887756 0 0.6982394056 0.9987980756
0.6513260756 1.0094689756 0.6570622756 0.6599468756 0.9980417156 1.0083183756 0.6525175156 0.6491862756 1.0113906756 1.0064046756 0.9950235756 0.6861707756 0.9999342156 0.3124887756 0.3140057756 0.9972860456 0.9984197756 0.9965310756 0.9950235756 0.9980417156 0.9976637756 0.6411572356 1.0125458756 0.6416271756 0.9908933756 0.3971035156 0.7156760756 0.6982394056 0 0.9867858756
0.9582875756 0.2829217256 0.9938948756 0.9976637756 0.1694345956 0.1683083856 0.9954001756 0.9935190356 0.2884783956 0.2865727756 0.2883316256 0.9841836356 0.2887719756 0.9957769756 0.9972860456 0.2856949156 0.2870121256 0.2859874256 0.2875982756 0.2887719756 0.2871586056 0.9622415756 0.5139899756 0.9629627056 0.4574890356 1.0075523756 0.9882769256 0.9987980756 0.9867858756 0
