0 0.99961257 0.96406794 0.9738958 1.0286036 0.98348296 1.0022715 1.01069 0.9962078 0.9939465 1.0037951 0.982 1.000751 0.98757625 0.9853408 0.98496884 0.97573 0.98645765 0.98645765 0.9816297 0.9857129 1.014548 0.9931942 1.0157093 1.0157093 0.98907024 0.9920673 1.0030329 1.0045581 1.0133885
0.99961257 0 0.82907665 0.8336212 0.7085177 0.9687838 0.97206604 0.69198316 0.31680587 0.67555916 0.6867182 0.80529344 0.31391275 0.31741637 0.83089113 0.81679356 0.8388052 0.8200693 0.8120542 0.8147164 0.82156307 0.6812419 0.96479154 0.6812419 0.6235028 0.6116556 0.61778367 0.9801504 0.6950084 0.6807461
0.96406794 0.82907665 0 0.23932795 0.8284728 0.93116945 0.9374253 0.814124 0.8105793 0.8073446 0.8188765 0.81768554 0.812645 0.80587894 0.7301751 0.7222747 0.3728564 0.36533183 0.74433905 0.7389627 0.7437997 0.81977093 0.9395222 0.81857854 0.8275679 0.8203678 0.81709075 0.92909575 0.8327101 0.81679356
0.9738958 0.8336212 0.23932795 0 0.8345334 0.944438 0.9374253 0.82156307 0.8251602 0.8150128 0.82546073 0.8194727 0.82186216 0.8153093 0.74622995 0.7448788 0.37549147 0.37154236 0.7607034 0.7532952 0.75520885 0.83605623 0.9518725 0.8354467 0.8251602 0.828171 0.82276016 0.93324894 0.82907665 0.8327101
1.0286036 0.7085177 0.8284728 0.8345334 0 0.9695119 0.97206604 0.20293847 0.69148016 0.19862549 0.20162888 0.8079317 0.68571955 0.682483 0.8272665 0.8156059 0.8461853 0.85332674 0.82546073 0.8242593 0.82395923 0.20241436 0.94267863 0.20084423 0.69855326 0.68571955 0.67629796 0.97499573 0.42387336 0.42036211
0.98348296 0.9687838 0.93116945 0.944438 0.9695119 0 0.19226676 0.95151687 0.95866317 0.95508146 0.9540103 0.95615417 0.94867724 0.9575869 0.9391723 0.9388226 0.9615409 0.95794547 0.9253087 0.9349863 0.9374253 0.9476152 0.6475366 0.94514287 0.9568702 0.9440858 0.9680563 0.42634106 0.9604604 0.9554389
1.0022715 0.97206604 0.9374253 0.9374253 0.97206604 0.19226676 0 0.94620144 0.953297 0.96010065 0.9583042 0.95508146 0.93255514 0.946908 0.93568236 0.9339434 0.9615409 0.9565121 0.93568236 0.9497408 0.9493862 0.9476152 0.6611755 0.9472615 0.94867724 0.95866317 0.95151687 0.42828566 0.9691478 0.9593815
1.01069 0.69198316 0.814124 0.82156307 0.20293847 0.95151687 0.94620144 0 0.6812419 0.18289244 0.18762916 0.7916646 0.6775309 0.68049824 0.82455945 0.8111689 0.83849925 0.84187144 0.829681 0.82395923 0.8263631 0.15940003 0.9346385 0.15841123 0.69173163 0.67876583 0.662142 0.95472425 0.4147781 0.41356212
0.9962078 0.31680587 0.8105793 0.8251602 0.69148016 0.95866317 0.953297 0.6812419 0 0.67654437 0.6740837 0.7867954 0.14664629 0.14920415 0.80851924 0.79223955 0.8191745 0.8096957 0.80851924 0.8099901 0.81234956 0.67654437 0.9504507 0.6760516 0.6103006 0.60423315 0.60984945 0.953297 0.68796843 0.6807461
0.9939465 0.67555916 0.8073446 0.8150128 0.19862549 0.95508146 0.96010065 0.18289244 0.67654437 0 0.14300726 0.79859304 0.6694307 0.67040783 0.8076381 0.79656565 0.82276016 0.82546073 0.81353205 0.8111689 0.8114639 0.1835308 0.9229087 0.18314771 0.6790131 0.67114156 0.6616586 0.946908 0.4100987 0.4045903
1.0037951 0.6867182 0.8188765 0.82546073 0.20162888 0.9540103 0.9583042 0.18762916 0.6740837 0.14300726 0 0.79656565 0.6723661 0.67261124 0.8257614 0.80851924 0.829681 0.83089113 0.8209652 0.8203678 0.8224607 0.18904316 0.93116945 0.18788606 0.6965256 0.68149 0.66286767 0.95080596 0.41512588 0.41373572
0.982 0.80529344 0.81768554 0.8194727 0.8079317 0.95615417 0.95508146 0.7916646 0.7867954 0.79859304 0.79656565 0 0.77940893 0.78793824 0.82546073 0.8269652 0.8194727 0.8221614 0.83028585 0.83422923 0.8357514 0.8047084 0.9242792 0.80587894 0.8251602 0.78994244 0.78994244 0.94514287 0.78708094 0.79339075
1.000751 0.31391275 0.812645 0.82186216 0.68571955 0.94867724 0.93255514 0.6775309 0.14664629 0.6694307 0.6723661 0.77940893 0 0.14373367 0.80091685 0.7791263 0.81828076 0.81087404 0.79888314 0.8017901 0.8038317 0.67163116 0.944438 0.67065233 0.6011063 0.59224355 0.59954774 0.94267863 0.6849714 0.67261124
0.98757625 0.31741637 0.80587894 0.8153093 0.682483 0.9575869 0.946908 0.68049824 0.14920415 0.67040783 0.67261124 0.78793824 0.14373367 0 0.79512084 0.791952 0.8200693 0.8105793 0.80120784 0.7980132 0.8020814 0.6760516 0.9374253 0.675067 0.6118817 0.5997702 0.60804766 0.95508146 0.6907262 0.67359257
0.9853408 0.83089113 0.7301751 0.74622995 0.8272665 0.9391723 0.93568236 0.82455945 0.80851924 0.8076381 0.8257614 0.82546073 0.80091685 0.79512084 0 0.12708361 0.7486681 0.7456892 0.37929565 0.37714309 0.37830138 0.8200693 0.9270277 0.8224607 0.8147164 0.80851924 0.79252714 0.9465546 0.80529344 0.79859304
0.98496884 0.81679356 0.7222747 0.7448788 0.8156059 0.9388226 0.9339434 0.8111689 0.79223955 0.79656565 0.80851924 0.8269652 0.7791263 0.791952 0.12708361 0 0.7486681 0.7432607 0.38195345 0.37797028 0.37912986 0.81323624 0.9266836 0.814124 0.8038317 0.8017901 0.7893693 0.94620144 0.799754 0.80324787
0.97573 0.8388052 0.3728564 0.37549147 0.8461853 0.9615409 0.9615409 0.83849925 0.8191745 0.82276016 0.829681 0.8194727 0.81828076 0.8200693 0.7486681 0.7486681 0 0.114979945 0.7511142 0.7486681 0.7522039 0.8400302 0.9500957 0.83788776 0.8269652 0.831194 0.8188765 0.9479691 0.84711295 0.8375822
0.98645765 0.8200693 0.36533183 0.37154236 0.85332674 0.95794547 0.9565121 0.84187144 0.8096957 0.82546073 0.83089113 0.8221614 0.81087404 0.8105793 0.7456892 0.7432607 0.114979945 0 0.74704176 0.7429914 0.7478545 0.83972377 0.953297 0.8375822 0.82276016 0.82907665 0.80851924 0.94373375 0.83210325 0.83301365
0.98645765 0.8120542 0.74433905 0.7607034 0.82546073 0.9253087 0.93568236 0.829681 0.80851924 0.81353205 0.8209652 0.83028585 0.79888314 0.80120784 0.37929565 0.38195345 0.7511142 0.74704176 0 0.07370593 0.07425776 0.8111689 0.9388226 0.81234956 0.81768554 0.80851924 0.80529344 0.9493862 0.8153093 0.81087404
0.9816297 0.8147164 0.7389627 0.7532952 0.8242593 0.9349863 0.9497408 0.82395923 0.8099901 0.8111689 0.8203678 0.83422923 0.8017901 0.7980132 0.37714309 0.37797028 0.7486681 0.7429914 0.07370593 0 0.02418581 0.8120542 0.93116945 0.81323624 0.8161995 0.8102846 0.80529344 0.95151687 0.81442016 0.80587894
0.9857129 0.82156307 0.7437997 0.75520885 0.82395923 0.9374253 0.9493862 0.8263631 0.81234956 0.8114639 0.8224607 0.8357514 0.8038317 0.8020814 0.37830138 0.37912986 0.7522039 0.7478545 0.07425776 0.02418581 0 0.81590265 0.93324894 0.81709075 0.8203678 0.8147164 0.80500084 0.959741 0.8150128 0.8102846
1.014548 0.6812419 0.81977093 0.83605623 0.20241436 0.9476152 0.9476152 0.15940003 0.67654437 0.1835308 0.18904316 0.8047084 0.67163116 0.6760516 0.8200693 0.81323624 0.8400302 0.83972377 0.8111689 0.8120542 0.81590265 0 0.93847305 0.010371381 0.69198316 0.67629796 0.65540254 0.9476152 0.414083 0.4100987
0.9931942 0.96479154 0.9395222 0.9518725 0.94267863 0.6475366 0.6611755 0.9346385 0.9504507 0.9229087 0.93116945 0.9242792 0.944438 0.9374253 0.9270277 0.9266836 0.9500957 0.953297 0.9388226 0.93116945 0.93324894 0.93847305 0 0.936379 0.9680563 0.94620144 0.93672764 0.6606927 0.9554389 0.9497408
1.0157093 0.6812419 0.81857854 0.8354467 0.20084423 0.94514287 0.9472615 0.15841123 0.6760516 0.18314771 0.18788606 0.80587894 0.67065233 0.675067 0.8224607 0.814124 0.83788776 0.8375822 0.81234956 0.81323624 0.81709075 0.010371381 0.936379 0 0.68721807 0.67654437 0.654684 0.94373375 0.41321507 0.4090628
1.0157093 0.6235028 0.8275679 0.8251602 0.69855326 0.9568702 0.94867724 0.69173163 0.6103006 0.6790131 0.6965256 0.8251602 0.6011063 0.6118817 0.8147164 0.8038317 0.8269652 0.82276016 0.81768554 0.8161995 0.8203678 0.69198316 0.9680563 0.68721807 0 0.58588296 0.5832667 0.9419761 0.70109564 0.6859691
0.98907024 0.6116556 0.8203678 0.828171 0.68571955 0.9440858 0.95866317 0.67876583 0.60423315 0.67114156 0.68149 0.78994244 0.59224355 0.5997702 0.80851924 0.8017901 0.831194 0.82907665 0.80851924 0.8102846 0.8147164 0.67629796 0.94620144 0.67654437 0.58588296 0 0.5694652 0.94232726 0.6852207 0.67114156
0.9920673 0.61778367 0.81709075 0.82276016 0.67629796 0.9680563 0.95151687 0.662142 0.60984945 0.6616586 0.66286767 0.78994244 0.59954774 0.60804766 0.79252714 0.7893693 0.8188765 0.80851924 0.80529344 0.80529344 0.80500084 0.65540254 0.93672764 0.654684 0.5832667 0.5694652 0 0.9483231 0.67531306 0.6777777
1.0030329 0.9801504 0.92909575 0.93324894 0.97499573 0.42634106 0.42828566 0.95472425 0.953297 0.946908 0.95080596 0.94514287 0.94267863 0.95508146 0.9465546 0.94620144 0.9479691 0.94373375 0.9493862 0.95151687 0.959741 0.9476152 0.6606927 0.94373375 0.9419761 0.94232726 0.9483231 0 0.94867724 0.94867724
1.0045581 0.6950084 0.8327101 0.82907665 0.42387336 0.9604604 0.9691478 0.4147781 0.68796843 0.4100987 0.41512588 0.78708094 0.6849714 0.6907262 0.80529344 0.799754 0.84711295 0.83210325 0.8153093 0.81442016 0.8150128 0.414083 0.9554389 0.41321507 0.70109564 0.6852207 0.67531306 0.94867724 0 0.35130367
1.0133885 0.6807461 0.81679356 0.8327101 0.42036211 0.9554389 0.9593815 0.41356212 0.6807461 0.4045903 0.41373572 0.79339075 0.67261124 0.67359257 0.79859304 0.80324787 0.8375822 0.83301365 0.81087404 0.80587894 0.8102846 0.4100987 0.9497408 0.4090628 0.6859691 0.67114156 0.6777777 0.94867724 0.35130367 0
