0 0.8269652 0.84125715 0.70928967 0.7264779 0.8375822 0.8345334 0.84033674 0.714716 0.72779626 0.8336212 0.946908 0.83180004 0.84187144 0.83301365 0.83697146 0.8275679 0.71342045 0.8542633 0.85959244 0.71445674 0.7082605 0.9695119 0.70903224 0.8499028 0.85363877 0.8486616 0.83636117 0.8339251 0.83180004
0.8269652 0 0.36826724 0.82305974 0.8354467 0.8179831 0.8251602 0.36468107 0.82395923 0.8263631 0.2741066 0.97867405 0.27324238 0.36696118 0.3667981 0.83788776 0.8278694 0.81768554 0.82606214 0.8236593 0.8194727 0.82066643 1.0176488 0.82066643 0.80705124 0.83727676 0.8257614 0.27786312 0.27989367 0.18814304
0.84125715 0.36826724 0 0.82156307 0.8327101 0.82546073 0.829681 0.18340309 0.8284728 0.8339251 0.36843067 0.9950763 0.36843067 0.18801454 0.18737236 0.85645306 0.8400302 0.8242593 0.8275679 0.8293787 0.8284728 0.82305974 1.0095364 0.8257614 0.8345334 0.8480418 0.83210325 0.3753265 0.3728564 0.3723634
0.70928967 0.82305974 0.82156307 0 0.5196604 0.82485974 0.81977093 0.8161995 0.5186613 0.52447456 0.81857854 0.9669665 0.8251602 0.8221614 0.829681 0.84310144 0.84187144 0.1465247 0.8284728 0.83422923 0.14640313 0.14506721 0.9783054 0.14337038 0.83028585 0.83089113 0.83301365 0.82877463 0.83240664 0.82546073
0.7264779 0.8354467 0.8327101 0.5196604 0 0.8236593 0.82066643 0.8293787 0.13734141 0.13950627 0.8266641 0.9662408 0.8212641 0.8437172 0.83636117 0.83788776 0.83210325 0.5172649 0.83331734 0.831194 0.5184617 0.5200604 0.97941184 0.51886106 0.83605623 0.8345334 0.8517685 0.8400302 0.8400302 0.84217876
0.8375822 0.8179831 0.82546073 0.82485974 0.8236593 0 0.11813391 0.82276016 0.82546073 0.8278694 0.82276016 0.98757625 0.81087404 0.83331734 0.83180004 0.62258476 0.6161901 0.8150128 0.3450994 0.34130672 0.8156059 0.8147164 1.0068517 0.8120542 0.3230872 0.33941755 0.3411491 0.8079317 0.83788776 0.8209652
0.8345334 0.8251602 0.829681 0.81977093 0.82066643 0.11813391 0 0.82606214 0.8161995 0.82335943 0.82998335 0.98125964 0.81857854 0.83605623 0.8336212 0.617328 0.6109778 0.8105793 0.33674935 0.3353406 0.81353205 0.8096957 1.0015109 0.8105793 0.31406474 0.33784685 0.33800378 0.81294054 0.8406434 0.8236593
0.84033674 0.36468107 0.18340309 0.8161995 0.8293787 0.82276016 0.82606214 0 0.8242593 0.8269652 0.35981828 0.98348296 0.36305663 0.11486339 0.11230365 0.84095025 0.82546073 0.8179831 0.82186216 0.8263631 0.8203678 0.81590265 1.0180373 0.8194727 0.8221614 0.83727676 0.8236593 0.36826724 0.36419335 0.36843067
0.714716 0.82395923 0.8284728 0.5186613 0.13734141 0.82546073 0.8161995 0.8242593 0 0.103527576 0.814124 0.9604604 0.8111689 0.8345334 0.83180004 0.8375822 0.8278694 0.51447976 0.83331734 0.8354467 0.51646805 0.5170656 0.9827411 0.515871 0.82998335 0.83911127 0.8489717 0.82335943 0.8339251 0.8263631
0.72779626 0.8263631 0.8339251 0.52447456 0.13950627 0.8278694 0.82335943 0.8269652 0.103527576 0 0.8242593 0.9746289 0.82066643 0.84095025 0.83697146 0.8327101 0.829681 0.5190608 0.83331734 0.8357514 0.520861 0.5194605 0.9958304 0.5194605 0.83636117 0.8381934 0.85332674 0.8327101 0.83636117 0.8336212
0.8336212 0.2741066 0.36843067 0.81857854 0.8266641 0.82276016 0.82998335 0.35981828 0.814124 0.8242593 0 0.9872032 0.08650202 0.3643559 0.366472 0.8495923 0.8366663 0.812645 0.8293787 0.82485974 0.81768554 0.81087404 1.0034139 0.81382793 0.8293787 0.8437172 0.82186216 0.21923625 0.21749689 0.27902275
0.946908 0.97867405 0.9950763 0.9669665 0.9662408 0.98757625 0.98125964 0.98348296 0.9604604 0.9746289 0.9872032 0 0.990942 0.9924427 0.99357027 0.98237044 0.9706055 0.959741 0.9943229 0.98496884 0.9615409 0.9626228 0.32756203 0.9593815 0.9783054 0.9779369 0.99056727 0.99281836 0.9939465 0.9842255
0.83180004 0.27324238 0.36843067 0.8251602 0.8212641 0.81087404 0.81857854 0.36305663 0.8111689 0.82066643 0.08650202 0.990942 0 0.36582026 0.36630902 0.84340924 0.83422923 0.8194727 0.82335943 0.81768554 0.82877463 0.8242593 1.0030329 0.8275679 0.8191745 0.8275679 0.8111689 0.21789792 0.21803166 0.27699456
0.84187144 0.36696118 0.18801454 0.8221614 0.8437172 0.83331734 0.83605623 0.11486339 0.8345334 0.84095025 0.3643559 0.9924427 0.36582026 0 0.08672651 0.8483516 0.829681 0.83149695 0.83605623 0.8345334 0.83301365 0.8266641 1.0207624 0.83180004 0.83301365 0.8502134 0.8357514 0.3738435 0.366472 0.36892113
0.83301365 0.3667981 0.18737236 0.829681 0.83636117 0.83180004 0.8336212 0.11230365 0.83180004 0.83697146 0.366472 0.99357027 0.36630902 0.08672651 0 0.8468036 0.831194 0.83849925 0.8375822 0.83941746 0.8406434 0.83422923 1.019204 0.83911127 0.83788776 0.8499028 0.83697146 0.3758215 0.36924827 0.37187067
0.83697146 0.83788776 0.85645306 0.84310144 0.83788776 0.62258476 0.617328 0.84095025 0.8375822 0.8327101 0.8495923 0.98237044 0.84340924 0.8483516 0.8468036 0 0.065913364 0.84125715 0.6267246 0.62189704 0.8455675 0.84095025 1.0095364 0.84187144 0.6269553 0.632745 0.63019204 0.8351422 0.8567664 0.84095025
0.8275679 0.8278694 0.8400302 0.84187144 0.83210325 0.6161901 0.6109778 0.82546073 0.8278694 0.829681 0.8366663 0.9706055 0.83422923 0.829681 0.831194 0.065913364 0 0.83972377 0.62075216 0.6157354 0.84711295 0.84433347 0.9939465 0.84433347 0.62189704 0.6285719 0.6285719 0.8257614 0.84495026 0.8339251
0.71342045 0.81768554 0.8242593 0.1465247 0.5172649 0.8150128 0.8105793 0.8179831 0.51447976 0.5190608 0.812645 0.959741 0.8194727 0.83149695 0.83849925 0.84125715 0.83972377 0 0.828171 0.8345334 0.053246155 0.051316205 0.97609735 0.049818557 0.82907665 0.83301365 0.8327101 0.8269652 0.83727676 0.8263631
0.8542633 0.82606214 0.8275679 0.8284728 0.83331734 0.3450994 0.33674935 0.82186216 0.83331734 0.83331734 0.8293787 0.9943229 0.82335943 0.83605623 0.8375822 0.6267246 0.62075216 0.828171 0 0.040156074 0.82546073 0.82335943 1.0076177 0.82276016 0.33800378 0.29012972 0.29782516 0.8257614 0.83210325 0.83210325
0.85959244 0.8236593 0.8293787 0.83422923 0.831194 0.34130672 0.3353406 0.8263631 0.8354467 0.8357514 0.82485974 0.98496884 0.81768554 0.8345334 0.83941746 0.62189704 0.6157354 0.8345334 0.040156074 0 0.83180004 0.8305884 1.0068517 0.8275679 0.33518422 0.28777772 0.2951524 0.8194727 0.82907665 0.8293787
0.71445674 0.8194727 0.8284728 0.14640313 0.5184617 0.8156059 0.81353205 0.8203678 0.51646805 0.520861 0.81768554 0.9615409 0.82877463 0.83301365 0.8406434 0.8455675 0.84711295 0.053246155 0.82546073 0.83180004 0 0.034166552 0.9808897 0.03291167 0.83483773 0.83331734 0.84187144 0.829681 0.8381934 0.8251602
0.7082605 0.82066643 0.82305974 0.14506721 0.5200604 0.8147164 0.8096957 0.81590265 0.5170656 0.5194605 0.81087404 0.9626228 0.8242593 0.8266641 0.83422923 0.84095025 0.84433347 0.051316205 0.82335943 0.8305884 0.034166552 0 0.9790429 0.015866656 0.83180004 0.82907665 0.8336212 0.8269652 0.8351422 0.8266641
0.9695119 1.0176488 1.0095364 0.9783054 0.97941184 1.0068517 1.0015109 1.0180373 0.9827411 0.9958304 1.0034139 0.32756203 1.0030329 1.0207624 1.019204 1.0095364 0.9939465 0.97609735 1.0076177 1.0068517 0.9808897 0.9790429 0 0.97941184 1.0022715 1.0149349 0.9969631 1.0126165 1.0188149 1.0072346
0.70903224 0.82066643 0.8257614 0.14337038 0.51886106 0.8120542 0.8105793 0.8194727 0.515871 0.5194605 0.81382793 0.9593815 0.8275679 0.83180004 0.83911127 0.84187144 0.84433347 0.049818557 0.82276016 0.8275679 0.03291167 0.015866656 0.97941184 0 0.83028585 0.8278694 0.83301365 0.8284728 0.83972377 0.8284728
0.8499028 0.80705124 0.8345334 0.83028585 0.83605623 0.3230872 0.31406474 0.8221614 0.82998335 0.83636117 0.8293787 0.9783054 0.8191745 0.83301365 0.83788776 0.6269553 0.62189704 0.82907665 0.33800378 0.33518422 0.83483773 0.83180004 1.0022715 0.83028585 0 0.34462425 0.34193748 0.8203678 0.8406434 0.8272665
0.85363877 0.83727676 0.8480418 0.83089113 0.8345334 0.33941755 0.33784685 0.83727676 0.83911127 0.8381934 0.8437172 0.9779369 0.8275679 0.8502134 0.8499028 0.632745 0.6285719 0.83301365 0.29012972 0.28777772 0.83331734 0.82907665 1.0149349 0.8278694 0.34462425 0 0.27786312 0.8284728 0.8446418 0.84156424
0.8486616 0.8257614 0.83210325 0.83301365 0.8517685 0.3411491 0.33800378 0.8236593 0.8489717 0.85332674 0.82186216 0.99056727 0.8111689 0.8357514 0.83697146 0.63019204 0.6285719 0.8327101 0.29782516 0.2951524 0.84187144 0.8336212 0.9969631 0.83301365 0.34193748 0.27786312 0 0.82276016 0.82485974 0.82907665
0.83636117 0.27786312 0.3753265 0.82877463 0.8400302 0.8079317 0.81294054 0.36826724 0.82335943 0.8327101 0.21923625 0.99281836 0.21789792 0.3738435 0.3758215 0.8351422 0.8257614 0.8269652 0.8257614 0.8194727 0.829681 0.8269652 1.0126165 0.8284728 0.8203678 0.8284728 0.82276016 0 0.21629508 0.27815285
0.8339251 0.27989367 0.3728564 0.83240664 0.8400302 0.83788776 0.8406434 0.36419335 0.8339251 0.83636117 0.21749689 0.9939465 0.21803166 0.366472 0.36924827 0.8567664 0.84495026 0.83727676 0.83210325 0.82907665 0.8381934 0.8351422 1.0188149 0.83972377 0.8406434 0.8446418 0.82485974 0.21629508 0 0.2756936
0.83180004 0.18814304 0.3723634 0.82546073 0.84217876 0.8209652 0.8236593 0.36843067 0.8263631 0.8336212 0.27902275 0.9842255 0.27699456 0.36892113 0.37187067 0.84095025 0.8339251 0.8263631 0.83210325 0.8293787 0.8251602 0.8266641 1.0072346 0.8284728 0.8272665 0.84156424 0.82907665 0.27815285 0.2756936 0
