0 0.802217817 0.806013817 0.983168817 0.998146817 1.005367617 1.004604217 0.971763117 0.982057417 0.988377147 0.982057417 0.726115757 0.996258117 0.971033217 0.981317417 0.806013817 0.789797017 1.043355317 1.045366617 0.986140617 0.984281817 0.992495017 0.997768757 0.993621917 1.011887717 1.040148517 0.796126117 0.811596617 1.006514017 0.998903687
0.802217817 0 0.336863777 0.995880957 0.993246077 1.008812317 1.009196017 0.995127217 0.998903687 1.008812317 0.988377147 0.779836647 0.989124177 0.985024817 0.977996417 0.643472517 0.646779647 1.020800217 1.019242617 1.011502617 1.012658517 0.979470617 1.000040287 0.980208747 1.021580217 1.025885017 0.617300387 0.431906397 0.989497957 1.009580017
0.806013817 0.336863777 0 0.976892617 0.991744567 1.018465017 0.997390817 1.000799017 1.007279417 0.997013087 0.977260317 0.785227317 0.987258067 0.973957177 0.964134117 0.646306267 0.648438687 1.025100417 1.025100417 0.993246077 0.991744567 0.993997987 0.984653217 0.994374217 1.014588917 1.042552317 0.609601017 0.431906397 0.980947667 0.998525117
0.983168817 0.995880957 0.976892617 0 0.299890897 0.695688717 0.701778117 0.455563097 0.699742817 0.702287817 0.460533047 0.969939617 0.458135987 0.452267997 0.443370667 0.990620417 0.998525117 0.897761917 0.895119957 0.459425767 0.460163767 0.451720197 0.668151317 0.452450687 0.659192377 0.915843187 0.985396557 0.989871917 0.409317997 0.465908077
0.998146817 0.993246077 0.991744567 0.299890897 0 0.701268717 0.713848167 0.455379657 0.701014217 0.702797817 0.452816187 0.988377147 0.455379657 0.445358867 0.436900457 0.991744567 1.001178717 0.904741817 0.905744317 0.450990467 0.450990467 0.450079287 0.663295387 0.450443617 0.676725677 0.921285387 0.986885367 1.010733017 0.406563187 0.457032217
1.005367617 1.008812317 1.018465017 0.695688717 0.701268717 0 0.257154617 0.697459717 0.583476777 0.585655717 0.696447217 0.976892617 0.699742817 0.688145917 0.683656417 1.011887717 1.012272917 0.911787317 0.912124447 0.687895817 0.689899117 0.697966447 0.699742817 0.698727217 0.710232517 0.910103817 0.985396557 1.016524417 0.700251117 0.703563517
1.004604217 1.009196017 0.997390817 0.701778117 0.713848167 0.257154617 0 0.705353217 0.572890417 0.576546317 0.699996887 0.970304017 0.698980977 0.704074377 0.696447217 0.998525117 1.001178717 0.909767567 0.908759717 0.695941517 0.697206417 0.703563517 0.695436117 0.703818917 0.705353217 0.912124447 0.964134117 1.003079717 0.708431117 0.712296477
0.971763117 0.995127217 1.000799017 0.455563097 0.455379657 0.697459717 0.705353217 0 0.694678657 0.696194287 0.180009467 0.989124177 0.178232817 0.409490517 0.401254317 0.988750567 0.993621917 0.884318917 0.883020277 0.413469317 0.412949137 0.252941897 0.668638617 0.252102187 0.655111717 0.892815817 0.989871917 0.978364617 0.443370667 0.419914597
0.982057417 0.998903687 1.007279417 0.699742817 0.701014217 0.583476777 0.572890417 0.694678657 0 0.164169117 0.683656417 0.974323517 0.686896117 0.696447217 0.696953317 0.981687357 0.989497957 0.893144517 0.894131617 0.708945417 0.709202617 0.699234817 0.701778117 0.699488757 0.714625217 0.903407317 0.986512917 1.009964117 0.701014217 0.704585667
0.988377147 1.008812317 0.997013087 0.702287817 0.702797817 0.585655717 0.576546317 0.696194287 0.164169117 0 0.688646417 0.977628287 0.692914217 0.695183517 0.694931017 0.988003967 0.992495017 0.896109617 0.896109617 0.703563517 0.704841367 0.691907877 0.694931017 0.692662517 0.720870967 0.901742517 0.995127217 1.010733017 0.695436117 0.706890577
0.982057417 0.988377147 0.977260317 0.460533047 0.452816187 0.696447217 0.699996887 0.180009467 0.683656417 0.688646417 0 0.976157717 0.117158227 0.406219537 0.400913117 0.985024817 0.985768517 0.886923117 0.886923117 0.406906987 0.406735057 0.260824857 0.658951757 0.260966387 0.658230217 0.891174317 0.983910677 0.976157717 0.440308317 0.407767167
0.726115757 0.779836647 0.785227317 0.969939617 0.988377147 0.976892617 0.970304017 0.989124177 0.974323517 0.977628287 0.976157717 0 0.965943517 0.976525067 0.971763117 0.790083517 0.790370157 0.994750617 0.996258117 0.982427717 0.979839557 0.989871917 0.973225117 0.990620417 1.014588917 1.021970617 0.775608117 0.792667267 0.977260317 0.971763117
0.996258117 0.989124177 0.987258067 0.458135987 0.455379657 0.699742817 0.698980977 0.178232817 0.686896117 0.692914217 0.117158227 0.965943517 0 0.402620757 0.396491347 0.985768517 0.994750617 0.883669317 0.882371777 0.407939337 0.407595067 0.253922757 0.653199067 0.253922757 0.649388317 0.901077617 0.990994987 0.983539617 0.437616617 0.409663077
0.971033217 0.985024817 0.973957177 0.452267997 0.445358867 0.688145917 0.704074377 0.409490517 0.696447217 0.695183517 0.406219537 0.976525067 0.402620757 0 0.087603392 0.968847687 0.974323517 0.875274947 0.876881947 0.175070657 0.173809507 0.407595067 0.653676817 0.408283767 0.657269317 0.901409977 0.958014617 0.979839557 0.445539857 0.358954577
0.981317417 0.977996417 0.964134117 0.443370667 0.436900457 0.683656417 0.696447217 0.401254317 0.696953317 0.694931017 0.400913117 0.971763117 0.396491347 0.087603392 0 0.958373187 0.966305917 0.874953917 0.875596017 0.171167997 0.170791397 0.402449837 0.652483117 0.403133837 0.656069867 0.898092857 0.967031317 0.985396557 0.435648817 0.357182467
0.806013817 0.643472517 0.646306267 0.990620417 0.991744567 1.011887717 0.998525117 0.988750567 0.981687357 0.988003967 0.985024817 0.790083517 0.985768517 0.968847687 0.958373187 0 0.067980667 1.013816217 1.013430117 0.981687357 0.981687357 0.978364617 0.985024817 0.980578117 1.020410517 1.029425517 0.462937797 0.647016417 0.989871917 1.017300117
0.789797017 0.646779647 0.648438687 0.998525117 1.001178717 1.012272917 1.001178717 0.993621917 0.989497957 0.992495017 0.985768517 0.790370157 0.994750617 0.974323517 0.966305917 0.067980667 0 1.013044217 1.013044217 0.985768517 0.984281817 0.992119667 0.982427717 0.994750617 1.025885017 1.034966417 0.460348387 0.650577117 1.000040287 1.022361017
1.043355317 1.020800217 1.025100417 0.897761917 0.904741817 0.911787317 0.909767567 0.884318917 0.893144517 0.896109617 0.886923117 0.994750617 0.883669317 0.875274947 0.874953917 1.013816217 1.013044217 0 0.016600851 0.878170067 0.883020277 0.877203757 0.883669317 0.875596017 0.934371117 0.591131017 1.009964117 1.043355317 0.901742517 0.886923117
1.045366617 1.019242617 1.025100417 0.895119957 0.905744317 0.912124447 0.908759717 0.883020277 0.894131617 0.896109617 0.886923117 0.996258117 0.882371777 0.876881947 0.875596017 1.013430117 1.013044217 0.016600851 0 0.877203757 0.882047717 0.877847817 0.883344767 0.876238757 0.937155357 0.590252277 1.007279417 1.040148517 0.902075167 0.883669317
0.986140617 1.011502617 0.993246077 0.459425767 0.450990467 0.687895817 0.695941517 0.413469317 0.708945417 0.703563517 0.406906987 0.982427717 0.407939337 0.175070657 0.171167997 0.981687357 0.985768517 0.878170067 0.877203757 0 0.00877398499999999 0.413642787 0.660155767 0.414163437 0.658230217 0.910440217 0.961248117 1.009580017 0.441747867 0.362187317
0.984281817 1.012658517 0.991744567 0.460163767 0.450990467 0.689899117 0.697206417 0.412949137 0.709202617 0.704841367 0.406735057 0.979839557 0.407595067 0.173809507 0.170791397 0.981687357 0.984281817 0.883020277 0.882047717 0.00877398499999999 0 0.413816297 0.658951757 0.414684437 0.658711117 0.913474617 0.959450017 1.011502617 0.441027757 0.360407587
0.992495017 0.979470617 0.993997987 0.451720197 0.450079287 0.697966447 0.703563517 0.252941897 0.699234817 0.691907877 0.260824857 0.989871917 0.253922757 0.407595067 0.402449837 0.978364617 0.992119667 0.877203757 0.877847817 0.413642787 0.413816297 0 0.662327917 0.00263094999999999 0.657269317 0.896770117 0.977628287 0.973957177 0.436363777 0.412949137
0.997768757 1.000040287 0.984653217 0.668151317 0.663295387 0.699742817 0.695436117 0.668638617 0.701778117 0.694931017 0.658951757 0.973225117 0.653199067 0.653676817 0.652483117 0.985024817 0.982427717 0.883669317 0.883344767 0.660155767 0.658951757 0.662327917 0 0.661844717 0.685648417 0.902408017 0.995504017 0.983910677 0.669126317 0.668882417
0.993621917 0.980208747 0.994374217 0.452450687 0.450443617 0.698727217 0.703818917 0.252102187 0.699488757 0.692662517 0.260966387 0.990620417 0.253922757 0.408283767 0.403133837 0.980578117 0.994750617 0.875596017 0.876238757 0.414163437 0.414684437 0.00263094999999999 0.661844717 0 0.657509417 0.895779517 0.979839557 0.973225117 0.436900457 0.412775837
1.011887717 1.021580217 1.014588917 0.659192377 0.676725677 0.710232517 0.705353217 0.655111717 0.714625217 0.720870967 0.658230217 1.014588917 0.649388317 0.657269317 0.656069867 1.020410517 1.025885017 0.934371117 0.937155357 0.658230217 0.658711117 0.657269317 0.685648417 0.657509417 0 0.932289717 1.006131717 1.006514017 0.659192377 0.670346817
1.040148517 1.025885017 1.042552317 0.915843187 0.921285387 0.910103817 0.912124447 0.892815817 0.903407317 0.901742517 0.891174317 1.021970617 0.901077617 0.901409977 0.898092857 1.029425517 1.034966417 0.591131017 0.590252277 0.910440217 0.913474617 0.896770117 0.902408017 0.895779517 0.932289717 0 1.022751817 1.041750217 0.905075817 0.912124447
0.796126117 0.617300387 0.609601017 0.985396557 0.986885367 0.985396557 0.964134117 0.989871917 0.986512917 0.995127217 0.983910677 0.775608117 0.990994987 0.958014617 0.967031317 0.462937797 0.460348387 1.009964117 1.007279417 0.961248117 0.959450017 0.977628287 0.995504017 0.979839557 1.006131717 1.022751817 0 0.622553917 0.989871917 1.005367617
0.811596617 0.431906397 0.431906397 0.989871917 1.010733017 1.016524417 1.003079717 0.978364617 1.009964117 1.010733017 0.976157717 0.792667267 0.983539617 0.979839557 0.985396557 0.647016417 0.650577117 1.043355317 1.040148517 1.009580017 1.011502617 0.973957177 0.983910677 0.973225117 1.006514017 1.041750217 0.622553917 0 0.990246117 1.017300117
1.006514017 0.989497957 0.980947667 0.409317997 0.406563187 0.700251117 0.708431117 0.443370667 0.701014217 0.695436117 0.440308317 0.977260317 0.437616617 0.445539857 0.435648817 0.989871917 1.000040287 0.901742517 0.902075167 0.441747867 0.441027757 0.436363777 0.669126317 0.436900457 0.659192377 0.905075817 0.989871917 0.990246117 0 0.443009717
0.998903687 1.009580017 0.998525117 0.465908077 0.457032217 0.703563517 0.712296477 0.419914597 0.704585667 0.706890577 0.407767167 0.971763117 0.409663077 0.358954577 0.357182467 1.017300117 1.022361017 0.886923117 0.883669317 0.362187317 0.360407587 0.412949137 0.668882417 0.412775837 0.670346817 0.912124447 1.005367617 1.017300117 0.443009717 0
