0 0.86972773 0.83788776 0.97243166 0.8713238 0.85959244 0.86813504 0.85332674 0.8611671 0.8611671 0.8716434 0.86591095 0.877098 0.8684533 0.87645423 0.5810934 0.5887276 0.97720057 0.97170067 0.5935663 0.5935663 0.86972773 0.7170537 0.86972773 0.7317652 0.8602219 0.8662283 0.57979244 0.5784937 0.8738847
0.86972773 0 0.682483 1.0215429 0.6790131 0.80441606 0.81442016 0.8082254 0.7977235 0.79743385 0.24902159 0.4039046 0.24748999 0.67285645 0.6731017 0.9063204 0.9063204 1.0176488 1.0072346 0.90799636 0.8983274 0.682483 0.90164745 0.6852207 0.903313 0.67359257 0.30560035 0.8927168 0.88682157 0.2420848
0.83788776 0.682483 0 0.9894442 0.67114156 0.77856135 0.7845149 0.7842303 0.7853693 0.7830931 0.675067 0.66093403 0.67212105 0.6672366 0.67359257 0.8573935 0.85833514 0.97867405 0.9816297 0.8871479 0.8897634 0.21923625 0.8751683 0.21709608 0.88943595 0.36208364 0.67065233 0.8832416 0.8751683 0.6672366
0.97243166 1.0215429 0.9894442 0 1.0130024 1.0049399 1.0087683 1.0091523 0.99734104 0.9980974 1.0188149 1.01146 1.0034139 1.0365276 1.033348 0.97024083 0.9842255 0.1591527 0.16076176 1.0095364 1.0064689 1.0099207 0.97978103 1.0030329 1.0011308 1.0072346 1.0083846 1.0099207 0.99545324 1.0289978
0.8713238 0.6790131 0.67114156 1.0130024 0 0.81234956 0.80646485 0.81234956 0.8156059 0.800626 0.67359257 0.6578025 0.6760516 0.15177076 0.15042526 0.8914027 0.89766514 0.9980974 1.0072346 0.89932185 0.89601207 0.6748211 0.8910746 0.67383814 0.90799636 0.67926043 0.68621874 0.87324363 0.8855178 0.6733471
0.85959244 0.80441606 0.77856135 1.0049399 0.81234956 0 0.47089422 0.471644 0.12448191 0.12306659 0.78994244 0.7896558 0.78708094 0.8017901 0.8076381 0.8787099 0.88616943 0.9950763 1.0003713 0.8745262 0.87677604 0.79540956 0.87613255 0.7936788 0.89601207 0.79540956 0.79888314 0.8751683 0.88162 0.78879654
0.86813504 0.81442016 0.7845149 1.0087683 0.80646485 0.47089422 0 0.12625483 0.4675293 0.4675293 0.81087404 0.80529344 0.800626 0.81087404 0.80646485 0.8914027 0.8943626 1.0041765 1.0076177 0.891731 0.8983274 0.7905161 0.8920595 0.790803 0.92154074 0.7994636 0.80091685 0.8783872 0.8996537 0.8003352
0.85332674 0.8082254 0.7842303 1.0091523 0.81234956 0.471644 0.12625483 0 0.46492255 0.47070688 0.800626 0.7977235 0.7916646 0.8194727 0.81234956 0.87420535 0.87645423 1.0091523 1.0110749 0.88682157 0.8937039 0.78337723 0.88226825 0.7825251 0.90766084 0.7853693 0.7905161 0.877098 0.8884545 0.7845149
0.8611671 0.7977235 0.7853693 0.99734104 0.8156059 0.12448191 0.4675293 0.46492255 0 0.090778746 0.7885103 0.7928149 0.78082377 0.8082254 0.8094014 0.8790327 0.8858435 1.0011308 1.0037951 0.88291705 0.8858435 0.79888314 0.8855178 0.7956984 0.90098226 0.800626 0.79627645 0.8809723 0.8835664 0.78736657
0.8611671 0.79743385 0.7830931 0.9980974 0.800626 0.12306659 0.4675293 0.47070688 0.090778746 0 0.791952 0.7913773 0.78736657 0.79859304 0.80441606 0.8729233 0.87806475 0.9980974 1.0037951 0.8790327 0.88259256 0.79310274 0.87774235 0.790803 0.89304566 0.7977235 0.8020814 0.8803252 0.8855178 0.791952
0.8716434 0.24902159 0.675067 1.0188149 0.67359257 0.78994244 0.81087404 0.800626 0.7885103 0.791952 0 0.40270612 0.06602256 0.6626257 0.6669932 0.8953518 0.89601207 1.0238891 1.0122308 0.9133848 0.9006499 0.6770375 0.8963424 0.6795078 0.90098226 0.6772841 0.294856 0.8973342 0.891731 0.24236105
0.86591095 0.4039046 0.66093403 1.01146 0.6578025 0.7896558 0.80529344 0.7977235 0.7928149 0.7913773 0.40270612 0 0.39606363 0.6606927 0.6563616 0.8855178 0.8887815 1.0083846 0.99885464 0.9137229 0.9096761 0.6631097 0.88616943 0.6616586 0.88943595 0.6662635 0.39487758 0.8887815 0.8835664 0.39572456
0.877098 0.24748999 0.67212105 1.0034139 0.6760516 0.78708094 0.800626 0.7916646 0.78082377 0.78736657 0.06602256 0.39606363 0 0.66650665 0.6696748 0.8907466 0.8956819 1.0160967 1.0022715 0.910349 0.89766514 0.6775309 0.8923881 0.6790131 0.8973342 0.67555916 0.29219383 0.8937039 0.8897634 0.24084297
0.8684533 0.67285645 0.6672366 1.0365276 0.15177076 0.8017901 0.81087404 0.8194727 0.8082254 0.79859304 0.6626257 0.6606927 0.66650665 0 0.06810027 0.88780093 0.8956819 1.0195932 1.0231062 0.890091 0.89469224 0.6669932 0.8920595 0.6682109 0.9086678 0.6782716 0.68000287 0.87324363 0.88454145 0.6677236
0.87645423 0.6731017 0.67359257 1.033348 0.15042526 0.8076381 0.80646485 0.81234956 0.8094014 0.80441606 0.6669932 0.6563616 0.6696748 0.06810027 0 0.8884545 0.8973342 1.015322 1.0195932 0.8920595 0.89601207 0.67629796 0.8979962 0.67629796 0.91643286 0.68173814 0.6770375 0.8800019 0.88910866 0.66480625
0.5810934 0.9063204 0.8573935 0.97024083 0.8914027 0.8787099 0.8914027 0.87420535 0.8790327 0.8729233 0.8953518 0.8855178 0.8907466 0.88780093 0.8884545 0 0.055181086 0.9746289 0.9655158 0.27094263 0.26979542 0.8783872 0.73735726 0.87581104 0.7301751 0.8684533 0.8848668 0.4393415 0.4400604 0.8956819
0.5887276 0.9063204 0.85833514 0.9842255 0.89766514 0.88616943 0.8943626 0.87645423 0.8858435 0.87806475 0.89601207 0.8887815 0.8956819 0.8956819 0.8973342 0.055181086 0 0.98051995 0.97243166 0.27079913 0.26922247 0.87806475 0.7362889 0.8745262 0.7312348 0.8716434 0.8884545 0.44060004 0.43952116 0.8979962
0.97720057 1.0176488 0.97867405 0.1591527 0.9980974 0.9950763 1.0041765 1.0091523 1.0011308 0.9980974 1.0238891 1.0083846 1.0160967 1.0195932 1.015322 0.9746289 0.98051995 0 0.059498888 0.99961257 1.0037951 0.9946995 0.98051995 0.99169195 1.01146 0.99734104 1.0049399 1.0103053 0.99885464 1.014548
0.97170067 1.0072346 0.9816297 0.16076176 1.0072346 1.0003713 1.0076177 1.0110749 1.0037951 1.0037951 1.0122308 0.99885464 1.0022715 1.0231062 1.0195932 0.9655158 0.97243166 0.059498888 0 1.0011308 1.0034139 0.99999183 0.98051995 0.99545324 1.0045581 0.99734104 0.9969631 1.0015109 0.99357027 1.0091523
0.5935663 0.90799636 0.8871479 1.0095364 0.89932185 0.8745262 0.891731 0.88682157 0.88291705 0.8790327 0.9133848 0.9137229 0.910349 0.890091 0.8920595 0.27094263 0.27079913 0.99961257 1.0011308 0 0.057336878 0.8970035 0.75165886 0.8923881 0.73735726 0.88616943 0.9036466 0.4500159 0.4461991 0.9130469
0.5935663 0.8983274 0.8897634 1.0064689 0.89601207 0.87677604 0.8983274 0.8937039 0.8858435 0.88259256 0.9006499 0.9096761 0.89766514 0.89469224 0.89601207 0.26979542 0.26922247 1.0037951 1.0034139 0.057336878 0 0.895022 0.74650043 0.8914027 0.7386949 0.8923881 0.8943626 0.45056275 0.45092753 0.9086678
0.86972773 0.682483 0.21923625 1.0099207 0.6748211 0.79540956 0.7905161 0.78337723 0.79888314 0.79310274 0.6770375 0.6631097 0.6775309 0.6669932 0.67629796 0.8783872 0.87806475 0.9946995 0.99999183 0.8970035 0.895022 0 0.8694089 0.020888196 0.8923881 0.3632189 0.6669932 0.8914027 0.8970035 0.67089695
0.7170537 0.90164745 0.8751683 0.97978103 0.8910746 0.87613255 0.8920595 0.88226825 0.8855178 0.87774235 0.8963424 0.88616943 0.8923881 0.8920595 0.8979962 0.73735726 0.7362889 0.98051995 0.98051995 0.75165886 0.74650043 0.8694089 0 0.8700467 0.3635436 0.8624292 0.8881276 0.7325615 0.74514884 0.8940332
0.86972773 0.6852207 0.21709608 1.0030329 0.67383814 0.7936788 0.790803 0.7825251 0.7956984 0.790803 0.6795078 0.6616586 0.6790131 0.6682109 0.67629796 0.87581104 0.8745262 0.99169195 0.99545324 0.8923881 0.8914027 0.020888196 0.8700467 0 0.8910746 0.36403087 0.67089695 0.88780093 0.8943626 0.67261124
0.7317652 0.903313 0.88943595 1.0011308 0.90799636 0.89601207 0.92154074 0.90766084 0.90098226 0.89304566 0.90098226 0.88943595 0.8973342 0.9086678 0.91643286 0.7301751 0.7312348 1.01146 1.0045581 0.73735726 0.7386949 0.8923881 0.3635436 0.8910746 0 0.8851922 0.8923881 0.7389627 0.72700495 0.8920595
0.8602219 0.67359257 0.36208364 1.0072346 0.67926043 0.79540956 0.7994636 0.7853693 0.800626 0.7977235 0.6772841 0.6662635 0.67555916 0.6782716 0.68173814 0.8684533 0.8716434 0.99734104 0.99734104 0.88616943 0.8923881 0.3632189 0.8624292 0.36403087 0.8851922 0 0.67016345 0.88943595 0.8754896 0.67531306
0.8662283 0.30560035 0.67065233 1.0083846 0.68621874 0.79888314 0.80091685 0.7905161 0.79627645 0.8020814 0.294856 0.39487758 0.29219383 0.68000287 0.6770375 0.8848668 0.8884545 1.0049399 0.9969631 0.9036466 0.8943626 0.6669932 0.8881276 0.67089695 0.8923881 0.67016345 0 0.8793556 0.8652767 0.29693317
0.57979244 0.8927168 0.8832416 1.0099207 0.87324363 0.8751683 0.8783872 0.877098 0.8809723 0.8803252 0.8973342 0.8887815 0.8937039 0.87324363 0.8800019 0.4393415 0.44060004 1.0103053 1.0015109 0.4500159 0.45056275 0.8914027 0.7325615 0.88780093 0.7389627 0.88943595 0.8793556 0 0.266079 0.8914027
0.5784937 0.88682157 0.8751683 0.99545324 0.8855178 0.88162 0.8996537 0.8884545 0.8835664 0.8855178 0.891731 0.8835664 0.8897634 0.88454145 0.88910866 0.4400604 0.43952116 0.99885464 0.99357027 0.4461991 0.45092753 0.8970035 0.74514884 0.8943626 0.72700495 0.8754896 0.8652767 0.266079 0 0.8874743
0.8738847 0.2420848 0.6672366 1.0289978 0.6733471 0.78879654 0.8003352 0.7845149 0.78736657 0.791952 0.24236105 0.39572456 0.24084297 0.6677236 0.66480625 0.8956819 0.8979962 1.014548 1.0091523 0.9130469 0.9086678 0.67089695 0.8940332 0.67261124 0.8920595 0.67531306 0.29693317 0.8914027 0.8874743 0
