0 0.97426224 0.9680563 0.99357027 0.9680563 1.0118452 0.85896355 0.98051995 0.9980974 0.98907024 0.9808897 0.83788776 1.0149349 0.8424862 1.0076177 1.0080011 0.99357027 0.99658537 1.0003713 0.98869646 0.98645765 0.8388052 0.8517685 0.83849925 0.8357514 0.97978103 0.98348296 0.9980974 0.99658537 0.99281836
0.97426224 0 0.44565544 0.44910538 0.41425672 0.99131685 0.99545324 0.41931194 0.30906525 0.42264256 0.420187 0.97024083 1.0034139 0.9845971 0.99885464 0.9977191 0.41948688 0.3116366 0.30891424 0.41931194 0.41826323 0.98869646 0.98757625 0.98832285 0.9924427 0.49372122 0.5032458 1.0060863 0.9827411 0.9857129
0.9680563 0.44565544 0 0.3137608 0.44420755 1.0041765 1.0045581 0.4474692 0.4558696 0.44965157 0.44874147 0.95472425 1.0068517 0.98348296 1.000751 1.0049399 0.45293704 0.45330298 0.45348603 0.44928738 0.44910538 0.97573 0.9801504 0.97352946 0.98832285 0.50168246 0.50598943 1.033348 1.0083846 1.0003713
0.99357027 0.44910538 0.3137608 0 0.44983372 1.0405211 1.0149349 0.4452932 0.4617693 0.4621396 0.4604748 0.9687838 1.0429276 0.99923354 1.0413225 1.0437315 0.45348603 0.46417943 0.46399376 0.45092753 0.45092753 0.99658537 0.9962078 0.99658537 0.9898184 0.5038329 0.5136859 1.025065 1.0091523 1.0149349
0.9680563 0.41425672 0.44420755 0.44983372 0 1.0099207 0.9709704 0.30755678 0.42828566 0.27902275 0.27829775 0.9500957 1.0160967 0.9644296 1.0045581 1.0060863 0.31391275 0.43647274 0.43486387 0.31269795 0.31133363 0.959741 0.9738958 0.95472425 0.9572284 0.48622596 0.4960426 1.0168724 0.99357027 0.98683035
1.0118452 0.99131685 1.0041765 1.0405211 1.0099207 0 1.0341415 0.9931942 1.0133885 1.0141612 0.9943229 0.98757625 0.25841862 1.0215429 0.25167447 0.2511152 0.9962078 1.0242808 1.0317632 0.9857129 0.98757625 1.0180373 1.0234975 1.0164845 1.0286036 1.0049399 1.0133885 0.7527494 0.74433905 0.30260032
0.85896355 0.99545324 1.0045581 1.0149349 0.9709704 1.0341415 0 0.9860852 1.0337447 0.9950763 0.9853408 0.5032458 1.0510052 0.21937022 1.0341415 1.036926 0.98683035 1.0278157 1.0289978 0.9857129 0.98794943 0.21829918 0.5198604 0.21602827 0.36240783 1.0083846 1.0034139 1.0449389 1.0441338 1.0103053
0.98051995 0.41931194 0.4474692 0.4452932 0.30755678 0.9931942 0.9860852 0 0.4258116 0.31833306 0.3163483 0.9557965 1.0022715 0.97206604 0.9958304 0.9962078 0.21097685 0.43432835 0.43414992 0.21031472 0.21044709 0.96769285 0.97243166 0.9658782 0.9637064 0.5003172 0.50265914 0.99999183 0.98496884 0.97978103
0.9980974 0.30906525 0.4558696 0.4617693 0.42828566 1.0133885 1.0337447 0.4258116 0 0.4418607 0.43952116 0.9753628 1.0274222 1.0130024 1.0207624 1.0207624 0.43005788 0.15520664 0.15397772 0.4293485 0.43041283 1.0091523 0.9894442 1.0087683 1.0053219 0.5003172 0.5061858 1.0341415 1.0060863 0.9977191
0.98907024 0.42264256 0.44965157 0.4621396 0.27902275 1.0141612 0.9950763 0.31833306 0.4418607 0 0.14896016 0.9608204 1.025065 0.98496884 1.019204 1.0199828 0.3241649 0.4400604 0.4398806 0.32170385 0.32032305 0.9808897 0.9845971 0.9801504 0.97867405 0.49623638 0.50540066 1.0293922 1.002652 0.99847597
0.9808897 0.420187 0.44874147 0.4604748 0.27829775 0.9943229 0.9853408 0.3163483 0.43952116 0.14896016 0 0.96406794 1.0246727 0.9853408 1.0141612 1.0133885 0.32277957 0.4371889 0.43772647 0.3197102 0.31863886 0.9857129 0.9753628 0.9827411 0.9651536 0.4943009 0.5050084 1.0160967 0.9962078 0.99131685
0.83788776 0.97024083 0.95472425 0.9687838 0.9500957 0.98757625 0.5032458 0.9557965 0.9753628 0.9608204 0.96406794 0 1.014548 0.49449423 1.0064689 1.0076177 0.95615417 0.9857129 0.9872032 0.95080596 0.9554389 0.49623638 0.4820307 0.4946876 0.4975942 0.9476152 0.95615417 0.9775687 0.97867405 0.9977191
1.0149349 1.0034139 1.0068517 1.0429276 1.0160967 0.25841862 1.0510052 1.0022715 1.0274222 1.025065 1.0246727 1.014548 0 1.0317632 0.07139264 0.06810027 1.0168724 1.0377234 1.042526 1.018426 1.0149349 1.0337447 1.0405211 1.0361294 1.0477637 1.0325551 1.0293922 0.7723746 0.75302225 0.31925085
0.8424862 0.9845971 0.98348296 0.99923354 0.9644296 1.0215429 0.21937022 0.97206604 1.0130024 0.98496884 0.9853408 0.49449423 1.0317632 0 1.030972 1.0357314 0.9831119 1.0091523 1.0118452 0.98794943 0.98907024 0.037102796 0.5140827 0.03699773 0.36533183 0.9860852 0.9838541 1.0180373 1.0076177 0.9898184
1.0076177 0.99885464 1.000751 1.0413225 1.0045581 0.25167447 1.0341415 0.9958304 1.0207624 1.019204 1.0141612 1.0064689 0.07139264 1.030972 0 0.035004307 1.0087683 1.0349361 1.0405211 1.0080011 1.0064689 1.0293922 1.0401208 1.0293922 1.0485728 1.0258498 1.0238891 0.76707226 0.7473126 0.31986335
1.0080011 0.9977191 1.0049399 1.0437315 1.0060863 0.2511152 1.036926 0.9962078 1.0207624 1.0199828 1.0133885 1.0076177 0.06810027 1.0357314 0.035004307 0 1.0068517 1.0329514 1.0385218 1.005704 1.0049399 1.0337447 1.0397208 1.0353336 1.0534456 1.0242808 1.0160967 0.76540554 0.7486681 0.31604344
0.99357027 0.41948688 0.45293704 0.45348603 0.31391275 0.9962078 0.98683035 0.21097685 0.43005788 0.3241649 0.32277957 0.95615417 1.0168724 0.9831119 1.0087683 1.0068517 0 0.43468532 0.4355785 0.031450294 0.03113751 0.9768326 0.98125964 0.9746289 0.9727974 0.49410763 0.497012 1.0274222 1.0083846 1.0022715
0.99658537 0.3116366 0.45330298 0.46417943 0.43647274 1.0242808 1.0278157 0.43432835 0.15520664 0.4400604 0.4371889 0.9857129 1.0377234 1.0091523 1.0349361 1.0329514 0.43468532 0 0.02801684 0.4330803 0.4330803 1.0076177 0.9901927 1.0060863 1.0053219 0.5040287 0.50815225 1.0441338 1.0176488 1.0076177
1.0003713 0.30891424 0.45348603 0.46399376 0.43486387 1.0317632 1.0289978 0.43414992 0.15397772 0.4398806 0.43772647 0.9872032 1.042526 1.0118452 1.0405211 1.0385218 0.4355785 0.02801684 0 0.43414992 0.43414992 1.0087683 0.99281836 1.0076177 1.01069 0.5055969 0.51388425 1.0501935 1.0231062 1.01146
0.98869646 0.41931194 0.44928738 0.45092753 0.31269795 0.9857129 0.9857129 0.21031472 0.4293485 0.32170385 0.3197102 0.95080596 1.018426 0.98794943 1.0080011 1.005704 0.031450294 0.4330803 0.43414992 0 0.012401977 0.98051995 0.98237044 0.97978103 0.9706055 0.49526802 0.49876 1.0266355 1.0053219 0.99847597
0.98645765 0.41826323 0.44910538 0.45092753 0.31133363 0.98757625 0.98794943 0.21044709 0.43041283 0.32032305 0.31863886 0.9554389 1.0149349 0.98907024 1.0064689 1.0049399 0.03113751 0.4330803 0.43414992 0.012401977 0 0.9816297 0.98237044 0.9808897 0.97499573 0.49546158 0.49740008 1.0254573 1.0041765 0.9962078
0.8388052 0.98869646 0.97573 0.99658537 0.959741 1.0180373 0.21829918 0.96769285 1.0091523 0.9808897 0.9857129 0.49623638 1.0337447 0.037102796 1.0293922 1.0337447 0.9768326 1.0076177 1.0087683 0.98051995 0.9816297 0 0.51170486 0.007941901 0.36208364 0.98125964 0.9842255 1.0160967 1.01069 0.99357027
0.8517685 0.98757625 0.9801504 0.9962078 0.9738958 1.0234975 0.5198604 0.97243166 0.9894442 0.9845971 0.9753628 0.4820307 1.0405211 0.5140827 1.0401208 1.0397208 0.98125964 0.9901927 0.99281836 0.98237044 0.98237044 0.51170486 0 0.5113093 0.51190275 0.98496884 0.9842255 1.0401208 1.0262426 1.0231062
0.83849925 0.98832285 0.97352946 0.99658537 0.95472425 1.0164845 0.21602827 0.9658782 1.0087683 0.9801504 0.9827411 0.4946876 1.0361294 0.03699773 1.0293922 1.0353336 0.9746289 1.0060863 1.0076177 0.97978103 0.9808897 0.007941901 0.5113093 0 0.36062655 0.97941184 0.97941184 1.0133885 1.0095364 0.990942
0.8357514 0.9924427 0.98832285 0.9898184 0.9572284 1.0286036 0.36240783 0.9637064 1.0053219 0.97867405 0.9651536 0.4975942 1.0477637 0.36533183 1.0485728 1.0534456 0.9727974 1.0053219 1.01069 0.9706055 0.97499573 0.36208364 0.51190275 0.36062655 0 0.9845971 0.98348296 1.01146 1.0034139 0.99545324
0.97978103 0.49372122 0.50168246 0.5038329 0.48622596 1.0049399 1.0083846 0.5003172 0.5003172 0.49623638 0.4943009 0.9476152 1.0325551 0.9860852 1.0258498 1.0242808 0.49410763 0.5040287 0.5055969 0.49526802 0.49546158 0.98125964 0.98496884 0.97941184 0.9845971 0 0.33643606 1.0157093 0.990942 0.98125964
0.98348296 0.5032458 0.50598943 0.5136859 0.4960426 1.0133885 1.0034139 0.50265914 0.5061858 0.50540066 0.5050084 0.95615417 1.0293922 0.9838541 1.0238891 1.0160967 0.497012 0.50815225 0.51388425 0.49876 0.49740008 0.9842255 0.9842255 0.97941184 0.98348296 0.33643606 0 1.032159 1.000751 0.990942
0.9980974 1.0060863 1.033348 1.025065 1.0168724 0.7527494 1.0449389 0.99999183 1.0341415 1.0293922 1.0160967 0.9775687 0.7723746 1.0180373 0.76707226 0.76540554 1.0274222 1.0441338 1.0501935 1.0266355 1.0254573 1.0160967 1.0401208 1.0133885 1.01146 1.0157093 1.032159 0 0.31406474 0.7519313
0.99658537 0.9827411 1.0083846 1.0091523 0.99357027 0.74433905 1.0441338 0.98496884 1.0060863 1.002652 0.9962078 0.97867405 0.75302225 1.0076177 0.7473126 0.7486681 1.0083846 1.0176488 1.0231062 1.0053219 1.0041765 1.01069 1.0262426 1.0095364 1.0034139 0.990942 1.000751 0.31406474 0 0.7333587
0.99281836 0.9857129 1.0003713 1.0149349 0.98683035 0.30260032 1.0103053 0.97978103 0.9977191 0.99847597 0.99131685 0.9977191 0.31925085 0.9898184 0.31986335 0.31604344 1.0022715 1.0076177 1.01146 0.99847597 0.9962078 0.99357027 1.0231062 0.990942 0.99545324 0.98125964 0.990942 0.7519313 0.7333587 0
