0 0.9738958 0.990942 0.953297 1.0068517 0.96190137 0.9395222 0.97352946 0.9943229 1.0083846 0.9808897 0.94620144 0.93847305 0.9518725 0.9980974 1.000751 0.9831119 0.9860852 0.953297 0.953297 1.0110749 1.0157093 0.9969631 1.0095364 0.93082345 0.9827411 0.9511613 0.99357027 1.002652 1.0037951
0.9738958 0 0.31589106 0.98348296 0.6852207 0.990942 0.99357027 0.990942 0.680994 0.6847222 1.0045581 1.000751 0.99357027 0.9783054 0.6993151 0.6972853 0.99734104 0.9950763 0.9969631 0.98869646 0.67802465 0.6889701 0.6852207 0.6854701 0.9775687 0.67261124 1.0060863 0.6884691 0.6927383 0.6864684
0.990942 0.31589106 0 0.98869646 0.69804585 1.0176488 1.019204 0.9939465 0.6892207 0.6837262 1.0091523 1.0188149 1.002652 0.9898184 0.70007765 0.6922348 1.0072346 1.0034139 1.0219333 1.0130024 0.6904751 0.6955138 0.7087749 0.69425094 0.99923354 0.6832287 1.0289978 0.6894714 0.6922348 0.6907262
0.953297 0.98348296 0.98869646 0 0.9845971 0.8745262 0.8793556 0.99131685 1.0060863 0.9939465 0.9783054 0.8783872 0.27252296 0.26664954 0.98051995 0.97426224 0.97170067 0.9753628 0.87613255 0.87484723 0.98869646 0.9931942 1.0118452 0.99357027 0.5266914 0.9801504 0.8793556 1.0003713 1.0030329 0.9962078
1.0068517 0.6852207 0.69804585 0.9845971 0 1.0015109 0.99056727 0.9872032 0.43236804 0.4352211 0.9920673 0.97941184 0.9950763 0.9857129 0.69576657 0.68571955 0.98832285 0.99056727 0.9980974 0.9853408 0.21283394 0.21642852 0.69779223 0.21403022 0.96226203 0.6988071 0.9980974 0.34430766 0.69576657 0.69173163
0.96190137 0.990942 1.0176488 0.8745262 1.0015109 0 0.19149184 0.97243166 0.9962078 1.0034139 0.9669665 0.77546155 0.890091 0.8842163 0.9842255 0.9901927 0.9568702 0.9568702 0.49740008 0.4915996 0.9924427 0.99545324 1.0122308 0.9860852 0.86179787 0.99923354 0.3487521 0.9779369 1.0003713 0.9939465
0.9395222 0.99357027 1.019204 0.8793556 0.99056727 0.19149184 0 0.9687838 0.9958304 1.0011308 0.95258445 0.79830307 0.8999856 0.89304566 0.9764649 0.97720057 0.95151687 0.95294064 0.50168246 0.49643022 0.98125964 0.9860852 1.000751 0.97609735 0.86559373 0.97941184 0.354345 0.9783054 0.98869646 1.0080011
0.97352946 0.990942 0.9939465 0.99131685 0.9872032 0.97243166 0.9687838 0 0.9673296 0.96841997 0.14603856 0.990942 0.97941184 0.98051995 0.9924427 0.9943229 0.1438548 0.14155659 0.9931942 1.0049399 0.97243166 0.9801504 0.9727974 0.9790429 0.97170067 0.97170067 0.98757625 0.97941184 1.0076177 0.9950763
0.9943229 0.680994 0.6892207 1.0060863 0.43236804 0.9962078 0.9958304 0.9673296 0 0.14324932 0.98237044 1.0133885 1.0164845 1.0130024 0.6832287 0.68149 0.9727974 0.98125964 1.0034139 0.99734104 0.43790576 0.44384602 0.6947558 0.44204095 0.990942 0.69097745 1.0053219 0.43272406 0.6945033 0.6874681
1.0083846 0.6847222 0.6837262 0.9939465 0.4352211 1.0034139 1.0011308 0.96841997 0.14324932 0 0.9738958 1.0076177 1.0083846 1.000751 0.68149 0.6807461 0.9746289 0.98496884 1.0087683 1.0091523 0.43844384 0.44294295 0.69576657 0.44294295 0.98907024 0.70160514 1.0126165 0.43593606 0.70033205 0.6967787
0.9808897 1.0045581 1.0091523 0.9783054 0.9920673 0.9669665 0.95258445 0.14603856 0.98237044 0.9738958 0 0.9801504 0.97720057 0.9775687 1.0034139 0.9977191 0.13830279 0.13542233 0.982 0.98907024 0.98237044 0.9857129 0.98348296 0.9845971 0.9565121 0.9764649 0.9713354 0.9801504 1.0037951 1.001891
0.94620144 1.000751 1.0188149 0.8783872 0.97941184 0.77546155 0.79830307 0.990942 1.0133885 1.0076177 0.9801504 0 0.8953518 0.8787099 1.014548 1.0149349 0.9644296 0.9655158 0.80120784 0.80091685 0.9894442 0.99961257 1.01069 0.9939465 0.87324363 1.0091523 0.793967 0.97426224 1.0118452 1.0022715
0.93847305 0.99357027 1.002652 0.27252296 0.9950763 0.890091 0.8999856 0.97941184 1.0164845 1.0083846 0.97720057 0.8953518 0 0.09883541 0.98125964 0.98348296 0.9691478 0.9727974 0.8956819 0.8983274 0.99281836 0.99658537 1.0157093 0.9939465 0.54116 0.9901927 0.891731 1.0122308 0.99885464 0.98907024
0.9518725 0.9783054 0.9898184 0.26664954 0.9857129 0.8842163 0.89304566 0.98051995 1.0130024 1.000751 0.9775687 0.8787099 0.09883541 0 0.97352946 0.9783054 0.9673296 0.9713354 0.8940332 0.89601207 0.9783054 0.98794943 1.000751 0.98348296 0.5287124 0.9775687 0.8897634 1.0041765 0.9872032 0.982
0.9980974 0.6993151 0.70007765 0.98051995 0.69576657 0.9842255 0.9764649 0.9924427 0.6832287 0.68149 1.0034139 1.014548 0.98125964 0.97352946 0 0.088074826 0.98496884 0.9901927 1.0034139 1.000751 0.69173163 0.69956917 0.6945033 0.69804585 1.0015109 0.70160514 1.0083846 0.67359257 0.69956917 0.69022405
1.000751 0.6972853 0.6922348 0.97426224 0.68571955 0.9901927 0.97720057 0.9943229 0.68149 0.6807461 0.9977191 1.0149349 0.98348296 0.9783054 0.088074826 0 0.98683035 0.99169195 0.9962078 0.9939465 0.67975533 0.6894714 0.695261 0.6867182 0.99999183 0.71032023 1.0072346 0.67089695 0.70160514 0.69753873
0.9831119 0.99734104 1.0072346 0.97170067 0.98832285 0.9568702 0.95151687 0.1438548 0.9727974 0.9746289 0.13830279 0.9644296 0.9691478 0.9673296 0.98496884 0.98683035 0 0.06449529 0.98907024 0.9958304 0.9860852 0.9894442 0.9845971 0.99169195 0.95294064 0.9727974 0.97426224 0.9637064 1.01069 0.99885464
0.9860852 0.9950763 1.0034139 0.9753628 0.99056727 0.9568702 0.95294064 0.14155659 0.98125964 0.98496884 0.13542233 0.9655158 0.9727974 0.9713354 0.9901927 0.99169195 0.06449529 0 0.97720057 0.98645765 0.97978103 0.9857129 0.9831119 0.98237044 0.9568702 0.9695119 0.96841997 0.9666036 1.0168724 1.0064689
0.953297 0.9969631 1.0219333 0.87613255 0.9980974 0.49740008 0.50168246 0.9931942 1.0034139 1.0087683 0.982 0.80120784 0.8956819 0.8940332 1.0034139 0.9962078 0.98907024 0.97720057 0 0.061884318 0.98794943 0.9946995 1.0289978 0.98757625 0.86813504 1.000751 0.5061858 0.98757625 1.0227151 1.015322
0.953297 0.98869646 1.0130024 0.87484723 0.9853408 0.4915996 0.49643022 1.0049399 0.99734104 1.0091523 0.98907024 0.80091685 0.8983274 0.89601207 1.000751 0.9939465 0.9958304 0.98645765 0.061884318 0 0.98125964 0.98683035 1.0246727 0.9783054 0.86813504 0.99923354 0.50129217 0.9827411 1.0045581 0.99999183
1.0110749 0.67802465 0.6904751 0.98869646 0.21283394 0.9924427 0.98125964 0.97243166 0.43790576 0.43844384 0.98237044 0.9894442 0.99281836 0.9783054 0.69173163 0.67975533 0.9860852 0.97978103 0.98794943 0.98125964 0 0.05410551 0.6887196 0.05228056 0.97609735 0.6955138 0.9901927 0.33957478 0.6907262 0.6922348
1.0157093 0.6889701 0.6955138 0.9931942 0.21642852 0.99545324 0.9860852 0.9801504 0.44384602 0.44294295 0.9857129 0.99961257 0.99658537 0.98794943 0.69956917 0.6894714 0.9894442 0.9857129 0.9946995 0.98683035 0.05410551 0 0.6950084 0.036892682 0.9816297 0.6982995 0.9939465 0.34351677 0.69779223 0.6993151
0.9969631 0.6852207 0.7087749 1.0118452 0.69779223 1.0122308 1.000751 0.9727974 0.6947558 0.69576657 0.98348296 1.01069 1.0157093 1.000751 0.6945033 0.695261 0.9845971 0.9831119 1.0289978 1.0246727 0.6887196 0.6950084 0 0.6982995 1.0049399 0.62996036 1.0072346 0.6867182 0.6306556 0.62534213
1.0095364 0.6854701 0.69425094 0.99357027 0.21403022 0.9860852 0.97609735 0.9790429 0.44204095 0.44294295 0.9845971 0.9939465 0.9939465 0.98348296 0.69804585 0.6867182 0.99169195 0.98237044 0.98757625 0.9783054 0.05228056 0.036892682 0.6982995 0 0.9860852 0.6982995 0.9894442 0.34430766 0.702115 0.70033205
0.93082345 0.9775687 0.99923354 0.5266914 0.96226203 0.86179787 0.86559373 0.97170067 0.990942 0.98907024 0.9565121 0.87324363 0.54116 0.5287124 1.0015109 0.99999183 0.95294064 0.9568702 0.86813504 0.86813504 0.97609735 0.9816297 1.0049399 0.9860852 0 0.98683035 0.8774201 0.99281836 0.99923354 0.9939465
0.9827411 0.67261124 0.6832287 0.9801504 0.6988071 0.99923354 0.97941184 0.97170067 0.69097745 0.70160514 0.9764649 1.0091523 0.9901927 0.9775687 0.70160514 0.71032023 0.9727974 0.9695119 1.000751 0.99923354 0.6955138 0.6982995 0.62996036 0.6982995 0.98683035 0 0.9969631 0.68049824 0.5200604 0.50422454
0.9511613 1.0060863 1.0289978 0.8793556 0.9980974 0.3487521 0.354345 0.98757625 1.0053219 1.0126165 0.9713354 0.793967 0.891731 0.8897634 1.0083846 1.0072346 0.97426224 0.96841997 0.5061858 0.50129217 0.9901927 0.9939465 1.0072346 0.9894442 0.8774201 0.9969631 0 0.9775687 1.0219333 1.0118452
0.99357027 0.6884691 0.6894714 1.0003713 0.34430766 0.9779369 0.9783054 0.97941184 0.43272406 0.43593606 0.9801504 0.97426224 1.0122308 1.0041765 0.67359257 0.67089695 0.9637064 0.9666036 0.98757625 0.9827411 0.33957478 0.34351677 0.6867182 0.34430766 0.99281836 0.68049824 0.9775687 0 0.6884691 0.6892207
1.002652 0.6927383 0.6922348 1.0030329 0.69576657 1.0003713 0.98869646 1.0076177 0.6945033 0.70033205 1.0037951 1.0118452 0.99885464 0.9872032 0.69956917 0.70160514 1.01069 1.0168724 1.0227151 1.0045581 0.6907262 0.69779223 0.6306556 0.702115 0.99923354 0.5200604 1.0219333 0.6884691 0 0.3477975
1.0037951 0.6864684 0.6907262 0.9962078 0.69173163 0.9939465 1.0080011 0.9950763 0.6874681 0.6967787 1.001891 1.0022715 0.98907024 0.982 0.69022405 0.69753873 0.99885464 1.0064689 1.015322 0.99999183 0.6922348 0.6993151 0.62534213 0.70033205 0.9939465 0.50422454 1.0118452 0.6892207 0.3477975 0
