0 1.0377234 0.28484803 0.40923536 0.28163853 0.6449328 0.6570817 0.6489606 0.64991146 0.28939393 0.41564786 0.28105646 0.27916783 0.63975227 0.6395176 0.63834554 0.6348403 0.4100987 0.4130416 0.2879245 0.28631145 0.28294984 0.6437523 0.28265825 0.65110177 0.6442242 0.6442242 0.64824826 0.6336756 1.0429276
1.0377234 0 1.0141612 1.0301816 1.0126165 1.0083846 1.0242808 1.0064689 1.019204 1.0223241 1.0465518 1.0493827 1.0137748 0.99961257 0.9962078 1.0103053 1.0083846 1.0317632 1.0329514 1.0227151 1.0234975 1.0141612 1.0234975 1.01069 1.0103053 1.0064689 1.0099207 1.015322 0.99923354 0.15952373
0.28484803 1.0141612 0 0.41913706 0.14981444 0.65516293 0.66456366 0.6390486 0.6395176 0.16051398 0.4212384 0.29145598 0.19771379 0.6484856 0.65181684 0.65540254 0.6520554 0.41443047 0.4170416 0.1577939 0.15705377 0.20032158 0.6520554 0.20058286 0.6542054 0.65253264 0.66504896 0.6558819 0.6421026 1.0325551
0.40923536 1.0301816 0.41913706 0 0.4080283 0.63297755 0.64469653 0.63088745 0.6306556 0.4235215 0.13974719 0.42088777 0.41425672 0.6477737 0.64801097 0.6332101 0.63251257 0.13446462 0.13638125 0.41773945 0.41878742 0.41756493 0.64257354 0.417914 0.6439882 0.64919823 0.6413967 0.64516914 0.6334428 1.0266355
0.28163853 1.0126165 0.14981444 0.4080283 0 0.6406915 0.6506254 0.63460726 0.6350735 0.13314977 0.4147781 0.28222105 0.19252525 0.6449328 0.64729947 0.6348403 0.63019204 0.41425672 0.41425672 0.13147967 0.13231426 0.19407804 0.6409265 0.19511503 0.64469653 0.64233804 0.64540553 0.64682555 0.6283408 1.0227151
0.6449328 1.0083846 0.65516293 0.63297755 0.6406915 0 0.11778281 0.6395176 0.64635193 0.65372705 0.6439882 0.64967364 0.6444604 0.31604344 0.3145209 0.20912434 0.20569606 0.6348403 0.6348403 0.64729947 0.6501494 0.64872307 0.3133051 0.64682555 0.31012297 0.31940395 0.21336539 0.3189448 0.3048492 1.0103053
0.6570817 1.0242808 0.66456366 0.64469653 0.6506254 0.11778281 0 0.6494359 0.65110177 0.6662635 0.64682555 0.65948707 0.65540254 0.31925085 0.31756908 0.21349831 0.21163957 0.6413967 0.64280915 0.66286767 0.6640787 0.6616586 0.3197102 0.6582834 0.31848595 0.32570714 0.21549493 0.32078305 0.3087633 1.0160967
0.6489606 1.0064689 0.6390486 0.63088745 0.63460726 0.6395176 0.6494359 0 0.11195528 0.65372705 0.6276477 0.65038735 0.6357735 0.6413967 0.6418672 0.6320479 0.6318157 0.62649405 0.62996036 0.6449328 0.64587855 0.6339084 0.64045656 0.6395176 0.6390486 0.6336756 0.64280915 0.64516914 0.6369415 1.0053219
0.64991146 1.019204 0.6395176 0.6306556 0.6350735 0.64635193 0.65110177 0.11195528 0 0.6530102 0.63088745 0.6515784 0.64564204 0.6418672 0.6437523 0.6421026 0.6449328 0.62534213 0.62903446 0.6461152 0.6449328 0.64351636 0.64872307 0.64682555 0.64233804 0.64328057 0.6520554 0.6461152 0.6353068 1.0034139
0.28939393 1.0223241 0.16051398 0.4235215 0.13314977 0.65372705 0.6662635 0.65372705 0.6530102 0 0.42651764 0.29619068 0.2022834 0.6570817 0.6592462 0.6494359 0.6489606 0.42651764 0.42846268 0.09303948 0.092926286 0.20425035 0.65134007 0.205433 0.661417 0.6506254 0.65972805 0.6590054 0.63881415 1.0397208
0.41564786 1.0465518 0.4212384 0.13974719 0.4147781 0.6439882 0.64682555 0.6276477 0.63088745 0.42651764 0 0.43290216 0.42211568 0.65134007 0.64967364 0.63975227 0.6409265 0.08325454 0.08515653 0.4235215 0.4231698 0.42492995 0.6489606 0.4236974 0.6439882 0.6501494 0.6449328 0.65038735 0.6348403 1.0421246
0.28105646 1.0493827 0.29145598 0.42088777 0.28222105 0.64967364 0.65948707 0.65038735 0.6515784 0.29619068 0.43290216 0 0.28763095 0.6444604 0.6465887 0.63811135 0.63928306 0.42757794 0.42988047 0.29411557 0.29248914 0.28704423 0.64824826 0.28836504 0.6530102 0.64919823 0.6570817 0.6532491 0.63881415 1.0534456
0.27916783 1.0137748 0.19771379 0.41425672 0.19252525 0.6444604 0.65540254 0.6357735 0.64564204 0.2022834 0.42211568 0.28763095 0 0.64564204 0.64564204 0.6406915 0.6390486 0.41826323 0.4207125 0.19771379 0.19836488 0.04843056 0.6395176 0.04875064 0.6442242 0.64328057 0.64635193 0.64872307 0.6362405 1.0293922
0.63975227 0.99961257 0.6484856 0.6477737 0.6449328 0.31604344 0.31925085 0.6413967 0.6418672 0.6570817 0.65134007 0.6444604 0.64564204 0 0.041845977 0.30921626 0.3077075 0.6449328 0.6449328 0.6563616 0.65516293 0.6470625 0.266079 0.64328057 0.3119397 0.31072804 0.31360888 0.16150555 0.15496069 1.0053219
0.6395176 0.9962078 0.65181684 0.64801097 0.64729947 0.3145209 0.31756908 0.6418672 0.6437523 0.6592462 0.64967364 0.6465887 0.64564204 0.041845977 0 0.3068037 0.30575064 0.6442242 0.64328057 0.65444463 0.6542054 0.6494359 0.26679227 0.64564204 0.31300145 0.30997178 0.3137608 0.16125754 0.15582183 1.0037951
0.63834554 1.0103053 0.65540254 0.6332101 0.6348403 0.20912434 0.21349831 0.6320479 0.6421026 0.6494359 0.63975227 0.63811135 0.6406915 0.30921626 0.3068037 0 0.032807194 0.6336756 0.6334428 0.6437523 0.6430448 0.6449328 0.31315327 0.64045656 0.3098206 0.31421676 0.17061472 0.30906525 0.3033492 1.001891
0.6348403 1.0083846 0.6520554 0.63251257 0.63019204 0.20569606 0.21163957 0.6318157 0.6449328 0.6489606 0.6409265 0.63928306 0.6390486 0.3077075 0.30575064 0.032807194 0 0.63554007 0.63460726 0.64351636 0.64257354 0.6418672 0.31087938 0.6369415 0.3077075 0.3122429 0.16810805 0.30831063 0.30215135 0.99999183
0.4100987 1.0317632 0.41443047 0.13446462 0.41425672 0.6348403 0.6413967 0.62649405 0.62534213 0.42651764 0.08325454 0.42757794 0.41826323 0.6449328 0.6442242 0.6336756 0.63554007 0 0.029055621 0.41843793 0.41948688 0.4189622 0.64257354 0.41966185 0.6367077 0.64516914 0.63834554 0.6430448 0.6255724 1.0207624
0.4130416 1.0329514 0.4170416 0.13638125 0.41425672 0.6348403 0.64280915 0.62996036 0.62903446 0.42846268 0.08515653 0.42988047 0.4207125 0.6449328 0.64328057 0.6334428 0.63460726 0.029055621 0 0.41948688 0.41931194 0.42141378 0.64351636 0.42229128 0.6353068 0.6442242 0.63975227 0.6409265 0.6258027 1.0231062
0.2879245 1.0227151 0.1577939 0.41773945 0.13147967 0.64729947 0.66286767 0.6449328 0.6461152 0.09303948 0.4235215 0.29411557 0.19771379 0.6563616 0.65444463 0.6437523 0.64351636 0.41843793 0.41948688 0 0.025426164 0.19953829 0.64635193 0.20097494 0.6539662 0.6501494 0.6539662 0.65972805 0.6364741 1.0417235
0.28631145 1.0234975 0.15705377 0.41878742 0.13231426 0.6501494 0.6640787 0.64587855 0.6449328 0.092926286 0.4231698 0.29248914 0.19836488 0.65516293 0.6542054 0.6430448 0.64257354 0.41948688 0.41931194 0.025426164 0 0.19953829 0.64682555 0.20045221 0.6568416 0.6532491 0.6530102 0.6602102 0.6364741 1.0397208
0.28294984 1.0141612 0.20032158 0.41756493 0.19407804 0.64872307 0.6616586 0.6339084 0.64351636 0.20425035 0.42492995 0.28704423 0.04843056 0.6470625 0.6494359 0.6449328 0.6418672 0.4189622 0.42141378 0.19953829 0.19953829 0 0.64351636 0.022226105 0.64635193 0.6442242 0.65181684 0.6522939 0.6376432 1.033348
0.6437523 1.0234975 0.6520554 0.64257354 0.6409265 0.3133051 0.3197102 0.64045656 0.64872307 0.65134007 0.6489606 0.64824826 0.6395176 0.266079 0.26679227 0.31315327 0.31087938 0.64257354 0.64351636 0.64635193 0.64682555 0.64351636 0 0.63881415 0.31239453 0.31391275 0.31391275 0.26550886 0.2551795 1.0157093
0.28265825 1.01069 0.20058286 0.417914 0.19511503 0.64682555 0.6582834 0.6395176 0.64682555 0.205433 0.4236974 0.28836504 0.04875064 0.64328057 0.64564204 0.64045656 0.6369415 0.41966185 0.42229128 0.20097494 0.20045221 0.022226105 0.63881415 0 0.64163196 0.6430448 0.6470625 0.6494359 0.6357735 1.0297868
0.65110177 1.0103053 0.6542054 0.6439882 0.64469653 0.31012297 0.31848595 0.6390486 0.64233804 0.661417 0.6439882 0.6530102 0.6442242 0.3119397 0.31300145 0.3098206 0.3077075 0.6367077 0.6353068 0.6539662 0.6568416 0.64635193 0.31239453 0.64163196 0 0.23247984 0.31497735 0.31148508 0.30499938 1.0118452
0.6442242 1.0064689 0.65253264 0.64919823 0.64233804 0.31940395 0.32570714 0.6336756 0.64328057 0.6506254 0.6501494 0.64919823 0.64328057 0.31072804 0.30997178 0.31421676 0.3122429 0.64516914 0.6442242 0.6501494 0.6532491 0.6442242 0.31391275 0.6430448 0.23247984 0 0.32093644 0.31148508 0.30695426 1.0053219
0.6442242 1.0099207 0.66504896 0.6413967 0.64540553 0.21336539 0.21549493 0.64280915 0.6520554 0.65972805 0.6449328 0.6570817 0.64635193 0.31360888 0.3137608 0.17061472 0.16810805 0.63834554 0.63975227 0.6539662 0.6530102 0.65181684 0.31391275 0.6470625 0.31497735 0.32093644 0 0.3122429 0.30394885 1.000751
0.64824826 1.015322 0.6558819 0.64516914 0.64682555 0.3189448 0.32078305 0.64516914 0.6461152 0.6590054 0.65038735 0.6532491 0.64872307 0.16150555 0.16125754 0.30906525 0.30831063 0.6430448 0.6409265 0.65972805 0.6602102 0.6522939 0.26550886 0.6494359 0.31148508 0.31148508 0.3122429 0 0.1561912 1.0164845
0.6336756 0.99923354 0.6421026 0.6334428 0.6283408 0.3048492 0.3087633 0.6369415 0.6353068 0.63881415 0.6348403 0.63881415 0.6362405 0.15496069 0.15582183 0.3033492 0.30215135 0.6255724 0.6258027 0.6364741 0.6364741 0.6376432 0.2551795 0.6357735 0.30499938 0.30695426 0.30394885 0.1561912 0 0.99357027
1.0429276 0.15952373 1.0325551 1.0266355 1.0227151 1.0103053 1.0160967 1.0053219 1.0034139 1.0397208 1.0421246 1.0534456 1.0293922 1.0053219 1.0037951 1.001891 0.99999183 1.0207624 1.0231062 1.0417235 1.0397208 1.033348 1.0157093 1.0297868 1.0118452 1.0053219 1.000751 1.0164845 0.99357027 0
