0 0.9827411 0.9943229 0.6962725 0.7067194 0.5440462 0.5542363 0.556333 0.96769285 0.9644296 0.5436332 1.015322 0.9746289 0.982 0.7165336 0.71161044 0.7129029 0.99056727 0.990942 0.99169195 0.9901927 0.54652894 0.97573 0.5440462 0.9939465 0.5454935 0.72044325 0.99923354 0.9872032 0.5575939
0.9827411 0 0.20477574 0.98869646 0.98683035 1.0091523 1.015322 1.0091523 0.2589834 0.25349504 1.0072346 0.6031149 0.6155082 0.61687267 1.0518178 1.0522244 1.0522244 0.70288044 0.70007765 0.702115 0.7013504 1.0168724 0.60669917 1.0141612 0.6026681 1.0045581 1.0357314 0.31573868 0.31027418 1.0223241
0.9943229 0.20477574 0 1.0064689 1.0203725 1.0030329 1.0242808 1.0176488 0.26223904 0.2589834 1.0034139 0.61052626 0.6216679 0.62143886 1.0567118 1.055077 1.0554852 0.6932422 0.69097745 0.69349426 0.6922348 1.0087683 0.61482686 1.005704 0.615281 0.99847597 1.0413225 0.32617044 0.31103078 1.025065
0.6962725 0.98869646 1.0064689 0 0.19368954 0.68571955 0.69804585 0.6929902 0.98645765 0.98683035 0.6972853 0.98683035 0.9768326 0.98348296 0.6395176 0.6350735 0.6348403 1.0137748 1.0080011 1.0172604 1.0195932 0.6945033 0.99357027 0.69425094 1.0045581 0.69425094 0.6506254 0.98348296 0.98683035 0.70109564
0.7067194 0.98683035 1.0203725 0.19368954 0 0.69148016 0.7080034 0.7072328 0.9857129 0.98832285 0.702115 1.0149349 0.9783054 0.98237044 0.64469653 0.6378772 0.6390486 1.0238891 1.018426 1.0293922 1.030972 0.7031358 1.005704 0.70364666 1.0149349 0.7080034 0.64991146 0.9857129 0.98237044 0.7141975
0.5440462 1.0091523 1.0030329 0.68571955 0.69148016 0 0.3925111 0.3914992 0.99357027 0.98496884 0.12094861 1.0211525 1.0045581 1.0022715 0.7051815 0.6982995 0.700841 0.990942 0.9860852 0.98907024 0.9898184 0.12566338 1.0110749 0.12448191 1.0282096 0.3201698 0.70903224 0.99999183 0.9898184 0.39538565
0.5542363 1.015322 1.0242808 0.69804585 0.7080034 0.3925111 0 0.09826519 0.9946995 0.98832285 0.3884716 1.0297868 1.0266355 1.0234975 0.70288044 0.7026252 0.7013504 1.0141612 1.01069 1.0122308 1.01069 0.3914992 1.0274222 0.39082533 1.0493827 0.38931137 0.7165336 1.0141612 1.0003713 0.24042948
0.556333 1.0091523 1.0176488 0.6929902 0.7072328 0.3914992 0.09826519 0 0.9857129 0.97573 0.39048862 1.0274222 1.0278157 1.0246727 0.7072328 0.7056938 0.7033912 1.0122308 1.0072346 1.0157093 1.014548 0.39065698 1.0262426 0.39065698 1.0481682 0.3888074 0.718095 1.0122308 1.0110749 0.24167064
0.96769285 0.2589834 0.26223904 0.98645765 0.9857129 0.99357027 0.9946995 0.9857129 0 0.089876354 0.99131685 0.5933457 0.6019983 0.60222155 1.0353336 1.0289978 1.0297868 0.6832287 0.68149 0.682483 0.68198633 0.99847597 0.6145999 0.9924427 0.6033384 0.9783054 1.0133885 0.3119397 0.30080608 1.0087683
0.9644296 0.25349504 0.2589834 0.98683035 0.98832285 0.98496884 0.98832285 0.97573 0.089876354 0 0.98237044 0.5889469 0.59865856 0.60222155 1.0445362 1.042526 1.0437315 0.6770375 0.67432946 0.67359257 0.67359257 0.990942 0.6060258 0.9872032 0.5984365 0.9709704 1.0317632 0.30861238 0.2975277 0.99999183
0.5436332 1.0072346 1.0034139 0.6972853 0.702115 0.12094861 0.3884716 0.39048862 0.99131685 0.98237044 0 1.019204 1.0130024 1.0099207 0.70364666 0.6982995 0.69956917 0.98757625 0.9838541 0.9901927 0.98869646 0.0820264 1.0133885 0.08057756 1.0325551 0.3172637 0.69956917 0.9943229 0.9924427 0.39572456
1.015322 0.6031149 0.61052626 0.98683035 1.0149349 1.0211525 1.0297868 1.0274222 0.5933457 0.5889469 1.019204 0 0.496818 0.49662408 1.0469556 1.0530384 1.0505993 0.6998234 0.70007765 0.7033912 0.70466954 1.0176488 0.49643022 1.0157093 0.5003172 1.0242808 1.0554852 0.60669917 0.6073731 1.0160967
0.9746289 0.6155082 0.6216679 0.9768326 0.9783054 1.0045581 1.0266355 1.0278157 0.6019983 0.59865856 1.0130024 0.496818 0 0.04672577 1.0262426 1.0188149 1.0176488 0.69956917 0.697032 0.70288044 0.7026252 1.0211525 0.3700668 1.0149349 0.3601415 1.002652 1.0297868 0.62810963 0.6109778 1.0087683
0.982 0.61687267 0.62143886 0.98348296 0.98237044 1.0022715 1.0234975 1.0246727 0.60222155 0.60222155 1.0099207 0.49662408 0.04672577 0 1.0258498 1.0207624 1.0180373 0.69855326 0.6950084 0.702115 0.702115 1.018426 0.37450224 1.0149349 0.3628944 1.0041765 1.0254573 0.62903446 0.6150539 1.0060863
0.7165336 1.0518178 1.0567118 0.6395176 0.64469653 0.7051815 0.70288044 0.7072328 1.0353336 1.0445362 0.70364666 1.0469556 1.0262426 1.0258498 0 0.03731297 0.03552838 1.0266355 1.0231062 1.0258498 1.025065 0.7105781 1.0389212 0.71006244 1.0526313 0.70928967 0.2825125 1.0409217 1.0469556 0.71627367
0.71161044 1.0522244 1.055077 0.6350735 0.6378772 0.6982995 0.7026252 0.7056938 1.0289978 1.042526 0.6982995 1.0530384 1.0188149 1.0207624 0.03731297 0 0.0130122285 1.025065 1.0199828 1.0274222 1.0270288 0.7056938 1.0389212 0.70466954 1.0417235 0.7049255 0.28003892 1.0349361 1.0473596 0.71342045
0.7129029 1.0522244 1.0554852 0.6348403 0.6390486 0.700841 0.7013504 0.7033912 1.0297868 1.0437315 0.69956917 1.0505993 1.0176488 1.0180373 0.03552838 0.0130122285 0 1.0266355 1.0219333 1.0297868 1.0289978 0.7062064 1.0349361 0.70543754 1.0365276 0.7031358 0.2784427 1.0349361 1.0437315 0.71367943
0.99056727 0.70288044 0.6932422 1.0137748 1.0238891 0.990942 1.0141612 1.0122308 0.6832287 0.6770375 0.98757625 0.6998234 0.69956917 0.69855326 1.0266355 1.025065 1.0266355 0 0.012910485 0.03962876 0.03846997 0.9958304 0.71083605 0.9931942 0.69906104 1.0118452 1.0258498 0.6993151 0.70033205 1.0246727
0.990942 0.70007765 0.69097745 1.0080011 1.018426 0.9860852 1.01069 1.0072346 0.68149 0.67432946 0.9838541 0.70007765 0.697032 0.6950084 1.0231062 1.0199828 1.0219333 0.012910485 0 0.039207175 0.038364716 0.99281836 0.70954716 0.9898184 0.6988071 1.0080011 1.0199828 0.6972853 0.6982995 1.0203725
0.99169195 0.702115 0.69349426 1.0172604 1.0293922 0.98907024 1.0122308 1.0157093 0.682483 0.67359257 0.9901927 0.7033912 0.70288044 0.702115 1.0258498 1.0274222 1.0297868 0.03962876 0.039207175 0 0.010168623 0.9977191 0.71601385 0.9943229 0.70595 1.0172604 1.0349361 0.69804585 0.6962725 1.0215429
0.9901927 0.7013504 0.6922348 1.0195932 1.030972 0.9898184 1.01069 1.014548 0.68198633 0.67359257 0.98869646 0.70466954 0.7026252 0.702115 1.025065 1.0270288 1.0289978 0.03846997 0.038364716 0.010168623 0 0.9977191 0.7173139 0.9943229 0.7062064 1.0122308 1.0297868 0.6982995 0.69779223 1.0203725
0.54652894 1.0168724 1.0087683 0.6945033 0.7031358 0.12566338 0.3914992 0.39065698 0.99847597 0.990942 0.0820264 1.0176488 1.0211525 1.018426 0.7105781 0.7056938 0.7062064 0.9958304 0.99281836 0.9977191 0.9977191 0 1.0137748 0.007941901 1.0429276 0.3238568 0.7087749 1.002652 0.99734104 0.39725155
0.97573 0.60669917 0.61482686 0.99357027 1.005704 1.0110749 1.0274222 1.0262426 0.6145999 0.6060258 1.0133885 0.49643022 0.3700668 0.37450224 1.0389212 1.0389212 1.0349361 0.71083605 0.70954716 0.71601385 0.7173139 1.0137748 0 1.01146 0.38195345 1.0064689 1.0317632 0.617328 0.615281 1.0180373
0.5440462 1.0141612 1.005704 0.69425094 0.70364666 0.12448191 0.39082533 0.39065698 0.9924427 0.9872032 0.08057756 1.0157093 1.0149349 1.0149349 0.71006244 0.70466954 0.70543754 0.9931942 0.9898184 0.9943229 0.9943229 0.007941901 1.01146 0 1.0389212 0.32170385 0.7085177 0.99961257 0.9943229 0.3974214
0.9939465 0.6026681 0.615281 1.0045581 1.0149349 1.0282096 1.0493827 1.0481682 0.6033384 0.5984365 1.0325551 0.5003172 0.3601415 0.3628944 1.0526313 1.0417235 1.0365276 0.69906104 0.6988071 0.70595 0.7062064 1.0429276 0.38195345 1.0389212 0 1.0199828 1.0401208 0.6262635 0.60423315 1.0337447
0.5454935 1.0045581 0.99847597 0.69425094 0.7080034 0.3201698 0.38931137 0.3888074 0.9783054 0.9709704 0.3172637 1.0242808 1.002652 1.0041765 0.70928967 0.7049255 0.7031358 1.0118452 1.0080011 1.0172604 1.0122308 0.3238568 1.0064689 0.32170385 1.0199828 0 0.714716 0.98125964 0.98757625 0.39386246
0.72044325 1.0357314 1.0413225 0.6506254 0.64991146 0.70903224 0.7165336 0.718095 1.0133885 1.0317632 0.69956917 1.0554852 1.0297868 1.0254573 0.2825125 0.28003892 0.2784427 1.0258498 1.0199828 1.0349361 1.0297868 0.7087749 1.0317632 0.7085177 1.0401208 0.714716 0 1.018426 1.0266355 0.7186162
0.99923354 0.31573868 0.32617044 0.98348296 0.9857129 0.99999183 1.0141612 1.0122308 0.3119397 0.30861238 0.9943229 0.60669917 0.62810963 0.62903446 1.0409217 1.0349361 1.0349361 0.6993151 0.6972853 0.69804585 0.6982995 1.002652 0.617328 0.99961257 0.6262635 0.98125964 1.018426 0 0.27266678 1.0130024
0.9872032 0.31027418 0.31103078 0.98683035 0.98237044 0.9898184 1.0003713 1.0110749 0.30080608 0.2975277 0.9924427 0.6073731 0.6109778 0.6150539 1.0469556 1.0473596 1.0437315 0.70033205 0.6982995 0.6962725 0.69779223 0.99734104 0.615281 0.9943229 0.60423315 0.98757625 1.0266355 0.27266678 0 0.9980974
0.5575939 1.0223241 1.025065 0.70109564 0.7141975 0.39538565 0.24042948 0.24167064 1.0087683 0.99999183 0.39572456 1.0160967 1.0087683 1.0060863 0.71627367 0.71342045 0.71367943 1.0246727 1.0203725 1.0215429 1.0203725 0.39725155 1.0180373 0.3974214 1.0337447 0.39386246 0.7186162 1.0130024 0.9980974 0
