0 0.9808897 0.97170067 0.9746289 0.9790429 0.990942 0.98794943 0.98645765 0.98348296 0.9853408 0.9790429 0.9395222 0.98757625 0.9857129 0.9500957 0.9518725 0.990942 0.9920673 0.99999183 1.005704 1.0037951 0.9853408 0.97243166 0.9872032 0.99658537 0.96298385 0.9391723 0.9335961 0.9808897 0.959741
0.9808897 0 1.002652 0.32247207 0.97170067 0.79888314 0.77884376 0.7813905 0.776869 0.32647946 0.32339495 0.9898184 0.98125964 0.9768326 1.0030329 1.0137748 0.7896558 0.78565425 0.7876524 0.78793824 0.7862246 0.9790429 0.9958304 0.98051995 0.77489936 1.0049399 1.002652 1.0103053 0.9783054 0.26664954
0.97170067 1.002652 0 0.9969631 0.4371889 1.0409217 1.0305767 1.0337447 1.0289978 0.99281836 0.9894442 0.9860852 0.44855958 0.44656178 1.0130024 1.0157093 1.0262426 1.0317632 1.033348 1.0297868 1.025065 0.26550886 0.4480142 0.26451218 1.0083846 0.99885464 0.9946995 1.0030329 0.28821814 0.99885464
0.9746289 0.32247207 0.9969631 0 1.0037951 0.7980132 0.7905161 0.78394586 0.78082377 0.16125754 0.16175365 0.9857129 1.015322 1.0076177 0.9958304 1.01069 0.7936788 0.7876524 0.79425526 0.79339075 0.79252714 0.99923354 1.0087683 0.99847597 0.80120784 1.0045581 1.0068517 1.0095364 0.98794943 0.32570714
0.9790429 0.97170067 0.4371889 1.0037951 0 1.019204 1.0141612 1.0168724 1.014548 0.9898184 0.9845971 0.9768326 0.1361414 0.12981327 1.0045581 1.0091523 1.0103053 1.0215429 1.025065 1.025065 1.0266355 0.43647274 0.37351432 0.4366517 1.0176488 0.9977191 1.0099207 0.9950763 0.44348466 0.9901927
0.990942 0.79888314 1.0409217 0.7980132 1.019204 0 0.1308841 0.13350815 0.12933783 0.80324787 0.7905161 1.0401208 1.0133885 1.014548 1.030972 1.0449389 0.20965317 0.2081998 0.20714457 0.20846385 0.20846385 1.0293922 1.0465518 1.030972 0.37664723 1.0457449 1.053853 1.0433295 1.0377234 0.79109013
0.98794943 0.77884376 1.0305767 0.7905161 1.0141612 0.1308841 0 0.122948766 0.12224222 0.7936788 0.7845149 1.0337447 1.0126165 1.0219333 1.0377234 1.0522244 0.20123646 0.19901656 0.20215245 0.20438166 0.20411906 1.0195932 1.0329514 1.0219333 0.36582026 1.0262426 1.0345387 1.036926 1.0238891 0.7842303
0.98645765 0.7813905 1.0337447 0.78394586 1.0168724 0.13350815 0.122948766 0 0.118719436 0.79310274 0.77856135 1.0164845 1.0076177 1.0099207 1.0223241 1.0345387 0.20267637 0.20032158 0.20084423 0.2022834 0.20267637 1.0203725 1.032159 1.0215429 0.37105018 1.0282096 1.0297868 1.0377234 1.0289978 0.7813905
0.98348296 0.776869 1.0289978 0.78082377 1.014548 0.12933783 0.12224222 0.118719436 0 0.78994244 0.7743376 1.0118452 1.0130024 1.0095364 1.0149349 1.025065 0.19810438 0.19797416 0.19992983 0.20084423 0.20175974 1.0157093 1.0289978 1.0168724 0.363706 1.0188149 1.036926 1.0361294 1.0199828 0.7729349
0.9853408 0.32647946 0.99281836 0.16125754 0.9898184 0.80324787 0.7936788 0.79310274 0.78994244 0 0.100548655 0.9898184 0.99961257 0.9924427 1.0041765 1.0211525 0.79830307 0.791952 0.8003352 0.799754 0.79888314 0.98869646 0.9962078 0.98757625 0.799754 1.0015109 1.01146 1.0099207 0.9816297 0.33144122
0.9790429 0.32339495 0.9894442 0.16175365 0.9845971 0.7905161 0.7845149 0.77856135 0.7743376 0.100548655 0 0.9842255 0.99169195 0.9872032 1.0022715 1.01069 0.7799746 0.77771467 0.7893693 0.78736657 0.7862246 0.9775687 0.99885464 0.97609735 0.7822413 0.9931942 1.0072346 0.9980974 0.9709704 0.3267886
0.9395222 0.9898184 0.9860852 0.9857129 0.9768326 1.0401208 1.0337447 1.0164845 1.0118452 0.9898184 0.9842255 0 0.99131685 0.9857129 0.37137827 0.37565646 1.0313674 1.033348 1.0223241 1.0274222 1.0293922 0.99169195 1.0223241 0.99056727 1.0203725 0.5933457 0.5975486 0.5929046 0.9790429 0.9816297
0.98757625 0.98125964 0.44855958 1.015322 0.1361414 1.0133885 1.0126165 1.0076177 1.0130024 0.99961257 0.99169195 0.99131685 0 0.09530706 1.0219333 1.0215429 1.0091523 1.0126165 1.019204 1.0227151 1.0211525 0.44294295 0.38112187 0.44294295 1.0087683 1.0034139 1.019204 1.0068517 0.45348603 1.0034139
0.9857129 0.9768326 0.44656178 1.0076177 0.12981327 1.014548 1.0219333 1.0099207 1.0095364 0.9924427 0.9872032 0.9857129 0.09530706 0 1.0103053 1.0133885 1.0049399 1.0110749 1.0149349 1.018426 1.0168724 0.44132015 0.3749967 0.44168046 1.0215429 1.0015109 1.0072346 1.001891 0.44511214 0.9962078
0.9500957 1.0030329 1.0130024 0.9958304 1.0045581 1.030972 1.0377234 1.0223241 1.0149349 1.0041765 1.0022715 0.37137827 1.0219333 1.0103053 0 0.08392528 1.0413225 1.0373245 1.0313674 1.0313674 1.0349361 1.0199828 1.0313674 1.0207624 1.0313674 0.6060258 0.60872287 0.60043794 1.0076177 1.018426
0.9518725 1.0137748 1.0157093 1.01069 1.0091523 1.0449389 1.0522244 1.0345387 1.025065 1.0211525 1.01069 0.37565646 1.0215429 1.0133885 0.08392528 0 1.0563028 1.0505993 1.0417235 1.0453417 1.0469556 1.0274222 1.0381224 1.0274222 1.0361294 0.6103006 0.61369276 0.60849774 1.0215429 1.0188149
0.990942 0.7896558 1.0262426 0.7936788 1.0103053 0.20965317 0.20123646 0.20267637 0.19810438 0.79830307 0.7799746 1.0313674 1.0091523 1.0049399 1.0413225 1.0563028 0 0.053246155 0.110795185 0.11056338 0.110099986 1.0076177 1.0353336 1.0083846 0.3751616 1.0289978 1.0373245 1.0393208 1.0266355 0.78994244
0.9920673 0.78565425 1.0317632 0.7876524 1.0215429 0.2081998 0.19901656 0.20032158 0.19797416 0.791952 0.77771467 1.033348 1.0126165 1.0110749 1.0373245 1.0505993 0.053246155 0 0.10755644 0.10744102 0.10686424 1.0118452 1.0449389 1.0133885 0.37269205 1.0246727 1.0301816 1.0381224 1.0262426 0.7859394
0.99999183 0.7876524 1.033348 0.79425526 1.025065 0.20714457 0.20215245 0.20084423 0.19992983 0.8003352 0.7893693 1.0223241 1.019204 1.0149349 1.0313674 1.0417235 0.110795185 0.10755644 0 0.0359479 0.035318706 1.014548 1.0401208 1.0157093 0.37714309 1.0258498 1.0413225 1.0405211 1.0365276 0.791952
1.005704 0.78793824 1.0297868 0.79339075 1.025065 0.20846385 0.20438166 0.2022834 0.20084423 0.799754 0.78736657 1.0274222 1.0227151 1.018426 1.0313674 1.0453417 0.11056338 0.10744102 0.0359479 0 0.0076387688 1.0118452 1.042526 1.0137748 0.3768125 1.0278157 1.0457449 1.0397208 1.0289978 0.79540956
1.0037951 0.7862246 1.025065 0.79252714 1.0266355 0.20846385 0.20411906 0.20267637 0.20175974 0.79888314 0.7862246 1.0293922 1.0211525 1.0168724 1.0349361 1.0469556 0.110099986 0.10686424 0.035318706 0.0076387688 0 1.0118452 1.0417235 1.0137748 0.37565646 1.0274222 1.0473596 1.0437315 1.0297868 0.7936788
0.9853408 0.9790429 0.26550886 0.99923354 0.43647274 1.0293922 1.0195932 1.0203725 1.0157093 0.98869646 0.9775687 0.99169195 0.44294295 0.44132015 1.0199828 1.0274222 1.0076177 1.0118452 1.014548 1.0118452 1.0118452 0 0.4461991 0.0052181105 1.0083846 0.98907024 0.99658537 0.9860852 0.2857257 0.98645765
0.97243166 0.9958304 0.4480142 1.0087683 0.37351432 1.0465518 1.0329514 1.032159 1.0289978 0.9962078 0.99885464 1.0223241 0.38112187 0.3749967 1.0313674 1.0381224 1.0353336 1.0449389 1.0401208 1.042526 1.0417235 0.4461991 0 0.4452932 1.0489776 1.0095364 1.0091523 1.01146 0.44765082 0.9958304
0.9872032 0.98051995 0.26451218 0.99847597 0.4366517 1.030972 1.0219333 1.0215429 1.0168724 0.98757625 0.97609735 0.99056727 0.44294295 0.44168046 1.0207624 1.0274222 1.0083846 1.0133885 1.0157093 1.0137748 1.0137748 0.0052181105 0.4452932 0 1.0072346 0.99131685 0.99923354 0.9898184 0.28484803 0.9857129
0.99658537 0.77489936 1.0083846 0.80120784 1.0176488 0.37664723 0.36582026 0.37105018 0.363706 0.799754 0.7822413 1.0203725 1.0087683 1.0215429 1.0313674 1.0361294 0.3751616 0.37269205 0.37714309 0.3768125 0.37565646 1.0083846 1.0489776 1.0072346 0 1.0022715 1.0317632 1.01146 1.0060863 0.7765873
0.96298385 1.0049399 0.99885464 1.0045581 0.9977191 1.0457449 1.0262426 1.0282096 1.0188149 1.0015109 0.9931942 0.5933457 1.0034139 1.0015109 0.6060258 0.6103006 1.0289978 1.0246727 1.0258498 1.0278157 1.0274222 0.98907024 1.0095364 0.99131685 1.0022715 0 0.34446594 0.35034582 1.005704 0.99357027
0.9391723 1.002652 0.9946995 1.0068517 1.0099207 1.053853 1.0345387 1.0297868 1.036926 1.01146 1.0072346 0.5975486 1.019204 1.0072346 0.60872287 0.61369276 1.0373245 1.0301816 1.0413225 1.0457449 1.0473596 0.99658537 1.0091523 0.99923354 1.0317632 0.34446594 0 0.3340906 1.0130024 0.99923354
0.9335961 1.0103053 1.0030329 1.0095364 0.9950763 1.0433295 1.036926 1.0377234 1.0361294 1.0099207 0.9980974 0.5929046 1.0068517 1.001891 0.60043794 0.60849774 1.0393208 1.0381224 1.0405211 1.0397208 1.0437315 0.9860852 1.01146 0.9898184 1.01146 0.35034582 0.3340906 0 1.0022715 0.99961257
0.9808897 0.9783054 0.28821814 0.98794943 0.44348466 1.0377234 1.0238891 1.0289978 1.0199828 0.9816297 0.9709704 0.9790429 0.45348603 0.44511214 1.0076177 1.0215429 1.0266355 1.0262426 1.0365276 1.0289978 1.0297868 0.2857257 0.44765082 0.28484803 1.0060863 1.005704 1.0130024 1.0022715 0 0.99357027
0.959741 0.26664954 0.99885464 0.32570714 0.9901927 0.79109013 0.7842303 0.7813905 0.7729349 0.33144122 0.3267886 0.9816297 1.0034139 0.9962078 1.018426 1.0188149 0.78994244 0.7859394 0.791952 0.79540956 0.7936788 0.98645765 0.9958304 0.9857129 0.7765873 0.99357027 0.99923354 0.99961257 0.99357027 0
