0 1.0137748 0.99885464 1.0168724 1.005704 1.0234975 0.98683035 0.99847597 0.99658537 0.9969631 1.015322 0.99961257 1.0072346 1.0080011 1.0083846 1.01069 1.0215429 0.99357027 0.9853408 1.0037951 1.0030329 1.0022715 1.0003713 0.99847597 1.000751 0.9962078 1.0030329 1.0149349 1.0266355 1.01146
1.0137748 0 0.6150539 0.8194727 0.82305974 0.8200693 0.7751804 0.7977235 0.614373 0.6060258 0.32570714 0.7681854 0.32293335 0.7712552 0.78394586 0.21230288 0.21217017 0.57827747 0.57461107 0.7609791 0.7609791 0.78110707 0.78082377 0.78110707 0.7913773 0.7709756 0.7706961 0.7729349 0.77771467 0.23247984
0.99885464 0.6150539 0 0.8164965 0.82606214 0.8200693 0.7822413 0.79656565 0.20978543 0.2093887 0.60849774 0.7913773 0.61256033 0.77940893 0.7813905 0.6255724 0.6255724 0.61596274 0.6164175 0.79223955 0.79714435 0.8000446 0.77940893 0.7980132 0.8047084 0.7956984 0.7968549 0.78167397 0.7913773 0.6193806
1.0168724 0.8194727 0.8164965 0 0.17552699 0.17831227 0.42952576 0.43486387 0.8150128 0.79830307 0.8275679 0.6508636 0.83210325 0.6539662 0.65660155 0.8150128 0.8088132 0.82395923 0.8209652 0.65134007 0.65181684 0.4371889 0.4752159 0.4366517 0.6652917 0.66456366 0.661417 0.6592462 0.6652917 0.8266641
1.005704 0.82305974 0.82606214 0.17552699 0 0.17426437 0.42917123 0.4371889 0.82335943 0.8017901 0.82455945 0.6461152 0.8336212 0.6590054 0.6606927 0.8221614 0.811759 0.81709075 0.81857854 0.6542054 0.65564215 0.43808508 0.48852423 0.43808508 0.6623838 0.65660155 0.6582834 0.6542054 0.65277135 0.83605623
1.0234975 0.8200693 0.8200693 0.17831227 0.17426437 0 0.42722434 0.43647274 0.82335943 0.8020814 0.8224607 0.64824826 0.83697146 0.6575622 0.6626257 0.8209652 0.81234956 0.8105793 0.806758 0.65492344 0.6563616 0.43862328 0.4841254 0.43844384 0.671876 0.6640787 0.6652917 0.6669932 0.66480625 0.8293787
0.98683035 0.7751804 0.7822413 0.42952576 0.42917123 0.42722434 0 0.16138154 0.78994244 0.776869 0.7882242 0.6311194 0.79888314 0.62926584 0.6449328 0.78167397 0.7853693 0.7763057 0.778279 0.6313514 0.63228023 0.23603305 0.46977088 0.23781599 0.6477737 0.63998693 0.6315835 0.6258027 0.6395176 0.79917336
0.99847597 0.7977235 0.79656565 0.43486387 0.4371889 0.43647274 0.16138154 0 0.800626 0.7893693 0.8020814 0.65110177 0.8099901 0.6348403 0.6484856 0.80529344 0.8079317 0.78879654 0.79109013 0.63857985 0.63857985 0.23589608 0.47540435 0.23630708 0.6532491 0.64635193 0.6376432 0.6315835 0.6406915 0.81768554
0.99658537 0.614373 0.20978543 0.8150128 0.82335943 0.82335943 0.78994244 0.800626 0 0.16014248 0.6037857 0.7853693 0.615281 0.7656831 0.76346576 0.62603307 0.6232732 0.59932536 0.59599745 0.7890828 0.79339075 0.8082254 0.7751804 0.8082254 0.8114639 0.7890828 0.78508437 0.7799746 0.8017901 0.61256033
0.9969631 0.6060258 0.2093887 0.79830307 0.8017901 0.8020814 0.776869 0.7893693 0.16014248 0 0.6006607 0.7763057 0.60512894 0.75960124 0.7532952 0.61369276 0.60535306 0.5997702 0.59599745 0.7690214 0.7743376 0.80091685 0.76512814 0.8003352 0.79656565 0.78082377 0.78793824 0.7737762 0.7853693 0.6040094
1.015322 0.32570714 0.60849774 0.8275679 0.82455945 0.8224607 0.7882242 0.8020814 0.6037857 0.6006607 0 0.7847996 0.14228158 0.77546155 0.7876524 0.3297319 0.32926643 0.5845737 0.5810934 0.7876524 0.7882242 0.80500084 0.80646485 0.8026644 0.79512084 0.77940893 0.7774327 0.7885103 0.8076381 0.32988715
0.99961257 0.7681854 0.7913773 0.6508636 0.6461152 0.64824826 0.6311194 0.65110177 0.7853693 0.7763057 0.7847996 0 0.7905161 0.604457 0.6078228 0.77181464 0.78167397 0.78994244 0.7845149 0.55089366 0.55131066 0.6421026 0.64045656 0.6395176 0.5618121 0.5548647 0.54632175 0.556543 0.556543 0.77771467
1.0072346 0.32293335 0.61256033 0.83210325 0.8336212 0.83697146 0.79888314 0.8099901 0.615281 0.60512894 0.14228158 0.7905161 0 0.7706961 0.782809 0.32632494 0.32617044 0.5828315 0.5791428 0.7842303 0.7825251 0.8076381 0.8153093 0.80500084 0.79512084 0.7847996 0.7859394 0.78793824 0.8020814 0.32756203
1.0080011 0.7712552 0.77940893 0.6539662 0.6590054 0.6575622 0.62926584 0.6348403 0.7656831 0.75960124 0.77546155 0.604457 0.7706961 0 0.13974719 0.77153486 0.7709756 0.7659607 0.7712552 0.5800091 0.5784937 0.6360069 0.6193806 0.6336756 0.609624 0.5971051 0.5769814 0.5946704 0.60244477 0.77715075
1.0083846 0.78394586 0.7813905 0.65660155 0.6606927 0.6626257 0.6449328 0.6484856 0.76346576 0.7532952 0.7876524 0.6078228 0.782809 0.13974719 0 0.78565425 0.78736657 0.77884376 0.7847996 0.5966618 0.5955548 0.64116156 0.6315835 0.6390486 0.6212099 0.60557723 0.58850837 0.6015522 0.60535306 0.7905161
1.01069 0.21230288 0.6255724 0.8150128 0.8221614 0.8209652 0.78167397 0.80529344 0.62603307 0.61369276 0.3297319 0.77181464 0.32632494 0.77153486 0.78565425 0 0.09032741 0.5828315 0.5808764 0.76623845 0.76512814 0.7893693 0.78195757 0.7885103 0.7916646 0.7706961 0.7629125 0.7585007 0.7796917 0.23630708
1.0215429 0.21217017 0.6255724 0.8088132 0.811759 0.81234956 0.7853693 0.8079317 0.6232732 0.60535306 0.32926643 0.78167397 0.32617044 0.7709756 0.78736657 0.09032741 0 0.5774132 0.5800091 0.7729349 0.7693002 0.7956984 0.78195757 0.79627645 0.791952 0.77321523 0.77405685 0.7640195 0.78650993 0.23960319
0.99357027 0.57827747 0.61596274 0.82395923 0.81709075 0.8105793 0.7763057 0.78879654 0.59932536 0.5997702 0.5845737 0.78994244 0.5828315 0.7659607 0.77884376 0.5828315 0.5774132 0 0.061124492 0.7623596 0.76429653 0.7774327 0.7734957 0.7757428 0.79252714 0.7885103 0.776869 0.78508437 0.7845149 0.57979244
0.9853408 0.57461107 0.6164175 0.8209652 0.81857854 0.806758 0.778279 0.79109013 0.59599745 0.59599745 0.5810934 0.7845149 0.5791428 0.7712552 0.7847996 0.5808764 0.5800091 0.061124492 0 0.76485085 0.76623845 0.782809 0.7751804 0.78167397 0.7902292 0.7896558 0.77771467 0.778279 0.77771467 0.58174473
1.0037951 0.7609791 0.79223955 0.65134007 0.6542054 0.65492344 0.6313514 0.63857985 0.7890828 0.7690214 0.7876524 0.55089366 0.7842303 0.5800091 0.5966618 0.76623845 0.7729349 0.7623596 0.76485085 0 0.011284469 0.6421026 0.62810963 0.6402217 0.4566045 0.48146042 0.466411 0.47956264 0.483363 0.77940893
1.0030329 0.7609791 0.79714435 0.65181684 0.65564215 0.6563616 0.63228023 0.63857985 0.79339075 0.7743376 0.7882242 0.55131066 0.7825251 0.5784937 0.5955548 0.76512814 0.7693002 0.76429653 0.76623845 0.011284469 0 0.6406915 0.63019204 0.63928306 0.45642072 0.48108047 0.4675293 0.4797522 0.4829821 0.778279
1.0022715 0.78110707 0.8000446 0.4371889 0.43808508 0.43862328 0.23603305 0.23589608 0.8082254 0.80091685 0.80500084 0.6421026 0.8076381 0.6360069 0.64116156 0.7893693 0.7956984 0.7774327 0.782809 0.6421026 0.6406915 0 0.46696994 0.011995417 0.6623838 0.65876466 0.6484856 0.63928306 0.65492344 0.79714435
1.0003713 0.78082377 0.77940893 0.4752159 0.48852423 0.4841254 0.46977088 0.47540435 0.7751804 0.76512814 0.80646485 0.64045656 0.8153093 0.6193806 0.6315835 0.78195757 0.78195757 0.7734957 0.7751804 0.62810963 0.63019204 0.46696994 0 0.466411 0.64564204 0.63414127 0.6311194 0.62903446 0.64257354 0.7902292
0.99847597 0.78110707 0.7980132 0.4366517 0.43808508 0.43844384 0.23781599 0.23630708 0.8082254 0.8003352 0.8026644 0.6395176 0.80500084 0.6336756 0.6390486 0.7885103 0.79627645 0.7757428 0.78167397 0.6402217 0.63928306 0.011995417 0.466411 0 0.65876466 0.65492344 0.64469653 0.6343742 0.65038735 0.79598737
1.000751 0.7913773 0.8047084 0.6652917 0.6623838 0.671876 0.6477737 0.6532491 0.8114639 0.79656565 0.79512084 0.5618121 0.79512084 0.609624 0.6212099 0.7916646 0.791952 0.79252714 0.7902292 0.4566045 0.45642072 0.6623838 0.64564204 0.65876466 0 0.49294904 0.48546144 0.4826014 0.49623638 0.8000446
0.9962078 0.7709756 0.7956984 0.66456366 0.65660155 0.6640787 0.63998693 0.64635193 0.7890828 0.78082377 0.77940893 0.5548647 0.7847996 0.5971051 0.60557723 0.7706961 0.77321523 0.7885103 0.7896558 0.48146042 0.48108047 0.65876466 0.63414127 0.65492344 0.49294904 0 0.3270979 0.38947943 0.39912206 0.77405685
1.0030329 0.7706961 0.7968549 0.661417 0.6582834 0.6652917 0.6315835 0.6376432 0.78508437 0.78793824 0.7774327 0.54632175 0.7859394 0.5769814 0.58850837 0.7629125 0.77405685 0.776869 0.77771467 0.466411 0.4675293 0.6484856 0.6311194 0.64469653 0.48546144 0.3270979 0 0.3816207 0.3930176 0.7734957
1.0149349 0.7729349 0.78167397 0.6592462 0.6542054 0.6669932 0.6258027 0.6315835 0.7799746 0.7737762 0.7885103 0.556543 0.78793824 0.5946704 0.6015522 0.7585007 0.7640195 0.78508437 0.778279 0.47956264 0.4797522 0.63928306 0.62903446 0.6343742 0.4826014 0.38947943 0.3816207 0 0.3358099 0.7751804
1.0266355 0.77771467 0.7913773 0.6652917 0.65277135 0.66480625 0.6395176 0.6406915 0.8017901 0.7853693 0.8076381 0.556543 0.8020814 0.60244477 0.60535306 0.7796917 0.78650993 0.7845149 0.77771467 0.483363 0.4829821 0.65492344 0.64257354 0.65038735 0.49623638 0.39912206 0.3930176 0.3358099 0 0.77321523
1.01146 0.23247984 0.6193806 0.8266641 0.83605623 0.8293787 0.79917336 0.81768554 0.61256033 0.6040094 0.32988715 0.77771467 0.32756203 0.77715075 0.7905161 0.23630708 0.23960319 0.57979244 0.58174473 0.77940893 0.778279 0.79714435 0.7902292 0.79598737 0.8000446 0.77405685 0.7734957 0.7751804 0.77321523 0
