0 0.9827411 1.0180373 0.982 0.9827411 0.76374257 0.9962078 0.78082377 0.76790696 0.76790696 0.7631891 0.9827411 1.0080011 1.0122308 1.0064689 0.7830931 0.7845149 0.7729349 0.7734957 1.0164845 1.0168724 1.002652 0.9698763 1.0068517 0.9775687 0.76623845 1.0103053 1.0130024 1.0045581 1.0037951
0.9827411 0 0.9106857 0.4345068 0.4371889 1.0068517 0.32663402 0.9920673 0.97867405 0.9924427 0.9860852 0.8191745 0.67531306 0.6790131 0.6740837 0.98496884 0.982 0.9775687 0.9764649 0.91813165 0.91949344 0.3297319 0.79917336 0.33004242 0.5368514 0.9637064 0.6590054 0.890091 0.8970035 0.23987852
1.0180373 0.9106857 0 0.91439945 0.9029796 1.0219333 0.90031767 1.01069 1.01146 1.015322 1.0095364 0.91473794 0.9263396 0.9270277 0.9263396 1.0053219 1.0083846 1.015322 1.0083846 0.17577977 0.17691834 0.891731 0.9069903 0.895022 0.927372 0.98496884 0.9036466 0.91575444 0.9263396 0.9043141
0.982 0.4345068 0.91439945 0 0.14179818 1.0076177 0.43700978 0.9901927 0.97978103 0.98832285 0.982 0.8014989 0.67114156 0.67555916 0.6713863 1.0053219 1.0041765 0.99545324 0.9980974 0.9225665 0.9218825 0.43112323 0.78879654 0.43023533 0.52367 0.9838541 0.6590054 0.87356406 0.87324363 0.42952576
0.9827411 0.4371889 0.9029796 0.14179818 0 1.0037951 0.44024023 0.9931942 0.98757625 1.000751 0.990942 0.79598737 0.662142 0.6677236 0.661417 1.0030329 1.0022715 0.9924427 0.9898184 0.9263396 0.92393637 0.43593606 0.7890828 0.43683073 0.52749914 0.9827411 0.6580429 0.8719632 0.8662283 0.4398806
0.76374257 1.0068517 1.0219333 1.0076177 1.0037951 0 1.0087683 0.43754724 0.43112323 0.14908214 0.1408323 1.01069 1.0266355 1.0076177 1.0176488 0.5032458 0.5065787 0.4943009 0.491022 1.0141612 1.0118452 1.0095364 1.0110749 1.0137748 0.98794943 0.49526802 1.0199828 1.0195932 1.0149349 1.0103053
0.9962078 0.32663402 0.90031767 0.43700978 0.44024023 1.0087683 0 1.0164845 1.01146 1.01146 0.9962078 0.8003352 0.6837262 0.6882187 0.68049824 1.002652 1.0011308 0.99885464 1.0011308 0.9229087 0.9205164 0.12519057 0.80617183 0.1258999 0.5399264 1.0003713 0.67016345 0.8970035 0.8943626 0.3312857
0.78082377 0.9920673 1.01069 0.9901927 0.9931942 0.43754724 1.0164845 0 0.11813391 0.44078 0.43112323 0.9894442 0.9946995 0.99281836 0.9977191 0.50090206 0.50481236 0.5030502 0.4983712 1.0207624 1.0126165 0.9939465 0.9894442 0.9977191 0.98237044 0.513091 0.9801504 0.98125964 1.002652 1.01146
0.76790696 0.97867405 1.01146 0.97978103 0.98757625 0.43112323 1.01146 0.11813391 0 0.4362938 0.42598802 0.9898184 0.99658537 0.9931942 1.0015109 0.49526802 0.4983712 0.4960426 0.49256322 1.0160967 1.0091523 0.99885464 0.97426224 1.0030329 0.9738958 0.49817687 0.9853408 0.97170067 0.99169195 0.98832285
0.76790696 0.9924427 1.015322 0.98832285 1.000751 0.14908214 1.01146 0.44078 0.4362938 0 0.110911116 1.001891 1.0305767 1.0188149 1.030972 0.4975942 0.50070703 0.502073 0.49623638 1.0172604 1.014548 1.0091523 1.018426 1.0122308 0.9872032 0.49856558 1.0188149 1.0293922 1.0274222 1.0011308
0.7631891 0.9860852 1.0095364 0.982 0.990942 0.1408323 0.9962078 0.43112323 0.42598802 0.110911116 0 0.99658537 1.0262426 1.01069 1.0180373 0.496818 0.50090206 0.49546158 0.49025255 1.01069 1.0087683 0.99885464 1.01146 0.99847597 0.98869646 0.48833245 1.0149349 1.0110749 1.0180373 0.99056727
0.9827411 0.8191745 0.91473794 0.8014989 0.79598737 1.01069 0.8003352 0.9894442 0.9898184 1.001891 0.99658537 0 0.8161995 0.81768554 0.82066643 1.0083846 1.0049399 0.99131685 0.9898184 0.93082345 0.93082345 0.7916646 0.702115 0.7936788 0.8120542 0.99056727 0.806758 0.87645423 0.9019803 0.8200693
1.0080011 0.67531306 0.9263396 0.67114156 0.662142 1.0266355 0.6837262 0.9946995 0.99658537 1.0305767 1.0262426 0.8161995 0 0.08191486 0.0802436 1.0099207 1.018426 1.0188149 1.0176488 0.9263396 0.9242792 0.67531306 0.791952 0.6770375 0.684224 1.0160967 0.3697393 0.8838912 0.8999856 0.69173163
1.0122308 0.6790131 0.9270277 0.67555916 0.6677236 1.0076177 0.6882187 0.99281836 0.9931942 1.0188149 1.01069 0.81768554 0.08191486 0 0.045662243 0.9980974 1.0041765 1.0087683 1.0072346 0.92840576 0.9266836 0.68149 0.7890828 0.6834774 0.6795078 1.0091523 0.36924827 0.8923881 0.9036466 0.69148016
1.0064689 0.6740837 0.9263396 0.6713863 0.661417 1.0176488 0.68049824 0.9977191 1.0015109 1.030972 1.0180373 0.82066643 0.0802436 0.045662243 0 1.0083846 1.0157093 1.0231062 1.0188149 0.92909575 0.92840576 0.6760516 0.7902292 0.6785187 0.67802465 1.015322 0.36794052 0.8933747 0.903313 0.6867182
0.7830931 0.98496884 1.0053219 1.0053219 1.0030329 0.5032458 1.002652 0.50090206 0.49526802 0.4975942 0.496818 1.0083846 1.0099207 0.9980974 1.0083846 0 0.02656496 0.45826077 0.45476854 0.99885464 0.99545324 0.9946995 1.0022715 0.99658537 0.99281836 0.41756493 1.0030329 1.0211525 1.0349361 0.9894442
0.7845149 0.982 1.0083846 1.0041765 1.0022715 0.5065787 1.0011308 0.50481236 0.4983712 0.50070703 0.50090206 1.0049399 1.018426 1.0041765 1.0157093 0.02656496 0 0.46084443 0.45881367 1.0034139 1.0011308 0.9950763 1.000751 0.9977191 0.99169195 0.42088777 1.0072346 1.0270288 1.0441338 0.98348296
0.7729349 0.9775687 1.015322 0.99545324 0.9924427 0.4943009 0.99885464 0.5030502 0.4960426 0.502073 0.49546158 0.99131685 1.0188149 1.0087683 1.0231062 0.45826077 0.46084443 0 0.02325689 1.0157093 1.0126165 0.99056727 0.9939465 0.9920673 0.99734104 0.4503804 1.0188149 1.0080011 1.0076177 0.9901927
0.7734957 0.9764649 1.0083846 0.9980974 0.9898184 0.491022 1.0011308 0.4983712 0.49256322 0.49623638 0.49025255 0.9898184 1.0176488 1.0072346 1.0188149 0.45476854 0.45881367 0.02325689 0 1.0080011 1.0060863 0.9920673 0.9931942 0.9939465 0.9939465 0.45019814 1.0180373 1.0022715 1.0034139 0.98869646
1.0164845 0.91813165 0.17577977 0.9225665 0.9263396 1.0141612 0.9229087 1.0207624 1.0160967 1.0172604 1.01069 0.93082345 0.9263396 0.92840576 0.92909575 0.99885464 1.0034139 1.0157093 1.0080011 0 0.013215757 0.9053166 0.9205164 0.903313 0.9297863 0.9860852 0.9167723 0.9133848 0.9287507 0.92154074
1.0168724 0.91949344 0.17691834 0.9218825 0.92393637 1.0118452 0.9205164 1.0126165 1.0091523 1.014548 1.0087683 0.93082345 0.9242792 0.9266836 0.92840576 0.99545324 1.0011308 1.0126165 1.0060863 0.013215757 0 0.90498227 0.9225665 0.903313 0.9270277 0.9872032 0.91541547 0.9106857 0.9287507 0.9205164
1.002652 0.3297319 0.891731 0.43112323 0.43593606 1.0095364 0.12519057 0.9939465 0.99885464 1.0091523 0.99885464 0.7916646 0.67531306 0.68149 0.6760516 0.9946995 0.9950763 0.99056727 0.9920673 0.9053166 0.90498227 0 0.79714435 0.01047278 0.53419656 0.98757625 0.67163116 0.88943595 0.88780093 0.32926643
0.9698763 0.79917336 0.9069903 0.78879654 0.7890828 1.0110749 0.80617183 0.9894442 0.97426224 1.018426 1.01146 0.702115 0.791952 0.7890828 0.7902292 1.0022715 1.000751 0.9939465 0.9931942 0.9205164 0.9225665 0.79714435 0 0.79830307 0.79540956 0.9931942 0.80091685 0.88454145 0.8937039 0.8200693
1.0068517 0.33004242 0.895022 0.43023533 0.43683073 1.0137748 0.1258999 0.9977191 1.0030329 1.0122308 0.99847597 0.7936788 0.6770375 0.6834774 0.6785187 0.99658537 0.9977191 0.9920673 0.9939465 0.903313 0.903313 0.01047278 0.79830307 0 0.5346044 0.9894442 0.6723661 0.89469224 0.891731 0.3306638
0.9775687 0.5368514 0.927372 0.52367 0.52749914 0.98794943 0.5399264 0.98237044 0.9738958 0.9872032 0.98869646 0.8120542 0.684224 0.6795078 0.67802465 0.99281836 0.99169195 0.99734104 0.9939465 0.9297863 0.9270277 0.53419656 0.79540956 0.5346044 0 0.99734104 0.67089695 0.90098226 0.895022 0.5428079
0.76623845 0.9637064 0.98496884 0.9838541 0.9827411 0.49526802 1.0003713 0.513091 0.49817687 0.49856558 0.48833245 0.99056727 1.0160967 1.0091523 1.015322 0.41756493 0.42088777 0.4503804 0.45019814 0.9860852 0.9872032 0.98757625 0.9931942 0.9894442 0.99734104 0 0.99734104 1.0122308 1.0262426 0.9626228
1.0103053 0.6590054 0.9036466 0.6590054 0.6580429 1.0199828 0.67016345 0.9801504 0.9853408 1.0188149 1.0149349 0.806758 0.3697393 0.36924827 0.36794052 1.0030329 1.0072346 1.0188149 1.0180373 0.9167723 0.91541547 0.67163116 0.80091685 0.6723661 0.67089695 0.99734104 0 0.88291705 0.8887815 0.675067
1.0130024 0.890091 0.91575444 0.87356406 0.8719632 1.0195932 0.8970035 0.98125964 0.97170067 1.0293922 1.0110749 0.87645423 0.8838912 0.8923881 0.8933747 1.0211525 1.0270288 1.0080011 1.0022715 0.9133848 0.9106857 0.88943595 0.88454145 0.89469224 0.90098226 1.0122308 0.88291705 0 0.34288466 0.88943595
1.0045581 0.8970035 0.9263396 0.87324363 0.8662283 1.0149349 0.8943626 1.002652 0.99169195 1.0274222 1.0180373 0.9019803 0.8999856 0.9036466 0.903313 1.0349361 1.0441338 1.0076177 1.0034139 0.9287507 0.9287507 0.88780093 0.8937039 0.891731 0.895022 1.0262426 0.8887815 0.34288466 0 0.8871479
1.0037951 0.23987852 0.9043141 0.42952576 0.4398806 1.0103053 0.3312857 1.01146 0.98832285 1.0011308 0.99056727 0.8200693 0.69173163 0.69148016 0.6867182 0.9894442 0.98348296 0.9901927 0.98869646 0.92154074 0.9205164 0.32926643 0.8200693 0.3306638 0.5428079 0.9626228 0.675067 0.88943595 0.8871479 0
