0 0.9575869 0.953297 0.9695119 0.9100125 0.8887815 0.98051995 0.9709704 0.9894442 0.9783054 0.65852404 0.9894442 0.9977191 1.0091523 0.9644296 0.9655158 0.6568416 0.8812961 0.8835664 0.6606927 0.6616586 0.8812961 0.98348296 0.88226825 0.98757625 0.9651536 0.66504896 0.9658782 0.9554389 0.97024083
0.9575869 0 0.40527666 0.93116945 0.98348296 0.97941184 0.94232726 0.9522284 0.50933456 0.5030502 0.9872032 0.8751683 0.94232726 0.9536536 0.86909026 0.87484723 0.97170067 0.98348296 0.98869646 0.97243166 0.9827411 0.98125964 0.895022 0.98125964 0.52709514 0.49934357 0.9860852 0.5010971 0.49817687 0.50422454
0.953297 0.40527666 0 0.9405729 0.98869646 0.99357027 0.9346385 0.9543672 0.5140827 0.5046164 0.97243166 0.85582674 0.9391723 0.94479036 0.85802114 0.85707986 0.9695119 0.9746289 0.9857129 0.97573 0.9783054 0.97170067 0.8643263 0.9768326 0.5258845 0.5001224 0.9753628 0.51289284 0.497012 0.5010971
0.9695119 0.93116945 0.9405729 0 1.0246727 1.033348 0.2284008 0.23589608 0.9801504 0.95794547 0.99357027 0.97243166 0.73149997 0.7207046 0.96190137 0.9746289 0.99357027 1.0227151 1.0266355 0.9946995 0.9969631 1.0262426 0.98869646 1.0234975 0.9673296 0.94903165 0.9655158 0.9583042 0.9583042 0.9611805
0.9100125 0.98348296 0.98869646 1.0246727 0 0.24194673 1.0087683 1.0076177 0.9872032 0.97499573 0.92909575 1.0049399 0.9950763 0.98237044 1.0231062 1.018426 0.91169673 0.26664954 0.27008206 0.91473794 0.91779155 0.26879302 0.98645765 0.26922247 1.000751 0.9898184 0.9304776 0.99658537 0.9568702 0.99658537
0.8887815 0.97941184 0.99357027 1.033348 0.24194673 0 1.0087683 1.018426 0.9950763 0.9801504 0.93082345 0.9946995 0.9977191 0.98348296 1.0072346 1.0122308 0.91779155 0.2768499 0.282804 0.92017525 0.91983426 0.27873266 0.97499573 0.27974844 0.9950763 0.9894442 0.91473794 1.0041765 0.9764649 0.99357027
0.98051995 0.94232726 0.9346385 0.2284008 1.0087683 1.0087683 0 0.22609913 0.9691478 0.95151687 0.9969631 0.95258445 0.72148925 0.7152349 0.9651536 0.9727974 0.9950763 1.0103053 1.0149349 1.0049399 1.0087683 1.0122308 0.9764649 1.0103053 0.96769285 0.9433819 0.97941184 0.95615417 0.9611805 0.9402225
0.9709704 0.9522284 0.9543672 0.23589608 1.0076177 1.018426 0.22609913 0 0.9790429 0.9608204 0.98683035 0.95508146 0.7344229 0.72991043 0.98645765 0.9860852 0.9831119 1.0149349 1.0172604 0.99734104 1.001891 1.0172604 0.97499573 1.0172604 0.98348296 0.94479036 0.97206604 0.9658782 0.9698763 0.9540103
0.9894442 0.50933456 0.5140827 0.9801504 0.9872032 0.9950763 0.9691478 0.9790429 0 0.18378629 1.0176488 0.8871479 0.9775687 0.9695119 0.8927168 0.8864954 1.001891 0.9962078 1.0076177 1.0053219 1.015322 0.9980974 0.8884545 1.0015109 0.532364 0.48871607 1.0049399 0.48833245 0.48450688 0.487949
0.9783054 0.5030502 0.5046164 0.95794547 0.97499573 0.9801504 0.95151687 0.9608204 0.18378629 0 1.002652 0.8920595 0.96841997 0.96479154 0.88162 0.8881276 0.99169195 0.97499573 0.982 0.9931942 0.99847597 0.97024083 0.88910866 0.97352946 0.52106136 0.4843161 0.99056727 0.47540435 0.4675293 0.47823706
0.65852404 0.9872032 0.97243166 0.99357027 0.92909575 0.93082345 0.9969631 0.98683035 1.0176488 1.002652 0 0.98348296 1.0049399 1.0045581 0.98051995 0.97720057 0.13830279 0.9133848 0.91813165 0.13362764 0.13554212 0.9086678 0.99131685 0.9130469 1.0219333 0.9842255 0.46492255 0.98832285 0.99961257 0.98683035
0.9894442 0.8751683 0.85582674 0.97243166 1.0049399 0.9946995 0.95258445 0.95508146 0.8871479 0.8920595 0.98348296 0 0.96226203 0.9611805 0.80324787 0.8105793 0.97720057 0.9808897 0.9845971 0.97573 0.97941184 0.9727974 0.62143886 0.9775687 0.88616943 0.87581104 0.9764649 0.87324363 0.8835664 0.8842163
0.9977191 0.94232726 0.9391723 0.73149997 0.9950763 0.9977191 0.72148925 0.7344229 0.9775687 0.96841997 1.0049399 0.96226203 0 0.11591307 0.97206604 0.9709704 1.0034139 0.990942 0.9977191 1.0083846 1.0137748 0.990942 0.95794547 0.99281836 0.9637064 0.96841997 1.0266355 0.96841997 0.9557965 0.94092345
1.0091523 0.9536536 0.94479036 0.7207046 0.98237044 0.98348296 0.7152349 0.72991043 0.9695119 0.96479154 1.0045581 0.9611805 0.11591307 0 0.9655158 0.96841997 1.005704 0.97573 0.9894442 1.0080011 1.014548 0.9801504 0.95294064 0.98125964 0.9651536 0.9655158 1.0164845 0.9687838 0.9572284 0.931862
0.9644296 0.86909026 0.85802114 0.96190137 1.0231062 1.0072346 0.9651536 0.98645765 0.8927168 0.88162 0.98051995 0.80324787 0.97206604 0.9655158 0 0.10674893 0.9872032 1.0034139 1.0034139 0.9827411 0.98794943 0.99169195 0.83240664 0.99131685 0.8719632 0.85707986 0.9713354 0.864643 0.8643263 0.8640098
0.9655158 0.87484723 0.85707986 0.9746289 1.018426 1.0122308 0.9727974 0.9860852 0.8864954 0.8881276 0.97720057 0.8105793 0.9709704 0.96841997 0.10674893 0 0.98348296 1.0072346 1.0091523 0.98237044 0.99169195 0.99999183 0.8357514 0.99923354 0.8684533 0.85864925 0.97316337 0.85520095 0.8754896 0.85207987
0.6568416 0.97170067 0.9695119 0.99357027 0.91169673 0.91779155 0.9950763 0.9831119 1.001891 0.99169195 0.13830279 0.97720057 1.0034139 1.005704 0.9872032 0.98348296 0 0.89667284 0.9046481 0.08863734 0.09010185 0.8910746 0.98757625 0.89766514 1.0118452 0.96841997 0.46902296 0.9872032 0.99357027 0.9691478
0.8812961 0.98348296 0.9746289 1.0227151 0.26664954 0.2768499 1.0103053 1.0149349 0.9962078 0.97499573 0.9133848 0.9808897 0.990942 0.97573 1.0034139 1.0072346 0.89667284 0 0.05099503 0.90565103 0.9006499 0.048110615 0.97499573 0.049177624 0.9943229 0.9753628 0.90900373 0.99281836 0.9738958 0.97978103
0.8835664 0.98869646 0.9857129 1.0266355 0.27008206 0.282804 1.0149349 1.0172604 1.0076177 0.982 0.91813165 0.9845971 0.9977191 0.9894442 1.0034139 1.0091523 0.9046481 0.05099503 0 0.9130469 0.9073255 0.050032325 0.9845971 0.050780986 0.99885464 0.97609735 0.9160936 0.9969631 0.9783054 0.9753628
0.6606927 0.97243166 0.97573 0.9946995 0.91473794 0.92017525 1.0049399 0.99734104 1.0053219 0.9931942 0.13362764 0.97573 1.0083846 1.0080011 0.9827411 0.98237044 0.08863734 0.90565103 0.9130469 0 0.020682575 0.903313 0.9943229 0.90900373 1.0037951 0.9644296 0.46269536 0.99357027 0.9958304 0.9827411
0.6616586 0.9827411 0.9783054 0.9969631 0.91779155 0.91983426 1.0087683 1.001891 1.015322 0.99847597 0.13554212 0.97941184 1.0137748 1.014548 0.98794943 0.99169195 0.09010185 0.9006499 0.9073255 0.020682575 0 0.89865875 0.9980974 0.90498227 1.005704 0.9687838 0.46492255 0.9969631 1.0003713 0.9842255
0.8812961 0.98125964 0.97170067 1.0262426 0.26879302 0.27873266 1.0122308 1.0172604 0.9980974 0.97024083 0.9086678 0.9727974 0.990942 0.9801504 0.99169195 0.99999183 0.8910746 0.048110615 0.050032325 0.903313 0.89865875 0 0.9713354 0.012808756 0.9939465 0.97867405 0.90799636 0.99281836 0.9709704 0.97426224
0.98348296 0.895022 0.8643263 0.98869646 0.98645765 0.97499573 0.9764649 0.97499573 0.8884545 0.88910866 0.99131685 0.62143886 0.95794547 0.95294064 0.83240664 0.8357514 0.98757625 0.97499573 0.9845971 0.9943229 0.9980974 0.9713354 0 0.9709704 0.8937039 0.8783872 1.0080011 0.8858435 0.8649598 0.8745262
0.88226825 0.98125964 0.9768326 1.0234975 0.26922247 0.27974844 1.0103053 1.0172604 1.0015109 0.97352946 0.9130469 0.9775687 0.99281836 0.98125964 0.99131685 0.99923354 0.89766514 0.049177624 0.050780986 0.90900373 0.90498227 0.012808756 0.9709704 0 0.9950763 0.9808897 0.9110226 0.9962078 0.9713354 0.9790429
0.98757625 0.52709514 0.5258845 0.9673296 1.000751 0.9950763 0.96769285 0.98348296 0.532364 0.52106136 1.0219333 0.88616943 0.9637064 0.9651536 0.8719632 0.8684533 1.0118452 0.9943229 0.99885464 1.0037951 1.005704 0.9939465 0.8937039 0.9950763 0 0.52427334 1.0223241 0.515871 0.52367 0.52367
0.9651536 0.49934357 0.5001224 0.94903165 0.9898184 0.9894442 0.9433819 0.94479036 0.48871607 0.4843161 0.9842255 0.87581104 0.96841997 0.9655158 0.85707986 0.85864925 0.96841997 0.9753628 0.97609735 0.9644296 0.9687838 0.97867405 0.8783872 0.9808897 0.52427334 0 0.99131685 0.4771027 0.46548036 0.4628807
0.66504896 0.9860852 0.9753628 0.9655158 0.9304776 0.91473794 0.97941184 0.97206604 1.0049399 0.99056727 0.46492255 0.9764649 1.0266355 1.0164845 0.9713354 0.97316337 0.46902296 0.90900373 0.9160936 0.46269536 0.46492255 0.90799636 1.0080011 0.9110226 1.0223241 0.99131685 0 0.98757625 1.01146 0.99357027
0.9658782 0.5010971 0.51289284 0.9583042 0.99658537 1.0041765 0.95615417 0.9658782 0.48833245 0.47540435 0.98832285 0.87324363 0.96841997 0.9687838 0.864643 0.85520095 0.9872032 0.99281836 0.9969631 0.99357027 0.9969631 0.99281836 0.8858435 0.9962078 0.515871 0.4771027 0.98757625 0 0.4389823 0.4400604
0.9554389 0.49817687 0.497012 0.9583042 0.9568702 0.9764649 0.9611805 0.9698763 0.48450688 0.4675293 0.99961257 0.8835664 0.9557965 0.9572284 0.8643263 0.8754896 0.99357027 0.9738958 0.9783054 0.9958304 1.0003713 0.9709704 0.8649598 0.9713354 0.52367 0.46548036 1.01146 0.4389823 0 0.4080283
0.97024083 0.50422454 0.5010971 0.9611805 0.99658537 0.99357027 0.9402225 0.9540103 0.487949 0.47823706 0.98683035 0.8842163 0.94092345 0.931862 0.8640098 0.85207987 0.9691478 0.97978103 0.9753628 0.9827411 0.9842255 0.97426224 0.8745262 0.9790429 0.52367 0.4628807 0.99357027 0.4400604 0.4080283 0
