0 0.55327569333 1.02261869333 1.02027739333 1.01021529333 1.00447109333 0.99499409333 1.03008139333 0.99198654333 0.99123659333 1.00104559333 0.97602459333 1.01910949333 1.01213979333 1.01755499333 1.02066709333 0.55641769333 1.00676349333 1.02418369333 0.55788849333 0.55662759333 0.54973049333 1.03047619333 0.54993859333 1.00714629333 0.54889884333 0.54640915333 0.54454734333 0.99839199333 0.99424109333
0.55327569333 0 1.00867919333 1.01910949333 1.01098459333 1.02066709333 1.01716699333 1.02340079333 1.01716699333 1.01445579333 1.02457539333 1.00485269333 1.03205779333 1.02771679333 1.03087129333 1.02457539333 0.18535965333 1.02771679333 1.03166199333 0.55809879333 0.55620779333 0.18102069333 1.03443609333 0.18102069333 1.01716699333 0.27296137333 0.54578809333 0.19839897333 1.02418369333 1.01175459333
1.02261869333 1.00867919333 0 0.14463412333 0.14536180333 1.00180549333 1.00447109333 0.68776269333 1.00028642333 0.99914923333 1.00028642333 0.52497039333 0.68526599333 0.69252939333 0.52376362333 0.51855669333 1.01988779333 1.02575189333 1.02066709333 1.01988779333 1.01755499333 1.01252539333 0.67757869333 1.01291109333 0.51437729333 0.99048729333 0.99273729333 1.01600389333 0.68451859333 0.68277759333
1.02027739333 1.01910949333 0.14463412333 0 0.14378604333 1.00294659333 1.00676349333 0.70291979333 1.00408969333 1.00332749333 1.01639129333 0.53735059333 0.70189973333 0.70164499333 0.53245529333 0.52840015333 1.02732339333 1.03523069333 1.03642399333 1.01329699333 1.01059989333 1.02027739333 0.68851329333 1.02066709333 0.52759173333 0.99650239333 0.99839199333 1.01639129333 0.69859409333 0.68801279333
1.01021529333 1.01098459333 0.14536180333 0.14378604333 0 1.01600389333 1.02027739333 0.69884785333 1.01252539333 1.01021529333 1.00676349333 0.53001955333 0.69026769333 0.69757989333 0.52860239333 0.52718785333 1.01833189333 1.02614439333 1.02066709333 1.00983099333 1.00599859333 1.00983099333 0.68926469333 1.01021529333 0.52235819333 0.99236189333 0.99123659333 1.00906289333 0.69404099333 0.68901419333
1.00447109333 1.02066709333 1.00180549333 1.00294659333 1.01600389333 0 0.13559713333 1.01368309333 0.16840264333 0.16978026333 0.76403716333 0.99839199333 1.02222789333 1.02105699333 1.01021529333 1.00599859333 1.02653719333 0.77744534333 0.77519395333 1.01021529333 1.01021529333 1.01716699333 1.01059989333 1.01677909333 1.01098459333 1.00104559333 1.02144709333 1.01021529333 1.02653719333 1.02066709333
0.99499409333 1.01716699333 1.00447109333 1.00676349333 1.02027739333 0.13559713333 0 1.01252539333 0.16540563333 0.15981832333 0.76044669333 0.98637979333 1.01755499333 1.02300969333 1.01600389333 1.02027739333 1.01716699333 0.76847999333 0.76847999333 1.00752919333 1.00676349333 1.01136949333 1.00447109333 1.01098459333 1.01484259333 0.99574783333 1.01406939333 1.00829569333 1.02968679333 1.01561659333
1.03008139333 1.02340079333 0.68776269333 0.70291979333 0.69884785333 1.01368309333 1.01252539333 0 1.00944689333 1.00791229333 1.03403929333 0.68776269333 0.12465845333 0.12714131333 0.71526999333 0.71035703333 1.01484259333 1.04805829333 1.05251899333 1.02222789333 1.02261869333 1.01833189333 0.38008785333 1.01872059333 0.71087269333 0.99612499333 1.00332749333 1.01445579333 0.26923072333 0.26637359333
0.99198654333 1.01716699333 1.00028642333 1.00408969333 1.01252539333 0.16840264333 0.16540563333 1.00944689333 0 0.11399338333 0.75468269333 0.98377755333 1.01291109333 1.01484259333 1.00714629333 1.00294659333 1.00867919333 0.76875856333 0.77015283333 1.00638089333 1.00523449333 1.00066589333 0.99952813333 1.00028642333 0.99537089333 0.99311295333 1.01368309333 1.00944689333 1.02144709333 1.01098459333
0.99123659333 1.01445579333 0.99914923333 1.00332749333 1.01021529333 0.16978026333 0.15981832333 1.00791229333 0.11399338333 0 0.76017119333 0.98007562333 1.00983099333 1.00944689333 0.99424109333 0.99424109333 1.01175459333 0.77379029333 0.77015283333 1.00408969333 1.00370849333 1.00599859333 1.00523449333 1.00561649333 0.98973879333 0.98489169333 1.00142539333 1.00523449333 1.01716699333 1.01059989333
1.00104559333 1.02457539333 1.00028642333 1.01639129333 1.00676349333 0.76403716333 0.76044669333 1.03403929333 0.75468269333 0.76017119333 0 1.00180549333 1.03403929333 1.03166199333 1.01484259333 1.02261869333 1.01988779333 0.0906220033299998 0.0881445333299998 1.01136949333 1.00983099333 1.00752919333 1.00791229333 1.00791229333 0.99763563333 0.99424109333 1.00028642333 1.02300969333 1.04967729333 1.03841699333
0.97602459333 1.00485269333 0.52497039333 0.53735059333 0.53001955333 0.99839199333 0.98637979333 0.68776269333 0.98377755333 0.98007562333 1.00180549333 0 0.69001683333 0.68926469333 0.54063199333 0.54207214333 1.00829569333 1.02183749333 1.01368309333 0.99461749333 0.99161144333 1.00256609333 0.68676299333 1.00294659333 0.53143945333 0.98118429333 0.99386486333 1.00256609333 0.68926469333 0.68601414333
1.01910949333 1.03205779333 0.68526599333 0.70189973333 0.69026769333 1.02222789333 1.01755499333 0.12465845333 1.01291109333 1.00983099333 1.03403929333 0.69001683333 0 0.0844435893299998 0.70906949333 0.70752739333 1.01988779333 1.04644279333 1.05414759333 0.99877056333 0.99990716333 1.02144709333 0.38308054333 1.02183749333 0.70624459333 1.00256609333 0.98452009333 1.01561659333 0.26880147333 0.26509141333
1.01213979333 1.02771679333 0.69252939333 0.70164499333 0.69757989333 1.02105699333 1.02300969333 0.12714131333 1.01484259333 1.00944689333 1.03166199333 0.68926469333 0.0844435893299998 0 0.70701399333 0.70547609333 1.01639129333 1.05129979333 1.05700639333 1.00561649333 1.00523449333 1.02144709333 0.37859597333 1.02183749333 0.70727065333 1.00066589333 1.00142539333 1.01755499333 0.26865842333 0.26210817333
1.01755499333 1.03087129333 0.52376362333 0.53245529333 0.52860239333 1.01021529333 1.01600389333 0.71526999333 1.00714629333 0.99424109333 1.01484259333 0.54063199333 0.70906949333 0.70701399333 0 0.0669726483299998 1.03881639333 1.02929239333 1.02379209333 1.03403929333 1.03205779333 1.02968679333 0.70266469333 1.03008139333 0.28675252333 1.01329699333 1.00983099333 1.04041539333 0.70088109333 0.70522009333
1.02066709333 1.02457539333 0.51855669333 0.52840015333 0.52718785333 1.00599859333 1.02027739333 0.71035703333 1.00294659333 0.99424109333 1.02261869333 0.54207214333 0.70752739333 0.70547609333 0.0669726483299998 0 1.03403929333 1.03881639333 1.03483329333 1.02889819333 1.02653719333 1.02379209333 0.69026769333 1.02418369333 0.28924739333 1.01175459333 1.01059989333 1.03364259333 0.69783332333 0.70037224333
0.55641769333 0.18535965333 1.01988779333 1.02732339333 1.01833189333 1.02653719333 1.01716699333 1.01484259333 1.00867919333 1.01175459333 1.01988779333 1.00829569333 1.01988779333 1.01639129333 1.03881639333 1.03403929333 0 1.02693009333 1.03087129333 0.55873019333 0.55746799333 0.0546150933299998 1.03008139333 0.0547226133299998 1.02771679333 0.27080681333 0.54454734333 0.19450219333 1.01949859333 1.00294659333
1.00676349333 1.02771679333 1.02575189333 1.03523069333 1.02614439333 0.77744534333 0.76847999333 1.04805829333 0.76875856333 0.77379029333 0.0906220033299998 1.02183749333 1.04644279333 1.05129979333 1.02929239333 1.03881639333 1.02693009333 0 0.0495789993299998 1.02144709333 1.01833189333 1.01098459333 1.02771679333 1.01136949333 1.00638089333 1.00104559333 1.00638089333 1.03205779333 1.05741559333 1.04603949333
1.02418369333 1.03166199333 1.02066709333 1.03642399333 1.02066709333 0.77519395333 0.76847999333 1.05251899333 0.77015283333 0.77015283333 0.0881445333299998 1.01368309333 1.05414759333 1.05700639333 1.02379209333 1.03483329333 1.03087129333 0.0495789993299998 0 1.02771679333 1.02575189333 1.01561659333 1.02379209333 1.01600389333 0.99990716333 1.00676349333 1.01522949333 1.03284969333 1.06193249333 1.04563629333
0.55788849333 0.55809879333 1.01988779333 1.01329699333 1.00983099333 1.01021529333 1.00752919333 1.02222789333 1.00638089333 1.00408969333 1.01136949333 0.99461749333 0.99877056333 1.00561649333 1.03403929333 1.02889819333 0.55873019333 1.02144709333 1.02771679333 0 0.0103618588299998 0.55327569333 1.01716699333 0.55327569333 1.01484259333 0.54931459333 0.24889816333 0.54973049333 1.01910949333 1.00714629333
0.55662759333 0.55620779333 1.01755499333 1.01059989333 1.00599859333 1.01021529333 1.00676349333 1.02261869333 1.00523449333 1.00370849333 1.00983099333 0.99161144333 0.99990716333 1.00523449333 1.03205779333 1.02653719333 0.55746799333 1.01833189333 1.02575189333 0.0103618588299998 0 0.55139675333 1.01716699333 0.55139675333 1.01175459333 0.54848329333 0.24611729333 0.54786049333 1.02183749333 1.00829569333
0.54973049333 0.18102069333 1.01252539333 1.02027739333 1.00983099333 1.01716699333 1.01136949333 1.01833189333 1.00066589333 1.00599859333 1.00752919333 1.00256609333 1.02144709333 1.02144709333 1.02968679333 1.02379209333 0.0546150933299998 1.01098459333 1.01561659333 0.55327569333 0.55139675333 0 1.02850419333 0.000394599999999815 1.01988779333 0.26694413333 0.53898949333 0.19178643333 1.02535959333 1.00714629333
1.03047619333 1.03443609333 0.67757869333 0.68851329333 0.68926469333 1.01059989333 1.00447109333 0.38008785333 0.99952813333 1.00523449333 1.00791229333 0.68676299333 0.38308054333 0.37859597333 0.70266469333 0.69026769333 1.03008139333 1.02771679333 1.02379209333 1.01716699333 1.01716699333 1.02850419333 0 1.02889819333 0.71009939333 1.01833189333 1.00028642333 1.03841699333 0.37710709333 0.37892725333
0.54993859333 0.18102069333 1.01291109333 1.02066709333 1.01021529333 1.01677909333 1.01098459333 1.01872059333 1.00028642333 1.00561649333 1.00791229333 1.00294659333 1.02183749333 1.02183749333 1.03008139333 1.02418369333 0.0547226133299998 1.01136949333 1.01600389333 0.55327569333 0.55139675333 0.000394599999999815 1.02889819333 0 1.02027739333 0.26708686333 0.53898949333 0.19191552333 1.02575189333 1.00752919333
1.00714629333 1.01716699333 0.51437729333 0.52759173333 0.52235819333 1.01098459333 1.01484259333 0.71087269333 0.99537089333 0.98973879333 0.99763563333 0.53143945333 0.70624459333 0.70727065333 0.28675252333 0.28924739333 1.02771679333 1.00638089333 0.99990716333 1.01484259333 1.01175459333 1.01988779333 0.71009939333 1.02027739333 0 1.00218559333 0.98563539333 1.02850419333 0.70139023333 0.70650099333
0.54889884333 0.27296137333 0.99048729333 0.99650239333 0.99236189333 1.00104559333 0.99574783333 0.99612499333 0.99311295333 0.98489169333 0.99424109333 0.98118429333 1.00256609333 1.00066589333 1.01329699333 1.01175459333 0.27080681333 1.00104559333 1.00676349333 0.54931459333 0.54848329333 0.26694413333 1.01833189333 0.26708686333 1.00218559333 0 0.54372139333 0.26865842333 0.99763563333 0.98414869333
0.54640915333 0.54578809333 0.99273729333 0.99839199333 0.99123659333 1.02144709333 1.01406939333 1.00332749333 1.01368309333 1.00142539333 1.00028642333 0.99386486333 0.98452009333 1.00142539333 1.00983099333 1.01059989333 0.54454734333 1.00638089333 1.01522949333 0.24889816333 0.24611729333 0.53898949333 1.00028642333 0.53898949333 0.98563539333 0.54372139333 0 0.53571529333 1.01949859333 1.00714629333
0.54454734333 0.19839897333 1.01600389333 1.01639129333 1.00906289333 1.01021529333 1.00829569333 1.01445579333 1.00944689333 1.00523449333 1.02300969333 1.00256609333 1.01561659333 1.01755499333 1.04041539333 1.03364259333 0.19450219333 1.03205779333 1.03284969333 0.54973049333 0.54786049333 0.19178643333 1.03841699333 0.19191552333 1.02850419333 0.26865842333 0.53571529333 0 1.01484259333 1.00561649333
0.99839199333 1.02418369333 0.68451859333 0.69859409333 0.69404099333 1.02653719333 1.02968679333 0.26923072333 1.02144709333 1.01716699333 1.04967729333 0.68926469333 0.26880147333 0.26865842333 0.70088109333 0.69783332333 1.01949859333 1.05741559333 1.06193249333 1.01910949333 1.02183749333 1.02535959333 0.37710709333 1.02575189333 0.70139023333 0.99763563333 1.01949859333 1.01484259333 0 0.20100812333
0.99424109333 1.01175459333 0.68277759333 0.68801279333 0.68901419333 1.02066709333 1.01561659333 0.26637359333 1.01098459333 1.01059989333 1.03841699333 0.68601414333 0.26509141333 0.26210817333 0.70522009333 0.70037224333 1.00294659333 1.04603949333 1.04563629333 1.00714629333 1.00829569333 1.00714629333 0.37892725333 1.00752919333 0.70650099333 0.98414869333 1.00714629333 1.00561649333 0.20100812333 0
