0 1.0286036 1.0246727 1.019204 1.0258498 1.0518178 1.0325551 1.0441338 1.0477637 1.0246727 1.0413225 0.9500957 1.0357314 1.0301816 1.0286036 1.0286036 1.0353336 1.0278157 1.025065 1.0227151 1.0157093 1.0353336 0.98683035 1.0353336 1.0246727 1.025065 1.0274222 1.0203725 1.015322 1.0180373
1.0286036 0 0.28528675 0.28440955 0.20569606 0.335497 0.32895625 0.3270979 0.32942155 0.5626586 0.5573836 0.99545324 0.812645 0.8099901 0.560333 0.55381763 0.55801463 0.56012195 0.5607553 0.20372532 0.20846385 0.56733155 0.98832285 0.567971 0.7098048 0.44493115 0.3911622 0.5616006 0.54095423 0.5666926
1.0246727 0.28528675 0 0.19966878 0.28557938 0.33878887 0.32539845 0.3280265 0.32447308 0.5586462 0.56202364 0.9962078 0.78565425 0.7845149 0.5582251 0.5533992 0.5641423 0.5643545 0.5616006 0.28470182 0.2880713 0.5669055 0.98645765 0.56711847 0.7051815 0.45202297 0.38796818 0.56967896 0.5446661 0.5656289
1.019204 0.28440955 0.19966878 0 0.28484803 0.33190808 0.3274073 0.32833627 0.3286462 0.56393015 0.5666926 0.98683035 0.80120784 0.7956984 0.5656289 0.5643545 0.573751 0.57806134 0.5637181 0.28265825 0.28601852 0.56733155 0.9746289 0.5694652 0.71342045 0.4489234 0.38998386 0.57461107 0.5559132 0.5698927
1.0258498 0.20569606 0.28557938 0.28484803 0 0.3353406 0.32942155 0.32447308 0.3267886 0.5546552 0.5494359 0.99169195 0.8076381 0.80353975 0.56202364 0.55675304 0.5573836 0.56054413 0.5544457 0.18123527 0.18493709 0.5628704 0.9894442 0.56350607 0.7170537 0.44656178 0.38696238 0.55991095 0.54095423 0.5531901
1.0518178 0.335497 0.33878887 0.33190808 0.3353406 0 0.16973643 0.18814304 0.18878588 0.58785117 0.5874133 1.0168724 0.83788776 0.8257614 0.59092313 0.5874133 0.5915831 0.59004414 0.58675706 0.33988938 0.3425688 0.591363 1.019204 0.5962188 0.7344229 0.46864927 0.39776123 0.59312516 0.5709624 0.582614
1.0325551 0.32895625 0.32539845 0.3274073 0.32942155 0.16973643 0 0.1844254 0.18621783 0.571605 0.5756876 0.99357027 0.81590265 0.8102846 0.5720337 0.56967896 0.5789264 0.5789264 0.5698927 0.3333104 0.33878887 0.57590306 0.98794943 0.57806134 0.718095 0.45642072 0.3911622 0.56882447 0.5643545 0.56584156
1.0441338 0.3270979 0.3280265 0.32833627 0.32447308 0.18814304 0.1844254 0 0.14713283 0.56541634 0.57010657 0.9939465 0.8161995 0.8094014 0.5731065 0.5703204 0.56818426 0.5698927 0.57010657 0.32493562 0.332531 0.57806134 0.9857129 0.5784937 0.72018194 0.45623696 0.39403155 0.57224816 0.5533992 0.5720337
1.0477637 0.32942155 0.32447308 0.3286462 0.3267886 0.18878588 0.18621783 0.14713283 0 0.5692516 0.5713908 1.0099207 0.81382793 0.81294054 0.5774132 0.573751 0.56967896 0.57525676 0.56818426 0.33113015 0.3344029 0.5769814 1.0076177 0.5784937 0.7220128 0.45826077 0.39403155 0.5735361 0.56477904 0.5713908
1.0246727 0.5626586 0.5586462 0.56393015 0.5546552 0.58785117 0.571605 0.56541634 0.5692516 0 0.09929189 0.99999183 0.79339075 0.7853693 0.4418607 0.44024023 0.44420755 0.43952116 0.35194293 0.5607553 0.5692516 0.35901088 0.9753628 0.3614357 0.70646286 0.56584156 0.5660542 0.44078 0.36111194 0.35402426
1.0413225 0.5573836 0.56202364 0.5666926 0.5494359 0.5874133 0.5756876 0.57010657 0.5713908 0.09929189 0 1.01146 0.7822413 0.7737762 0.43970087 0.43343666 0.43468532 0.43486387 0.34304264 0.5550743 0.5649914 0.34827465 0.97316337 0.3501863 0.695261 0.5597 0.5632941 0.43397155 0.35836557 0.35034582
0.9500957 0.99545324 0.9962078 0.98683035 0.99169195 1.0168724 0.99357027 0.9939465 1.0099207 0.99999183 1.01146 0 1.042526 1.0282096 1.0015109 1.0022715 1.0137748 1.0080011 1.0246727 0.9950763 0.9977191 1.0270288 0.6929902 1.0234975 1.0160967 0.97867405 0.98125964 1.0083846 0.9977191 1.0015109
1.0357314 0.812645 0.78565425 0.80120784 0.8076381 0.83788776 0.81590265 0.8161995 0.81382793 0.79339075 0.7822413 1.042526 0 0.09134329 0.79598737 0.79339075 0.8017901 0.7945437 0.80295604 0.8076381 0.8076381 0.8088132 1.0278157 0.806758 0.82276016 0.80500084 0.81087404 0.79888314 0.79714435 0.7936788
1.0301816 0.8099901 0.7845149 0.7956984 0.80353975 0.8257614 0.8102846 0.8094014 0.81294054 0.7853693 0.7737762 1.0282096 0.09134329 0 0.79512084 0.79598737 0.79743385 0.7885103 0.8014989 0.8055861 0.80587894 0.8076381 1.0211525 0.80529344 0.80500084 0.8017901 0.81353205 0.79310274 0.78793824 0.78337723
1.0286036 0.560333 0.5582251 0.5656289 0.56202364 0.59092313 0.5720337 0.5731065 0.5774132 0.4418607 0.43970087 1.0015109 0.79598737 0.79512084 0 0.086277604 0.17023818 0.16349263 0.44204095 0.5666926 0.57181937 0.45092753 0.97941184 0.44983372 0.70466954 0.56350607 0.5660542 0.3814544 0.43397155 0.4393415
1.0286036 0.55381763 0.5533992 0.5643545 0.55675304 0.5874133 0.56967896 0.5703204 0.573751 0.44024023 0.43343666 1.0022715 0.79339075 0.79598737 0.086277604 0 0.17099145 0.16511104 0.4400604 0.5584356 0.5641423 0.4478325 0.9801504 0.44692463 0.70928967 0.56054413 0.5626586 0.38045728 0.43397155 0.43970087
1.0353336 0.55801463 0.5641423 0.573751 0.5573836 0.5915831 0.5789264 0.56818426 0.56967896 0.44420755 0.43468532 1.0137748 0.8017901 0.79743385 0.17023818 0.17099145 0 0.085828975 0.44024023 0.5677578 0.573751 0.44928738 0.9894442 0.4478325 0.70595 0.56117785 0.5626586 0.37846702 0.43432835 0.44204095
1.0278157 0.56012195 0.5643545 0.57806134 0.56054413 0.59004414 0.5789264 0.5698927 0.57525676 0.43952116 0.43486387 1.0080011 0.7945437 0.7885103 0.16349263 0.16511104 0.085828975 0 0.43808508 0.56733155 0.57289183 0.4461991 0.9790429 0.4454743 0.7026252 0.55991095 0.5561231 0.37730846 0.43254602 0.4389823
1.025065 0.5607553 0.5616006 0.5637181 0.5544457 0.58675706 0.5698927 0.57010657 0.56818426 0.35194293 0.34304264 1.0246727 0.80295604 0.8014989 0.44204095 0.4400604 0.44024023 0.43808508 0 0.5641423 0.56456673 0.078909285 1.0041765 0.08102306 0.69097745 0.56456673 0.567971 0.4366517 0.35949522 0.2918986
1.0227151 0.20372532 0.28470182 0.28265825 0.18123527 0.33988938 0.3333104 0.32493562 0.33113015 0.5607553 0.5550743 0.9950763 0.8076381 0.8055861 0.5666926 0.5584356 0.5677578 0.56733155 0.5641423 0 0.07106275 0.56626695 0.9842255 0.56903803 0.71316165 0.44837776 0.39420068 0.56584156 0.55131066 0.5616006
1.0157093 0.20846385 0.2880713 0.28601852 0.18493709 0.3425688 0.33878887 0.332531 0.3344029 0.5692516 0.5649914 0.9977191 0.8076381 0.80587894 0.57181937 0.5641423 0.573751 0.57289183 0.56456673 0.07106275 0 0.56754464 0.98496884 0.5692516 0.71342045 0.45330298 0.39403155 0.5711766 0.55089366 0.5724627
1.0353336 0.56733155 0.5669055 0.56733155 0.5628704 0.591363 0.57590306 0.57806134 0.5769814 0.35901088 0.34827465 1.0270288 0.8088132 0.8076381 0.45092753 0.4478325 0.44928738 0.4461991 0.078909285 0.56626695 0.56754464 0 1.0076177 0.028536052 0.69804585 0.5707484 0.5724627 0.4443884 0.36338124 0.2967846
0.98683035 0.98832285 0.98645765 0.9746289 0.9894442 1.019204 0.98794943 0.9857129 1.0076177 0.9753628 0.97316337 0.6929902 1.0278157 1.0211525 0.97941184 0.9801504 0.9894442 0.9790429 1.0041765 0.9842255 0.98496884 1.0076177 0 1.0118452 1.0080011 0.99056727 0.9931942 1.0049399 0.97024083 0.9853408
1.0353336 0.567971 0.56711847 0.5694652 0.56350607 0.5962188 0.57806134 0.5784937 0.5784937 0.3614357 0.3501863 1.0234975 0.806758 0.80529344 0.44983372 0.44692463 0.4478325 0.4454743 0.08102306 0.56903803 0.5692516 0.028536052 1.0118452 0 0.6950084 0.5733213 0.57525676 0.44456926 0.36468107 0.2993141
1.0246727 0.7098048 0.7051815 0.71342045 0.7170537 0.7344229 0.718095 0.72018194 0.7220128 0.70646286 0.695261 1.0160967 0.82276016 0.80500084 0.70466954 0.70928967 0.70595 0.7026252 0.69097745 0.71316165 0.71342045 0.69804585 1.0080011 0.6950084 0 0.6922348 0.7139384 0.71161044 0.68571955 0.70954716
1.025065 0.44493115 0.45202297 0.4489234 0.44656178 0.46864927 0.45642072 0.45623696 0.45826077 0.56584156 0.5597 0.97867405 0.80500084 0.8017901 0.56350607 0.56054413 0.56117785 0.55991095 0.56456673 0.44837776 0.45330298 0.5707484 0.99056727 0.5733213 0.6922348 0 0.45348603 0.56202364 0.5475659 0.5643545
1.0274222 0.3911622 0.38796818 0.38998386 0.38696238 0.39776123 0.3911622 0.39403155 0.39403155 0.5660542 0.5632941 0.98125964 0.81087404 0.81353205 0.5660542 0.5626586 0.5626586 0.5561231 0.567971 0.39420068 0.39403155 0.5724627 0.9931942 0.57525676 0.7139384 0.45348603 0 0.5626586 0.55402696 0.56117785
1.0203725 0.5616006 0.56967896 0.57461107 0.55991095 0.59312516 0.56882447 0.57224816 0.5735361 0.44078 0.43397155 1.0083846 0.79888314 0.79310274 0.3814544 0.38045728 0.37846702 0.37730846 0.4366517 0.56584156 0.5711766 0.4443884 1.0049399 0.44456926 0.71161044 0.56202364 0.5626586 0 0.43575725 0.44060004
1.015322 0.54095423 0.5446661 0.5559132 0.54095423 0.5709624 0.5643545 0.5533992 0.56477904 0.36111194 0.35836557 0.9977191 0.79714435 0.78793824 0.43397155 0.43397155 0.43432835 0.43254602 0.35949522 0.55131066 0.55089366 0.36338124 0.97024083 0.36468107 0.68571955 0.5475659 0.55402696 0.43575725 0 0.3643559
1.0180373 0.5666926 0.5656289 0.5698927 0.5531901 0.582614 0.56584156 0.5720337 0.5713908 0.35402426 0.35034582 1.0015109 0.7936788 0.78337723 0.4393415 0.43970087 0.44204095 0.4389823 0.2918986 0.5616006 0.5724627 0.2967846 0.9853408 0.2993141 0.70954716 0.5643545 0.56117785 0.44060004 0.3643559 0
