0 1.0080011 0.97867405 0.97170067 0.66359407 0.6599691 0.6669932 0.65948707 0.66359407 0.9898184 0.45918247 0.99961257 0.45936695 0.9775687 0.9727974 1.019204 1.0227151 0.9838541 0.982 0.46121424 0.46029004 1.0034139 0.67163116 1.005704 1.0234975 0.6103006 0.59932536 1.0041765 1.0118452 0.6602102
1.0080011 0 0.37697777 0.37302083 1.0130024 1.0091523 1.0176488 1.0037951 1.005704 0.11276841 0.99056727 0.38062337 0.98645765 0.23987852 0.23974083 0.2981227 0.30080608 0.37417278 0.37466702 0.98869646 0.99169195 0.11719802 0.98794943 0.11708111 0.3009554 0.97170067 0.9713354 0.1488382 0.14993657 0.9958304
0.97867405 0.37697777 0 0.09632971 0.99961257 0.9950763 0.99131685 1.0030329 1.002652 0.36403087 0.9827411 0.37154236 0.9727974 0.3723634 0.3728564 0.38595793 0.38763276 0.09872133 0.09860727 0.9746289 0.97978103 0.3728564 0.9894442 0.37137827 0.383953 0.98757625 0.98125964 0.3728564 0.3712142 1.01069
0.97170067 0.37302083 0.09632971 0 1.002652 0.99281836 0.99281836 0.99357027 0.99847597 0.3632189 0.97609735 0.37187067 0.96226203 0.3672875 0.36745068 0.38645998 0.38696238 0.09213437 0.09247366 0.9604604 0.9644296 0.3712142 0.9808897 0.3697393 0.38278595 0.97573 0.9687838 0.37105018 0.3700668 1.0037951
0.66359407 1.0130024 0.99961257 1.002652 0 0.07238317 0.07680145 0.1740121 0.17679176 1.0011308 0.66504896 1.018426 0.66093403 0.9857129 0.9857129 1.0282096 1.0305767 1.0072346 1.0015109 0.66650665 0.66553456 1.0091523 0.3743375 1.0076177 1.0441338 0.66577744 0.63928306 1.0180373 1.0064689 0.17704496
0.6599691 1.0091523 0.9950763 0.99281836 0.07238317 0 0.068647996 0.17187122 0.17704496 0.9980974 0.66286767 1.0188149 0.6592462 0.9801504 0.98125964 1.0286036 1.0301816 0.9980974 0.99056727 0.66383636 0.66359407 1.0103053 0.37154236 1.0099207 1.032159 0.6662635 0.6413967 1.0110749 1.0060863 0.17577977
0.6669932 1.0176488 0.99131685 0.99281836 0.07680145 0.068647996 0 0.17514798 0.1794547 1.0072346 0.6640787 1.0180373 0.6616586 0.9872032 0.9872032 1.0301816 1.0341415 0.9962078 0.9901927 0.66504896 0.66335183 1.0126165 0.37631682 1.0122308 1.0401208 0.6652917 0.6409265 1.0160967 1.0130024 0.17717159
0.65948707 1.0037951 1.0030329 0.99357027 0.1740121 0.17187122 0.17514798 0 0.059390638 0.9939465 0.654684 1.0015109 0.65540254 0.9853408 0.9857129 1.0305767 1.0317632 1.001891 0.99658537 0.654684 0.654684 1.0041765 0.3776393 1.0022715 1.0227151 0.65110177 0.6367077 1.0130024 1.0076177 0.1258999
0.66359407 1.005704 1.002652 0.99847597 0.17679176 0.17704496 0.1794547 0.059390638 0 0.9958304 0.66286767 1.01146 0.6611755 0.99169195 0.99281836 1.0361294 1.0413225 1.005704 0.99999183 0.6590054 0.6604514 1.005704 0.38045728 1.0049399 1.0393208 0.6578025 0.64587855 1.0157093 1.0072346 0.12933783
0.9898184 0.11276841 0.36403087 0.3632189 1.0011308 0.9980974 1.0072346 0.9939465 0.9958304 0 0.9680563 0.37697777 0.96190137 0.23179846 0.2326162 0.28865886 0.29042426 0.36826724 0.36826724 0.96406794 0.9673296 0.04747114 0.97499573 0.048323896 0.29057157 0.9779369 0.9637064 0.1425234 0.14203984 0.9943229
0.45918247 0.99056727 0.9827411 0.97609735 0.66504896 0.66286767 0.6640787 0.654684 0.66286767 0.9680563 0 0.9924427 0.043221835 0.97609735 0.9738958 1.01146 1.015322 0.9898184 0.9898184 0.096102335 0.095988676 0.9816297 0.6689425 0.98237044 1.0172604 0.6037857 0.603562 0.98348296 1.002652 0.65876466
0.99961257 0.38062337 0.37154236 0.37187067 1.018426 1.0188149 1.0180373 1.0015109 1.01146 0.37697777 0.9924427 0 0.97499573 0.37219912 0.3753265 0.39082533 0.39065698 0.3768125 0.3758215 0.98794943 0.99169195 0.3841199 1.0068517 0.38261938 0.3930176 0.9860852 0.9783054 0.38378617 0.37912986 1.0068517
0.45936695 0.98645765 0.9727974 0.96226203 0.66093403 0.6592462 0.6616586 0.65540254 0.6611755 0.96190137 0.043221835 0.97499573 0 0.9680563 0.9644296 0.9962078 1.002652 0.97867405 0.97978103 0.094512634 0.0942858 0.9783054 0.67114156 0.97573 1.0053219 0.6075979 0.6058015 0.9727974 0.9924427 0.6578025
0.9775687 0.23987852 0.3723634 0.3672875 0.9857129 0.9801504 0.9872032 0.9853408 0.99169195 0.23179846 0.97609735 0.37219912 0.9680563 0 0.030199945 0.29574552 0.29530063 0.37105018 0.3712142 0.97170067 0.97426224 0.23754142 0.9768326 0.2365812 0.29455975 0.9698763 0.9698763 0.23644413 0.23398107 0.97941184
0.9727974 0.23974083 0.3728564 0.36745068 0.9857129 0.98125964 0.9872032 0.9857129 0.99281836 0.2326162 0.9738958 0.3753265 0.9644296 0.030199945 0 0.29470786 0.2950042 0.37137827 0.37187067 0.97024083 0.97170067 0.23767869 0.97609735 0.23685543 0.293228 0.97170067 0.97243166 0.23726694 0.23493797 0.9816297
1.019204 0.2981227 0.38595793 0.38645998 1.0282096 1.0286036 1.0301816 1.0305767 1.0361294 0.28865886 1.01146 0.39082533 0.9962078 0.29574552 0.29470786 0 0.02480573 0.38645998 0.38780046 1.0015109 1.000751 0.29574552 1.0172604 0.29455975 0.27526045 1.0011308 1.0015109 0.2955972 0.29856926 1.0317632
1.0227151 0.30080608 0.38763276 0.38696238 1.0305767 1.0301816 1.0341415 1.0317632 1.0413225 0.29042426 1.015322 0.39065698 1.002652 0.29530063 0.2950042 0.02480573 0 0.38679487 0.38830376 1.0037951 1.001891 0.29708177 1.0238891 0.29633912 0.2759825 1.0041765 1.0072346 0.29723036 0.29842037 1.0305767
0.9838541 0.37417278 0.09872133 0.09213437 1.0072346 0.9980974 0.9962078 1.001891 1.005704 0.36826724 0.9898184 0.3768125 0.97867405 0.37105018 0.37137827 0.38645998 0.38679487 0 0.016786464 0.9775687 0.98237044 0.37483186 0.99281836 0.37269205 0.38228634 0.9943229 0.98869646 0.3738435 0.3708862 1.0126165
0.982 0.37466702 0.09860727 0.09247366 1.0015109 0.99056727 0.9901927 0.99658537 0.99999183 0.36826724 0.9898184 0.3758215 0.97978103 0.3712142 0.37187067 0.38780046 0.38830376 0.016786464 0 0.9768326 0.9808897 0.3751616 0.9898184 0.37302083 0.3842868 0.990942 0.98645765 0.3736789 0.37105018 1.005704
0.46121424 0.98869646 0.9746289 0.9604604 0.66650665 0.66383636 0.66504896 0.654684 0.6590054 0.96406794 0.096102335 0.98794943 0.094512634 0.97170067 0.97024083 1.0015109 1.0037951 0.9775687 0.9768326 0 0.013113986 0.98348296 0.6684547 0.9816297 1.0133885 0.6073731 0.6060258 0.9727974 0.9924427 0.65612173
0.46029004 0.99169195 0.97978103 0.9644296 0.66553456 0.66359407 0.66335183 0.654684 0.6604514 0.9673296 0.095988676 0.99169195 0.0942858 0.97426224 0.97170067 1.000751 1.001891 0.98237044 0.9808897 0.013113986 0 0.9853408 0.6682109 0.98348296 1.0160967 0.60669917 0.6031149 0.9738958 0.9943229 0.6539662
1.0034139 0.11719802 0.3728564 0.3712142 1.0091523 1.0103053 1.0126165 1.0041765 1.005704 0.04747114 0.9816297 0.3841199 0.9783054 0.23754142 0.23767869 0.29574552 0.29708177 0.37483186 0.3751616 0.98348296 0.9853408 0 0.98757625 0.0108785145 0.29946318 0.99131685 0.9783054 0.14749794 0.14701116 1.0034139
0.67163116 0.98794943 0.9894442 0.9808897 0.3743375 0.37154236 0.37631682 0.3776393 0.38045728 0.97499573 0.6689425 1.0068517 0.67114156 0.9768326 0.97609735 1.0172604 1.0238891 0.99281836 0.9898184 0.6684547 0.6682109 0.98757625 0 0.9872032 1.0219333 0.65660155 0.65372705 0.99961257 0.99999183 0.37846702
1.005704 0.11708111 0.37137827 0.3697393 1.0076177 1.0099207 1.0122308 1.0022715 1.0049399 0.048323896 0.98237044 0.38261938 0.97573 0.2365812 0.23685543 0.29455975 0.29633912 0.37269205 0.37302083 0.9816297 0.98348296 0.0108785145 0.9872032 0 0.2993141 0.98907024 0.9738958 0.14786322 0.14761968 1.000751
1.0234975 0.3009554 0.383953 0.38278595 1.0441338 1.032159 1.0401208 1.0227151 1.0393208 0.29057157 1.0172604 0.3930176 1.0053219 0.29455975 0.293228 0.27526045 0.2759825 0.38228634 0.3842868 1.0133885 1.0160967 0.29946318 1.0219333 0.2993141 0 1.0103053 1.0110749 0.29470786 0.29337585 1.0349361
0.6103006 0.97170067 0.98757625 0.97573 0.66577744 0.6662635 0.6652917 0.65110177 0.6578025 0.9779369 0.6037857 0.9860852 0.6075979 0.9698763 0.97170067 1.0011308 1.0041765 0.9943229 0.990942 0.6073731 0.60669917 0.99131685 0.65660155 0.98907024 1.0103053 0 0.19901656 0.9831119 0.9924427 0.6520554
0.59932536 0.9713354 0.98125964 0.9687838 0.63928306 0.6413967 0.6409265 0.6367077 0.64587855 0.9637064 0.603562 0.9783054 0.6058015 0.9698763 0.97243166 1.0015109 1.0072346 0.98869646 0.98645765 0.6060258 0.6031149 0.9783054 0.65372705 0.9738958 1.0110749 0.19901656 0 0.9753628 0.98348296 0.6371753
1.0041765 0.1488382 0.3728564 0.37105018 1.0180373 1.0110749 1.0160967 1.0130024 1.0157093 0.1425234 0.98348296 0.38378617 0.9727974 0.23644413 0.23726694 0.2955972 0.29723036 0.3738435 0.3736789 0.9727974 0.9738958 0.14749794 0.99961257 0.14786322 0.29470786 0.9831119 0.9753628 0 0.12993217 0.99961257
1.0118452 0.14993657 0.3712142 0.3700668 1.0064689 1.0060863 1.0130024 1.0076177 1.0072346 0.14203984 1.002652 0.37912986 0.9924427 0.23398107 0.23493797 0.29856926 0.29842037 0.3708862 0.37105018 0.9924427 0.9943229 0.14701116 0.99999183 0.14761968 0.29337585 0.9924427 0.98348296 0.12993217 0 0.9958304
0.6602102 0.9958304 1.01069 1.0037951 0.17704496 0.17577977 0.17717159 0.1258999 0.12933783 0.9943229 0.65876466 1.0068517 0.6578025 0.97941184 0.9816297 1.0317632 1.0305767 1.0126165 1.005704 0.65612173 0.6539662 1.0034139 0.37846702 1.000751 1.0349361 0.6520554 0.6371753 0.99961257 0.9958304 0
