0 0.96226203 0.6972853 1.0015109 0.97170067 0.6960195 0.700841 1.0037951 0.99885464 0.99169195 0.99545324 0.7013504 0.9898184 0.7033912 0.6993151 0.9709704 0.96190137 1.0068517 1.0130024 0.69349426 0.6988071 0.700841 1.0030329 0.70007765 0.9943229 0.70441365 0.70007765 0.46102932 0.46696994 0.9626228
0.96226203 0 0.9943229 0.70954716 0.18968678 1.0099207 0.9920673 0.70415795 0.7110941 0.7157541 0.71549445 0.99169195 0.70954716 0.9943229 0.9842255 0.18199967 0.18123527 0.70928967 0.71238565 0.99545324 0.99281836 0.99545324 0.70954716 0.9943229 0.6884691 0.9860852 0.9920673 0.99169195 0.9946995 0.21829918
0.6972853 0.9943229 0 1.0099207 0.98869646 0.14628159 0.15164834 1.01069 1.0003713 0.9950763 0.99999183 0.47672495 0.9943229 0.48108047 0.48089057 0.9801504 0.9808897 1.0160967 1.018426 0.14701116 0.14993657 0.48013148 1.0133885 0.47956264 0.9775687 0.48507947 0.47994182 0.70748955 0.70364666 1.0037951
1.0015109 0.70954716 1.0099207 0 0.72148925 0.98757625 0.99961257 0.13926542 0.54611456 0.5471509 0.5488121 0.9977191 0.5519366 1.0122308 1.002652 0.70646286 0.7051815 0.13986768 0.14022927 0.9924427 0.9931942 1.0076177 0.43486387 1.0099207 0.39082533 1.01146 1.005704 1.0099207 1.0110749 0.71783453
0.97170067 0.18968678 0.98869646 0.72148925 0 1.0060863 0.9946995 0.72463614 0.7149754 0.7220128 0.7152349 0.9920673 0.7141975 0.98051995 0.97352946 0.13112226 0.1295755 0.72726864 0.72568804 0.9939465 0.99357027 0.99357027 0.72463614 0.99357027 0.69804585 1.0011308 0.98832285 0.9901927 0.98051995 0.22004041
0.6960195 1.0099207 0.14628159 0.98757625 1.0060863 0 0.116380066 0.9958304 1.0091523 1.01069 1.0149349 0.4714565 1.0122308 0.4769138 0.47578144 0.99357027 0.9901927 0.99885464 1.0030329 0.1126522 0.11684736 0.47653615 1.0203725 0.47634742 0.98237044 0.47918367 0.47370988 0.7023701 0.70007765 1.01146
0.700841 0.9920673 0.15164834 0.99961257 0.9946995 0.116380066 0 1.0041765 1.0049399 1.0068517 1.0022715 0.48279172 1.0011308 0.47804788 0.47559288 0.9838541 0.982 1.0068517 1.0110749 0.10882714 0.11218751 0.47956264 1.0223241 0.48013148 0.97941184 0.47861555 0.47861555 0.71212715 0.70441365 0.9931942
1.0037951 0.70415795 1.01069 0.13926542 0.72463614 0.9958304 1.0041765 0 0.5475659 0.5492279 0.54860425 0.99281836 0.55089366 1.0180373 1.0099207 0.7067194 0.70748955 0.07635845 0.07469952 0.99847597 1.0030329 1.0227151 0.4398806 1.0246727 0.38914335 1.019204 1.0211525 1.019204 1.0168724 0.72122765
0.99885464 0.7110941 1.0003713 0.54611456 0.7149754 1.0091523 1.0049399 0.5475659 0 0.06536763 0.06384169 1.014548 0.06384169 1.0130024 0.99961257 0.70748955 0.70774645 0.55402696 0.55110216 1.0072346 1.0072346 1.0130024 0.54985213 1.0118452 0.532364 1.0037951 1.0215429 1.01146 1.0246727 0.7264779
0.99169195 0.7157541 0.9950763 0.5471509 0.7220128 1.01069 1.0068517 0.5492279 0.06536763 0 0.05389058 1.018426 0.05303147 1.015322 1.0030329 0.71316165 0.71367943 0.5542363 0.5502686 1.005704 1.0060863 1.0203725 0.5444594 1.0203725 0.5333815 1.0068517 1.0266355 1.0091523 1.0254573 0.7325615
0.99545324 0.71549445 0.99999183 0.5488121 0.7152349 1.0149349 1.0022715 0.54860425 0.06384169 0.05389058 0 1.0195932 0.041528832 1.0282096 1.019204 0.7072328 0.70697606 0.5546552 0.55110216 1.0072346 1.0083846 1.0278157 0.549644 1.0278157 0.53256744 1.0122308 1.0345387 1.01146 1.0258498 0.72779626
0.7013504 0.99169195 0.47672495 0.9977191 0.9920673 0.4714565 0.48279172 0.99281836 1.014548 1.018426 1.0195932 0 1.0068517 0.466411 0.46455088 0.9626228 0.9680563 0.98794943 0.990942 0.46883607 0.4718316 0.46939683 1.0083846 0.46920985 0.9727974 0.46121424 0.4540354 0.71238565 0.7098048 0.982
0.9898184 0.70954716 0.9943229 0.5519366 0.7141975 1.0122308 1.0011308 0.55089366 0.06384169 0.05303147 0.041528832 1.0068517 0 1.0215429 1.0099207 0.7023701 0.70288044 0.5569632 0.5521454 1.0076177 1.0087683 1.0188149 0.5494359 1.0188149 0.5368514 1.0037951 1.0258498 1.0053219 1.025065 0.7220128
0.7033912 0.9943229 0.48108047 1.0122308 0.98051995 0.4769138 0.47804788 1.0180373 1.0130024 1.015322 1.0282096 0.466411 1.0215429 0 0.037207875 0.9637064 0.9698763 1.0176488 1.0215429 0.46939683 0.4718316 0.1750217 1.0297868 0.17439054 0.99056727 0.38897535 0.302301 0.71186876 0.7220128 0.9857129
0.6993151 0.9842255 0.48089057 1.002652 0.97352946 0.47578144 0.47559288 1.0099207 0.99961257 1.0030329 1.019204 0.46455088 1.0099207 0.037207875 0 0.9554389 0.9604604 1.01069 1.0130024 0.46902296 0.47258234 0.17704496 1.0199828 0.17603265 0.9816297 0.38595793 0.30454898 0.70774645 0.7175742 0.97426224
0.9709704 0.18199967 0.9801504 0.70646286 0.13112226 0.99357027 0.9838541 0.7067194 0.70748955 0.71316165 0.7072328 0.9626228 0.7023701 0.9637064 0.9554389 0 0.031971887 0.7085177 0.7105781 0.97867405 0.9779369 0.9709704 0.7072328 0.9687838 0.6904751 0.97609735 0.9695119 0.9842255 0.97316337 0.21496198
0.96190137 0.18123527 0.9808897 0.7051815 0.1295755 0.9901927 0.982 0.70748955 0.70774645 0.71367943 0.70697606 0.9680563 0.70288044 0.9698763 0.9604604 0.031971887 0 0.7082605 0.7087749 0.9768326 0.97609735 0.9775687 0.70748955 0.97573 0.6899731 0.9764649 0.9738958 0.97941184 0.9666036 0.21163957
1.0068517 0.70928967 1.0160967 0.13986768 0.72726864 0.99885464 1.0068517 0.07635845 0.55402696 0.5542363 0.5546552 0.98794943 0.5569632 1.0176488 1.01069 0.7085177 0.7082605 0 0.030824859 1.002652 1.0064689 1.0168724 0.43952116 1.018426 0.39538565 1.0137748 1.0199828 1.018426 1.0160967 0.72253674
1.0130024 0.71238565 1.018426 0.14022927 0.72568804 1.0030329 1.0110749 0.07469952 0.55110216 0.5502686 0.55110216 0.990942 0.5521454 1.0215429 1.0130024 0.7105781 0.7087749 0.030824859 0 1.0053219 1.0087683 1.025065 0.44060004 1.0266355 0.39572456 1.018426 1.0219333 1.0254573 1.0215429 0.7220128
0.69349426 0.99545324 0.14701116 0.9924427 0.9939465 0.1126522 0.10882714 0.99847597 1.0072346 1.005704 1.0072346 0.46883607 1.0076177 0.46939683 0.46902296 0.97867405 0.9768326 1.002652 1.0053219 0 0.017400295 0.47051957 1.0203725 0.471269 0.9816297 0.47634742 0.466411 0.69956917 0.69779223 0.99545324
0.6988071 0.99281836 0.14993657 0.9931942 0.99357027 0.11684736 0.11218751 1.0030329 1.0072346 1.0060863 1.0083846 0.4718316 1.0087683 0.4718316 0.47258234 0.9779369 0.97609735 1.0064689 1.0087683 0.017400295 0 0.4740861 1.0141612 0.4746508 0.97867405 0.47937313 0.46902296 0.700841 0.70109564 0.99961257
0.700841 0.99545324 0.48013148 1.0076177 0.99357027 0.47653615 0.47956264 1.0227151 1.0130024 1.0203725 1.0278157 0.46939683 1.0188149 0.1750217 0.17704496 0.9709704 0.9775687 1.0168724 1.025065 0.47051957 0.4740861 0 1.033348 0.010574194 1.0053219 0.38645998 0.30260032 0.71783453 0.7196597 1.002652
1.0030329 0.70954716 1.0133885 0.43486387 0.72463614 1.0203725 1.0223241 0.4398806 0.54985213 0.5444594 0.549644 1.0083846 0.5494359 1.0297868 1.0199828 0.7072328 0.70748955 0.43952116 0.44060004 1.0203725 1.0141612 1.033348 0 1.036926 0.4231698 1.0122308 1.0195932 1.0234975 0.9969631 0.7243734
0.70007765 0.9943229 0.47956264 1.0099207 0.99357027 0.47634742 0.48013148 1.0246727 1.0118452 1.0203725 1.0278157 0.46920985 1.0188149 0.17439054 0.17603265 0.9687838 0.97573 1.018426 1.0266355 0.471269 0.4746508 0.010574194 1.036926 0 1.0034139 0.38696238 0.30155316 0.7149754 0.71887696 1.0003713
0.9943229 0.6884691 0.9775687 0.39082533 0.69804585 0.98237044 0.97941184 0.38914335 0.532364 0.5333815 0.53256744 0.9727974 0.5368514 0.99056727 0.9816297 0.6904751 0.6899731 0.39538565 0.39572456 0.9816297 0.97867405 1.0053219 0.4231698 1.0034139 0 0.9920673 0.990942 1.0095364 0.9943229 0.7113522
0.70441365 0.9860852 0.48507947 1.01146 1.0011308 0.47918367 0.47861555 1.019204 1.0037951 1.0068517 1.0122308 0.46121424 1.0037951 0.38897535 0.38595793 0.97609735 0.9764649 1.0137748 1.018426 0.47634742 0.47937313 0.38645998 1.0122308 0.38696238 0.9920673 0 0.38746512 0.70774645 0.7220128 1.0037951
0.70007765 0.9920673 0.47994182 1.005704 0.98832285 0.47370988 0.47861555 1.0211525 1.0215429 1.0266355 1.0345387 0.4540354 1.0258498 0.302301 0.30454898 0.9695119 0.9738958 1.0199828 1.0219333 0.466411 0.46902296 0.30260032 1.0195932 0.30155316 0.990942 0.38746512 0 0.7165336 0.71316165 0.99131685
0.46102932 0.99169195 0.70748955 1.0099207 0.9901927 0.7023701 0.71212715 1.019204 1.01146 1.0091523 1.01146 0.71238565 1.0053219 0.71186876 0.70774645 0.9842255 0.97941184 1.018426 1.0254573 0.69956917 0.700841 0.71783453 1.0234975 0.7149754 1.0095364 0.70774645 0.7165336 0 0.26323268 0.9950763
0.46696994 0.9946995 0.70364666 1.0110749 0.98051995 0.70007765 0.70441365 1.0168724 1.0246727 1.0254573 1.0258498 0.7098048 1.025065 0.7220128 0.7175742 0.97316337 0.9666036 1.0160967 1.0215429 0.69779223 0.70109564 0.7196597 0.9969631 0.71887696 0.9943229 0.7220128 0.71316165 0.26323268 0 0.9857129
0.9626228 0.21829918 1.0037951 0.71783453 0.22004041 1.01146 0.9931942 0.72122765 0.7264779 0.7325615 0.72779626 0.982 0.7220128 0.9857129 0.97426224 0.21496198 0.21163957 0.72253674 0.7220128 0.99545324 0.99961257 1.002652 0.7243734 1.0003713 0.7113522 1.0037951 0.99131685 0.9950763 0.9857129 0
