0 0.6255724 0.6164175 0.6232732 0.6216679 0.63228023 0.6475366 0.632745 0.6145999 0.61278665 0.6132396 0.33159682 0.61142963 0.6367077 0.6336756 0.62880313 0.63088745 0.61960906 0.6198375 0.3326868 0.33221948 1.0041765 1.0076177 1.0087683 0.99545324 0.9838541 0.62741685 0.6367077 0.64280915 0.6255724
0.6255724 0 0.34067646 0.13530254 0.34430766 0.34970793 0.54860425 0.5413658 0.13171802 0.13303037 0.12791333 0.6112037 0.12910022 0.5321607 0.53134793 0.22138256 0.22501844 0.27931294 0.2788777 0.6161901 0.617328 1.0118452 1.0199828 1.0118452 0.9950763 0.99923354 0.34907058 0.5384899 0.5506852 0.14701116
0.6164175 0.34067646 0 0.34367487 0.11684736 0.122948766 0.53134793 0.53134793 0.34036154 0.33816072 0.3353406 0.6008834 0.3358099 0.5200604 0.5182621 0.34036154 0.34446594 0.33144122 0.33471534 0.610075 0.60804766 1.0176488 1.005704 1.0219333 0.9920673 0.9943229 0.19213755 0.52447456 0.53094184 0.3441494
0.6232732 0.13530254 0.34367487 0 0.34732068 0.35274276 0.54652894 0.5374654 0.11160706 0.11276841 0.10975263 0.60244477 0.11172312 0.5289148 0.5266914 0.21963823 0.22272713 0.27526045 0.27295452 0.6141462 0.61278665 1.015322 1.0258498 1.018426 0.99658537 1.0099207 0.34700292 0.5368514 0.55381763 0.14506721
0.6216679 0.34430766 0.11684736 0.34732068 0 0.108711526 0.5287124 0.5331779 0.34193748 0.34162202 0.3372195 0.60669917 0.34130672 0.5182621 0.5166672 0.3427267 0.34859294 0.33315444 0.33768997 0.61596274 0.6155082 1.015322 1.0034139 1.0211525 1.0034139 0.99734104 0.1953745 0.52608615 0.5331779 0.34684414
0.63228023 0.34970793 0.122948766 0.35274276 0.108711526 0 0.53114486 0.5350124 0.34891135 0.34716177 0.3439912 0.6182396 0.34700292 0.52367 0.520861 0.3477975 0.35338324 0.34383303 0.34605056 0.6255724 0.624192 1.025065 1.015322 1.0282096 1.0030329 1.0103053 0.1966732 0.5299277 0.5374654 0.35258272
0.6475366 0.54860425 0.53134793 0.54652894 0.5287124 0.53114486 0 0.096557155 0.54425275 0.5374654 0.53664684 0.6255724 0.5419835 0.5494359 0.5419835 0.54116 0.5477734 0.5358292 0.5301304 0.63881415 0.63811135 1.0341415 1.0337447 1.0341415 1.0080011 1.0219333 0.5440462 0.54177755 0.5554936 0.5446661
0.632745 0.5413658 0.53134793 0.5374654 0.5331779 0.5350124 0.096557155 0 0.5344004 0.52608615 0.52628785 0.6180116 0.532364 0.54177755 0.5362379 0.5368514 0.5428079 0.5346044 0.53134793 0.62787867 0.6258027 1.0157093 1.0168724 1.0180373 0.99131685 1.0045581 0.5352165 0.5423956 0.55277205 0.5374654
0.6145999 0.13171802 0.34036154 0.11160706 0.34193748 0.34891135 0.54425275 0.5344004 0 0.087175675 0.08358984 0.6017752 0.08459662 0.53033316 0.52608615 0.21696252 0.22097966 0.27425072 0.27266678 0.6161901 0.61346614 1.0030329 1.005704 1.005704 0.9768326 0.9872032 0.3411491 0.53297436 0.54425275 0.14095297
0.61278665 0.13303037 0.33816072 0.11276841 0.34162202 0.34716177 0.5374654 0.52608615 0.087175675 0 0.07447861 0.5979924 0.07713387 0.52427334 0.5214621 0.21829918 0.22245803 0.2746833 0.27309844 0.6078228 0.6060258 1.000751 1.0034139 1.0003713 0.9738958 0.9808897 0.34684414 0.53134793 0.5397211 0.1438548
0.6132396 0.12791333 0.3353406 0.10975263 0.3372195 0.3439912 0.53664684 0.52628785 0.08358984 0.07447861 0 0.59865856 0.07007396 0.520861 0.5170656 0.21416326 0.21789792 0.2703688 0.2699387 0.6093986 0.6082727 1.001891 1.0083846 1.0037951 0.9768326 0.97941184 0.3411491 0.53033316 0.5380799 0.13938582
0.33159682 0.6112037 0.6008834 0.60244477 0.60669917 0.6182396 0.6255724 0.6180116 0.6017752 0.5979924 0.59865856 0 0.6013292 0.6121078 0.6155082 0.6118817 0.61596274 0.60535306 0.5999927 0.31103078 0.31087938 0.98683035 0.99923354 0.9894442 0.9768326 0.9713354 0.6161901 0.6228142 0.618924 0.609624
0.61142963 0.12910022 0.3358099 0.11172312 0.34130672 0.34700292 0.5419835 0.532364 0.08459662 0.07713387 0.07007396 0.6013292 0 0.5204606 0.51806253 0.21309961 0.21763055 0.2712297 0.26979542 0.61369276 0.6116556 1.0076177 1.0045581 1.0110749 0.97499573 0.982 0.3441494 0.53114486 0.54095423 0.1421607
0.6367077 0.5321607 0.5200604 0.5289148 0.5182621 0.52367 0.5494359 0.54177755 0.53033316 0.52427334 0.520861 0.6121078 0.5204606 0 0.04460022 0.53114486 0.5333815 0.52447456 0.51646805 0.6276477 0.62534213 0.9920673 0.97941184 0.99961257 0.9842255 0.9980974 0.5283078 0.2256937 0.22948638 0.5346044
0.6336756 0.53134793 0.5182621 0.5266914 0.5166672 0.520861 0.5419835 0.5362379 0.52608615 0.5214621 0.5170656 0.6155082 0.51806253 0.04460022 0 0.5240722 0.5277012 0.5212617 0.5134875 0.62304366 0.620981 0.9783054 0.97499573 0.98645765 0.97206604 0.9860852 0.5287124 0.22420895 0.2289434 0.5321607
0.62880313 0.22138256 0.34036154 0.21963823 0.3427267 0.3477975 0.54116 0.5368514 0.21696252 0.21829918 0.21416326 0.6118817 0.21309961 0.53114486 0.5240722 0 0.044281904 0.27425072 0.2746833 0.614373 0.61346614 0.98683035 1.0015109 0.98907024 0.98794943 0.99056727 0.3462092 0.5299277 0.5403374 0.22124824
0.63088745 0.22501844 0.34446594 0.22272713 0.34859294 0.35338324 0.5477734 0.5428079 0.22097966 0.22245803 0.21789792 0.61596274 0.21763055 0.5333815 0.5277012 0.044281904 0 0.27670524 0.27786312 0.62235546 0.620981 1.002652 1.014548 1.0030329 1.0034139 1.0034139 0.34922987 0.5327709 0.54528654 0.2256937
0.61960906 0.27931294 0.33144122 0.27526045 0.33315444 0.34383303 0.5358292 0.5346044 0.27425072 0.2746833 0.2703688 0.60535306 0.2712297 0.52447456 0.5212617 0.27425072 0.27670524 0 0.03699773 0.61391944 0.6145999 0.99923354 1.0110749 1.0037951 0.98348296 0.98125964 0.33957478 0.5277012 0.53195745 0.2784427
0.6198375 0.2788777 0.33471534 0.27295452 0.33768997 0.34605056 0.5301304 0.53134793 0.27266678 0.27309844 0.2699387 0.5999927 0.26979542 0.51646805 0.5134875 0.2746833 0.27786312 0.03699773 0 0.61278665 0.61346614 1.002652 1.0130024 1.0072346 0.99131685 0.9894442 0.34304264 0.5212617 0.52608615 0.27728397
0.3326868 0.6161901 0.610075 0.6141462 0.61596274 0.6255724 0.63881415 0.62787867 0.6161901 0.6078228 0.6093986 0.31103078 0.61369276 0.6276477 0.62304366 0.614373 0.62235546 0.61391944 0.61278665 0 0.014540035 1.0049399 1.0030329 1.0068517 0.99056727 0.9943229 0.62006605 0.6258027 0.63811135 0.6171003
0.33221948 0.617328 0.60804766 0.61278665 0.6155082 0.624192 0.63811135 0.6258027 0.61346614 0.6060258 0.6082727 0.31087938 0.6116556 0.62534213 0.620981 0.61346614 0.620981 0.6145999 0.61346614 0.014540035 0 1.0045581 1.0037951 1.0064689 0.9901927 0.9977191 0.618924 0.62465185 0.6364741 0.6164175
1.0041765 1.0118452 1.0176488 1.015322 1.015322 1.025065 1.0341415 1.0157093 1.0030329 1.000751 1.001891 0.98683035 1.0076177 0.9920673 0.9783054 0.98683035 1.002652 0.99923354 1.002652 1.0049399 1.0045581 0 0.26764908 0.014438084 0.4623248 0.45899805 1.0293922 1.0211525 1.0176488 0.99658537
1.0076177 1.0199828 1.005704 1.0258498 1.0034139 1.015322 1.0337447 1.0168724 1.005704 1.0034139 1.0083846 0.99923354 1.0045581 0.97941184 0.97499573 1.0015109 1.014548 1.0110749 1.0130024 1.0030329 1.0037951 0.26764908 0 0.26936567 0.45734018 0.45531887 1.0211525 1.0289978 1.0234975 1.0168724
1.0087683 1.0118452 1.0219333 1.018426 1.0211525 1.0282096 1.0341415 1.0180373 1.005704 1.0003713 1.0037951 0.9894442 1.0110749 0.99961257 0.98645765 0.98907024 1.0030329 1.0037951 1.0072346 1.0068517 1.0064689 0.014438084 0.26936567 0 0.46158424 0.458445 1.0297868 1.0231062 1.0207624 1.0022715
0.99545324 0.9950763 0.9920673 0.99658537 1.0034139 1.0030329 1.0080011 0.99131685 0.9768326 0.9738958 0.9768326 0.9768326 0.97499573 0.9842255 0.97206604 0.98794943 1.0034139 0.98348296 0.99131685 0.99056727 0.9901927 0.4623248 0.45734018 0.46158424 0 0.1845533 1.0258498 0.9950763 0.9980974 0.98348296
0.9838541 0.99923354 0.9943229 1.0099207 0.99734104 1.0103053 1.0219333 1.0045581 0.9872032 0.9808897 0.97941184 0.9713354 0.982 0.9980974 0.9860852 0.99056727 1.0034139 0.98125964 0.9894442 0.9943229 0.9977191 0.45899805 0.45531887 0.458445 0.1845533 0 1.0211525 1.0278157 1.0215429 0.9853408
0.62741685 0.34907058 0.19213755 0.34700292 0.1953745 0.1966732 0.5440462 0.5352165 0.3411491 0.34684414 0.3411491 0.6161901 0.3441494 0.5283078 0.5287124 0.3462092 0.34922987 0.33957478 0.34304264 0.62006605 0.618924 1.0293922 1.0211525 1.0297868 1.0258498 1.0211525 0 0.5393104 0.54652894 0.35370368
0.6367077 0.5384899 0.52447456 0.5368514 0.52608615 0.5299277 0.54177755 0.5423956 0.53297436 0.53134793 0.53033316 0.6228142 0.53114486 0.2256937 0.22420895 0.5299277 0.5327709 0.5277012 0.5212617 0.6258027 0.62465185 1.0211525 1.0289978 1.0231062 0.9950763 1.0278157 0.5393104 0 0.1494482 0.5415716
0.64280915 0.5506852 0.53094184 0.55381763 0.5331779 0.5374654 0.5554936 0.55277205 0.54425275 0.5397211 0.5380799 0.618924 0.54095423 0.22948638 0.2289434 0.5403374 0.54528654 0.53195745 0.52608615 0.63811135 0.6364741 1.0176488 1.0234975 1.0207624 0.9980974 1.0215429 0.54652894 0.1494482 0 0.5548647
0.6255724 0.14701116 0.3441494 0.14506721 0.34684414 0.35258272 0.5446661 0.5374654 0.14095297 0.1438548 0.13938582 0.609624 0.1421607 0.5346044 0.5321607 0.22124824 0.2256937 0.2784427 0.27728397 0.6171003 0.6164175 0.99658537 1.0168724 1.0022715 0.98348296 0.9853408 0.35370368 0.5415716 0.5548647 0
