0 0.90164745 0.91915274 0.9709704 0.9536536 0.9666036 0.9123715 1.0034139 0.9958304 0.9127091 0.92085767 1.0180373 0.98125964 0.9808897 0.94514287 0.9543672 0.98794943 0.99281836 0.9353342 0.9106857 0.9096761 0.9360306 0.9096761 0.93151563 0.9939465 0.903313 0.9113596 0.89667284 0.9259958 0.9127091
0.90164745 0 0.31345698 1.005704 0.9695119 0.99056727 0.7243734 0.9980974 0.98683035 0.71367943 0.72253674 0.98125964 1.0011308 1.0118452 0.9727974 0.96841997 0.99169195 0.98907024 0.515871 0.5085462 0.5105188 0.51786304 0.7765873 0.51210064 0.9695119 0.45697227 0.718095 0.7186162 0.8038317 0.7994636
0.91915274 0.31345698 0 0.98869646 0.96841997 0.9943229 0.723061 1.0091523 0.9950763 0.71601385 0.7333587 0.9779369 1.0041765 1.0095364 0.9518725 0.9504507 0.9706055 0.9637064 0.51170486 0.50579315 0.50972915 0.51289284 0.77884376 0.50992644 0.99056727 0.45678836 0.70954716 0.7243734 0.80910724 0.80529344
0.9709704 1.005704 0.98869646 0 0.99999183 0.27945808 1.0045581 0.78082377 0.77321523 1.0137748 1.0130024 0.7585007 0.28924686 0.29961228 0.99923354 0.99658537 0.75712734 0.7601521 1.0199828 0.98794943 0.98794943 1.0164845 0.98051995 1.0199828 0.75411475 0.9931942 0.990942 1.0015109 1.0103053 1.0103053
0.9536536 0.9695119 0.96841997 0.99999183 0 0.9969631 0.9827411 0.9651536 0.9746289 0.95866317 0.97573 0.9872032 1.0083846 1.0157093 0.280911 0.28192973 0.9590223 0.959741 0.97867405 0.9433819 0.946908 0.9853408 0.94127417 0.98348296 0.94620144 0.9540103 0.95794547 0.9680563 0.95615417 0.9695119
0.9666036 0.99056727 0.9943229 0.27945808 0.9969631 0 0.9790429 0.7695792 0.776869 0.98869646 0.9958304 0.76374257 0.25912464 0.26864994 0.9939465 0.98683035 0.7456892 0.7413773 1.0223241 0.9808897 0.9827411 1.0164845 0.9775687 1.0176488 0.75138646 0.9775687 0.9872032 1.01146 1.0003713 0.99885464
0.9123715 0.7243734 0.723061 1.0045581 0.9827411 0.9790429 0 1.0203725 1.0160967 0.16673292 0.17489542 1.0041765 1.0223241 1.0227151 0.97720057 0.97352946 0.9842255 0.9842255 0.7336246 0.7082605 0.7085177 0.7365559 0.7822413 0.7338906 1.0064689 0.7365559 0.4621396 0.47051957 0.8120542 0.7980132
1.0034139 0.9980974 1.0091523 0.78082377 0.9651536 0.7695792 1.0203725 0 0.16885917 1.0126165 1.0234975 0.79425526 0.7928149 0.79252714 0.9943229 0.9860852 0.64351636 0.6369415 1.0262426 0.99281836 0.9946995 1.0278157 1.0133885 1.0266355 0.51487696 0.99961257 0.9943229 1.0072346 1.0389212 1.042526
0.9958304 0.98683035 0.9950763 0.77321523 0.9746289 0.776869 1.0160967 0.16885917 0 1.0087683 1.0130024 0.76485085 0.7896558 0.7936788 0.9894442 0.9831119 0.6367077 0.6304238 1.0164845 0.9842255 0.98832285 1.0203725 1.0076177 1.019204 0.515871 0.98683035 0.9950763 1.0022715 1.0353336 1.0385218
0.9127091 0.71367943 0.71601385 1.0137748 0.95866317 0.98869646 0.16673292 1.0126165 1.0087683 0 0.10686424 0.9808897 1.0172604 1.0266355 0.96334505 0.9583042 0.98794943 0.9853408 0.7262145 0.70697606 0.70774645 0.72568804 0.7847996 0.72463614 0.99658537 0.723061 0.45807657 0.4720192 0.79830307 0.79109013
0.92085767 0.72253674 0.7333587 1.0130024 0.97573 0.9958304 0.17489542 1.0234975 1.0130024 0.10686424 0 0.98237044 1.0349361 1.0405211 0.98051995 0.9768326 0.9924427 0.98907024 0.7394986 0.71367943 0.7157541 0.7376246 0.79310274 0.73923063 1.0041765 0.7312348 0.46510842 0.47070688 0.81679356 0.8000446
1.0180373 0.98125964 0.9779369 0.7585007 0.9872032 0.76374257 1.0041765 0.79425526 0.76485085 0.9808897 0.98237044 0 0.7656831 0.7813905 0.99357027 0.98794943 0.7623596 0.75712734 0.99961257 0.9816297 0.9746289 1.0037951 0.9827411 0.9977191 0.7456892 0.98757625 1.0015109 1.0126165 1.0211525 1.0049399
0.98125964 1.0011308 1.0041765 0.28924686 1.0083846 0.25912464 1.0223241 0.7928149 0.7896558 1.0172604 1.0349361 0.7656831 0 0.099977136 1.0064689 0.99885464 0.7579511 0.7609791 1.0293922 1.000751 0.99999183 1.0278157 0.9931942 1.0305767 0.77209455 1.0103053 1.0083846 1.0238891 1.0266355 1.0149349
0.9808897 1.0118452 1.0095364 0.29961228 1.0157093 0.26864994 1.0227151 0.79252714 0.7936788 1.0266355 1.0405211 0.7813905 0.099977136 0 1.015322 1.0049399 0.77321523 0.7760242 1.0405211 1.0087683 1.0080011 1.0361294 0.99961257 1.0393208 0.77153486 1.0172604 1.0137748 1.0246727 1.030972 1.025065
0.94514287 0.9727974 0.9518725 0.99923354 0.280911 0.9939465 0.97720057 0.9943229 0.9894442 0.96334505 0.98051995 0.99357027 1.0064689 1.015322 0 0.089763634 0.9790429 0.9706055 0.9962078 0.9458484 0.94867724 0.9962078 0.95080596 0.9950763 0.9673296 0.9353342 0.9706055 0.9651536 0.9746289 0.97573
0.9543672 0.96841997 0.9504507 0.99658537 0.28192973 0.98683035 0.97352946 0.9860852 0.9831119 0.9583042 0.9768326 0.98794943 0.99885464 1.0049399 0.089763634 0 0.97978103 0.97170067 0.9977191 0.946908 0.95080596 0.99658537 0.95258445 0.9969631 0.9565121 0.9353342 0.9662408 0.9727974 0.97720057 0.97978103
0.98794943 0.99169195 0.9706055 0.75712734 0.9590223 0.7456892 0.9842255 0.64351636 0.6367077 0.98794943 0.9924427 0.7623596 0.7579511 0.77321523 0.9790429 0.97978103 0 0.07238317 1.0030329 0.9845971 0.98683035 1.0060863 0.9872032 0.99999183 0.63297755 0.98348296 0.9687838 0.98348296 0.9946995 0.9872032
0.99281836 0.98907024 0.9637064 0.7601521 0.959741 0.7413773 0.9842255 0.6369415 0.6304238 0.9853408 0.98907024 0.75712734 0.7609791 0.7760242 0.9706055 0.97170067 0.07238317 0 1.0130024 0.97609735 0.9775687 1.0188149 0.9775687 1.0103053 0.62903446 0.9779369 0.9698763 0.98645765 0.98051995 0.9764649
0.9353342 0.515871 0.51170486 1.0199828 0.97867405 1.0223241 0.7336246 1.0262426 1.0164845 0.7262145 0.7394986 0.99961257 1.0293922 1.0405211 0.9962078 0.9977191 1.0030329 1.0130024 0 0.5113093 0.51289284 0.021711241 0.811759 0.020066053 1.0099207 0.51012385 0.7152349 0.7296458 0.82395923 0.82606214
0.9106857 0.5085462 0.50579315 0.98794943 0.9433819 0.9808897 0.7082605 0.99281836 0.9842255 0.70697606 0.71367943 0.9816297 1.000751 1.0087683 0.9458484 0.946908 0.9845971 0.97609735 0.5113093 0 0.01924481 0.51289284 0.78736657 0.5115071 0.99658537 0.51388425 0.69173163 0.70646286 0.8000446 0.79627645
0.9096761 0.5105188 0.50972915 0.98794943 0.946908 0.9827411 0.7085177 0.9946995 0.98832285 0.70774645 0.7157541 0.9746289 0.99999183 1.0080011 0.94867724 0.95080596 0.98683035 0.9775687 0.51289284 0.01924481 0 0.51447976 0.78508437 0.51289284 0.99885464 0.5132893 0.6924865 0.7056938 0.8041238 0.8000446
0.9360306 0.51786304 0.51289284 1.0164845 0.9853408 1.0164845 0.7365559 1.0278157 1.0203725 0.72568804 0.7376246 1.0037951 1.0278157 1.0361294 0.9962078 0.99658537 1.0060863 1.0188149 0.021711241 0.51289284 0.51447976 0 0.81323624 0.016377522 1.0133885 0.50953186 0.71783453 0.7333587 0.8272665 0.828171
0.9096761 0.7765873 0.77884376 0.98051995 0.94127417 0.9775687 0.7822413 1.0133885 1.0076177 0.7847996 0.79310274 0.9827411 0.9931942 0.99961257 0.95080596 0.95258445 0.9872032 0.9775687 0.811759 0.78736657 0.78508437 0.81323624 0 0.811759 0.99281836 0.7743376 0.78565425 0.7936788 0.59444946 0.5933457
0.93151563 0.51210064 0.50992644 1.0199828 0.98348296 1.0176488 0.7338906 1.0266355 1.019204 0.72463614 0.73923063 0.9977191 1.0305767 1.0393208 0.9950763 0.9969631 0.99999183 1.0103053 0.020066053 0.5115071 0.51289284 0.016377522 0.811759 0 1.0087683 0.5083492 0.7170537 0.7325615 0.82066643 0.8191745
0.9939465 0.9695119 0.99056727 0.75411475 0.94620144 0.75138646 1.0064689 0.51487696 0.515871 0.99658537 1.0041765 0.7456892 0.77209455 0.77153486 0.9673296 0.9565121 0.63297755 0.62903446 1.0099207 0.99658537 0.99885464 1.0133885 0.99281836 1.0087683 0 0.9977191 0.9845971 0.9946995 1.0080011 1.018426
0.903313 0.45697227 0.45678836 0.9931942 0.9540103 0.9775687 0.7365559 0.99961257 0.98683035 0.723061 0.7312348 0.98757625 1.0103053 1.0172604 0.9353342 0.9353342 0.98348296 0.9779369 0.51012385 0.51388425 0.5132893 0.50953186 0.7743376 0.5083492 0.9977191 0 0.71549445 0.72122765 0.81768554 0.8055861
0.9113596 0.718095 0.70954716 0.990942 0.95794547 0.9872032 0.4621396 0.9943229 0.9950763 0.45807657 0.46510842 1.0015109 1.0083846 1.0137748 0.9706055 0.9662408 0.9687838 0.9698763 0.7152349 0.69173163 0.6924865 0.71783453 0.78565425 0.7170537 0.9845971 0.71549445 0 0.3965725 0.8017901 0.8003352
0.89667284 0.7186162 0.7243734 1.0015109 0.9680563 1.01146 0.47051957 1.0072346 1.0022715 0.4720192 0.47070688 1.0126165 1.0238891 1.0246727 0.9651536 0.9727974 0.98348296 0.98645765 0.7296458 0.70646286 0.7056938 0.7333587 0.7936788 0.7325615 0.9946995 0.72122765 0.3965725 0 0.8000446 0.7977235
0.9259958 0.8038317 0.80910724 1.0103053 0.95615417 1.0003713 0.8120542 1.0389212 1.0353336 0.79830307 0.81679356 1.0211525 1.0266355 1.030972 0.9746289 0.97720057 0.9946995 0.98051995 0.82395923 0.8000446 0.8041238 0.8272665 0.59444946 0.82066643 1.0080011 0.81768554 0.8017901 0.8000446 0 0.32170385
0.9127091 0.7994636 0.80529344 1.0103053 0.9695119 0.99885464 0.7980132 1.042526 1.0385218 0.79109013 0.8000446 1.0049399 1.0149349 1.025065 0.97573 0.97978103 0.9872032 0.9764649 0.82606214 0.79627645 0.8000446 0.828171 0.5933457 0.8191745 1.018426 0.8055861 0.8003352 0.7977235 0.32170385 0
