0 1.0199828 1.030972 1.0293922 1.01146 1.0130024 1.015322 1.0345387 1.0246727 1.0357314 1.0227151 1.0199828 1.018426 0.50344145 0.5075618 1.0389212 1.0437315 1.0373245 1.042526 1.0188149 1.0188149 1.0203725 0.51626897 1.019204 0.9980974 1.0160967 1.0207624 1.0199828 0.5046164 1.0246727
1.0199828 0 0.38029122 0.3312857 0.37879837 0.37549147 0.3768125 0.3274073 0.3288012 0.38095567 0.37055832 0.43165645 0.37154236 0.99734104 1.0011308 0.37879837 0.37962735 0.38195345 0.3816207 0.37631682 0.3733498 0.36810386 1.0219333 0.36826724 0.3914992 0.21509518 0.38897535 0.3884716 0.9931942 0.1633683
1.030972 0.38029122 0 0.3738435 0.2458227 0.24374379 0.102953784 0.3708862 0.37450224 0.10836481 0.30200177 0.43343666 0.3033492 1.0180373 1.0219333 0.107210256 0.10571198 0.10640312 0.10686424 0.29961228 0.2988671 0.24111876 1.0365276 0.24194673 0.38545617 0.3768125 0.39369342 0.3975913 1.001891 0.37615168
1.0293922 0.3312857 0.3738435 0 0.3758215 0.3717065 0.36745068 0.11033165 0.1130009 0.37137827 0.37664723 0.44132015 0.3749967 1.014548 1.0172604 0.36892113 0.3702306 0.36614606 0.36565742 0.37417278 0.37219912 0.3648437 1.0433295 0.3650064 0.39234236 0.32462722 0.3866274 0.39032033 1.0099207 0.3326868
1.01146 0.37879837 0.2458227 0.3758215 0 0.10513652 0.2387778 0.3695756 0.37187067 0.24415912 0.30125424 0.43647274 0.302301 1.0122308 1.0160967 0.24402064 0.2424992 0.23974083 0.23932795 0.29470786 0.29337585 0.20925651 1.0453417 0.20912434 0.3866274 0.36826724 0.3866274 0.39166775 1.0118452 0.37269205
1.0130024 0.37549147 0.24374379 0.3717065 0.10513652 0 0.23425435 0.36582026 0.36761394 0.24153262 0.30005974 0.43468532 0.30035818 1.0068517 1.0095364 0.24180867 0.23974083 0.23699258 0.23726694 0.29337585 0.2927846 0.205433 1.0377234 0.20582764 0.38278595 0.36030313 0.38579065 0.38964754 0.99658537 0.376482
1.015322 0.3768125 0.102953784 0.36745068 0.2387778 0.23425435 0 0.36565742 0.3690847 0.09303948 0.29530063 0.43343666 0.29648757 1.0045581 1.0064689 0.09247366 0.09123035 0.08863734 0.08953824 0.29441166 0.293228 0.23726694 1.0215429 0.23781599 0.3801252 0.36892113 0.38545617 0.39032033 0.9924427 0.37203488
1.0345387 0.3274073 0.3708862 0.11033165 0.3695756 0.36582026 0.36565742 0 0.09815121 0.3695756 0.3708862 0.43112323 0.3677772 1.0223241 1.0258498 0.36712432 0.3690847 0.36712432 0.3667981 0.3697393 0.3690847 0.36062655 1.0433295 0.36062655 0.38261938 0.3189448 0.37615168 0.38311923 1.0238891 0.32431898
1.0246727 0.3288012 0.37450224 0.1130009 0.37187067 0.36761394 0.3690847 0.09815121 0 0.37400812 0.36810386 0.4297031 0.3672875 1.0219333 1.0207624 0.3690847 0.37154236 0.3712142 0.37137827 0.36565742 0.36468107 0.36224574 1.0421246 0.36240783 0.38478774 0.3189448 0.37929565 0.38295257 1.0118452 0.32524413
1.0357314 0.38095567 0.10836481 0.37137827 0.24415912 0.24153262 0.09303948 0.3695756 0.37400812 0 0.29856926 0.43880278 0.3011048 1.018426 1.0195932 0.08863734 0.087962374 0.059607152 0.05971543 0.30020893 0.29946318 0.2433287 1.0313674 0.24415912 0.3841199 0.3768125 0.39318648 0.39453906 1.0060863 0.3749967
1.0227151 0.37055832 0.30200177 0.37664723 0.30125424 0.30005974 0.29530063 0.3708862 0.36810386 0.29856926 0 0.43076792 0.058417104 1.000751 1.001891 0.30035818 0.29961228 0.29663607 0.29723036 0.15693049 0.15631437 0.2890998 1.0286036 0.2889528 0.38830376 0.36516908 0.38645998 0.3935244 0.99056727 0.3733498
1.0199828 0.43165645 0.43343666 0.44132015 0.43647274 0.43468532 0.43343666 0.43112323 0.4297031 0.43880278 0.43076792 0 0.43112323 0.9831119 0.9939465 0.43790576 0.43826443 0.43539977 0.43575725 0.43575725 0.43379322 0.43272406 1.0130024 0.43272406 0.4293485 0.42528248 0.42846268 0.43486387 0.97316337 0.43201217
1.018426 0.37154236 0.3033492 0.3749967 0.302301 0.30035818 0.29648757 0.3677772 0.3672875 0.3011048 0.058417104 0.43112323 0 1.0011308 1.0049399 0.3033492 0.30200177 0.29723036 0.2975277 0.15816425 0.15804078 0.29057157 1.0203725 0.29042426 0.38462073 0.36403087 0.38612524 0.39032033 0.9894442 0.3753265
0.50344145 0.99734104 1.0180373 1.014548 1.0122308 1.0068517 1.0045581 1.0223241 1.0219333 1.018426 1.000751 0.9831119 1.0011308 0 0.05625821 1.0313674 1.0286036 1.0072346 1.0118452 1.0068517 1.0045581 1.0053219 0.42211568 1.0037951 0.99999183 1.0126165 1.0068517 0.9920673 0.16076176 1.0034139
0.5075618 1.0011308 1.0219333 1.0172604 1.0160967 1.0095364 1.0064689 1.0258498 1.0207624 1.0195932 1.001891 0.9939465 1.0049399 0.05625821 0 1.032159 1.0301816 1.0118452 1.0149349 1.0087683 1.0053219 1.0133885 0.42194015 1.0110749 1.0045581 1.0176488 1.0141612 0.9980974 0.16237426 1.0110749
1.0389212 0.37879837 0.107210256 0.36892113 0.24402064 0.24180867 0.09247366 0.36712432 0.3690847 0.08863734 0.30035818 0.43790576 0.3033492 1.0313674 1.032159 0 0.021814186 0.08661426 0.08695106 0.29946318 0.29856926 0.2420848 1.0505993 0.2431904 0.38095567 0.3725277 0.39065698 0.3965725 1.014548 0.3751616
1.0437315 0.37962735 0.10571198 0.3702306 0.2424992 0.23974083 0.09123035 0.3690847 0.37154236 0.087962374 0.29961228 0.43826443 0.30200177 1.0286036 1.0301816 0.021814186 0 0.085828975 0.08605326 0.2990161 0.2979739 0.24111876 1.0501935 0.24236105 0.38178706 0.37302083 0.38897535 0.39538565 1.015322 0.37549147
1.0373245 0.38195345 0.10640312 0.36614606 0.23974083 0.23699258 0.08863734 0.36712432 0.3712142 0.059607152 0.29663607 0.43539977 0.29723036 1.0072346 1.0118452 0.08661426 0.085828975 0 0.0070328712 0.2954489 0.29441166 0.23685543 1.0266355 0.23767869 0.376482 0.3733498 0.38813597 0.3914992 1.0011308 0.3753265
1.042526 0.3816207 0.10686424 0.36565742 0.23932795 0.23726694 0.08953824 0.3667981 0.37137827 0.05971543 0.29723036 0.43575725 0.2975277 1.0118452 1.0149349 0.08695106 0.08605326 0.0070328712 0 0.2951524 0.29411557 0.23685543 1.0301816 0.23767869 0.37714309 0.3728564 0.38813597 0.39183635 1.0034139 0.3753265
1.0188149 0.37631682 0.29961228 0.37417278 0.29470786 0.29337585 0.29441166 0.3697393 0.36565742 0.30020893 0.15693049 0.43575725 0.15816425 1.0068517 1.0087683 0.29946318 0.2990161 0.2954489 0.2951524 0 0.008649687 0.28763095 1.0215429 0.2879245 0.3888074 0.3654946 0.3888074 0.39166775 0.99961257 0.37565646
1.0188149 0.3733498 0.2988671 0.37219912 0.29337585 0.2927846 0.293228 0.3690847 0.36468107 0.29946318 0.15631437 0.43379322 0.15804078 1.0045581 1.0053219 0.29856926 0.2979739 0.29441166 0.29411557 0.008649687 0 0.2858721 1.0211525 0.28631145 0.38746512 0.36419335 0.3872975 0.39099374 0.9977191 0.3728564
1.0203725 0.36810386 0.24111876 0.3648437 0.20925651 0.205433 0.23726694 0.36062655 0.36224574 0.2433287 0.2890998 0.43272406 0.29057157 1.0053219 1.0133885 0.2420848 0.24111876 0.23685543 0.23685543 0.28763095 0.2858721 0 1.0262426 0.0063266093 0.37565646 0.36078832 0.3789641 0.38311923 0.99357027 0.3628944
0.51626897 1.0219333 1.0365276 1.0433295 1.0453417 1.0377234 1.0215429 1.0433295 1.0421246 1.0313674 1.0286036 1.0130024 1.0203725 0.42211568 0.42194015 1.0505993 1.0501935 1.0266355 1.0301816 1.0215429 1.0211525 1.0262426 0 1.0278157 1.0103053 1.0286036 1.0231062 1.0301816 0.42088777 1.0188149
1.019204 0.36826724 0.24194673 0.3650064 0.20912434 0.20582764 0.23781599 0.36062655 0.36240783 0.24415912 0.2889528 0.43272406 0.29042426 1.0037951 1.0110749 0.2431904 0.24236105 0.23767869 0.23767869 0.2879245 0.28631145 0.0063266093 1.0278157 0 0.37631682 0.36078832 0.37995923 0.38478774 0.99056727 0.3628944
0.9980974 0.3914992 0.38545617 0.39234236 0.3866274 0.38278595 0.3801252 0.38261938 0.38478774 0.3841199 0.38830376 0.4293485 0.38462073 0.99999183 1.0045581 0.38095567 0.38178706 0.376482 0.37714309 0.3888074 0.38746512 0.37565646 1.0103053 0.37631682 0 0.38462073 0.21456252 0.21044709 0.9898184 0.37615168
1.0160967 0.21509518 0.3768125 0.32462722 0.36826724 0.36030313 0.36892113 0.3189448 0.3189448 0.3768125 0.36516908 0.42528248 0.36403087 1.0126165 1.0176488 0.3725277 0.37302083 0.3733498 0.3728564 0.3654946 0.36419335 0.36078832 1.0286036 0.36078832 0.38462073 0 0.37664723 0.37995923 1.0064689 0.2124356
1.0207624 0.38897535 0.39369342 0.3866274 0.3866274 0.38579065 0.38545617 0.37615168 0.37929565 0.39318648 0.38645998 0.42846268 0.38612524 1.0068517 1.0141612 0.39065698 0.38897535 0.38813597 0.38813597 0.3888074 0.3872975 0.3789641 1.0231062 0.37995923 0.21456252 0.37664723 0 0.20385654 0.9977191 0.38078952
1.0199828 0.3884716 0.3975913 0.39032033 0.39166775 0.38964754 0.39032033 0.38311923 0.38295257 0.39453906 0.3935244 0.43486387 0.39032033 0.9920673 0.9980974 0.3965725 0.39538565 0.3914992 0.39183635 0.39166775 0.39099374 0.38311923 1.0301816 0.38478774 0.21044709 0.37995923 0.20385654 0 0.98645765 0.38261938
0.5046164 0.9931942 1.001891 1.0099207 1.0118452 0.99658537 0.9924427 1.0238891 1.0118452 1.0060863 0.99056727 0.97316337 0.9894442 0.16076176 0.16237426 1.014548 1.015322 1.0011308 1.0034139 0.99961257 0.9977191 0.99357027 0.42088777 0.99056727 0.9898184 1.0064689 0.9977191 0.98645765 0 1.0060863
1.0246727 0.1633683 0.37615168 0.3326868 0.37269205 0.376482 0.37203488 0.32431898 0.32524413 0.3749967 0.3733498 0.43201217 0.3753265 1.0034139 1.0110749 0.3751616 0.37549147 0.3753265 0.3753265 0.37565646 0.3728564 0.3628944 1.0188149 0.3628944 0.37615168 0.2124356 0.38078952 0.38261938 1.0060863 0
