0 1.0227151 0.99658537 0.44222128 0.4345068 0.4297031 0.4461991 0.48089057 0.43700978 0.43736804 0.44674316 0.42492995 0.4345068 0.44511214 0.43575725 0.4858436 0.48679987 0.41913706 0.41686726 0.9931942 0.99169195 0.55172795 0.42598802 0.556543 0.42563516 1.0003713 0.4236974 0.42088777 0.43183428 1.0103053
1.0227151 0 0.19265454 1.0234975 1.0118452 1.0231062 1.0518178 1.014548 1.018426 1.0103053 1.0465518 1.0341415 1.033348 1.0011308 1.0030329 1.0118452 1.0286036 1.0083846 1.0110749 0.2554606 0.25841862 1.0168724 1.0137748 1.0064689 1.0242808 0.34525782 1.0207624 1.025065 1.0091523 0.25616384
0.99658537 0.19265454 0 1.0219333 0.99961257 1.0110749 1.0242808 1.0168724 1.0091523 0.9898184 1.0361294 1.0141612 1.033348 0.9980974 1.0049399 1.0118452 1.0286036 0.99999183 0.99961257 0.24804658 0.24818578 0.99169195 1.0083846 0.98907024 1.0149349 0.33455908 1.0160967 1.015322 1.0149349 0.24874288
0.44222128 1.0234975 1.0219333 0 0.43076792 0.45440188 0.44132015 0.49006033 0.43539977 0.4330803 0.19330125 0.3965725 0.1884001 0.4270476 0.42404935 0.49333504 0.5022683 0.45092753 0.44674316 0.99961257 1.0015109 0.5616006 0.385289 0.56626695 0.38378617 1.0176488 0.24540646 0.44511214 0.21363124 1.0037951
0.4345068 1.0118452 0.99961257 0.43076792 0 0.4500159 0.20477574 0.4946876 0.1966732 0.19693321 0.43236804 0.41686726 0.42651764 0.18544912 0.1841697 0.49856558 0.5085462 0.44656178 0.44819596 1.005704 1.0003713 0.5637181 0.41843793 0.5656289 0.41861266 1.0072346 0.42141378 0.44601783 0.43005788 1.005704
0.4297031 1.0231062 1.0110749 0.45440188 0.4500159 0 0.46158424 0.5030502 0.44765082 0.44837776 0.46139923 0.4461991 0.45623696 0.45440188 0.44874147 0.5022683 0.51012385 0.19589372 0.1942076 1.0095364 1.0045581 0.5763342 0.43862328 0.5810934 0.44656178 1.0068517 0.44420755 0.23754142 0.4489234 1.0231062
0.4461991 1.0518178 1.0242808 0.44132015 0.20477574 0.46158424 0 0.50579315 0.15483774 0.15717708 0.4474692 0.43005788 0.43826443 0.20925651 0.20609084 0.5126947 0.51806253 0.45312 0.45293704 1.0317632 1.0270288 0.56967896 0.4268709 0.5720337 0.42917123 1.030972 0.43397155 0.45348603 0.43700978 1.032159
0.48089057 1.014548 1.0168724 0.49006033 0.4946876 0.5030502 0.50579315 0 0.4999276 0.49662408 0.49546158 0.49294904 0.4890999 0.502073 0.4975942 0.13350815 0.13314977 0.48948392 0.48948392 1.0091523 1.0068517 0.5531901 0.48317254 0.56054413 0.47842628 1.0286036 0.47748062 0.48756576 0.4890999 1.0282096
0.43700978 1.018426 1.0091523 0.43539977 0.1966732 0.44765082 0.15483774 0.4999276 0 0.13279158 0.43593606 0.42194015 0.4268709 0.20123646 0.19862549 0.50363714 0.51190275 0.44384602 0.44024023 1.0262426 1.0219333 0.56520385 0.42176464 0.57181937 0.42281827 1.0195932 0.4236974 0.44601783 0.43201217 1.018426
0.43736804 1.0103053 0.9898184 0.4330803 0.19693321 0.44837776 0.15717708 0.49662408 0.13279158 0 0.43575725 0.42299402 0.4251062 0.20254536 0.20071353 0.50344145 0.5126947 0.44511214 0.4443884 1.0037951 1.0022715 0.55885684 0.41321507 0.5637181 0.41773945 1.0049399 0.42669424 0.44420755 0.43379322 1.0053219
0.44674316 1.0465518 1.0361294 0.19330125 0.43236804 0.46139923 0.4474692 0.49546158 0.43593606 0.43575725 0 0.39606363 0.10398692 0.4362938 0.42988047 0.49856558 0.50598943 0.4507451 0.45238847 1.0211525 1.0242808 0.5694652 0.38746512 0.57482624 0.37747386 1.0234975 0.2458227 0.4471061 0.21696252 1.0188149
0.42492995 1.0341415 1.0141612 0.3965725 0.41686726 0.4461991 0.43005788 0.49294904 0.42194015 0.42299402 0.39606363 0 0.3981012 0.42740113 0.4200119 0.5005121 0.5055969 0.43790576 0.4330803 1.0095364 1.0164845 0.5613892 0.38545617 0.5669055 0.3821199 1.019204 0.38780046 0.43916187 0.39606363 1.014548
0.4345068 1.033348 1.033348 0.1884001 0.42651764 0.45623696 0.43826443 0.4890999 0.4268709 0.4251062 0.10398692 0.3981012 0 0.42775482 0.4254588 0.4956552 0.50129217 0.44601783 0.44511214 1.000751 1.0053219 0.57010657 0.37846702 0.57525676 0.376482 1.0141612 0.24042948 0.44276246 0.20886007 1.0045581
0.44511214 1.0011308 0.9980974 0.4270476 0.18544912 0.45440188 0.20925651 0.502073 0.20123646 0.20254536 0.4362938 0.42740113 0.42775482 0 0.1070949 0.5079554 0.5182621 0.4463804 0.4471061 0.99545324 0.9950763 0.560333 0.42088777 0.56393015 0.41651866 1.0080011 0.4261645 0.4458366 0.42846268 0.99923354
0.43575725 1.0030329 1.0049399 0.42404935 0.1841697 0.44874147 0.20609084 0.4975942 0.19862549 0.20071353 0.42988047 0.4200119 0.4254588 0.1070949 0 0.50148726 0.5089403 0.44096002 0.44024023 1.005704 1.0022715 0.556543 0.41356212 0.55906755 0.41512588 1.0172604 0.42141378 0.44114006 0.4251062 1.0030329
0.4858436 1.0118452 1.0118452 0.49333504 0.49856558 0.5022683 0.5126947 0.13350815 0.50363714 0.50344145 0.49856558 0.5005121 0.4956552 0.5079554 0.50148726 0 0.097126074 0.49526802 0.4956552 0.99885464 0.9958304 0.5616006 0.48355353 0.56903803 0.4843161 1.0238891 0.48393473 0.49082956 0.491022 1.0227151
0.48679987 1.0286036 1.0286036 0.5022683 0.5085462 0.51012385 0.51806253 0.13314977 0.51190275 0.5126947 0.50598943 0.5055969 0.50129217 0.5182621 0.5089403 0.097126074 0 0.5005121 0.49895447 1.0130024 1.01146 0.5582251 0.49006033 0.56541634 0.48603475 1.0409217 0.4921776 0.49895447 0.49856558 1.0254573
0.41913706 1.0083846 0.99999183 0.45092753 0.44656178 0.19589372 0.45312 0.48948392 0.44384602 0.44511214 0.4507451 0.43790576 0.44601783 0.4463804 0.44096002 0.49526802 0.5005121 0 0.061558582 0.9831119 0.9816297 0.5660542 0.4345068 0.5709624 0.43236804 0.9808897 0.43970087 0.22826521 0.44114006 0.99999183
0.41686726 1.0110749 0.99961257 0.44674316 0.44819596 0.1942076 0.45293704 0.48948392 0.44024023 0.4443884 0.45238847 0.4330803 0.44511214 0.4471061 0.44024023 0.4956552 0.49895447 0.061558582 0 0.98125964 0.98051995 0.5643545 0.4336149 0.56754464 0.4336149 0.9853408 0.43826443 0.22731678 0.44132015 0.9969631
0.9931942 0.2554606 0.24804658 0.99961257 1.005704 1.0095364 1.0317632 1.0091523 1.0262426 1.0037951 1.0211525 1.0095364 1.000751 0.99545324 1.005704 0.99885464 1.0130024 0.9831119 0.98125964 0 0.053783137 0.9946995 0.9950763 1.001891 1.0030329 0.3425688 1.0030329 1.014548 0.9939465 0.20032158
0.99169195 0.25841862 0.24818578 1.0015109 1.0003713 1.0045581 1.0270288 1.0068517 1.0219333 1.0022715 1.0242808 1.0164845 1.0053219 0.9950763 1.0022715 0.9958304 1.01146 0.9816297 0.98051995 0.053783137 0 0.9894442 1.0011308 0.9931942 1.0045581 0.3425688 1.0030329 1.019204 0.9898184 0.20175974
0.55172795 1.0168724 0.99169195 0.5616006 0.5637181 0.5763342 0.56967896 0.5531901 0.56520385 0.55885684 0.5694652 0.5613892 0.57010657 0.560333 0.556543 0.5616006 0.5582251 0.5660542 0.5643545 0.9946995 0.9894442 0 0.55402696 0.04736461 0.54985213 1.005704 0.56223524 0.5624469 0.5569632 1.0080011
0.42598802 1.0137748 1.0083846 0.385289 0.41843793 0.43862328 0.4268709 0.48317254 0.42176464 0.41321507 0.38746512 0.38545617 0.37846702 0.42088777 0.41356212 0.48355353 0.49006033 0.4345068 0.4336149 0.9950763 1.0011308 0.55402696 0 0.5571734 0.34557483 1.0080011 0.3723634 0.4336149 0.37664723 1.0011308
0.556543 1.0064689 0.98907024 0.56626695 0.5656289 0.5810934 0.5720337 0.56054413 0.57181937 0.5637181 0.57482624 0.5669055 0.57525676 0.56393015 0.55906755 0.56903803 0.56541634 0.5709624 0.56754464 1.001891 0.9931942 0.04736461 0.5571734 0 0.5531901 1.0060863 0.56733155 0.5666926 0.55906755 1.0060863
0.42563516 1.0242808 1.0149349 0.38378617 0.41861266 0.44656178 0.42917123 0.47842628 0.42281827 0.41773945 0.37747386 0.3821199 0.376482 0.41651866 0.41512588 0.4843161 0.48603475 0.43236804 0.4336149 1.0030329 1.0045581 0.54985213 0.34557483 0.5531901 0 1.0080011 0.3687576 0.42881688 0.3751616 1.0172604
1.0003713 0.34525782 0.33455908 1.0176488 1.0072346 1.0068517 1.030972 1.0286036 1.0195932 1.0049399 1.0234975 1.019204 1.0141612 1.0080011 1.0172604 1.0238891 1.0409217 0.9808897 0.9853408 0.3425688 0.3425688 1.005704 1.0080011 1.0060863 1.0080011 0 1.0141612 0.99999183 0.99961257 0.3411491
0.4236974 1.0207624 1.0160967 0.24540646 0.42141378 0.44420755 0.43397155 0.47748062 0.4236974 0.42669424 0.2458227 0.38780046 0.24042948 0.4261645 0.42141378 0.48393473 0.4921776 0.43970087 0.43826443 1.0030329 1.0030329 0.56223524 0.3723634 0.56733155 0.3687576 1.0141612 0 0.43468532 0.2433287 1.005704
0.42088777 1.025065 1.015322 0.44511214 0.44601783 0.23754142 0.45348603 0.48756576 0.44601783 0.44420755 0.4471061 0.43916187 0.44276246 0.4458366 0.44114006 0.49082956 0.49895447 0.22826521 0.22731678 1.014548 1.019204 0.5624469 0.4336149 0.5666926 0.42881688 0.99999183 0.43468532 0 0.43593606 1.0282096
0.43183428 1.0091523 1.0149349 0.21363124 0.43005788 0.4489234 0.43700978 0.4890999 0.43201217 0.43379322 0.21696252 0.39606363 0.20886007 0.42846268 0.4251062 0.491022 0.49856558 0.44114006 0.44132015 0.9939465 0.9898184 0.5569632 0.37664723 0.55906755 0.3751616 0.99961257 0.2433287 0.43593606 0 1.0030329
1.0103053 0.25616384 0.24874288 1.0037951 1.005704 1.0231062 1.032159 1.0282096 1.018426 1.0053219 1.0188149 1.014548 1.0045581 0.99923354 1.0030329 1.0227151 1.0254573 0.99999183 0.9969631 0.20032158 0.20175974 1.0080011 1.0011308 1.0060863 1.0172604 0.3411491 1.005704 1.0282096 1.0030329 0
