0 1.0068517 0.9980974 0.9920673 1.001891 1.0083846 1.0015109 1.0003713 0.9845971 0.98869646 1.0045581 0.99169195 1.0041765 1.0083846 1.014548 1.0011308 1.0037951 0.98832285 0.9857129 0.99131685 0.98832285 0.97316337 0.98869646 0.97426224 0.9901927 0.99169195 0.99885464 1.0003713 0.99658537 1.0034139
1.0068517 0 0.48660854 0.4846977 0.07392661 0.07768824 0.4919849 0.4917922 0.48450688 0.48450688 0.30020893 0.6378772 0.30125424 0.48127043 0.48355353 0.5240722 0.52226424 0.48184055 0.48146042 0.48756576 0.4856525 0.28968817 0.59400773 0.28954104 0.5115071 0.48546144 0.1576705 0.31467304 0.31543407 0.48871607
0.9980974 0.48660854 0 0.061992925 0.48660854 0.4881407 0.44965157 0.45165765 0.110795185 0.11067928 0.48775735 0.6599691 0.48622596 0.10364238 0.105366655 0.5266914 0.52487713 0.10836481 0.108480364 0.44855958 0.44837776 0.4820307 0.5968834 0.4826014 0.52306724 0.16898443 0.49372122 0.49914902 0.49876 0.07979857
0.9920673 0.4846977 0.061992925 0 0.48450688 0.4856525 0.44601783 0.4461991 0.10755644 0.10744102 0.48660854 0.6508636 0.48527044 0.099520236 0.10123505 0.52226424 0.52106136 0.10571198 0.10628789 0.442582 0.44150028 0.48184055 0.58982456 0.48241112 0.5168664 0.16548501 0.4927561 0.4956552 0.49488103 0.07558383
1.001891 0.07392661 0.48660854 0.48450688 0 0.031033278 0.49006033 0.48929188 0.4822209 0.48241112 0.29633912 0.6378772 0.2975277 0.4822209 0.48507947 0.5194605 0.51926064 0.47937313 0.47956264 0.4822209 0.48032117 0.28660446 0.5966618 0.28675103 0.50933456 0.48603475 0.15508364 0.3117881 0.31345698 0.48833245
1.0083846 0.07768824 0.4881407 0.4856525 0.031033278 0 0.49044484 0.49063718 0.48393473 0.48488855 0.30020893 0.64257354 0.30170265 0.4837441 0.4869913 0.5256829 0.5256829 0.4820307 0.4822209 0.48184055 0.47994182 0.29071888 0.5999927 0.29116106 0.51547325 0.48737422 0.15816425 0.31497735 0.31695846 0.48986816
1.0015109 0.4919849 0.44965157 0.44601783 0.49006033 0.49044484 0 0.0267722 0.44674316 0.4458366 0.49006033 0.6686986 0.48871607 0.4463804 0.4489234 0.52387106 0.52367 0.4454743 0.44511214 0.24415912 0.24374379 0.48070073 0.60535306 0.47956264 0.5220636 0.44692463 0.49449423 0.497012 0.49121448 0.44874147
1.0003713 0.4917922 0.45165765 0.4461991 0.48929188 0.49063718 0.0267722 0 0.4463804 0.44692463 0.49044484 0.67040783 0.48871607 0.4478325 0.4503804 0.5232681 0.5220636 0.4454743 0.4443884 0.24222292 0.24194673 0.4788049 0.6013292 0.47766966 0.5170656 0.44674316 0.49372122 0.4946876 0.49025255 0.44874147
0.9845971 0.48450688 0.110795185 0.10755644 0.4822209 0.48393473 0.44674316 0.4463804 0 0.024289096 0.4869913 0.6444604 0.48450688 0.10778731 0.10963688 0.5186613 0.5170656 0.039417937 0.04005058 0.4418607 0.44132015 0.4788049 0.59444946 0.47937313 0.5132893 0.16448817 0.4915996 0.49546158 0.49294904 0.11207139
0.98869646 0.48450688 0.11067928 0.10744102 0.48241112 0.48488855 0.4458366 0.44692463 0.024289096 0 0.48718274 0.64328057 0.4858436 0.10697956 0.1090584 0.5206608 0.51886106 0.03846997 0.039101817 0.44511214 0.44456926 0.4797522 0.5915831 0.48032117 0.51249665 0.16311966 0.49006033 0.4975942 0.49526802 0.11114302
1.0045581 0.30020893 0.48775735 0.48660854 0.29633912 0.30020893 0.49006033 0.49044484 0.4869913 0.48718274 0 0.65253264 0.015968801 0.48967603 0.491022 0.52527994 0.5246758 0.48546144 0.4856525 0.4829821 0.48051092 0.1555757 0.59533364 0.15594494 0.5134875 0.48641723 0.29827154 0.31802738 0.31848595 0.48718274
0.99169195 0.6378772 0.6599691 0.6508636 0.6378772 0.64257354 0.6686986 0.67040783 0.6444604 0.64328057 0.65253264 0 0.65277135 0.6623838 0.65948707 0.6508636 0.65372705 0.63975227 0.6402217 0.6573219 0.65540254 0.63998693 0.66796726 0.63998693 0.6418672 0.6442242 0.6475366 0.64540553 0.6470625 0.6604514
1.0041765 0.30125424 0.48622596 0.48527044 0.2975277 0.30170265 0.48871607 0.48871607 0.48450688 0.4858436 0.015968801 0.65277135 0 0.487949 0.48967603 0.5250785 0.52427334 0.48317254 0.483363 0.4829821 0.48051092 0.1555757 0.59400773 0.15594494 0.51447976 0.4846977 0.2990161 0.31863886 0.31940395 0.4846977
1.0083846 0.48127043 0.10364238 0.099520236 0.4822209 0.4837441 0.4463804 0.4478325 0.10778731 0.10697956 0.48967603 0.6623838 0.487949 0 0.019655319 0.5232681 0.5228664 0.105596855 0.10628789 0.4452932 0.44456926 0.48051092 0.5955548 0.48089057 0.5168664 0.16585916 0.49006033 0.4946876 0.49488103 0.10490646
1.014548 0.48355353 0.105366655 0.10123505 0.48507947 0.4869913 0.4489234 0.4503804 0.10963688 0.1090584 0.491022 0.65948707 0.48967603 0.019655319 0 0.52306724 0.5226656 0.1070949 0.107671864 0.44837776 0.44765082 0.4826014 0.59422857 0.48279172 0.515871 0.16698276 0.491407 0.49934357 0.49856558 0.10686424
1.0011308 0.5240722 0.5266914 0.52226424 0.5194605 0.5256829 0.52387106 0.5232681 0.5186613 0.5206608 0.52527994 0.6508636 0.5250785 0.5232681 0.52306724 0 0.017297955 0.52306724 0.5220636 0.52306724 0.5212617 0.51806253 0.6002153 0.5182621 0.19628336 0.5258845 0.52527994 0.52810556 0.52608615 0.5299277
1.0037951 0.52226424 0.52487713 0.52106136 0.51926064 0.5256829 0.52367 0.5220636 0.5170656 0.51886106 0.5246758 0.65372705 0.52427334 0.5228664 0.5226656 0.017297955 0 0.52226424 0.5212617 0.5196604 0.51786304 0.5168664 0.5984365 0.5170656 0.19654323 0.5256829 0.5246758 0.52608615 0.5264896 0.5285101
0.98832285 0.48184055 0.10836481 0.10571198 0.47937313 0.4820307 0.4454743 0.4454743 0.039417937 0.03846997 0.48546144 0.63975227 0.48317254 0.105596855 0.1070949 0.52306724 0.52226424 0 0.015560305 0.44456926 0.44402677 0.47634742 0.591363 0.4771027 0.515871 0.16262265 0.48929188 0.4939144 0.4923704 0.1090584
0.9857129 0.48146042 0.108480364 0.10628789 0.47956264 0.4822209 0.44511214 0.4443884 0.04005058 0.039101817 0.4856525 0.6402217 0.483363 0.10628789 0.107671864 0.5220636 0.5212617 0.015560305 0 0.442582 0.44204095 0.47653615 0.59224355 0.47729164 0.51487696 0.16274686 0.4881407 0.49449423 0.4935281 0.108711526
0.99131685 0.48756576 0.44855958 0.442582 0.4822209 0.48184055 0.24415912 0.24222292 0.4418607 0.44511214 0.4829821 0.6573219 0.4829821 0.4452932 0.44837776 0.52306724 0.5196604 0.44456926 0.442582 0 0.012198669 0.4771027 0.5966618 0.4769138 0.52387106 0.44222128 0.49044484 0.4946876 0.4960426 0.44692463
0.98832285 0.4856525 0.44837776 0.44150028 0.48032117 0.47994182 0.24374379 0.24194673 0.44132015 0.44456926 0.48051092 0.65540254 0.48051092 0.44456926 0.44765082 0.5212617 0.51786304 0.44402677 0.44204095 0.012198669 0 0.4746508 0.5955548 0.4746508 0.5228664 0.44114006 0.48929188 0.49063718 0.4923704 0.4461991
0.97316337 0.28968817 0.4820307 0.48184055 0.28660446 0.29071888 0.48070073 0.4788049 0.4788049 0.4797522 0.1555757 0.63998693 0.1555757 0.48051092 0.4826014 0.51806253 0.5168664 0.47634742 0.47653615 0.4771027 0.4746508 0 0.58588296 0.0030060161 0.50481236 0.4822209 0.28851193 0.30394885 0.30966946 0.48603475
0.98869646 0.59400773 0.5968834 0.58982456 0.5966618 0.5999927 0.60535306 0.6013292 0.59444946 0.5915831 0.59533364 0.66796726 0.59400773 0.5955548 0.59422857 0.6002153 0.5984365 0.591363 0.59224355 0.5966618 0.5955548 0.58588296 0 0.58675706 0.5911431 0.5911431 0.59400773 0.6006607 0.59599745 0.59932536
0.97426224 0.28954104 0.4826014 0.48241112 0.28675103 0.29116106 0.47956264 0.47766966 0.47937313 0.48032117 0.15594494 0.63998693 0.15594494 0.48089057 0.48279172 0.5182621 0.5170656 0.4771027 0.47729164 0.4769138 0.4746508 0.0030060161 0.58675706 0 0.50540066 0.4822209 0.28865886 0.30409884 0.30997178 0.4869913
0.9901927 0.5115071 0.52306724 0.5168664 0.50933456 0.51547325 0.5220636 0.5170656 0.5132893 0.51249665 0.5134875 0.6418672 0.51447976 0.5168664 0.515871 0.19628336 0.19654323 0.515871 0.51487696 0.52387106 0.5228664 0.50481236 0.5911431 0.50540066 0 0.52487713 0.5166672 0.5204606 0.5172649 0.5256829
0.99169195 0.48546144 0.16898443 0.16548501 0.48603475 0.48737422 0.44692463 0.44674316 0.16448817 0.16311966 0.48641723 0.6442242 0.4846977 0.16585916 0.16698276 0.5258845 0.5256829 0.16262265 0.16274686 0.44222128 0.44114006 0.4822209 0.5911431 0.4822209 0.52487713 0 0.4927561 0.49333504 0.49063718 0.16785783
0.99885464 0.1576705 0.49372122 0.4927561 0.15508364 0.15816425 0.49449423 0.49372122 0.4915996 0.49006033 0.29827154 0.6475366 0.2990161 0.49006033 0.491407 0.52527994 0.5246758 0.48929188 0.4881407 0.49044484 0.48929188 0.28851193 0.59400773 0.28865886 0.5166672 0.4927561 0 0.31940395 0.3166533 0.49623638
1.0003713 0.31467304 0.49914902 0.4956552 0.3117881 0.31497735 0.497012 0.4946876 0.49546158 0.4975942 0.31802738 0.64540553 0.31863886 0.4946876 0.49934357 0.52810556 0.52608615 0.4939144 0.49449423 0.4946876 0.49063718 0.30394885 0.6006607 0.30409884 0.5204606 0.49333504 0.31940395 0 0.12083112 0.50148726
0.99658537 0.31543407 0.49876 0.49488103 0.31345698 0.31695846 0.49121448 0.49025255 0.49294904 0.49526802 0.31848595 0.6470625 0.31940395 0.49488103 0.49856558 0.52608615 0.5264896 0.4923704 0.4935281 0.4960426 0.4923704 0.30966946 0.59599745 0.30997178 0.5172649 0.49063718 0.3166533 0.12083112 0 0.49662408
1.0034139 0.48871607 0.07979857 0.07558383 0.48833245 0.48986816 0.44874147 0.44874147 0.11207139 0.11114302 0.48718274 0.6604514 0.4846977 0.10490646 0.10686424 0.5299277 0.5285101 0.1090584 0.108711526 0.44692463 0.4461991 0.48603475 0.59932536 0.4869913 0.5256829 0.16785783 0.49623638 0.50148726 0.49662408 0
