0 0.9973515587 0.9928288787 1.0019015187 0.6827420187 0.6844836187 1.0038056187 0.9902032187 0.7339011187 1.0045686187 1.0019015187 0.8114744187 0.7400454187 0.7373677787 0.7325720187 0.7293918187 0.5942390887 0.9917024687 0.9879599487 0.6904856187 0.6899836187 0.5940182487 0.6988176187 0.5946809187 0.7535788187 0.9786845687 0.9872137187 0.8147269187 0.8097062187 0.7312453187
0.9973515587 0 0.2311282187 0.2354958387 0.9902032187 0.9932047187 0.4268814187 0.4215997187 1.0064794187 0.3189553187 0.3163588187 0.9932047187 1.0107005187 1.0038056187 1.0083951187 1.0110854187 1.0203830187 0.3413172387 0.3398998987 1.0122413187 1.0126270187 1.0118557187 1.0064794187 1.0126270187 1.0107005187 0.4194973987 0.3264899787 0.9846076187 0.9924532187 0.9902032187
0.9928288787 0.2311282187 0 0.2007240487 0.9849793587 0.9857234187 0.4297136187 0.4279422487 1.0076282187 0.3234054687 0.3217143687 0.9864681687 1.0149454187 1.0053324187 1.0072451187 1.0099312187 1.0122413187 0.3481261187 0.3454268187 1.0022820187 1.0034244187 1.0011413187 0.9928288787 1.0022820187 1.0060968187 0.4187979387 0.3336328887 0.9857234187 1.0007615187 0.9928288787
1.0019015187 0.2354958387 0.2007240487 0 0.9943334187 0.9913273687 0.4277653387 0.4207230187 1.0141717187 0.3278821687 0.3241754187 0.9764754187 1.0176593187 1.0083951187 1.0122413187 1.0118557187 1.0238996187 0.3470134387 0.3435272887 1.0076282187 1.0080116187 1.0122413187 0.9928288787 1.0137853187 0.9962183187 0.4223017987 0.3339450187 0.9757405187 1.0019015187 1.0045686187
0.6827420187 0.9902032187 0.9849793587 0.9943334187 0 0.1391555387 1.0076282187 0.9996230887 0.7489499687 1.0110854187 1.0133990187 0.8076486187 0.7541252687 0.7500365687 0.7497647687 0.7505804587 0.7036571787 0.9728079187 0.9731738887 0.7087854187 0.7067299187 0.7000881687 0.7131721687 0.7011061587 0.7749098787 0.9629943687 0.9768431187 0.8023834187 0.8067685187 0.7413878187
0.6844836187 0.9932047187 0.9857234187 0.9913273687 0.1391555387 0 1.0141717187 1.0060968187 0.7478650187 1.0041870187 1.0130129187 0.8064753687 0.7524871187 0.7451593587 0.7527599187 0.7549456687 0.7005970187 0.9797915487 0.9820105187 0.7059605187 0.7046800587 0.6914906787 0.7008515187 0.6909879687 0.7662489687 0.9687943187 0.9842360187 0.8053039587 0.8117695187 0.7403136787
1.0038056187 0.4268814187 0.4297136187 0.4277653387 1.0076282187 1.0141717187 0 0.1260287187 1.0137853187 0.4242359187 0.4217751587 0.9894547187 1.0107005187 1.0130129187 1.0087788187 1.0126270187 1.0133990187 0.4215997187 0.4201975187 1.0219438187 1.0235080187 1.0049504187 1.0137853187 1.0060968187 1.0161072187 0.4165291787 0.4244119787 1.0064794187 1.0080116187 0.9996230887
0.9902032187 0.4215997187 0.4279422487 0.4207230187 0.9996230887 1.0060968187 0.1260287187 0 0.9981079187 0.4161807187 0.4130521187 0.9644401187 1.0022820187 0.9988651587 0.9924532187 0.9988651587 1.0072451187 0.4161807187 0.4151363987 1.0215534187 1.0211630187 0.9920778187 1.0041870187 0.9928288787 1.0103158187 0.4121853687 0.4163549187 0.9932047187 0.9913273687 0.9928288787
0.7339011187 1.0064794187 1.0076282187 1.0141717187 0.7489499687 0.7478650187 1.0137853187 0.9981079187 0 1.0095469187 1.0049504187 0.7951313587 0.1103421687 0.1084908827 0.2459720187 0.2443081287 0.7607139187 0.9875867687 0.9879599487 0.7427326187 0.7405820787 0.7560409587 0.7565892187 0.7587862187 0.4625205987 0.9797915487 0.9872137187 0.8044265787 0.7994741187 0.2352221187
1.0045686187 0.3189553187 0.3234054687 0.3278821687 1.0110854187 1.0041870187 0.4242359187 0.4161807187 1.0095469187 0 0.1017035087 0.9879599487 1.0196037187 1.0087788187 0.9969736187 0.9992440587 1.0223346187 0.3414748587 0.3394280687 0.9872137187 0.9887069787 1.0083951187 1.0007615187 1.0095469187 1.0095469187 0.4193224587 0.3278821687 0.9977296187 1.0118557187 1.0007615187
1.0019015187 0.3163588187 0.3217143687 0.3241754187 1.0133990187 1.0130129187 0.4217751587 0.4130521187 1.0049504187 0.1017035087 0 0.9962183187 1.0137853187 1.0064794187 0.9928288787 0.9973515587 1.0231167187 0.3422636187 0.3411596187 0.9932047187 0.9917024687 1.0091628187 0.9965958887 1.0107005187 1.0080116187 0.4165291787 0.3232515787 0.9954637587 1.0045686187 0.9857234187
0.8114744187 0.9932047187 0.9864681687 0.9764754187 0.8076486187 0.8064753687 0.9894547187 0.9644401187 0.7951313587 0.9879599487 0.9962183187 0 0.7959978887 0.8015094187 0.7971548687 0.8053039587 0.8212746187 0.9920778187 0.9913273687 0.8135425687 0.8126555187 0.8165070187 0.8144306787 0.8173985787 0.7939775187 0.9662513187 0.9611910187 0.4763579387 0.4763579387 0.7994741187
0.7400454187 1.0107005187 1.0149454187 1.0176593187 0.7541252687 0.7524871187 1.0107005187 1.0022820187 0.1103421687 1.0196037187 1.0137853187 0.7959978887 0 0.0939562186999999 0.2463885687 0.2461108387 0.7505804587 0.9857234187 0.9894547187 0.7459700187 0.7438102187 0.7513969787 0.7587862187 0.7535788187 0.4664215187 0.9842360187 0.9680668187 0.8123600787 0.8147269187 0.2361805687
0.7373677787 1.0038056187 1.0053324187 1.0083951187 0.7500365687 0.7451593587 1.0130129187 0.9988651587 0.1084908827 1.0087788187 1.0064794187 0.8015094187 0.0939562186999999 0 0.2396137087 0.2426479187 0.7505804587 0.9890807587 0.9913273687 0.7397772187 0.7368334187 0.7486786187 0.7435406687 0.7511247187 0.4680995887 0.9761078687 0.9753733187 0.8197814487 0.8138384487 0.2353589487
0.7325720187 1.0083951187 1.0072451187 1.0122413187 0.7497647687 0.7527599187 1.0087788187 0.9924532187 0.2459720187 0.9969736187 0.9928288787 0.7971548687 0.2463885687 0.2396137087 0 0.0783645346999999 0.7489499687 0.9779474187 0.9768431187 0.7403136787 0.7376351187 0.7475940187 0.7411191787 0.7492214687 0.4612247587 0.9728079187 0.9779474187 0.8150233187 0.8053039587 0.2462496887
0.7293918187 1.0110854187 1.0099312187 1.0118557187 0.7505804587 0.7549456687 1.0126270187 0.9988651587 0.2443081287 0.9992440587 0.9973515587 0.8053039587 0.2461108387 0.2426479187 0.0783645346999999 0 0.7590613187 0.9894547187 0.9872137187 0.7541252687 0.7505804587 0.7552193687 0.7503084187 0.7574123187 0.4614097487 0.9768431187 0.9860957187 0.8218726787 0.8097062187 0.2447237487
0.5942390887 1.0203830187 1.0122413187 1.0238996187 0.7036571787 0.7005970187 1.0133990187 1.0072451187 0.7607139187 1.0223346187 1.0231167187 0.8212746187 0.7505804587 0.7505804587 0.7489499687 0.7590613187 0 0.9950868187 0.9947100187 0.7018706187 0.7008515187 0.0625467286999999 0.7026357187 0.0622207086999999 0.7751909187 0.9920778187 0.9875867687 0.8360667487 0.8206769487 0.7470522787
0.9917024687 0.3413172387 0.3481261187 0.3470134387 0.9728079187 0.9797915487 0.4215997187 0.4161807187 0.9875867687 0.3414748587 0.3422636187 0.9920778187 0.9857234187 0.9890807587 0.9779474187 0.9894547187 0.9950868187 0 0.0195631886999999 1.0011413187 1.0026625187 0.9772110887 1.0118557187 0.9797915487 0.9984864887 0.4182737487 0.3361334187 0.9775792187 0.9917024687 0.9724421787
0.9879599487 0.3398998987 0.3454268187 0.3435272887 0.9731738887 0.9820105187 0.4201975187 0.4151363987 0.9879599487 0.3394280687 0.3411596187 0.9913273687 0.9894547187 0.9913273687 0.9768431187 0.9872137187 0.9947100187 0.0195631886999999 0 0.9977296187 0.9988651587 0.9768431187 1.0091628187 0.9801609187 1.0000023487 0.4182737487 0.3344134187 0.9812701587 0.9939570187 0.9764754187
0.6904856187 1.0122413187 1.0022820187 1.0076282187 0.7087854187 0.7059605187 1.0219438187 1.0215534187 0.7427326187 0.9872137187 0.9932047187 0.8135425687 0.7459700187 0.7397772187 0.7403136787 0.7541252687 0.7018706187 1.0011413187 0.9977296187 0 0.00684153269999991 0.6993256187 0.4744730187 0.6998339187 0.7684744887 0.9913273687 0.9797915487 0.8327206187 0.8233699487 0.7408506187
0.6899836187 1.0126270187 1.0034244187 1.0080116187 0.7067299187 0.7046800587 1.0235080187 1.0211630187 0.7405820787 0.9887069787 0.9917024687 0.8126555187 0.7438102187 0.7368334187 0.7376351187 0.7505804587 0.7008515187 1.0026625187 0.9988651587 0.00684153269999991 0 0.6985637787 0.4731564187 0.6990715587 0.7659712187 0.9902032187 0.9812701587 0.8299938687 0.8230702587 0.7379025487
0.5940182487 1.0118557187 1.0011413187 1.0122413187 0.7000881687 0.6914906787 1.0049504187 0.9920778187 0.7560409587 1.0083951187 1.0091628187 0.8165070187 0.7513969787 0.7486786187 0.7475940187 0.7552193687 0.0625467286999999 0.9772110887 0.9768431187 0.6993256187 0.6985637787 0 0.7026357187 0.00331779999999991 0.7763162187 0.9827516187 0.9709809187 0.8336317187 0.8144306787 0.7427326187
0.6988176187 1.0064794187 0.9928288787 0.9928288787 0.7131721687 0.7008515187 1.0137853187 1.0041870187 0.7565892187 1.0007615187 0.9965958887 0.8144306787 0.7587862187 0.7435406687 0.7411191787 0.7503084187 0.7026357187 1.0118557187 1.0091628187 0.4744730187 0.4731564187 0.7026357187 0 0.7031463187 0.7618176187 0.9838646187 0.9846076187 0.8263736187 0.8296915187 0.7421944187
0.5946809187 1.0126270187 1.0022820187 1.0137853187 0.7011061587 0.6909879687 1.0060968187 0.9928288787 0.7587862187 1.0095469187 1.0107005187 0.8173985787 0.7535788187 0.7511247187 0.7492214687 0.7574123187 0.0622207086999999 0.9797915487 0.9801609187 0.6998339187 0.6990715587 0.00331779999999991 0.7031463187 0 0.7791368187 0.9838646187 0.9720765587 0.8339356187 0.8150233187 0.7448893187
0.7535788187 1.0107005187 1.0060968187 0.9962183187 0.7749098787 0.7662489687 1.0161072187 1.0103158187 0.4625205987 1.0095469187 1.0080116187 0.7939775187 0.4664215187 0.4680995887 0.4612247587 0.4614097487 0.7751909187 0.9984864887 1.0000023487 0.7684744887 0.7659712187 0.7763162187 0.7618176187 0.7791368187 0 0.9750062487 0.9977296187 0.8088237187 0.8041343187 0.4610398387
0.9786845687 0.4194973987 0.4187979387 0.4223017987 0.9629943687 0.9687943187 0.4165291787 0.4121853687 0.9797915487 0.4193224587 0.4165291787 0.9662513187 0.9842360187 0.9761078687 0.9728079187 0.9768431187 0.9920778187 0.4182737487 0.4182737487 0.9913273687 0.9902032187 0.9827516187 0.9838646187 0.9838646187 0.9750062487 0 0.4082111387 0.9898289187 0.9894547187 0.9698868187
0.9872137187 0.3264899787 0.3336328887 0.3339450187 0.9768431187 0.9842360187 0.4244119787 0.4163549187 0.9872137187 0.3278821687 0.3232515787 0.9611910187 0.9680668187 0.9753733187 0.9779474187 0.9860957187 0.9875867687 0.3361334187 0.3344134187 0.9797915487 0.9812701587 0.9709809187 0.9846076187 0.9720765587 0.9977296187 0.4082111387 0 0.9698868187 0.9857234187 0.9831224187
0.8147269187 0.9846076187 0.9857234187 0.9757405187 0.8023834187 0.8053039587 1.0064794187 0.9932047187 0.8044265787 0.9977296187 0.9954637587 0.4763579387 0.8123600787 0.8197814487 0.8150233187 0.8218726787 0.8360667487 0.9775792187 0.9812701587 0.8327206187 0.8299938687 0.8336317187 0.8263736187 0.8339356187 0.8088237187 0.9898289187 0.9698868187 0 0.2768604187 0.8150233187
0.8097062187 0.9924532187 1.0007615187 1.0019015187 0.8067685187 0.8117695187 1.0080116187 0.9913273687 0.7994741187 1.0118557187 1.0045686187 0.4763579387 0.8147269187 0.8138384487 0.8053039587 0.8097062187 0.8206769487 0.9917024687 0.9939570187 0.8233699487 0.8230702587 0.8144306787 0.8296915187 0.8150233187 0.8041343187 0.9894547187 0.9857234187 0.2768604187 0 0.8097062187
0.7312453187 0.9902032187 0.9928288787 1.0045686187 0.7413878187 0.7403136787 0.9996230887 0.9928288787 0.2352221187 1.0007615187 0.9857234187 0.7994741187 0.2361805687 0.2353589487 0.2462496887 0.2447237487 0.7470522787 0.9724421787 0.9764754187 0.7408506187 0.7379025487 0.7427326187 0.7421944187 0.7448893187 0.4610398387 0.9698868187 0.9831224187 0.8150233187 0.8097062187 0
