0 0.9680563 0.9608204 1.0118452 1.0164845 1.0068517 1.0172604 1.0219333 1.0049399 1.0003713 1.0022715 0.9768326 0.9931942 0.99847597 0.9977191 0.9167723 0.9059856 1.0060863 1.0118452 0.9924427 0.99847597 0.99357027 1.0022715 0.99734104 0.9746289 0.90231323 1.0034139 0.98907024 0.9644296 1.0076177
0.9680563 0 0.23795332 1.0188149 1.0037951 0.990942 0.9831119 1.0080011 0.9901927 0.99885464 0.9894442 0.52972496 0.9943229 0.9931942 1.01146 0.99281836 0.9901927 1.0041765 1.0137748 0.9950763 0.98832285 0.54116 0.99923354 0.5426017 0.4919849 1.0087683 0.96334505 0.49623638 0.48355353 1.0003713
0.9608204 0.23795332 0 1.0231062 1.0215429 0.99734104 0.98496884 1.0176488 0.9977191 0.98794943 0.9831119 0.52427334 0.9775687 0.9842255 0.99545324 0.9727974 0.96769285 1.0064689 1.0215429 0.98348296 0.9775687 0.5515193 0.9898184 0.5523542 0.49044484 0.98125964 0.96841997 0.491407 0.47634742 0.9838541
1.0118452 1.0188149 1.0231062 0 0.22962219 0.9127091 0.8983274 0.9127091 0.9133848 0.73709005 0.74110866 0.99169195 0.7309697 0.7419149 0.73149997 1.0041765 1.0076177 0.2274522 0.22921483 0.72726864 0.723061 1.019204 0.7344229 1.0211525 1.01069 1.0072346 0.8999856 1.0357314 1.0282096 0.74030316
1.0164845 1.0037951 1.0215429 0.22962219 0 0.9256522 0.91406107 0.9263396 0.9353342 0.73789203 0.7365559 1.0041765 0.7280602 0.74433905 0.7344229 0.98869646 0.9946995 0.21177219 0.21416326 0.72779626 0.7267414 1.025065 0.7336246 1.0278157 1.0041765 1.0126165 0.90933985 1.0207624 1.0176488 0.73923063
1.0068517 0.990942 0.99734104 0.9127091 0.9256522 0 0.16798292 0.3849548 0.38095567 0.91711193 0.9069903 0.9838541 0.9059856 0.9137229 0.9059856 0.99999183 1.0103053 0.908332 0.91169673 0.90665525 0.903313 1.0011308 0.91643286 1.002652 1.0176488 1.0034139 0.27511612 1.01146 0.99847597 0.8940332
1.0172604 0.9831119 0.98496884 0.8983274 0.91406107 0.16798292 0 0.38696238 0.37879837 0.9249654 0.91439945 0.9783054 0.89469224 0.9174517 0.9110226 0.98907024 0.99885464 0.8884545 0.8927168 0.90164745 0.8937039 1.0003713 0.90799636 1.0022715 1.0188149 1.0076177 0.28222105 1.0188149 1.0037951 0.89932185
1.0219333 1.0080011 1.0176488 0.9127091 0.9263396 0.3849548 0.38696238 0 0.16473724 0.9270277 0.92840576 1.000751 0.9137229 0.9150766 0.9160936 1.01146 1.0219333 0.9127091 0.91439945 0.91711193 0.91473794 1.0274222 0.9167723 1.030972 1.0429276 1.0246727 0.38311923 1.0313674 1.0246727 0.90799636
1.0049399 0.9901927 0.9977191 0.9133848 0.9353342 0.38095567 0.37879837 0.16473724 0 0.9123715 0.90766084 0.990942 0.90498227 0.90098226 0.89932185 1.01146 1.0238891 0.9188122 0.9205164 0.9073255 0.90665525 1.0164845 0.9069903 1.0195932 1.0373245 1.0168724 0.37598658 1.0207624 1.0207624 0.9096761
1.0003713 0.99885464 0.98794943 0.73709005 0.73789203 0.91711193 0.9249654 0.9270277 0.9123715 0 0.14591707 0.9853408 0.33831772 0.14749794 0.1421607 0.97867405 0.99545324 0.7368229 0.74110866 0.34083396 0.33816072 1.0231062 0.31300145 1.0246727 0.99885464 1.0083846 0.910349 0.9920673 0.99658537 0.2473509
1.0022715 0.9894442 0.9831119 0.74110866 0.7365559 0.9069903 0.91439945 0.92840576 0.90766084 0.14591707 0 0.9727974 0.335497 0.12412783 0.11825097 0.96406794 0.982 0.7330929 0.7376246 0.33768997 0.33299854 0.99999183 0.30424884 1.0030329 0.9980974 0.9857129 0.90665525 0.9838541 0.9920673 0.24457467
0.9768326 0.52972496 0.52427334 0.99169195 1.0041765 0.9838541 0.9783054 1.000751 0.990942 0.9853408 0.9727974 0 0.9583042 0.98237044 0.9831119 0.9658782 0.9860852 0.9768326 0.98683035 0.9764649 0.9691478 0.5384899 0.9783054 0.5397211 0.5488121 0.9816297 0.9543672 0.5448729 0.5317542 0.98348296
0.9931942 0.9943229 0.9775687 0.7309697 0.7280602 0.9059856 0.89469224 0.9137229 0.90498227 0.33831772 0.335497 0.9583042 0 0.33957478 0.33800378 0.9801504 0.98125964 0.7264779 0.7328271 0.10755644 0.10605747 1.0083846 0.3297319 1.01146 0.9857129 1.0157093 0.8887815 0.9946995 0.9943229 0.33518422
0.99847597 0.9931942 0.9842255 0.7419149 0.74433905 0.9137229 0.9174517 0.9150766 0.90098226 0.14749794 0.12412783 0.98237044 0.33957478 0 0.101922065 0.97609735 0.990942 0.7368229 0.7437997 0.34304264 0.33863178 1.0037951 0.31300145 1.005704 0.99885464 1.0022715 0.9043141 0.99357027 1.0003713 0.24874288
0.9977191 1.01146 0.99545324 0.73149997 0.7344229 0.9059856 0.9110226 0.9160936 0.89932185 0.1421607 0.11825097 0.9831119 0.33800378 0.101922065 0 0.9658782 0.97426224 0.7336246 0.7376246 0.34051898 0.335497 1.01146 0.30966946 1.0133885 0.9946995 0.9931942 0.8963424 0.99734104 0.99131685 0.24346703
0.9167723 0.99281836 0.9727974 1.0041765 0.98869646 0.99999183 0.98907024 1.01146 1.01146 0.97867405 0.96406794 0.9658782 0.9801504 0.97609735 0.9658782 0 0.089989096 0.97867405 0.98794943 0.98237044 0.99056727 0.99131685 0.99131685 0.99281836 0.9827411 0.2938196 0.9827411 0.98757625 0.9709704 0.97170067
0.9059856 0.9901927 0.96769285 1.0076177 0.9946995 1.0103053 0.99885464 1.0219333 1.0238891 0.99545324 0.982 0.9860852 0.98125964 0.990942 0.97426224 0.089989096 0 0.9827411 0.99281836 0.9898184 0.9931942 0.9958304 0.9920673 0.9980974 0.97867405 0.29219383 0.9950763 0.99545324 0.98125964 0.9894442
1.0060863 1.0041765 1.0064689 0.2274522 0.21177219 0.908332 0.8884545 0.9127091 0.9188122 0.7368229 0.7330929 0.9768326 0.7264779 0.7368229 0.7336246 0.97867405 0.9827411 0 0.031346016 0.7296458 0.72991043 1.0133885 0.7317652 1.015322 1.0118452 0.99734104 0.89601207 1.0130024 1.01069 0.7293813
1.0118452 1.0137748 1.0215429 0.22921483 0.21416326 0.91169673 0.8927168 0.91439945 0.9205164 0.74110866 0.7376246 0.98683035 0.7328271 0.7437997 0.7376246 0.98794943 0.99281836 0.031346016 0 0.73602206 0.73709005 1.0195932 0.7330929 1.0215429 1.0180373 1.0034139 0.8999856 1.0242808 1.0172604 0.7354886
0.9924427 0.9950763 0.98348296 0.72726864 0.72779626 0.90665525 0.90164745 0.91711193 0.9073255 0.34083396 0.33768997 0.9764649 0.10755644 0.34304264 0.34051898 0.98237044 0.9898184 0.7296458 0.73602206 0 0.041634534 1.0246727 0.33831772 1.0266355 0.9920673 1.0022715 0.890091 1.0037951 0.9939465 0.34209526
0.99847597 0.98832285 0.9775687 0.723061 0.7267414 0.903313 0.8937039 0.91473794 0.90665525 0.33816072 0.33299854 0.9691478 0.10605747 0.33863178 0.335497 0.99056727 0.9931942 0.72991043 0.73709005 0.041634534 0 1.0278157 0.33627945 1.0286036 0.99169195 1.01146 0.88454145 1.001891 0.99169195 0.33690602
0.99357027 0.54116 0.5515193 1.019204 1.025065 1.0011308 1.0003713 1.0274222 1.0164845 1.0231062 0.99999183 0.5384899 1.0083846 1.0037951 1.01146 0.99131685 0.9958304 1.0133885 1.0195932 1.0246727 1.0278157 0 1.0118452 0.00572177 0.5607553 1.005704 0.97316337 0.5618121 0.55381763 1.0254573
1.0022715 0.99923354 0.9898184 0.7344229 0.7336246 0.91643286 0.90799636 0.9167723 0.9069903 0.31300145 0.30424884 0.9783054 0.3297319 0.31300145 0.30966946 0.99131685 0.9920673 0.7317652 0.7330929 0.33831772 0.33627945 1.0118452 0 1.01146 0.9920673 1.014548 0.903313 0.99658537 1.0053219 0.30891424
0.99734104 0.5426017 0.5523542 1.0211525 1.0278157 1.002652 1.0022715 1.030972 1.0195932 1.0246727 1.0030329 0.5397211 1.01146 1.005704 1.0133885 0.99281836 0.9980974 1.015322 1.0215429 1.0266355 1.0286036 0.00572177 1.01146 0 0.56223524 1.0080011 0.9746289 0.56350607 0.5546552 1.0262426
0.9746289 0.4919849 0.49044484 1.01069 1.0041765 1.0176488 1.0188149 1.0429276 1.0373245 0.99885464 0.9980974 0.5488121 0.9857129 0.99885464 0.9946995 0.9827411 0.97867405 1.0118452 1.0180373 0.9920673 0.99169195 0.5607553 0.9920673 0.56223524 0 0.99545324 0.9831119 0.29530063 0.29441166 1.002652
0.90231323 1.0087683 0.98125964 1.0072346 1.0126165 1.0034139 1.0076177 1.0246727 1.0168724 1.0083846 0.9857129 0.9816297 1.0157093 1.0022715 0.9931942 0.2938196 0.29219383 0.99734104 1.0034139 1.0022715 1.01146 1.005704 1.014548 1.0080011 0.99545324 0 0.9939465 1.0015109 0.98237044 0.99658537
1.0034139 0.96334505 0.96841997 0.8999856 0.90933985 0.27511612 0.28222105 0.38311923 0.37598658 0.910349 0.90665525 0.9543672 0.8887815 0.9043141 0.8963424 0.9827411 0.9950763 0.89601207 0.8999856 0.890091 0.88454145 0.97316337 0.903313 0.9746289 0.9831119 0.9939465 0 0.990942 0.98907024 0.88259256
0.98907024 0.49623638 0.491407 1.0357314 1.0207624 1.01146 1.0188149 1.0313674 1.0207624 0.9920673 0.9838541 0.5448729 0.9946995 0.99357027 0.99734104 0.98757625 0.99545324 1.0130024 1.0242808 1.0037951 1.001891 0.5618121 0.99658537 0.56350607 0.29530063 1.0015109 0.990942 0 0.28047484 0.9977191
0.9644296 0.48355353 0.47634742 1.0282096 1.0176488 0.99847597 1.0037951 1.0246727 1.0207624 0.99658537 0.9920673 0.5317542 0.9943229 1.0003713 0.99131685 0.9709704 0.98125964 1.01069 1.0172604 0.9939465 0.99169195 0.55381763 1.0053219 0.5546552 0.29441166 0.98237044 0.98907024 0.28047484 0 1.01069
1.0076177 1.0003713 0.9838541 0.74030316 0.73923063 0.8940332 0.89932185 0.90799636 0.9096761 0.2473509 0.24457467 0.98348296 0.33518422 0.24874288 0.24346703 0.97170067 0.9894442 0.7293813 0.7354886 0.34209526 0.33690602 1.0254573 0.30891424 1.0262426 1.002652 0.99658537 0.88259256 0.9977191 1.01069 0
