0 0.8242593001 0.9898184001 0.9794118401 1.0026520001 0.9928183601 0.9757300001 1.0003713001 0.9794118401 0.9772005701 0.9764649001 0.8545757001 0.9768326001 0.9746289001 0.9746289001 0.9637064001 0.9753628001 0.9842255001 0.9883228501 0.5763342001 0.5711766001 0.9775687001 0.8452588301 0.9775687001 0.5765499001 0.5869757501 0.9868303501 1.0110749001 1.0254573001 0.8141240001
0.8242593001 0 1.0145480001 0.9931942001 1.0211525001 0.9980974001 0.9913168501 1.0126165001 1.0068517001 1.0060863001 0.9651536001 0.5440462001 0.9640679401 0.9504507001 0.9529406401 0.9409234501 0.9511613001 1.0106900001 1.0122308001 0.8391112701 0.8330136501 0.9568702001 0.5370560001 0.9568702001 0.8314969501 0.8499028001 0.9860852001 0.9954532401 0.9808897001 0.3151295501
0.9898184001 1.0145480001 0 0.3679405201 0.3146730401 0.3134569801 0.3599798701 0.3648437001 0.3537036801 0.3598182801 1.0270288001 1.0022715001 1.0076177001 0.9943229001 0.9894442001 0.9901927001 0.9939465001 0.3591722801 0.3641933501 1.0130024001 1.0083846001 1.0018910001 1.0114600001 1.0018910001 0.9977191001 0.9996125701 0.3710501801 0.6468255501 0.6446965301 0.9834829601
0.9794118401 0.9931942001 0.3679405201 0 0.3720348801 0.3604648401 0.3060513701 0.3099717801 0.3017026501 0.3062018001 1.0421246001 1.0022715001 1.0293922001 1.0137748001 1.0083846001 1.0137748001 1.0087683001 0.3095183701 0.3148251801 0.9965853701 0.9939465001 1.0122308001 1.0099207001 1.0122308001 0.9999918301 1.0007510001 0.3471617701 0.6437523001 0.6454055301 0.9797810301
1.0026520001 1.0211525001 0.3146730401 0.3720348801 0 0.2289434001 0.3628944001 0.3658202601 0.3514634401 0.3553079701 1.0282096001 1.0106900001 1.0192040001 0.9969631001 0.9950763001 1.0045581001 1.0049399001 0.3650064001 0.3685941001 1.0057040001 1.0011308001 1.0087683001 1.0289978001 1.0087683001 1.0145480001 1.0114600001 0.3628944001 0.6482482601 0.6418672001 0.9954532401
0.9928183601 0.9980974001 0.3134569801 0.3604648401 0.2289434001 0 0.3567547501 0.3585268601 0.3500268201 0.3545054001 1.0305767001 1.0041765001 1.0231062001 0.9920673001 0.9853408001 0.9973410401 1.0007510001 0.3588495001 0.3640308701 0.9883228501 0.9872032001 1.0018910001 1.0076177001 1.0018910001 0.9977191001 0.9883228501 0.3545054001 0.6444604001 0.6477737001 0.9823704401
0.9757300001 0.9913168501 0.3599798701 0.3060513701 0.3628944001 0.3567547501 0 0.2914559801 0.1804716401 0.1869873301 1.0207624001 0.9842255001 0.9980974001 1.0180373001 1.0099207001 1.0041765001 0.9999918301 0.2892468601 0.2926368701 0.9913168501 0.9875762501 1.0026520001 1.0157093001 1.0026520001 0.9860852001 0.9831119001 0.3350279001 0.6327450001 0.6292658401 0.9601006501
1.0003713001 1.0126165001 0.3648437001 0.3099717801 0.3658202601 0.3585268601 0.2914559801 0 0.2847018201 0.2933758501 1.0297868001 1.0122308001 1.0083846001 1.0045581001 1.0007510001 1.0106900001 1.0160967001 0.1772982501 0.1798359001 1.0188149001 1.0160967001 1.0227151001 1.0188149001 1.0227151001 0.9999918301 1.0049399001 0.3403615401 0.6527713501 0.6563616001 0.9879494301
0.9794118401 1.0068517001 0.3537036801 0.3017026501 0.3514634401 0.3500268201 0.1804716401 0.2847018201 0 0.1341058001 1.0365276001 1.0007510001 1.0130024001 1.0176488001 1.0072346001 1.0110749001 1.0091523001 0.2829498401 0.2874842301 0.9931942001 0.9883228501 1.0095364001 1.0317632001 1.0095364001 0.9868303501 0.9816297001 0.3309746701 0.6353068001 0.6355400701 0.9753628001
0.9772005701 1.0060863001 0.3598182801 0.3062018001 0.3553079701 0.3545054001 0.1869873301 0.2933758501 0.1341058001 0 1.0278157001 0.9958304001 1.0110749001 1.0060863001 0.9946995001 1.0126165001 1.0080011001 0.2896881701 0.2942636001 0.9890702401 0.9883228501 1.0141612001 1.0262426001 1.0141612001 0.9849688401 0.9673296001 0.3312857001 0.6371753001 0.6334428001 0.9786740501
0.9764649001 0.9651536001 1.0270288001 1.0421246001 1.0282096001 1.0305767001 1.0207624001 1.0297868001 1.0365276001 1.0278157001 0 0.9647915401 0.1296943701 0.7162736701 0.7154944501 0.7349555501 0.7346892001 1.0227151001 1.0184260001 0.9834829601 0.9801504001 0.7373572601 0.9735294601 0.7373572601 0.9805199501 0.9779369001 1.0286036001 1.0481682001 1.0313674001 0.9493862001
0.8545757001 0.5440462001 1.0022715001 1.0022715001 1.0106900001 1.0041765001 0.9842255001 1.0122308001 1.0007510001 0.9958304001 0.9647915401 0 0.9709704001 0.9398722601 0.9416250601 0.9391723001 0.9419761001 0.9894442001 1.0022715001 0.8251602001 0.8221614001 0.9433819001 0.4833630001 0.9433819001 0.8366663001 0.8640098001 0.9935702701 0.9965853701 0.9965853701 0.5434268001
0.9768326001 0.9640679401 1.0076177001 1.0293922001 1.0192040001 1.0231062001 0.9980974001 1.0083846001 1.0130024001 1.0110749001 0.1296943701 0.9709704001 0 0.7207046001 0.7209661001 0.7314999701 0.7336246001 1.0003713001 0.9950763001 0.9753628001 0.9742622401 0.7384271601 0.9864576501 0.7384271601 0.9720660401 0.9860852001 1.0262426001 1.0365276001 1.0219333001 0.9458484001
0.9746289001 0.9504507001 0.9943229001 1.0137748001 0.9969631001 0.9920673001 1.0180373001 1.0045581001 1.0176488001 1.0060863001 0.7162736701 0.9398722601 0.7207046001 0 0.0949664861 0.3619216001 0.3567547501 0.9924427001 0.9946995001 0.9633450501 0.9608204001 0.3585268601 0.9451428701 0.3585268601 0.9575869001 0.9779369001 1.0049399001 1.0361294001 0.9988546401 0.9100125001
0.9746289001 0.9529406401 0.9894442001 1.0083846001 0.9950763001 0.9853408001 1.0099207001 1.0007510001 1.0072346001 0.9946995001 0.7154944501 0.9416250601 0.7209661001 0.0949664861 0 0.3628944001 0.3573986601 0.9962078001 0.9996125701 0.9651536001 0.9626228001 0.3599798701 0.9518725001 0.3599798701 0.9561541701 0.9753628001 0.9905672701 1.0349361001 0.9999918301 0.9123715001
0.9637064001 0.9409234501 0.9901927001 1.0137748001 1.0045581001 0.9973410401 1.0041765001 1.0106900001 1.0110749001 1.0126165001 0.7349555501 0.9391723001 0.7314999701 0.3619216001 0.3628944001 0 0.0628623701 0.9958304001 0.9988546401 0.9554389001 0.9462014401 0.1356619401 0.9579454701 0.1356619401 0.9504507001 0.9706055001 1.0053219001 1.0329514001 1.0091523001 0.9215407401
0.9753628001 0.9511613001 0.9939465001 1.0087683001 1.0049399001 1.0007510001 0.9999918301 1.0160967001 1.0091523001 1.0080011001 0.7346892001 0.9419761001 0.7336246001 0.3567547501 0.3573986601 0.0628623701 0 0.9965853701 0.9965853701 0.9601006501 0.9515168701 0.1338666801 0.9572284001 0.1338666801 0.9561541701 0.9820000001 0.9980974001 1.0373245001 1.0172604001 0.9253087001
0.9842255001 1.0106900001 0.3591722801 0.3095183701 0.3650064001 0.3588495001 0.2892468601 0.1772982501 0.2829498401 0.2896881701 1.0227151001 0.9894442001 1.0003713001 0.9924427001 0.9962078001 0.9958304001 0.9965853701 0 0.0255296201 1.0087683001 1.0099207001 1.0034139001 1.0164845001 1.0034139001 0.9935702701 1.0015109001 0.3376899701 0.6534880401 0.6515784001 0.9860852001
0.9883228501 1.0122308001 0.3641933501 0.3148251801 0.3685941001 0.3640308701 0.2926368701 0.1798359001 0.2874842301 0.2942636001 1.0184260001 1.0022715001 0.9950763001 0.9946995001 0.9996125701 0.9988546401 0.9965853701 0.0255296201 0 1.0118452001 1.0141612001 1.0026520001 1.0211525001 1.0026520001 0.9980974001 0.9988546401 0.3400467301 0.6530102001 0.6532491001 0.9883228501
0.5763342001 0.8391112701 1.0130024001 0.9965853701 1.0057040001 0.9883228501 0.9913168501 1.0188149001 0.9931942001 0.9890702401 0.9834829601 0.8251602001 0.9753628001 0.9633450501 0.9651536001 0.9554389001 0.9601006501 1.0087683001 1.0118452001 0 0.0188345261 0.9572284001 0.8431014401 0.9572284001 0.5590675501 0.5776291501 0.9890702401 1.0130024001 1.0231062001 0.8218621601
0.5711766001 0.8330136501 1.0083846001 0.9939465001 1.0011308001 0.9872032001 0.9875762501 1.0160967001 0.9883228501 0.9883228501 0.9801504001 0.8221614001 0.9742622401 0.9608204001 0.9626228001 0.9462014401 0.9515168701 1.0099207001 1.0141612001 0.0188345261 0 0.9508059601 0.8431014401 0.9508059601 0.5575939001 0.5716050001 0.9808897001 1.0145480001 1.0231062001 0.8191745001
0.9775687001 0.9568702001 1.0018910001 1.0122308001 1.0087683001 1.0018910001 1.0026520001 1.0227151001 1.0095364001 1.0141612001 0.7373572601 0.9433819001 0.7384271601 0.3585268601 0.3599798701 0.1356619401 0.1338666801 1.0034139001 1.0026520001 0.9572284001 0.9508059601 0 0.9760973501 1e-10 0.9647915401 0.9898184001 1.0122308001 1.0333480001 1.0180373001 0.9294410001
0.8452588301 0.5370560001 1.0114600001 1.0099207001 1.0289978001 1.0076177001 1.0157093001 1.0188149001 1.0317632001 1.0262426001 0.9735294601 0.4833630001 0.9864576501 0.9451428701 0.9518725001 0.9579454701 0.9572284001 1.0164845001 1.0211525001 0.8431014401 0.8431014401 0.9760973501 0 0.9760973501 0.8458763401 0.8555138001 0.9962078001 1.0164845001 1.0018910001 0.5463217501
0.9775687001 0.9568702001 1.0018910001 1.0122308001 1.0087683001 1.0018910001 1.0026520001 1.0227151001 1.0095364001 1.0141612001 0.7373572601 0.9433819001 0.7384271601 0.3585268601 0.3599798701 0.1356619401 0.1338666801 1.0034139001 1.0026520001 0.9572284001 0.9508059601 1e-10 0.9760973501 0 0.9647915401 0.9898184001 1.0122308001 1.0333480001 1.0180373001 0.9294410001
0.5765499001 0.8314969501 0.9977191001 0.9999918301 1.0145480001 0.9977191001 0.9860852001 0.9999918301 0.9868303501 0.9849688401 0.9805199501 0.8366663001 0.9720660401 0.9575869001 0.9561541701 0.9504507001 0.9561541701 0.9935702701 0.9980974001 0.5590675501 0.5575939001 0.9647915401 0.8458763401 0.9647915401 0 0.3687576001 1.0018910001 0.9992335401 0.9958304001 0.8227601601
0.5869757501 0.8499028001 0.9996125701 1.0007510001 1.0114600001 0.9883228501 0.9831119001 1.0049399001 0.9816297001 0.9673296001 0.9779369001 0.8640098001 0.9860852001 0.9779369001 0.9753628001 0.9706055001 0.9820000001 1.0015109001 0.9988546401 0.5776291501 0.5716050001 0.9898184001 0.8555138001 0.9898184001 0.3687576001 0 0.9988546401 1.0349361001 1.0149349001 0.8296810001
0.9868303501 0.9860852001 0.3710501801 0.3471617701 0.3628944001 0.3545054001 0.3350279001 0.3403615401 0.3309746701 0.3312857001 1.0286036001 0.9935702701 1.0262426001 1.0049399001 0.9905672701 1.0053219001 0.9980974001 0.3376899701 0.3400467301 0.9890702401 0.9808897001 1.0122308001 0.9962078001 1.0122308001 1.0018910001 0.9988546401 0 0.6348403001 0.6341412701 0.9820000001
1.0110749001 0.9954532401 0.6468255501 0.6437523001 0.6482482601 0.6444604001 0.6327450001 0.6527713501 0.6353068001 0.6371753001 1.0481682001 0.9965853701 1.0365276001 1.0361294001 1.0349361001 1.0329514001 1.0373245001 0.6534880401 0.6530102001 1.0130024001 1.0145480001 1.0333480001 1.0164845001 1.0333480001 0.9992335401 1.0349361001 0.6348403001 0 0.3427267001 1.0041765001
1.0254573001 0.9808897001 0.6446965301 0.6454055301 0.6418672001 0.6477737001 0.6292658401 0.6563616001 0.6355400701 0.6334428001 1.0313674001 0.9965853701 1.0219333001 0.9988546401 0.9999918301 1.0091523001 1.0172604001 0.6515784001 0.6532491001 1.0231062001 1.0231062001 1.0180373001 1.0018910001 1.0180373001 0.9958304001 1.0149349001 0.6341412701 0.3427267001 0 0.9801504001
0.8141240001 0.3151295501 0.9834829601 0.9797810301 0.9954532401 0.9823704401 0.9601006501 0.9879494301 0.9753628001 0.9786740501 0.9493862001 0.5434268001 0.9458484001 0.9100125001 0.9123715001 0.9215407401 0.9253087001 0.9860852001 0.9883228501 0.8218621601 0.8191745001 0.9294410001 0.5463217501 0.9294410001 0.8227601601 0.8296810001 0.9820000001 1.0041765001 0.9801504001 0
