0 0.94514287 0.9322085 0.9395222 0.9924427 0.9335961 0.9270277 0.9360306 0.936379 0.9962078 1.014548 1.014548 0.99923354 1.0015109 1.0141612 1.0137748 1.025065 0.9950763 0.9872032 1.0091523 1.0137748 1.0049399 1.0133885 1.0083846 0.9433819 1.0103053 1.0195932 1.0030329 1.0141612 1.0337447
0.94514287 0 0.23864032 0.58807015 1.0149349 0.56520385 0.5641423 0.57957584 0.58217925 1.0118452 0.9980974 0.9946995 0.99961257 1.014548 1.0176488 1.0041765 0.9946995 1.0003713 1.0118452 1.001891 1.0041765 0.99056727 0.99923354 0.9943229 0.37714309 0.99056727 1.0137748 0.98832285 1.0049399 1.0157093
0.9322085 0.23864032 0 0.5666926 1.005704 0.5582251 0.5523542 0.56456673 0.5649914 0.9962078 0.97978103 0.98757625 0.9958304 0.99658537 0.9958304 1.0286036 1.0130024 0.9969631 1.001891 0.97609735 0.97867405 0.9727974 0.9958304 0.97243166 0.3690847 0.9853408 1.0091523 0.98051995 1.0060863 0.9939465
0.9395222 0.58807015 0.5666926 0 0.99923354 0.5628704 0.56626695 0.2402917 0.24457467 1.001891 0.9931942 0.98237044 1.0095364 1.0049399 1.0133885 0.99734104 0.99131685 1.01146 1.0110749 0.9779369 0.99131685 0.9831119 0.98125964 0.98794943 0.5660542 0.98832285 1.0289978 1.0137748 0.9939465 1.0015109
0.9924427 1.0149349 1.005704 0.99923354 0 1.0068517 1.0141612 1.0195932 1.0164845 0.7574018 0.77546155 0.7687426 0.7659607 0.20477574 0.20215245 0.45531887 0.45238847 0.77041674 0.7729349 0.7565787 0.7659607 0.7565787 0.39844134 0.7690214 1.0149349 0.442582 0.8738847 0.8662283 0.92462224 0.9229087
0.9335961 0.56520385 0.5582251 0.5628704 1.0068517 0 0.21203749 0.5569632 0.5649914 0.9898184 0.990942 0.98645765 0.98348296 0.9969631 1.0060863 1.0099207 0.99131685 0.9779369 0.98683035 0.98237044 0.98125964 0.97867405 1.0034139 0.9790429 0.5597 1.0080011 1.0099207 0.99169195 1.0118452 1.0083846
0.9270277 0.5641423 0.5523542 0.56626695 1.0141612 0.21203749 0 0.5677578 0.5731065 0.99056727 0.9924427 0.9943229 0.99281836 1.0053219 1.0053219 1.01069 1.005704 0.9827411 0.9860852 0.9808897 0.9831119 0.9853408 0.99734104 0.98051995 0.5592783 1.0099207 1.0072346 1.0030329 0.99131685 1.0095364
0.9360306 0.57957584 0.56456673 0.2402917 1.0195932 0.5569632 0.5677578 0 0.19304249 1.014548 1.0072346 0.99734104 1.0126165 1.0064689 1.0188149 0.9969631 0.9920673 1.0122308 1.0160967 1.0034139 1.0087683 1.0080011 1.0133885 1.0060863 0.56350607 0.9946995 1.0286036 1.0130024 1.0118452 1.0060863
0.936379 0.58217925 0.5649914 0.24457467 1.0164845 0.5649914 0.5731065 0.19304249 0 1.0130024 1.0118452 1.0068517 1.0110749 1.0034139 1.01146 1.019204 1.0231062 1.0199828 1.0207624 1.0141612 1.0219333 1.01146 1.0172604 1.0141612 0.56818426 1.0130024 1.0397208 1.0297868 1.0219333 1.0172604
0.9962078 1.0118452 0.9962078 1.001891 0.7574018 0.9898184 0.99056727 1.014548 1.0130024 0 0.6318157 0.63811135 0.17577977 0.7519313 0.7598766 0.7656831 0.7690214 0.17729825 0.17375991 0.62304366 0.62787867 0.63297755 0.77884376 0.6369415 0.990942 0.75302225 0.8461853 0.8284728 0.8983274 0.8989902
1.014548 0.9980974 0.97978103 0.9931942 0.77546155 0.990942 0.9924427 1.0072346 1.0118452 0.6318157 0 0.4647367 0.62258476 0.7687426 0.7712552 0.7813905 0.7765873 0.62787867 0.6297288 0.119657226 0.12459997 0.122830965 0.7796917 0.1258999 0.99357027 0.7701374 0.8468036 0.83210325 0.895022 0.90098226
1.014548 0.9946995 0.98757625 0.98237044 0.7687426 0.98645765 0.9943229 0.99734104 1.0068517 0.63811135 0.4647367 0 0.62810963 0.7623596 0.76623845 0.7618071 0.7607034 0.63811135 0.6395176 0.45899805 0.46195444 0.4617693 0.778279 0.4660386 0.9943229 0.75384146 0.84433347 0.8251602 0.90098226 0.90900373
0.99923354 0.99961257 0.9958304 1.0095364 0.7659607 0.98348296 0.99281836 1.0126165 1.0110749 0.17577977 0.62258476 0.62810963 0 0.7587757 0.7701374 0.7681854 0.76623845 0.12012657 0.1200092 0.61687267 0.6186958 0.62235546 0.77489936 0.62649405 0.9816297 0.75466156 0.8406434 0.8242593 0.8989902 0.8956819
1.0015109 1.014548 0.99658537 1.0049399 0.20477574 0.9969631 1.0053219 1.0064689 1.0034139 0.7519313 0.7687426 0.7623596 0.7587757 0 0.07580507 0.4575242 0.46010533 0.7609791 0.7601521 0.7543881 0.7587757 0.7475835 0.39487758 0.75960124 1.0053219 0.43916187 0.84649444 0.8406434 0.9137229 0.9053166
1.0141612 1.0176488 0.9958304 1.0133885 0.20215245 1.0060863 1.0053219 1.0188149 1.01146 0.7598766 0.7712552 0.76623845 0.7701374 0.07580507 0 0.45807657 0.458445 0.7695792 0.76707226 0.7593259 0.76457363 0.7543881 0.39589408 0.7687426 1.002652 0.44150028 0.85582674 0.8480418 0.91949344 0.910349
1.0137748 1.0041765 1.0286036 0.99734104 0.45531887 1.0099207 1.01069 0.9969631 1.019204 0.7656831 0.7813905 0.7618071 0.7681854 0.4575242 0.45807657 0 0.07150263 0.761255 0.7676286 0.77489936 0.7757428 0.7726547 0.45440188 0.7796917 0.990942 0.33847472 0.84310144 0.84095025 0.9086678 0.90665525
1.025065 0.9946995 1.0130024 0.99131685 0.45238847 0.99131685 1.005704 0.9920673 1.0231062 0.7690214 0.7765873 0.7607034 0.76623845 0.46010533 0.458445 0.07150263 0 0.761255 0.76429653 0.7676286 0.7695792 0.7676286 0.45019814 0.7751804 0.98832285 0.33674935 0.85270303 0.84187144 0.9059856 0.9006499
0.9950763 1.0003713 0.9969631 1.01146 0.77041674 0.9779369 0.9827411 1.0122308 1.0199828 0.17729825 0.62787867 0.63811135 0.12012657 0.7609791 0.7695792 0.761255 0.761255 0 0.061558582 0.6216679 0.62511194 0.6258027 0.7726547 0.63088745 0.9838541 0.7511142 0.8446418 0.82907665 0.8923881 0.8864954
0.9872032 1.0118452 1.001891 1.0110749 0.7729349 0.98683035 0.9860852 1.0160967 1.0207624 0.17375991 0.6297288 0.6395176 0.1200092 0.7601521 0.76707226 0.7676286 0.76429653 0.061558582 0 0.62396216 0.62649405 0.62787867 0.76540554 0.6332101 0.99056727 0.7478545 0.84525883 0.83331734 0.895022 0.8874743
1.0091523 1.001891 0.97609735 0.9779369 0.7565787 0.98237044 0.9808897 1.0034139 1.0141612 0.62304366 0.119657226 0.45899805 0.61687267 0.7543881 0.7593259 0.77489936 0.7676286 0.6216679 0.62396216 0 0.05475067 0.07425776 0.7673504 0.077244714 0.9853408 0.7681854 0.83636117 0.8147164 0.8881276 0.8956819
1.0137748 1.0041765 0.97867405 0.99131685 0.7659607 0.98125964 0.9831119 1.0087683 1.0219333 0.62787867 0.12459997 0.46195444 0.6186958 0.7587757 0.76457363 0.7757428 0.7695792 0.62511194 0.62649405 0.05475067 0 0.07713387 0.7746184 0.0799098 0.98757625 0.7743376 0.84217876 0.82066643 0.89667284 0.90031767
1.0049399 0.99056727 0.9727974 0.9831119 0.7565787 0.97867405 0.9853408 1.0080011 1.01146 0.63297755 0.122830965 0.4617693 0.62235546 0.7475835 0.7543881 0.7726547 0.7676286 0.6258027 0.62787867 0.07425776 0.07713387 0 0.7618071 0.050246153 0.98051995 0.7609791 0.84649444 0.82455945 0.891731 0.8979962
1.0133885 0.99923354 0.9958304 0.98125964 0.39844134 1.0034139 0.99734104 1.0133885 1.0172604 0.77884376 0.7796917 0.778279 0.77489936 0.39487758 0.39589408 0.45440188 0.45019814 0.7726547 0.76540554 0.7673504 0.7746184 0.7618071 0 0.7737762 1.0011308 0.4500159 0.8437172 0.8502134 0.9249654 0.9297863
1.0083846 0.9943229 0.97243166 0.98794943 0.7690214 0.9790429 0.98051995 1.0060863 1.0141612 0.6369415 0.1258999 0.4660386 0.62649405 0.75960124 0.7687426 0.7796917 0.7751804 0.63088745 0.6332101 0.077244714 0.0799098 0.050246153 0.7737762 0 0.9842255 0.7723746 0.84525883 0.82335943 0.895022 0.90498227
0.9433819 0.37714309 0.3690847 0.5660542 1.0149349 0.5597 0.5592783 0.56350607 0.56818426 0.990942 0.99357027 0.9943229 0.9816297 1.0053219 1.002652 0.990942 0.98832285 0.9838541 0.99056727 0.9853408 0.98757625 0.98051995 1.0011308 0.9842255 0 0.9860852 1.0207624 0.98683035 1.0064689 1.0099207
1.0103053 0.99056727 0.9853408 0.98832285 0.442582 1.0080011 1.0099207 0.9946995 1.0130024 0.75302225 0.7701374 0.75384146 0.75466156 0.43916187 0.44150028 0.33847472 0.33674935 0.7511142 0.7478545 0.7681854 0.7743376 0.7609791 0.4500159 0.7723746 0.9860852 0 0.8502134 0.8508351 0.9133848 0.903313
1.0195932 1.0137748 1.0091523 1.0289978 0.8738847 1.0099207 1.0072346 1.0286036 1.0397208 0.8461853 0.8468036 0.84433347 0.8406434 0.84649444 0.85582674 0.84310144 0.85270303 0.8446418 0.84525883 0.83636117 0.84217876 0.84649444 0.8437172 0.84525883 1.0207624 0.8502134 0 0.26864994 0.9174517 0.91643286
1.0030329 0.98832285 0.98051995 1.0137748 0.8662283 0.99169195 1.0030329 1.0130024 1.0297868 0.8284728 0.83210325 0.8251602 0.8242593 0.8406434 0.8480418 0.84095025 0.84187144 0.82907665 0.83331734 0.8147164 0.82066643 0.82455945 0.8502134 0.82335943 0.98683035 0.8508351 0.26864994 0 0.91203403 0.9106857
1.0141612 1.0049399 1.0060863 0.9939465 0.92462224 1.0118452 0.99131685 1.0118452 1.0219333 0.8983274 0.895022 0.90098226 0.8989902 0.9137229 0.91949344 0.9086678 0.9059856 0.8923881 0.895022 0.8881276 0.89667284 0.891731 0.9249654 0.895022 1.0064689 0.9133848 0.9174517 0.91203403 0 0.25363526
1.0337447 1.0157093 0.9939465 1.0015109 0.9229087 1.0083846 1.0095364 1.0060863 1.0172604 0.8989902 0.90098226 0.90900373 0.8956819 0.9053166 0.910349 0.90665525 0.9006499 0.8864954 0.8874743 0.8956819 0.90031767 0.8979962 0.9297863 0.90498227 1.0099207 0.903313 0.91643286 0.9106857 0.25363526 0
