0 0.71083605 0.6937464 0.26068023 0.6884691 0.6877182 0.69779223 0.68972224 0.6927383 0.6965256 0.6972853 0.700841 0.6962725 0.6874681 0.6962725 0.69198316 0.69198316 0.69173163 0.25700858 0.6904751 0.6899731 0.25884217 0.6849714 0.25870097 0.69804585 0.6988071 0.6882187 0.9831119 1.0015109 0.71238565
0.71083605 0 0.63857985 0.70288044 0.6461152 0.64729947 0.63975227 0.5856646 0.58916616 0.7056938 0.70415795 0.24902159 0.7013504 0.63297755 0.6515784 0.6520554 0.6367077 0.6374092 0.6962725 0.21150698 0.21124187 0.6965256 0.70033205 0.6955138 0.65277135 0.58960503 0.64351636 0.9931942 1.0137748 0.11183919
0.6937464 0.63857985 0 0.70390224 0.29145598 0.28763095 0.10952115 0.64045656 0.64540553 0.6854701 0.6837262 0.6315835 0.68721807 0.10836481 0.29367164 0.29130852 0.1098684 0.10882714 0.68972224 0.6311194 0.62996036 0.6937464 0.67285645 0.69576657 0.29737902 0.6390486 0.294856 0.9764649 0.9969631 0.6402217
0.26068023 0.70288044 0.70390224 0 0.69349426 0.6892207 0.7023701 0.69198316 0.69349426 0.68173814 0.68621874 0.6945033 0.6834774 0.69576657 0.69855326 0.6965256 0.69956917 0.7018601 0.112536 0.6869681 0.6864684 0.113815166 0.6767909 0.11369879 0.70288044 0.70646286 0.7005865 0.9853408 1.002652 0.71342045
0.6884691 0.6461152 0.29145598 0.69349426 0 0.08169181 0.2990161 0.6348403 0.63811135 0.6882187 0.6889701 0.63460726 0.68721807 0.294856 0.09044022 0.08874989 0.2976764 0.29589388 0.6827315 0.63881415 0.63975227 0.6844731 0.6887196 0.6867182 0.18085337 0.6255724 0.14896016 0.9746289 0.99961257 0.64540553
0.6877182 0.64729947 0.28763095 0.6892207 0.08169181 0 0.29455975 0.63975227 0.6442242 0.6869681 0.6877182 0.63811135 0.6859691 0.2918986 0.0799098 0.07846504 0.2927846 0.29175103 0.6775309 0.64116156 0.6421026 0.680994 0.682483 0.68298006 0.17552699 0.6313514 0.14567415 0.96769285 0.9958304 0.6470625
0.69779223 0.63975227 0.10952115 0.7023701 0.2990161 0.29455975 0 0.64540553 0.64824826 0.69148016 0.6929902 0.6283408 0.69349426 0.06645949 0.30394885 0.30035818 0.06897683 0.06700602 0.6877182 0.62880313 0.6285719 0.69198316 0.68397504 0.6929902 0.3043989 0.64257354 0.30215135 0.98832285 1.0137748 0.6437523
0.68972224 0.5856646 0.64045656 0.69198316 0.6348403 0.63975227 0.64540553 0 0.054643106 0.702115 0.6967787 0.5707484 0.6982995 0.6494359 0.6461152 0.64587855 0.65038735 0.64801097 0.6847222 0.5763342 0.5763342 0.6852207 0.6922348 0.68621874 0.64682555 0.15348673 0.64635193 0.97316337 1.0003713 0.58828926
0.6927383 0.58916616 0.64540553 0.69349426 0.63811135 0.6442242 0.64824826 0.054643106 0 0.702115 0.7005865 0.5765499 0.6993151 0.65134007 0.6475366 0.64729947 0.65564215 0.6522939 0.68721807 0.5800091 0.57827747 0.6874681 0.6937464 0.6884691 0.64801097 0.15569876 0.64635193 0.97170067 0.99281836 0.591363
0.6965256 0.7056938 0.6854701 0.68173814 0.6882187 0.6869681 0.69148016 0.702115 0.702115 0 0.046938658 0.7033912 0.046406552 0.6834774 0.6965256 0.6955138 0.6874681 0.68149 0.6832287 0.6889701 0.6874681 0.6852207 0.18110794 0.6859691 0.70646286 0.70390224 0.69173163 0.99545324 1.0072346 0.71161044
0.6972853 0.70415795 0.6837262 0.68621874 0.6889701 0.6877182 0.6929902 0.6967787 0.7005865 0.046938658 0 0.70415795 0.038259473 0.684224 0.69576657 0.69576657 0.68721807 0.68173814 0.6832287 0.69349426 0.69097745 0.6849714 0.17755163 0.6864684 0.70646286 0.702115 0.6867182 0.9969631 1.0091523 0.71186876
0.700841 0.24902159 0.6315835 0.6945033 0.63460726 0.63811135 0.6283408 0.5707484 0.5765499 0.7033912 0.70415795 0 0.69906104 0.6235028 0.6406915 0.64116156 0.6304238 0.6311194 0.6927383 0.23974083 0.24042948 0.6924865 0.69779223 0.6924865 0.64045656 0.56882447 0.6374092 0.98051995 1.0011308 0.25237417
0.6962725 0.7013504 0.68721807 0.6834774 0.68721807 0.6859691 0.69349426 0.6982995 0.6993151 0.046406552 0.038259473 0.69906104 0 0.6812419 0.69349426 0.69349426 0.6877182 0.68223464 0.682483 0.6889701 0.6869681 0.6844731 0.18085337 0.68571955 0.70415795 0.70390224 0.68721807 0.9969631 1.0072346 0.70928967
0.6874681 0.63297755 0.10836481 0.69576657 0.294856 0.2918986 0.06645949 0.6494359 0.65134007 0.6834774 0.684224 0.6235028 0.6812419 0 0.29842037 0.29441166 0.038996473 0.037207875 0.6832287 0.62603307 0.62534213 0.6869681 0.6733471 0.6874681 0.30125424 0.6449328 0.29648757 0.98237044 1.0072346 0.6350735
0.6962725 0.6515784 0.29367164 0.69855326 0.09044022 0.0799098 0.30394885 0.6461152 0.6475366 0.6965256 0.69576657 0.6406915 0.69349426 0.29842037 0 0.022947505 0.30035818 0.29871818 0.6852207 0.6444604 0.64564204 0.6889701 0.6927383 0.6899731 0.18314771 0.63460726 0.14969234 0.9680563 0.99734104 0.6484856
0.69198316 0.6520554 0.29130852 0.6965256 0.08874989 0.07846504 0.30035818 0.64587855 0.64729947 0.6955138 0.69576657 0.64116156 0.69349426 0.29441166 0.022947505 0 0.29737902 0.294856 0.68298006 0.6449328 0.6461152 0.6867182 0.69097745 0.68796843 0.18174478 0.6348403 0.14761968 0.9658782 0.99658537 0.65038735
0.69198316 0.6367077 0.1098684 0.69956917 0.2976764 0.2927846 0.06897683 0.65038735 0.65564215 0.6874681 0.68721807 0.6304238 0.6877182 0.038996473 0.30035818 0.29737902 0 0.022844406 0.6852207 0.6320479 0.6318157 0.6892207 0.68000287 0.6899731 0.3043989 0.64824826 0.3009554 0.98832285 1.0160967 0.63834554
0.69173163 0.6374092 0.10882714 0.7018601 0.29589388 0.29175103 0.06700602 0.64801097 0.6522939 0.68149 0.68173814 0.6311194 0.68223464 0.037207875 0.29871818 0.294856 0.022844406 0 0.68721807 0.63251257 0.63228023 0.6907262 0.6748211 0.69173163 0.30304956 0.64540553 0.2976764 0.98237044 1.0072346 0.63881415
0.25700858 0.6962725 0.68972224 0.112536 0.6827315 0.6775309 0.6877182 0.6847222 0.68721807 0.6832287 0.6832287 0.6927383 0.682483 0.6832287 0.6852207 0.68298006 0.6852207 0.68721807 0 0.6847222 0.6847222 0.01179222 0.6686986 0.011690643 0.69425094 0.697032 0.6882187 0.98496884 1.0083846 0.70441365
0.6904751 0.21150698 0.6311194 0.6869681 0.63881415 0.64116156 0.62880313 0.5763342 0.5800091 0.6889701 0.69349426 0.23974083 0.6889701 0.62603307 0.6444604 0.6449328 0.6320479 0.63251257 0.6847222 0 0.012198669 0.684224 0.695261 0.682483 0.64824826 0.582614 0.64564204 0.98237044 1.0037951 0.21416326
0.6899731 0.21124187 0.62996036 0.6864684 0.63975227 0.6421026 0.6285719 0.5763342 0.57827747 0.6874681 0.69097745 0.24042948 0.6869681 0.62534213 0.64564204 0.6461152 0.6318157 0.63228023 0.6847222 0.012198669 0 0.684224 0.6937464 0.68223464 0.64801097 0.582614 0.64587855 0.9838541 1.0037951 0.21429633
0.25884217 0.6965256 0.6937464 0.113815166 0.6844731 0.680994 0.69198316 0.6852207 0.6874681 0.6852207 0.6849714 0.6924865 0.6844731 0.6869681 0.6889701 0.6867182 0.6892207 0.6907262 0.01179222 0.684224 0.684224 0 0.6699191 0.0036086678 0.6960195 0.69855326 0.6899731 0.9872032 1.0083846 0.70415795
0.6849714 0.70033205 0.67285645 0.6767909 0.6887196 0.682483 0.68397504 0.6922348 0.6937464 0.18110794 0.17755163 0.69779223 0.18085337 0.6733471 0.6927383 0.69097745 0.68000287 0.6748211 0.6686986 0.695261 0.6937464 0.6699191 0 0.67065233 0.69576657 0.69576657 0.6869681 0.97978103 0.9980974 0.71032023
0.25870097 0.6955138 0.69576657 0.11369879 0.6867182 0.68298006 0.6929902 0.68621874 0.6884691 0.6859691 0.6864684 0.6924865 0.68571955 0.6874681 0.6899731 0.68796843 0.6899731 0.69173163 0.011690643 0.682483 0.68223464 0.0036086678 0.67065233 0 0.6982995 0.69906104 0.69122875 0.9860852 1.0072346 0.70364666
0.69804585 0.65277135 0.29737902 0.70288044 0.18085337 0.17552699 0.3043989 0.64682555 0.64801097 0.70646286 0.70646286 0.64045656 0.70415795 0.30125424 0.18314771 0.18174478 0.3043989 0.30304956 0.69425094 0.64824826 0.64801097 0.6960195 0.69576657 0.6982995 0 0.64116156 0.17958175 0.9666036 0.9939465 0.6539662
0.6988071 0.58960503 0.6390486 0.70646286 0.6255724 0.6313514 0.64257354 0.15348673 0.15569876 0.70390224 0.702115 0.56882447 0.70390224 0.6449328 0.63460726 0.6348403 0.64824826 0.64540553 0.697032 0.582614 0.582614 0.69855326 0.69576657 0.69906104 0.64116156 0 0.6357735 0.9860852 1.0160967 0.58850837
0.6882187 0.64351636 0.294856 0.7005865 0.14896016 0.14567415 0.30215135 0.64635193 0.64635193 0.69173163 0.6867182 0.6374092 0.68721807 0.29648757 0.14969234 0.14761968 0.3009554 0.2976764 0.6882187 0.64564204 0.64587855 0.6899731 0.6869681 0.69122875 0.17958175 0.6357735 0 0.9604604 0.9853408 0.6430448
0.9831119 0.9931942 0.9764649 0.9853408 0.9746289 0.96769285 0.98832285 0.97316337 0.97170067 0.99545324 0.9969631 0.98051995 0.9969631 0.98237044 0.9680563 0.9658782 0.98832285 0.98237044 0.98496884 0.98237044 0.9838541 0.9872032 0.97978103 0.9860852 0.9666036 0.9860852 0.9604604 0 0.13147967 0.9901927
1.0015109 1.0137748 0.9969631 1.002652 0.99961257 0.9958304 1.0137748 1.0003713 0.99281836 1.0072346 1.0091523 1.0011308 1.0072346 1.0072346 0.99734104 0.99658537 1.0160967 1.0072346 1.0083846 1.0037951 1.0037951 1.0083846 0.9980974 1.0072346 0.9939465 1.0160967 0.9853408 0.13147967 0 1.0157093
0.71238565 0.11183919 0.6402217 0.71342045 0.64540553 0.6470625 0.6437523 0.58828926 0.591363 0.71161044 0.71186876 0.25237417 0.70928967 0.6350735 0.6484856 0.65038735 0.63834554 0.63881415 0.70441365 0.21416326 0.21429633 0.70415795 0.71032023 0.70364666 0.6539662 0.58850837 0.6430448 0.9901927 1.0157093 0
