0 0.62304366 1.0227151 0.6221262 0.6267246 0.9958304 0.9898184 0.9775687 0.97978103 1.0080011 0.99131685 0.8023729 0.6193806 0.6130131 0.61482686 0.6334428 0.624192 0.60512894 0.5975486 0.98125964 0.9698763 0.9746289 0.8120542 0.9746289 0.99281836 0.9753628 0.61482686 0.990942 0.6235028 0.61052626
0.62304366 0 1.0223241 0.24554518 0.24610032 1.0060863 1.0076177 0.98496884 0.9857129 1.0164845 1.0068517 0.8156059 0.56584156 0.5649914 0.44819596 0.57010657 0.56754464 0.44819596 0.43826443 0.9827411 0.9808897 1.01069 0.81294054 1.0110749 1.0022715 1.0011308 0.45184028 1.0087683 0.56541634 0.57010657
1.0227151 1.0223241 0 1.0015109 1.0325551 0.97206604 0.9669665 0.96841997 0.9764649 0.2420848 0.24374379 1.0361294 1.0353336 1.0345387 1.036926 1.0325551 1.025065 1.0188149 1.0141612 0.87967867 0.8803252 0.87356406 1.015322 0.8726031 0.9783054 0.96334505 1.0227151 0.27916783 1.0278157 1.0176488
0.6221262 0.24554518 1.0015109 0 0.22420895 1.0087683 1.0172604 0.9924427 0.9939465 1.002652 0.9931942 0.8209652 0.5677578 0.56350607 0.45421863 0.5709624 0.56818426 0.4463804 0.44330403 0.9831119 0.9860852 1.0011308 0.811759 0.99999183 1.0041765 1.0034139 0.44511214 0.9853408 0.56754464 0.5666926
0.6267246 0.24610032 1.0325551 0.22420895 0 1.0254573 1.0337447 1.0133885 1.0231062 1.0246727 1.0188149 0.82186216 0.5660542 0.56350607 0.4545852 0.57525676 0.5698927 0.4522057 0.44366533 0.9931942 0.9842255 1.0130024 0.8209652 1.018426 1.0238891 1.0293922 0.45202297 1.0172604 0.56733155 0.57482624
0.9958304 1.0060863 0.97206604 1.0087683 1.0254573 0 0.1968032 0.48948392 0.49256322 0.9658782 0.9687838 1.0103053 1.0373245 1.0345387 1.0258498 1.0266355 1.0199828 1.0137748 1.0080011 0.96769285 0.9604604 0.9583042 1.0099207 0.96190137 0.48013148 0.48051092 1.0337447 0.944438 1.0345387 1.0595814
0.9898184 1.0076177 0.9669665 1.0172604 1.0337447 0.1968032 0 0.4890999 0.48986816 0.953297 0.959741 1.0274222 1.0421246 1.0381224 1.0238891 1.0266355 1.015322 1.0149349 1.0087683 0.9779369 0.9775687 0.97243166 1.0160967 0.97609735 0.48051092 0.4841254 1.0282096 0.95472425 1.025065 1.0373245
0.9775687 0.98496884 0.96841997 0.9924427 1.0133885 0.48948392 0.4890999 0 0.13255288 0.94903165 0.9637064 1.0072346 1.0149349 1.0118452 1.000751 1.0262426 1.0207624 0.9827411 0.9801504 0.98496884 0.9842255 0.99169195 0.99169195 0.982 0.4361149 0.38178706 0.9901927 0.9440858 1.0133885 1.0203725
0.97978103 0.9857129 0.9764649 0.9939465 1.0231062 0.49256322 0.48986816 0.13255288 0 0.9522284 0.9608204 0.9969631 1.0157093 1.0118452 1.0041765 1.0195932 1.019204 0.98794943 0.9853408 0.9783054 0.9779369 0.99281836 0.98645765 0.9845971 0.43647274 0.3781358 1.0015109 0.9472615 1.0015109 1.0231062
1.0080011 1.0164845 0.2420848 1.002652 1.0246727 0.9658782 0.953297 0.94903165 0.9522284 0 0.11532973 1.0313674 0.9939465 1.002652 1.0270288 1.0188149 1.0137748 1.0011308 1.0118452 0.8652767 0.86654574 0.85864925 1.0034139 0.85833514 0.9593815 0.946908 1.0011308 0.26864994 0.99658537 0.99281836
0.99131685 1.0068517 0.24374379 0.9931942 1.0188149 0.9687838 0.959741 0.9637064 0.9608204 0.11532973 0 1.0289978 1.0060863 1.0118452 1.0157093 1.0160967 1.0126165 0.9977191 1.0015109 0.8599071 0.85864925 0.8605368 1.0091523 0.8605368 0.9713354 0.94867724 0.99885464 0.27008206 0.99885464 1.0015109
0.8023729 0.8156059 1.0361294 0.8209652 0.82186216 1.0103053 1.0274222 1.0072346 0.9969631 1.0313674 1.0289978 0 0.83788776 0.8339251 0.8179831 0.82877463 0.83028585 0.80851924 0.8014989 1.0238891 1.0215429 1.0083846 0.50815225 1.0091523 1.002652 1.0022715 0.8153093 1.0141612 0.81323624 0.83210325
0.6193806 0.56584156 1.0353336 0.5677578 0.5660542 1.0373245 1.0421246 1.0149349 1.0157093 0.9939465 1.0060863 0.83788776 0 0.07957615 0.57289183 0.4586293 0.4536691 0.568611 0.5618121 1.0083846 1.0022715 1.0141612 0.8266641 1.0172604 1.0238891 1.014548 0.5711766 1.0083846 0.44837776 0.4461991
0.6130131 0.5649914 1.0345387 0.56350607 0.56350607 1.0345387 1.0381224 1.0118452 1.0118452 1.002652 1.0118452 0.8339251 0.07957615 0 0.5698927 0.45202297 0.44728765 0.5666926 0.5584356 1.0060863 1.0003713 1.025065 0.8191745 1.0305767 1.0176488 1.0060863 0.56477904 1.0133885 0.44276246 0.44348466
0.61482686 0.44819596 1.036926 0.45421863 0.4545852 1.0258498 1.0238891 1.000751 1.0041765 1.0270288 1.0157093 0.8179831 0.57289183 0.5698927 0 0.58174473 0.57762915 0.08751273 0.08180332 1.0180373 1.0118452 1.014548 0.82455945 1.0180373 1.0188149 1.0126165 0.29248914 1.0083846 0.5692516 0.57525676
0.6334428 0.57010657 1.0325551 0.5709624 0.57525676 1.0266355 1.0266355 1.0262426 1.0195932 1.0188149 1.0160967 0.82877463 0.4586293 0.45202297 0.58174473 0 0.0787982 0.57224816 0.56711847 1.0030329 0.9958304 1.0110749 0.81323624 1.0122308 1.0227151 1.0223241 0.5586462 1.0278157 0.4480142 0.45899805
0.624192 0.56754464 1.025065 0.56818426 0.5698927 1.0199828 1.015322 1.0207624 1.019204 1.0137748 1.0126165 0.83028585 0.4536691 0.44728765 0.57762915 0.0787982 0 0.56541634 0.5616006 1.0091523 0.99734104 1.0060863 0.8194727 1.0072346 1.0199828 1.0164845 0.55948913 1.018426 0.4458366 0.45513538
0.60512894 0.44819596 1.0188149 0.4463804 0.4522057 1.0137748 1.0149349 0.9827411 0.98794943 1.0011308 0.9977191 0.80851924 0.568611 0.5666926 0.08751273 0.57224816 0.56541634 0 0.06449529 1.0076177 1.0053219 0.9977191 0.8212641 0.9946995 1.0003713 0.9969631 0.28851193 0.99658537 0.5666926 0.56733155
0.5975486 0.43826443 1.0141612 0.44330403 0.44366533 1.0080011 1.0087683 0.9801504 0.9853408 1.0118452 1.0015109 0.8014989 0.5618121 0.5584356 0.08180332 0.56711847 0.5616006 0.06449529 0 1.0130024 1.0091523 1.0022715 0.814124 1.000751 0.9958304 0.9931942 0.27974844 0.9958304 0.5554936 0.55801463
0.98125964 0.9827411 0.87967867 0.9831119 0.9931942 0.96769285 0.9779369 0.98496884 0.9783054 0.8652767 0.8599071 1.0238891 1.0083846 1.0060863 1.0180373 1.0030329 1.0091523 1.0076177 1.0130024 0 0.051744655 0.7535683 1.0118452 0.74677104 0.9727974 0.95258445 0.9816297 0.86148244 1.0157093 1.0030329
0.9698763 0.9808897 0.8803252 0.9860852 0.9842255 0.9604604 0.9775687 0.9842255 0.9779369 0.86654574 0.85864925 1.0215429 1.0022715 1.0003713 1.0118452 0.9958304 0.99734104 1.0053219 1.0091523 0.051744655 0 0.7565787 1.01146 0.75165886 0.9738958 0.9440858 0.97720057 0.86813504 1.0034139 0.99545324
0.9746289 1.01069 0.87356406 1.0011308 1.0130024 0.9583042 0.97243166 0.99169195 0.99281836 0.85864925 0.8605368 1.0083846 1.0141612 1.025065 1.014548 1.0110749 1.0060863 0.9977191 1.0022715 0.7535683 0.7565787 0 1.0068517 0.02926355 0.98832285 0.96190137 0.99885464 0.85645306 1.0118452 1.0045581
0.8120542 0.81294054 1.015322 0.811759 0.8209652 1.0099207 1.0160967 0.99169195 0.98645765 1.0034139 1.0091523 0.50815225 0.8266641 0.8191745 0.82455945 0.81323624 0.8194727 0.8212641 0.814124 1.0118452 1.01146 1.0068517 0 1.0022715 0.98757625 0.99923354 0.81234956 0.99545324 0.8076381 0.799754
0.9746289 1.0110749 0.8726031 0.99999183 1.018426 0.96190137 0.97609735 0.982 0.9845971 0.85833514 0.8605368 1.0091523 1.0172604 1.0305767 1.0180373 1.0122308 1.0072346 0.9946995 1.000751 0.74677104 0.75165886 0.02926355 1.0022715 0 0.9894442 0.96190137 1.0030329 0.8542633 1.0130024 1.0087683
0.99281836 1.0022715 0.9783054 1.0041765 1.0238891 0.48013148 0.48051092 0.4361149 0.43647274 0.9593815 0.9713354 1.002652 1.0238891 1.0176488 1.0188149 1.0227151 1.0199828 1.0003713 0.9958304 0.9727974 0.9738958 0.98832285 0.98757625 0.9894442 0 0.4355785 1.0160967 0.95472425 1.0254573 1.0215429
0.9753628 1.0011308 0.96334505 1.0034139 1.0293922 0.48051092 0.4841254 0.38178706 0.3781358 0.946908 0.94867724 1.0022715 1.014548 1.0060863 1.0126165 1.0223241 1.0164845 0.9969631 0.9931942 0.95258445 0.9440858 0.96190137 0.99923354 0.96190137 0.4355785 0 0.99961257 0.9391723 1.0083846 1.0172604
0.61482686 0.45184028 1.0227151 0.44511214 0.45202297 1.0337447 1.0282096 0.9901927 1.0015109 1.0011308 0.99885464 0.8153093 0.5711766 0.56477904 0.29248914 0.5586462 0.55948913 0.28851193 0.27974844 0.9816297 0.97720057 0.99885464 0.81234956 1.0030329 1.0160967 0.99961257 0 0.9920673 0.5626586 0.56456673
0.990942 1.0087683 0.27916783 0.9853408 1.0172604 0.944438 0.95472425 0.9440858 0.9472615 0.26864994 0.27008206 1.0141612 1.0083846 1.0133885 1.0083846 1.0278157 1.018426 0.99658537 0.9958304 0.86148244 0.86813504 0.85645306 0.99545324 0.8542633 0.95472425 0.9391723 0.9920673 0 0.99734104 1.0064689
0.6235028 0.56541634 1.0278157 0.56754464 0.56733155 1.0345387 1.025065 1.0133885 1.0015109 0.99658537 0.99885464 0.81323624 0.44837776 0.44276246 0.5692516 0.4480142 0.4458366 0.5666926 0.5554936 1.0157093 1.0034139 1.0118452 0.8076381 1.0130024 1.0254573 1.0083846 0.5626586 0.99734104 0 0.24015395
0.61052626 0.57010657 1.0176488 0.5666926 0.57482624 1.0595814 1.0373245 1.0203725 1.0231062 0.99281836 1.0015109 0.83210325 0.4461991 0.44348466 0.57525676 0.45899805 0.45513538 0.56733155 0.55801463 1.0030329 0.99545324 1.0045581 0.799754 1.0087683 1.0215429 1.0172604 0.56456673 1.0064689 0.24015395 0
