0 0.44150028 0.4571562 0.44837776 0.45955148 0.45513538 0.45973605 0.44928738 0.4507451 0.44366533 0.46102932 0.59910303 0.4604748 0.46715635 0.4617693 1.0465518 1.049788 1.0409217 1.0401208 0.44565544 0.44674316 0.58938557 0.59888077 0.58982456 0.4604748 0.4478325 0.4507451 0.45734018 1.0453417 0.4555024
0.44150028 0 0.38830376 0.38545617 0.38780046 0.38998386 0.39099374 0.38462073 0.37846702 0.3753265 0.3950469 0.59180313 0.3947083 0.39725155 0.39166775 1.030972 1.0293922 1.0231062 1.0274222 0.13686118 0.13626131 0.5904835 0.59910303 0.5874133 0.39521626 0.23562221 0.3872975 0.39963302 1.032159 0.38813597
0.4571562 0.38830376 0 0.10813376 0.32231835 0.3274073 0.32032305 0.31802738 0.40579182 0.39980343 0.32771683 0.6033384 0.32988715 0.3267886 0.32586154 1.0278157 1.0286036 1.0353336 1.0353336 0.38964754 0.38897535 0.59910303 0.60669917 0.59932536 0.2975277 0.39606363 0.31619588 0.33097467 1.0270288 0.32247207
0.44837776 0.38545617 0.10813376 0 0.3177218 0.32170385 0.31269795 0.31133363 0.40133873 0.39234236 0.32324106 0.59954774 0.3230872 0.32277957 0.32093644 1.0282096 1.0274222 1.0317632 1.0313674 0.38645998 0.38746512 0.5984365 0.59932536 0.5984365 0.29723036 0.3901521 0.30650267 0.32354885 1.0286036 0.31558636
0.45955148 0.38780046 0.32231835 0.3177218 0 0.0955342 0.2274522 0.22218902 0.38813597 0.38445374 0.22975801 0.5933457 0.22975801 0.2089922 0.20385654 1.0274222 1.0188149 1.032159 1.0297868 0.38897535 0.38863948 0.5765499 0.59092313 0.5750415 0.32895625 0.39386246 0.22366977 0.18557718 1.019204 0.22609913
0.45513538 0.38998386 0.3274073 0.32170385 0.0955342 0 0.2279941 0.22474852 0.39453906 0.38931137 0.23247984 0.59888077 0.23193468 0.20872797 0.20398779 1.0389212 1.0301816 1.0353336 1.0341415 0.3898157 0.3901521 0.5808764 0.59400773 0.5800091 0.33206376 0.3935244 0.22623433 0.18634602 1.0215429 0.22758764
0.45973605 0.39099374 0.32032305 0.31269795 0.2274522 0.2279941 0 0.09089162 0.39606363 0.38696238 0.122595415 0.59246385 0.122477666 0.23138992 0.22623433 1.0258498 1.0207624 1.0215429 1.0199828 0.39082533 0.3901521 0.57871 0.5999927 0.57871 0.32787165 0.39453906 0.20740825 0.23002975 1.018426 0.15582183
0.44928738 0.38462073 0.31802738 0.31133363 0.22218902 0.22474852 0.09089162 0 0.39065698 0.38195345 0.11778281 0.5887276 0.11801686 0.22704603 0.22245803 1.0164845 1.01146 1.0168724 1.0149349 0.38278595 0.38278595 0.5707484 0.59400773 0.5709624 0.32586154 0.38780046 0.19992983 0.22353503 1.0130024 0.15054747
0.4507451 0.37846702 0.40579182 0.40133873 0.38813597 0.39453906 0.39606363 0.39065698 0 0.08002105 0.39861146 0.5955548 0.39929235 0.40031484 0.3965725 1.0258498 1.018426 1.0203725 1.0207624 0.3836194 0.385289 0.5929046 0.59865856 0.5920233 0.40202212 0.3842868 0.38445374 0.3935244 1.0219333 0.38863948
0.44366533 0.3753265 0.39980343 0.39234236 0.38445374 0.38931137 0.38696238 0.38195345 0.08002105 0 0.3947083 0.5889469 0.39572456 0.3914992 0.3866274 1.018426 1.0141612 1.0164845 1.0176488 0.37846702 0.3801252 0.5871945 0.5933457 0.58631986 0.3947083 0.38245285 0.37863266 0.38914335 1.0188149 0.3842868
0.46102932 0.3950469 0.32771683 0.32324106 0.22975801 0.23247984 0.122595415 0.11778281 0.39861146 0.3947083 0 0.6006607 0.04216326 0.23630708 0.23343483 1.0234975 1.0211525 1.0361294 1.0341415 0.3935244 0.39420068 0.58653843 0.6006607 0.58697575 0.3333104 0.39980343 0.21270114 0.23480119 1.0270288 0.16088566
0.59910303 0.59180313 0.6033384 0.59954774 0.5933457 0.59888077 0.59246385 0.5887276 0.5955548 0.5889469 0.6006607 0 0.6002153 0.6046809 0.59888077 1.0289978 1.0301816 1.0329514 1.0329514 0.5920233 0.591363 0.39436984 0.4018512 0.39436984 0.6073731 0.5971051 0.59004414 0.60222155 1.0297868 0.5887276
0.4604748 0.3947083 0.32988715 0.3230872 0.22975801 0.23193468 0.122477666 0.11801686 0.39929235 0.39572456 0.04216326 0.6002153 0 0.23507477 0.23220722 1.025065 1.0238891 1.0385218 1.0357314 0.39453906 0.39521626 0.58938557 0.5977705 0.58916616 0.3361229 0.39827126 0.21163957 0.23425435 1.0325551 0.1602663
0.46715635 0.39725155 0.3267886 0.32277957 0.2089922 0.20872797 0.23138992 0.22704603 0.40031484 0.3914992 0.23630708 0.6046809 0.23507477 0 0.030095844 1.0349361 1.0278157 1.0397208 1.0373245 0.39572456 0.39386246 0.585228 0.5979924 0.58348435 0.32926643 0.4004854 0.22758764 0.20780392 1.0325551 0.2285364
0.4617693 0.39166775 0.32586154 0.32093644 0.20385654 0.20398779 0.22623433 0.22245803 0.3965725 0.3866274 0.23343483 0.59888077 0.23220722 0.030095844 0 1.0357314 1.0282096 1.0361294 1.0337447 0.39217365 0.39133066 0.5793593 0.5948914 0.57762915 0.32539845 0.39555508 0.22488347 0.20306955 1.0305767 0.22501844
1.0465518 1.030972 1.0278157 1.0282096 1.0274222 1.0389212 1.0258498 1.0164845 1.0258498 1.018426 1.0234975 1.0289978 1.025065 1.0349361 1.0357314 0 0.024702376 0.15079197 0.14737621 1.025065 1.0246727 1.0110749 1.0199828 1.01069 1.042526 1.0219333 1.0160967 1.0211525 0.17426437 1.0149349
1.049788 1.0293922 1.0286036 1.0274222 1.0188149 1.0301816 1.0207624 1.01146 1.018426 1.0141612 1.0211525 1.0301816 1.0238891 1.0278157 1.0282096 0.024702376 0 0.14920415 0.14591707 1.0203725 1.0203725 1.0118452 1.0227151 1.0118452 1.0373245 1.0282096 1.0122308 1.014548 0.17300387 1.0103053
1.0409217 1.0231062 1.0353336 1.0317632 1.032159 1.0353336 1.0215429 1.0168724 1.0203725 1.0164845 1.0361294 1.0329514 1.0385218 1.0397208 1.0361294 0.15079197 0.14920415 0 0.01821952 1.0188149 1.0223241 1.0219333 1.0234975 1.0203725 1.0381224 1.0246727 1.0076177 1.0293922 0.18289244 1.0168724
1.0401208 1.0274222 1.0353336 1.0313674 1.0297868 1.0341415 1.0199828 1.0149349 1.0207624 1.0176488 1.0341415 1.0329514 1.0357314 1.0373245 1.0337447 0.14737621 0.14591707 0.01821952 0 1.0211525 1.0242808 1.0262426 1.0305767 1.0242808 1.036926 1.0270288 1.0041765 1.0278157 0.18136261 1.0137748
0.44565544 0.13686118 0.38964754 0.38645998 0.38897535 0.3898157 0.39082533 0.38278595 0.3836194 0.37846702 0.3935244 0.5920233 0.39453906 0.39572456 0.39217365 1.025065 1.0203725 1.0188149 1.0211525 0 0.018731989 0.5935663 0.60043794 0.59224355 0.3962332 0.23480119 0.3841199 0.3930176 1.0246727 0.39048862
0.44674316 0.13626131 0.38897535 0.38746512 0.38863948 0.3901521 0.3901521 0.38278595 0.385289 0.3801252 0.39420068 0.591363 0.39521626 0.39386246 0.39133066 1.0246727 1.0203725 1.0223241 1.0242808 0.018731989 0 0.5933457 0.59910303 0.5920233 0.39453906 0.2341177 0.3836194 0.39335543 1.025065 0.39032033
0.58938557 0.5904835 0.59910303 0.5984365 0.5765499 0.5808764 0.57871 0.5707484 0.5929046 0.5871945 0.58653843 0.39436984 0.58938557 0.585228 0.5793593 1.0110749 1.0118452 1.0219333 1.0262426 0.5935663 0.5933457 0 0.35034582 0.0066292114 0.58610135 0.58131045 0.5754721 0.5819619 1.0103053 0.5802258
0.59888077 0.59910303 0.60669917 0.59932536 0.59092313 0.59400773 0.5999927 0.59400773 0.59865856 0.5933457 0.6006607 0.4018512 0.5977705 0.5979924 0.5948914 1.0199828 1.0227151 1.0234975 1.0305767 0.60043794 0.59910303 0.35034582 0 0.34970793 0.5933457 0.5951125 0.59422857 0.593787 1.0219333 0.5935663
0.58982456 0.5874133 0.59932536 0.5984365 0.5750415 0.5800091 0.57871 0.5709624 0.5920233 0.58631986 0.58697575 0.39436984 0.58916616 0.58348435 0.57762915 1.01069 1.0118452 1.0203725 1.0242808 0.59224355 0.5920233 0.0066292114 0.34970793 0 0.5856646 0.58152753 0.57482624 0.58174473 1.0083846 0.57957584
0.4604748 0.39521626 0.2975277 0.29723036 0.32895625 0.33206376 0.32787165 0.32586154 0.40202212 0.3947083 0.3333104 0.6073731 0.3361229 0.32926643 0.32539845 1.042526 1.0373245 1.0381224 1.036926 0.3962332 0.39453906 0.58610135 0.5933457 0.5856646 0 0.40321952 0.3238568 0.33424672 1.0365276 0.33081922
0.4478325 0.23562221 0.39606363 0.3901521 0.39386246 0.3935244 0.39453906 0.38780046 0.3842868 0.38245285 0.39980343 0.5971051 0.39827126 0.4004854 0.39555508 1.0219333 1.0282096 1.0246727 1.0270288 0.23480119 0.2341177 0.58131045 0.5951125 0.58152753 0.40321952 0 0.39234236 0.4008266 1.0180373 0.3901521
0.4507451 0.3872975 0.31619588 0.30650267 0.22366977 0.22623433 0.20740825 0.19992983 0.38445374 0.37863266 0.21270114 0.59004414 0.21163957 0.22758764 0.22488347 1.0160967 1.0122308 1.0076177 1.0041765 0.3841199 0.3836194 0.5754721 0.59422857 0.57482624 0.3238568 0.39234236 0 0.2274522 1.0076177 0.20556453
0.45734018 0.39963302 0.33097467 0.32354885 0.18557718 0.18634602 0.23002975 0.22353503 0.3935244 0.38914335 0.23480119 0.60222155 0.23425435 0.20780392 0.20306955 1.0211525 1.014548 1.0293922 1.0278157 0.3930176 0.39335543 0.5819619 0.593787 0.58174473 0.33424672 0.4008266 0.2274522 0 1.0118452 0.22826521
1.0453417 1.032159 1.0270288 1.0286036 1.019204 1.0215429 1.018426 1.0130024 1.0219333 1.0188149 1.0270288 1.0297868 1.0325551 1.0325551 1.0305767 0.17426437 0.17300387 0.18289244 0.18136261 1.0246727 1.025065 1.0103053 1.0219333 1.0083846 1.0365276 1.0180373 1.0076177 1.0118452 0 1.0072346
0.4555024 0.38813597 0.32247207 0.31558636 0.22609913 0.22758764 0.15582183 0.15054747 0.38863948 0.3842868 0.16088566 0.5887276 0.1602663 0.2285364 0.22501844 1.0149349 1.0103053 1.0168724 1.0137748 0.39048862 0.39032033 0.5802258 0.5935663 0.57957584 0.33081922 0.3901521 0.20556453 0.22826521 1.0072346 0
