0 0.9738958 0.9256522 0.72018194 0.9370764 0.9110226 0.90565103 0.9346385 0.9504507 0.953297 0.72044325 0.91983426 0.72018194 0.931862 0.9150766 0.91949344 0.9222244 0.9167723 0.91949344 0.91643286 0.92017525 0.9493862 0.97978103 0.9458484 0.9123715 0.9860852 0.97978103 0.9270277 0.93151563 0.97978103
0.9738958 0 0.98869646 0.9706055 1.0011308 0.97206604 0.97573 0.9706055 1.01146 1.0195932 0.9779369 0.98496884 0.9764649 1.000751 1.0045581 0.98348296 1.0083846 0.9842255 0.9860852 1.015322 1.0164845 1.0076177 0.4761587 1.0103053 1.001891 0.7459595 0.7532952 1.0064689 1.005704 0.4090628
0.9256522 0.98869646 0 0.9229087 0.6864684 0.36565742 0.36630902 0.37039444 0.6772841 0.6864684 0.93324894 0.6854701 0.9270277 0.6395176 0.63998693 0.9419761 0.6790131 0.9374253 0.94092345 0.6812419 0.6834774 0.6812419 1.0022715 0.6807461 0.46902296 0.9894442 1.0133885 0.675067 0.67212105 0.9958304
0.72018194 0.9706055 0.9229087 0 0.9256522 0.90933985 0.9059856 0.9160936 0.9270277 0.9287507 0.33768997 0.9218825 0.3447826 0.9029796 0.9013148 0.9353342 0.8989902 0.92771643 0.9287507 0.8956819 0.89865875 0.9167723 0.9651536 0.91711193 0.9150766 0.96841997 0.97499573 0.90098226 0.91983426 0.9845971
0.9370764 1.0011308 0.6864684 0.9256522 0 0.66796726 0.6686986 0.68173814 0.35530797 0.36062655 0.9346385 0.65444463 0.9458484 0.6748211 0.66577744 0.9301319 0.5578042 0.9184719 0.9205164 0.5582251 0.56096655 0.3551474 0.9958304 0.356433 0.6907262 1.0180373 1.0030329 0.5637181 0.5523542 1.0381224
0.9110226 0.97206604 0.36565742 0.90933985 0.66796726 0 0.24084297 0.25265422 0.67802465 0.68298006 0.92017525 0.6767909 0.9263396 0.6294973 0.62741685 0.9301319 0.6760516 0.9242792 0.9253087 0.67432946 0.67629796 0.67089695 0.982 0.66918653 0.4606596 0.9894442 1.0064689 0.6669932 0.6713863 0.9768326
0.90565103 0.97573 0.36630902 0.9059856 0.6686986 0.24084297 0 0.20648582 0.6785187 0.68298006 0.92085767 0.6684547 0.9174517 0.6262635 0.62880313 0.92909575 0.6723661 0.9174517 0.92017525 0.67163116 0.67531306 0.67089695 1.0015109 0.67016345 0.46195444 0.98869646 1.01146 0.6592462 0.6731017 0.96190137
0.9346385 0.9706055 0.37039444 0.9160936 0.68173814 0.25265422 0.20648582 0 0.6887196 0.6988071 0.9388226 0.68198633 0.94162506 0.6475366 0.64564204 0.94373375 0.6859691 0.93812364 0.9419761 0.6844731 0.6869681 0.680994 1.0068517 0.67975533 0.47672495 0.9931942 1.0238891 0.6696748 0.6785187 0.9842255
0.9504507 1.01146 0.6772841 0.9270277 0.35530797 0.67802465 0.6785187 0.6887196 0 0.16175365 0.9433819 0.6530102 0.9433819 0.66918653 0.65372705 0.94620144 0.57053435 0.93777436 0.94162506 0.5707484 0.5711766 0.17199698 1.0049399 0.17250025 0.6937464 1.0286036 1.0270288 0.5698927 0.5613892 1.0207624
0.953297 1.0195932 0.6864684 0.9287507 0.36062655 0.68298006 0.68298006 0.6988071 0.16175365 0 0.95258445 0.65540254 0.95472425 0.675067 0.6631097 0.94092345 0.56818426 0.9370764 0.93987226 0.5669055 0.56733155 0.17653863 0.9980974 0.17805864 0.6924865 1.0176488 1.0381224 0.5698927 0.56202364 1.0242808
0.72044325 0.9779369 0.93324894 0.33768997 0.9346385 0.92017525 0.92085767 0.9388226 0.9433819 0.95258445 0 0.9322085 0.08965093 0.9263396 0.92909575 0.9222244 0.91779155 0.9225665 0.9253087 0.9150766 0.91915274 0.94092345 0.9713354 0.94232726 0.93672764 0.9838541 0.9658782 0.9063204 0.9137229 0.9857129
0.91983426 0.98496884 0.6854701 0.9218825 0.65444463 0.6767909 0.6684547 0.68198633 0.6530102 0.65540254 0.9322085 0 0.9370764 0.6802505 0.6767909 0.93151563 0.6616586 0.93082345 0.931862 0.66504896 0.6643211 0.65348804 1.0126165 0.65516293 0.66650665 0.9764649 0.99357027 0.6631097 0.6570817 1.0045581
0.72018194 0.9764649 0.9270277 0.3447826 0.9458484 0.9263396 0.9174517 0.94162506 0.9433819 0.95472425 0.08965093 0.9370764 0 0.9218825 0.92462224 0.93255514 0.9263396 0.9287507 0.931862 0.9225665 0.9256522 0.93672764 0.9779369 0.93672764 0.932902 0.97609735 0.959741 0.90900373 0.91406107 0.99847597
0.931862 1.000751 0.6395176 0.9029796 0.6748211 0.6294973 0.6262635 0.6475366 0.66918653 0.675067 0.9263396 0.6802505 0.9218825 0 0.081134476 0.93082345 0.68173814 0.93082345 0.93151563 0.6827315 0.68397504 0.6689425 1.000751 0.6684547 0.6390486 0.98794943 1.0049399 0.662142 0.6694307 1.0060863
0.9150766 1.0045581 0.63998693 0.9013148 0.66577744 0.62741685 0.62880313 0.64564204 0.65372705 0.6631097 0.92909575 0.6767909 0.92462224 0.081134476 0 0.9167723 0.6689425 0.91949344 0.91915274 0.6699191 0.67016345 0.65277135 0.9977191 0.6515784 0.6371753 0.98869646 1.0083846 0.6489606 0.6575622 0.9980974
0.91949344 0.98348296 0.9419761 0.9353342 0.9301319 0.9301319 0.92909575 0.94373375 0.94620144 0.94092345 0.9222244 0.93151563 0.93255514 0.93082345 0.9167723 0 0.90665525 0.051744655 0.05442802 0.9110226 0.9110226 0.9342909 0.9894442 0.9360306 0.946908 0.9894442 1.0034139 0.90900373 0.93777436 1.0030329
0.9222244 1.0083846 0.6790131 0.8989902 0.5578042 0.6760516 0.6723661 0.6859691 0.57053435 0.56818426 0.91779155 0.6616586 0.9263396 0.68173814 0.6689425 0.90665525 0 0.90498227 0.90665525 0.026979495 0.027497988 0.5607553 1.0022715 0.5628704 0.6770375 1.0234975 1.0223241 0.45421863 0.41079012 1.0199828
0.9167723 0.9842255 0.9374253 0.92771643 0.9184719 0.9242792 0.9174517 0.93812364 0.93777436 0.9370764 0.9225665 0.93082345 0.9287507 0.93082345 0.91949344 0.051744655 0.90498227 0 0.011487528 0.9100125 0.910349 0.927372 0.9939465 0.9297863 0.93847305 0.97206604 0.99281836 0.9019803 0.936379 0.99999183
0.91949344 0.9860852 0.94092345 0.9287507 0.9205164 0.9253087 0.92017525 0.9419761 0.94162506 0.93987226 0.9253087 0.931862 0.931862 0.93151563 0.91915274 0.05442802 0.90665525 0.011487528 0 0.91169673 0.91203403 0.929441 0.9977191 0.931862 0.9419761 0.9779369 0.99357027 0.9029796 0.9360306 1.0030329
0.91643286 1.015322 0.6812419 0.8956819 0.5582251 0.67432946 0.67163116 0.6844731 0.5707484 0.5669055 0.9150766 0.66504896 0.9225665 0.6827315 0.6699191 0.9110226 0.026979495 0.9100125 0.91169673 0 0.00986459 0.5616006 1.005704 0.5641423 0.6760516 1.0246727 1.0137748 0.45312 0.40854537 1.0227151
0.92017525 1.0164845 0.6834774 0.89865875 0.56096655 0.67629796 0.67531306 0.6869681 0.5711766 0.56733155 0.91915274 0.6643211 0.9256522 0.68397504 0.67016345 0.9110226 0.027497988 0.910349 0.91203403 0.00986459 0 0.5618121 1.0068517 0.5643545 0.6772841 1.0227151 1.0149349 0.45421863 0.4102715 1.0234975
0.9493862 1.0076177 0.6812419 0.9167723 0.3551474 0.67089695 0.67089695 0.680994 0.17199698 0.17653863 0.94092345 0.65348804 0.93672764 0.6689425 0.65277135 0.9342909 0.5607553 0.927372 0.929441 0.5616006 0.5618121 0 0.98869646 0.0050167413 0.6877182 1.0130024 1.0317632 0.56223524 0.54652894 1.0203725
0.97978103 0.4761587 1.0022715 0.9651536 0.9958304 0.982 1.0015109 1.0068517 1.0049399 0.9980974 0.9713354 1.0126165 0.9779369 1.000751 0.9977191 0.9894442 1.0022715 0.9939465 0.9977191 1.005704 1.0068517 0.98869646 0 0.9901927 0.99847597 0.75960124 0.7587757 1.0041765 1.0103053 0.47861555
0.9458484 1.0103053 0.6807461 0.91711193 0.356433 0.66918653 0.67016345 0.67975533 0.17250025 0.17805864 0.94232726 0.65516293 0.93672764 0.6684547 0.6515784 0.9360306 0.5628704 0.9297863 0.931862 0.5641423 0.5643545 0.0050167413 0.9901927 0 0.6867182 1.0157093 1.0301816 0.56350607 0.5471509 1.0234975
0.9123715 1.001891 0.46902296 0.9150766 0.6907262 0.4606596 0.46195444 0.47672495 0.6937464 0.6924865 0.93672764 0.66650665 0.932902 0.6390486 0.6371753 0.946908 0.6770375 0.93847305 0.9419761 0.6760516 0.6772841 0.6877182 0.99847597 0.6867182 0 1.0022715 1.0133885 0.6775309 0.67629796 0.99847597
0.9860852 0.7459595 0.9894442 0.96841997 1.0180373 0.9894442 0.98869646 0.9931942 1.0286036 1.0176488 0.9838541 0.9764649 0.97609735 0.98794943 0.98869646 0.9894442 1.0234975 0.97206604 0.9779369 1.0246727 1.0227151 1.0130024 0.75960124 1.0157093 1.0022715 0 0.45385224 1.0034139 1.0095364 0.75767636
0.97978103 0.7532952 1.0133885 0.97499573 1.0030329 1.0064689 1.01146 1.0238891 1.0270288 1.0381224 0.9658782 0.99357027 0.959741 1.0049399 1.0083846 1.0034139 1.0223241 0.99281836 0.99357027 1.0137748 1.0149349 1.0317632 0.7587757 1.0301816 1.0133885 0.45385224 0 1.0068517 1.018426 0.75603044
0.9270277 1.0064689 0.675067 0.90098226 0.5637181 0.6669932 0.6592462 0.6696748 0.5698927 0.5698927 0.9063204 0.6631097 0.90900373 0.662142 0.6489606 0.90900373 0.45421863 0.9019803 0.9029796 0.45312 0.45421863 0.56223524 1.0041765 0.56350607 0.6775309 1.0034139 1.0068517 0 0.4571562 1.0053219
0.93151563 1.005704 0.67212105 0.91983426 0.5523542 0.6713863 0.6731017 0.6785187 0.5613892 0.56202364 0.9137229 0.6570817 0.91406107 0.6694307 0.6575622 0.93777436 0.41079012 0.936379 0.9360306 0.40854537 0.4102715 0.54652894 1.0103053 0.5471509 0.67629796 1.0095364 1.018426 0.4571562 0 1.0219333
0.97978103 0.4090628 0.9958304 0.9845971 1.0381224 0.9768326 0.96190137 0.9842255 1.0207624 1.0242808 0.9857129 1.0045581 0.99847597 1.0060863 0.9980974 1.0030329 1.0199828 0.99999183 1.0030329 1.0227151 1.0234975 1.0203725 0.47861555 1.0234975 0.99847597 0.75767636 0.75603044 1.0053219 1.0219333 0
