0 0.51447976 0.5529811 0.5504769 0.5529811 0.5571734 0.56117785 0.55948913 0.55277205 0.55277205 0.5061858 1.0030329 0.5038329 0.50363714 0.5483964 0.5446661 0.56054413 0.5586462 0.5454935 0.54611456 0.5554936 0.5557034 0.99056727 0.5573836 0.9969631 0.54652894 0.5515193 0.58960503 0.58217925 0.54985213
0.51447976 0 0.5724627 0.5666926 0.5731065 0.5720337 0.58653843 0.58131045 0.5733213 0.57267725 0.17312981 1.002652 0.17338179 0.16785783 0.56477904 0.5669055 0.5741809 0.573751 0.56477904 0.5632941 0.5703204 0.571605 1.025065 0.5741809 1.015322 0.5597 0.5626586 0.59400773 0.5920233 0.56882447
0.5529811 0.5724627 0 0.13243356 0.4270476 0.5044204 0.42952576 0.43183428 0.49856558 0.49778837 0.55675304 0.99961257 0.56202364 0.5548647 0.49876 0.49778837 0.5091374 0.51091397 0.5010971 0.49934357 0.4999276 0.50598943 1.0045581 0.5091374 1.0087683 0.48986816 0.49914902 0.5733213 0.56456673 0.5050084
0.5504769 0.5666926 0.13243356 0 0.4231698 0.50344145 0.43112323 0.42863977 0.493142 0.4890999 0.5575939 0.99885464 0.5582251 0.55006033 0.49914902 0.49876 0.5040287 0.5055969 0.50265914 0.49895447 0.49876 0.50265914 1.0064689 0.5061858 1.0180373 0.4917922 0.49546158 0.57053435 0.5618121 0.4983712
0.5529811 0.5731065 0.4270476 0.4231698 0 0.5111116 0.130646 0.13005109 0.5055969 0.5038329 0.5607553 0.99056727 0.56626695 0.56012195 0.4999276 0.50148726 0.5176636 0.5146783 0.50148726 0.4999276 0.50972915 0.51210064 0.9946995 0.51091397 0.9977191 0.5018777 0.50344145 0.5724627 0.55089366 0.50874317
0.5571734 0.5720337 0.5044204 0.50344145 0.5111116 0 0.51547325 0.51190275 0.33206376 0.33019772 0.56223524 1.0076177 0.56541634 0.5630822 0.36892113 0.3700668 0.100548655 0.10272439 0.3725277 0.37714309 0.33674935 0.3353406 0.9946995 0.33863178 1.001891 0.22272713 0.2124356 0.5935663 0.5911431 0.3731853
0.56117785 0.58653843 0.42952576 0.43112323 0.130646 0.51547325 0 0.08638981 0.51786304 0.51886106 0.568611 1.0095364 0.5735361 0.57053435 0.50953186 0.51249665 0.5196604 0.5196604 0.51289284 0.5113093 0.5228664 0.52447456 1.0072346 0.52628785 0.9958304 0.50874317 0.5132893 0.58304906 0.56520385 0.5172649
0.55948913 0.58131045 0.43183428 0.42863977 0.13005109 0.51190275 0.08638981 0 0.50736505 0.5055969 0.56541634 1.005704 0.5720337 0.56733155 0.50090206 0.5032458 0.5150757 0.515871 0.5032458 0.502073 0.51388425 0.5156721 1.002652 0.51607 0.99923354 0.50422454 0.5083492 0.5819619 0.56350607 0.513091
0.55277205 0.5733213 0.49856558 0.493142 0.5055969 0.33206376 0.51786304 0.50736505 0 0.07779916 0.56054413 1.0022715 0.5607553 0.5546552 0.3672875 0.36533183 0.33863178 0.34130672 0.3672875 0.3700668 0.14143583 0.14203984 1.0099207 0.14409712 1.0091523 0.3281814 0.3288012 0.58916616 0.58348435 0.3695756
0.55277205 0.57267725 0.49778837 0.4890999 0.5038329 0.33019772 0.51886106 0.5055969 0.07779916 0 0.5582251 1.0003713 0.5613892 0.55381763 0.3632189 0.3614357 0.33518422 0.33627945 0.36403087 0.36810386 0.13842306 0.13950627 0.9977191 0.14143583 1.0041765 0.3281814 0.32478142 0.58763224 0.57957584 0.36696118
0.5061858 0.17312981 0.55675304 0.5575939 0.5607553 0.56223524 0.568611 0.56541634 0.56054413 0.5582251 0 1.0176488 0.07194278 0.068647996 0.560333 0.5582251 0.5630822 0.5632941 0.55991095 0.5597 0.56096655 0.56117785 1.0199828 0.5624469 1.01069 0.560333 0.560333 0.585228 0.58653843 0.56584156
1.0030329 1.002652 0.99961257 0.99885464 0.99056727 1.0076177 1.0095364 1.005704 1.0022715 1.0003713 1.0176488 0 1.0064689 1.0003713 0.99169195 0.9931942 1.0030329 1.0091523 0.9969631 0.99847597 1.0087683 1.0064689 0.33035305 1.01146 0.32601598 0.99281836 0.9857129 1.0099207 0.99961257 1.0041765
0.5038329 0.17338179 0.56202364 0.5582251 0.56626695 0.56541634 0.5735361 0.5720337 0.5607553 0.5613892 0.07194278 1.0064689 0 0.052173346 0.55906755 0.5561231 0.56584156 0.5656289 0.5613892 0.5582251 0.56477904 0.56477904 1.0164845 0.5641423 1.0083846 0.5571734 0.5597 0.58938557 0.58982456 0.5669055
0.50363714 0.16785783 0.5548647 0.55006033 0.56012195 0.5630822 0.57053435 0.56733155 0.5546552 0.55381763 0.068647996 1.0003713 0.052173346 0 0.5575939 0.55402696 0.56012195 0.5624469 0.5582251 0.5569632 0.55801463 0.5592783 1.0064689 0.55948913 0.99545324 0.5523542 0.5548647 0.58413774 0.58588296 0.55801463
0.5483964 0.56477904 0.49876 0.49914902 0.4999276 0.36892113 0.50953186 0.50090206 0.3672875 0.3632189 0.560333 0.99169195 0.55906755 0.5575939 0 0.04736461 0.3717065 0.3731853 0.047684237 0.050780986 0.36516908 0.3672875 0.98645765 0.3687576 0.9857129 0.35933372 0.36598316 0.58435565 0.57053435 0.17679176
0.5446661 0.5669055 0.49778837 0.49876 0.50148726 0.3700668 0.51249665 0.5032458 0.36533183 0.3614357 0.5582251 0.9931942 0.5561231 0.55402696 0.04736461 0 0.37351432 0.37466702 0.046938658 0.04949802 0.3643559 0.36565742 0.9872032 0.3677772 0.98794943 0.3601415 0.3635436 0.5845737 0.5733213 0.17793186
0.56054413 0.5741809 0.5091374 0.5040287 0.5176636 0.100548655 0.5196604 0.5150757 0.33863178 0.33518422 0.5630822 1.0030329 0.56584156 0.56012195 0.3717065 0.37351432 0 0.045874827 0.3736789 0.37863266 0.33878887 0.33973208 0.9969631 0.34241092 0.98832285 0.22691068 0.21416326 0.5966618 0.5907033 0.37615168
0.5586462 0.573751 0.51091397 0.5055969 0.5146783 0.10272439 0.5196604 0.515871 0.34130672 0.33627945 0.5632941 1.0091523 0.5656289 0.5624469 0.3731853 0.37466702 0.045874827 0 0.37598658 0.3801252 0.34304264 0.34320065 0.9980974 0.34605056 0.99545324 0.22636956 0.21629508 0.5933457 0.59400773 0.37912986
0.5454935 0.56477904 0.5010971 0.50265914 0.50148726 0.3725277 0.51289284 0.5032458 0.3672875 0.36403087 0.55991095 0.9969631 0.5613892 0.5582251 0.047684237 0.046938658 0.3736789 0.37598658 0 0.03353885 0.3667981 0.36794052 0.9853408 0.3702306 0.9924427 0.36159766 0.3690847 0.58239657 0.57224816 0.17894675
0.54611456 0.5632941 0.49934357 0.49895447 0.4999276 0.37714309 0.5113093 0.502073 0.3700668 0.36810386 0.5597 0.99847597 0.5582251 0.5569632 0.050780986 0.04949802 0.37863266 0.3801252 0.03353885 0 0.3690847 0.37072223 0.99056727 0.37269205 0.99169195 0.3648437 0.3717065 0.58217925 0.57267725 0.18174478
0.5554936 0.5703204 0.4999276 0.49876 0.50972915 0.33674935 0.5228664 0.51388425 0.14143583 0.13842306 0.56096655 1.0087683 0.56477904 0.55801463 0.36516908 0.3643559 0.33878887 0.34304264 0.3667981 0.3690847 0 0.026461361 1.0034139 0.028536052 1.0003713 0.33190808 0.32617044 0.59422857 0.58938557 0.3728564
0.5557034 0.571605 0.50598943 0.50265914 0.51210064 0.3353406 0.52447456 0.5156721 0.14203984 0.13950627 0.56117785 1.0064689 0.56477904 0.5592783 0.3672875 0.36565742 0.33973208 0.34320065 0.36794052 0.37072223 0.026461361 0 1.0049399 0.018424466 1.0015109 0.3306638 0.32756203 0.5946704 0.58938557 0.37450224
0.99056727 1.025065 1.0045581 1.0064689 0.9946995 0.9946995 1.0072346 1.002652 1.0099207 0.9977191 1.0199828 0.33035305 1.0164845 1.0064689 0.98645765 0.9872032 0.9969631 0.9980974 0.9853408 0.99056727 1.0034139 1.0049399 0 1.0095364 0.27065566 0.99131685 0.98496884 0.99923354 0.99923354 0.99961257
0.5573836 0.5741809 0.5091374 0.5061858 0.51091397 0.33863178 0.52628785 0.51607 0.14409712 0.14143583 0.5624469 1.01146 0.5641423 0.55948913 0.3687576 0.3677772 0.34241092 0.34605056 0.3702306 0.37269205 0.028536052 0.018424466 1.0095364 0 1.0064689 0.33221948 0.3291113 0.5957761 0.5902638 0.37730846
0.9969631 1.015322 1.0087683 1.0180373 0.9977191 1.001891 0.9958304 0.99923354 1.0091523 1.0041765 1.01069 0.32601598 1.0083846 0.99545324 0.9857129 0.98794943 0.98832285 0.99545324 0.9924427 0.99169195 1.0003713 1.0015109 0.27065566 1.0064689 0 0.9950763 0.9977191 1.0164845 1.0211525 1.0133885
0.54652894 0.5597 0.48986816 0.4917922 0.5018777 0.22272713 0.50874317 0.50422454 0.3281814 0.3281814 0.560333 0.99281836 0.5571734 0.5523542 0.35933372 0.3601415 0.22691068 0.22636956 0.36159766 0.3648437 0.33190808 0.3306638 0.99131685 0.33221948 0.9950763 0 0.21403022 0.57979244 0.5713908 0.363706
0.5515193 0.5626586 0.49914902 0.49546158 0.50344145 0.2124356 0.5132893 0.5083492 0.3288012 0.32478142 0.560333 0.9857129 0.5597 0.5548647 0.36598316 0.3635436 0.21416326 0.21629508 0.3690847 0.3717065 0.32617044 0.32756203 0.98496884 0.3291113 0.9977191 0.21403022 0 0.585228 0.573751 0.3685941
0.58960503 0.59400773 0.5733213 0.57053435 0.5724627 0.5935663 0.58304906 0.5819619 0.58916616 0.58763224 0.585228 1.0099207 0.58938557 0.58413774 0.58435565 0.5845737 0.5966618 0.5933457 0.58239657 0.58217925 0.59422857 0.5946704 0.99923354 0.5957761 1.0164845 0.57979244 0.585228 0 0.2093887 0.59312516
0.58217925 0.5920233 0.56456673 0.5618121 0.55089366 0.5911431 0.56520385 0.56350607 0.58348435 0.57957584 0.58653843 0.99961257 0.58982456 0.58588296 0.57053435 0.5733213 0.5907033 0.59400773 0.57224816 0.57267725 0.58938557 0.58938557 0.99923354 0.5902638 1.0211525 0.5713908 0.573751 0.2093887 0 0.5761186
0.54985213 0.56882447 0.5050084 0.4983712 0.50874317 0.3731853 0.5172649 0.513091 0.3695756 0.36696118 0.56584156 1.0041765 0.5669055 0.55801463 0.17679176 0.17793186 0.37615168 0.37912986 0.17894675 0.18174478 0.3728564 0.37450224 0.99961257 0.37730846 1.0133885 0.363706 0.3685941 0.59312516 0.5761186 0
