0 1.0485728 1.0246727 1.0254573 1.0567118 1.0526313 1.0207624 1.0258498 1.0118452 1.0353336 1.0172604 1.0227151 1.0258498 0.9980974 1.0022715 0.84495026 0.8406434 1.0563028 1.0612261 1.0266355 1.0266355 1.0477637 1.015322 1.0485728 1.0160967 0.9842255 1.0003713 1.0293922 1.0293922 1.0473596
1.0485728 0 0.6889701 0.8212641 0.19940782 0.19745351 0.7977235 0.81442016 0.67876583 0.33894598 0.8041238 0.6520554 0.811759 0.6699191 0.67531306 1.0207624 1.0258498 0.3361229 0.33674935 0.80851924 0.80705124 0.34020412 0.65038735 0.34020412 0.6713863 0.6745752 0.66504896 0.80910724 0.8191745 0.18314771
1.0246727 0.6889701 0 0.7977235 0.6998234 0.69576657 0.793967 0.80120784 0.17287792 0.6795078 0.79252714 0.6837262 0.79859304 0.17048919 0.17187122 0.99056727 0.9962078 0.68173814 0.67580533 0.7876524 0.7905161 0.6894714 0.662142 0.6884691 0.62465185 0.6205234 0.38579065 0.7916646 0.81382793 0.6967787
1.0254573 0.8212641 0.7977235 0 0.8047084 0.81323624 0.28222105 0.28499424 0.7902292 0.81857854 0.14628159 0.8082254 0.14871626 0.7847996 0.79252714 1.0141612 1.0246727 0.82066643 0.81709075 0.28397134 0.28455567 0.82156307 0.7968549 0.82335943 0.791952 0.8055861 0.806758 0.2835334 0.29145598 0.82186216
1.0567118 0.19940782 0.6998234 0.8047084 0 0.123184435 0.7902292 0.80617183 0.6877182 0.34351677 0.7893693 0.66093403 0.7968549 0.6864684 0.6924865 1.0389212 1.0401208 0.34288466 0.34320065 0.8073446 0.8094014 0.34462425 0.6580429 0.3447826 0.6832287 0.6887196 0.6790131 0.80851924 0.80910724 0.20477574
1.0526313 0.19745351 0.69576657 0.81323624 0.123184435 0 0.8003352 0.81353205 0.684224 0.33910313 0.7956984 0.65372705 0.8020814 0.6812419 0.6847222 1.0317632 1.0377234 0.33800378 0.33878887 0.8020814 0.80295604 0.34020412 0.6602102 0.34099153 0.6785187 0.6887196 0.68198633 0.806758 0.81709075 0.20293847
1.0207624 0.7977235 0.793967 0.28222105 0.7902292 0.8003352 0 0.09010185 0.790803 0.793967 0.2774287 0.8041238 0.27800795 0.7760242 0.7822413 0.9969631 1.001891 0.80295604 0.8003352 0.16835833 0.16785783 0.799754 0.7876524 0.8000446 0.78736657 0.7813905 0.8000446 0.27902275 0.28733754 0.79483217
1.0258498 0.81442016 0.80120784 0.28499424 0.80617183 0.81353205 0.09010185 0 0.7980132 0.8120542 0.2803295 0.81590265 0.28192973 0.78708094 0.79109013 1.0045581 1.0122308 0.82305974 0.8209652 0.17262612 0.17262612 0.81977093 0.7913773 0.8212641 0.79656565 0.79339075 0.81294054 0.28120193 0.28851193 0.81294054
1.0118452 0.67876583 0.17287792 0.7902292 0.6877182 0.684224 0.790803 0.7980132 0 0.6689425 0.7885103 0.67163116 0.7968549 0.08091166 0.082584396 0.97978103 0.9872032 0.66456366 0.66093403 0.7876524 0.7882242 0.67555916 0.6477737 0.67580533 0.609624 0.60804766 0.3700668 0.78708094 0.80851924 0.6877182
1.0353336 0.33894598 0.6795078 0.81857854 0.34351677 0.33910313 0.793967 0.8120542 0.6689425 0 0.79888314 0.6575622 0.80500084 0.66577744 0.67016345 0.9943229 1.001891 0.20648582 0.20793585 0.80617183 0.80646485 0.05884963 0.6520554 0.059065986 0.67802465 0.67580533 0.6731017 0.8088132 0.8188765 0.3411491
1.0172604 0.8041238 0.79252714 0.14628159 0.7893693 0.7956984 0.2774287 0.2803295 0.7885103 0.79888314 0 0.79598737 0.056797348 0.78736657 0.7916646 1.0091523 1.0172604 0.8096957 0.8076381 0.27800795 0.27829775 0.80500084 0.78508437 0.80617183 0.793967 0.78508437 0.80091685 0.2784427 0.28192973 0.80851924
1.0227151 0.6520554 0.6837262 0.8082254 0.66093403 0.65372705 0.8041238 0.81590265 0.67163116 0.6575622 0.79598737 0 0.80353975 0.67016345 0.6677236 1.0188149 1.0207624 0.65972805 0.6611755 0.8023729 0.80295604 0.6602102 0.40647927 0.6604514 0.6733471 0.6790131 0.6740837 0.7956984 0.812645 0.67040783
1.0258498 0.811759 0.79859304 0.14871626 0.7968549 0.8020814 0.27800795 0.28192973 0.7968549 0.80500084 0.056797348 0.80353975 0 0.79310274 0.79656565 1.0137748 1.0238891 0.8150128 0.81234956 0.28003892 0.27974844 0.81353205 0.78708094 0.814124 0.799754 0.7905161 0.80851924 0.27815285 0.28543305 0.81828076
0.9980974 0.6699191 0.17048919 0.7847996 0.6864684 0.6812419 0.7760242 0.78708094 0.08091166 0.66577744 0.78736657 0.67016345 0.79310274 0 0.03259828 0.9709704 0.97941184 0.66093403 0.6575622 0.7743376 0.7746184 0.6731017 0.64919823 0.67285645 0.5999927 0.59910303 0.36386842 0.7802575 0.8026644 0.67802465
1.0022715 0.67531306 0.17187122 0.79252714 0.6924865 0.6847222 0.7822413 0.79109013 0.082584396 0.67016345 0.7916646 0.6677236 0.79656565 0.03259828 0 0.9764649 0.9860852 0.6640787 0.6616586 0.78082377 0.7802575 0.6760516 0.6494359 0.67580533 0.603562 0.6019983 0.3687576 0.78708094 0.80646485 0.6834774
0.84495026 1.0207624 0.99056727 1.0141612 1.0389212 1.0317632 0.9969631 1.0045581 0.97978103 0.9943229 1.0091523 1.0188149 1.0137748 0.9709704 0.9764649 0 0.02656496 1.0203725 1.019204 1.014548 1.0095364 1.0034139 1.0095364 1.0049399 1.0203725 1.025065 1.0207624 1.0141612 1.0282096 1.01069
0.8406434 1.0258498 0.9962078 1.0246727 1.0401208 1.0377234 1.001891 1.0122308 0.9872032 1.001891 1.0172604 1.0207624 1.0238891 0.97941184 0.9860852 0.02656496 0 1.0270288 1.0262426 1.0207624 1.0164845 1.0103053 1.0149349 1.0133885 1.0270288 1.0353336 1.0227151 1.018426 1.0325551 1.0149349
1.0563028 0.3361229 0.68173814 0.82066643 0.34288466 0.33800378 0.80295604 0.82305974 0.66456366 0.20648582 0.8096957 0.65972805 0.8150128 0.66093403 0.6640787 1.0203725 1.0270288 0 0.021196732 0.80529344 0.80617183 0.207672 0.6578025 0.2072764 0.6686986 0.6777777 0.67212105 0.8099901 0.8224607 0.34162202
1.0612261 0.33674935 0.67580533 0.81709075 0.34320065 0.33878887 0.8003352 0.8209652 0.66093403 0.20793585 0.8076381 0.6611755 0.81234956 0.6575622 0.6616586 1.019204 1.0262426 0.021196732 0 0.80587894 0.806758 0.20952092 0.6530102 0.20925651 0.67065233 0.6760516 0.6689425 0.8102846 0.82156307 0.3433587
1.0266355 0.80851924 0.7876524 0.28397134 0.8073446 0.8020814 0.16835833 0.17262612 0.7876524 0.80617183 0.27800795 0.8023729 0.28003892 0.7743376 0.78082377 1.014548 1.0207624 0.80529344 0.80587894 0 0.0100672655 0.8076381 0.78565425 0.80851924 0.78565425 0.78110707 0.7956984 0.28836504 0.2916035 0.8000446
1.0266355 0.80705124 0.7905161 0.28455567 0.8094014 0.80295604 0.16785783 0.17262612 0.7882242 0.80646485 0.27829775 0.80295604 0.27974844 0.7746184 0.7802575 1.0095364 1.0164845 0.80617183 0.806758 0.0100672655 0 0.8073446 0.7867954 0.8082254 0.7862246 0.7822413 0.7980132 0.28704423 0.29116106 0.80120784
1.0477637 0.34020412 0.6894714 0.82156307 0.34462425 0.34020412 0.799754 0.81977093 0.67555916 0.05884963 0.80500084 0.6602102 0.81353205 0.6731017 0.6760516 1.0034139 1.0103053 0.207672 0.20952092 0.8076381 0.8073446 0 0.6575622 0.0053188154 0.68571955 0.68149 0.6770375 0.81294054 0.8266641 0.34067646
1.015322 0.65038735 0.662142 0.7968549 0.6580429 0.6602102 0.7876524 0.7913773 0.6477737 0.6520554 0.78508437 0.40647927 0.78708094 0.64919823 0.6494359 1.0095364 1.0149349 0.6578025 0.6530102 0.78565425 0.7867954 0.6575622 0 0.6568416 0.65876466 0.65540254 0.6409265 0.78708094 0.80441606 0.6604514
1.0485728 0.34020412 0.6884691 0.82335943 0.3447826 0.34099153 0.8000446 0.8212641 0.67580533 0.059065986 0.80617183 0.6604514 0.814124 0.67285645 0.67580533 1.0049399 1.0133885 0.2072764 0.20925651 0.80851924 0.8082254 0.0053188154 0.6568416 0 0.68796843 0.68223464 0.6790131 0.81353205 0.8272665 0.34209526
1.0160967 0.6713863 0.62465185 0.791952 0.6832287 0.6785187 0.78736657 0.79656565 0.609624 0.67802465 0.793967 0.6733471 0.799754 0.5999927 0.603562 1.0203725 1.0270288 0.6686986 0.67065233 0.78565425 0.7862246 0.68571955 0.65876466 0.68796843 0 0.37483186 0.61052626 0.80587894 0.80910724 0.6807461
0.9842255 0.6745752 0.6205234 0.8055861 0.6887196 0.6887196 0.7813905 0.79339075 0.60804766 0.67580533 0.78508437 0.6790131 0.7905161 0.59910303 0.6019983 1.025065 1.0353336 0.6777777 0.6760516 0.78110707 0.7822413 0.68149 0.65540254 0.68223464 0.37483186 0 0.6015522 0.79223955 0.8096957 0.6937464
1.0003713 0.66504896 0.38579065 0.806758 0.6790131 0.68198633 0.8000446 0.81294054 0.3700668 0.6731017 0.80091685 0.6740837 0.80851924 0.36386842 0.3687576 1.0207624 1.0227151 0.67212105 0.6689425 0.7956984 0.7980132 0.6770375 0.6409265 0.6790131 0.61052626 0.6015522 0 0.79917336 0.8156059 0.67555916
1.0293922 0.80910724 0.7916646 0.2835334 0.80851924 0.806758 0.27902275 0.28120193 0.78708094 0.8088132 0.2784427 0.7956984 0.27815285 0.7802575 0.78708094 1.0141612 1.018426 0.8099901 0.8102846 0.28836504 0.28704423 0.81294054 0.78708094 0.81353205 0.80587894 0.79223955 0.79917336 0 0.18955801 0.8096957
1.0293922 0.8191745 0.81382793 0.29145598 0.80910724 0.81709075 0.28733754 0.28851193 0.80851924 0.8188765 0.28192973 0.812645 0.28543305 0.8026644 0.80646485 1.0282096 1.0325551 0.8224607 0.82156307 0.2916035 0.29116106 0.8266641 0.80441606 0.8272665 0.80910724 0.8096957 0.8156059 0.18955801 0 0.8203678
1.0473596 0.18314771 0.6967787 0.82186216 0.20477574 0.20293847 0.79483217 0.81294054 0.6877182 0.3411491 0.80851924 0.67040783 0.81828076 0.67802465 0.6834774 1.01069 1.0149349 0.34162202 0.3433587 0.8000446 0.80120784 0.34067646 0.6604514 0.34209526 0.6807461 0.6937464 0.67555916 0.8096957 0.8203678 0
