0 0.82156307 0.8272665 0.82305974 1.0045581 0.83331734 0.83605623 1.0266355 0.8375822 0.8375822 0.82998335 0.9898184 0.82606214 0.9931942 0.9962078 1.002652 1.002652 1.0080011 1.0076177 0.98794943 0.98869646 1.0176488 1.005704 1.0180373 0.8257614 0.8366663 0.8480418 0.8339251 1.0015109 0.8381934
0.82156307 0 0.65660155 0.6539662 1.0003713 0.662142 0.6677236 0.99169195 0.6619002 0.65972805 0.6606927 0.97867405 0.6578025 0.9691478 0.9746289 0.9924427 0.9962078 0.9920673 0.9946995 0.97352946 0.9680563 0.99281836 0.9939465 0.9943229 0.4771027 0.6782716 0.6807461 0.6686986 0.9898184 0.26508155
0.8272665 0.65660155 0 0.18711564 0.97867405 0.19992983 0.1841697 1.0168724 0.18250969 0.1835308 0.19771379 0.97243166 0.19966878 0.97573 0.98757625 0.9808897 0.98125964 0.97941184 0.97573 0.9872032 0.9894442 1.0130024 1.0080011 1.0133885 0.65277135 0.3970817 0.35578993 0.34146434 0.99961257 0.6640787
0.82305974 0.6539662 0.18711564 0 0.9901927 0.20175974 0.1098684 1.0231062 0.108711526 0.10859594 0.19823462 0.9801504 0.2022834 0.97720057 0.98869646 0.98757625 0.9831119 0.9827411 0.9801504 0.9845971 0.9857129 1.0254573 1.0045581 1.0266355 0.6369415 0.38947943 0.34954855 0.33910313 0.9950763 0.65972805
1.0045581 1.0003713 0.97867405 0.9901927 0 0.97867405 0.9790429 0.59599745 0.97316337 0.9695119 0.98125964 0.70595 0.982 0.58916616 0.5966618 0.093379185 0.093492456 0.6112037 0.6109778 0.59312516 0.5929046 0.5999927 0.6091733 0.6013292 0.9894442 0.9962078 0.9775687 1.0003713 0.6037857 0.9898184
0.83331734 0.662142 0.19992983 0.20175974 0.97867405 0 0.19849518 1.015322 0.19745351 0.19810438 0.07613705 0.9746289 0.08080027 0.98051995 0.9946995 0.98051995 0.9783054 0.98051995 0.9779369 0.9924427 0.99357027 1.014548 1.0072346 1.0157093 0.65110177 0.3947083 0.35130367 0.3361229 0.9977191 0.66093403
0.83605623 0.6677236 0.1841697 0.1098684 0.9790429 0.19849518 0 1.0215429 0.07150263 0.072493315 0.19524476 0.9808897 0.19797416 0.9727974 0.98683035 0.98125964 0.98125964 0.9783054 0.9753628 0.98237044 0.9831119 1.018426 1.0022715 1.0188149 0.64116156 0.39284873 0.34891135 0.33690602 0.98869646 0.66602045
1.0266355 0.99169195 1.0168724 1.0231062 0.59599745 1.015322 1.0215429 0 1.0246727 1.0215429 1.0126165 0.70954716 1.0087683 0.5845737 0.5874133 0.5973268 0.5982144 0.6175558 0.61960906 0.5889469 0.58916616 0.07161265 0.532364 0.07161265 1.0064689 1.005704 1.0242808 1.0080011 0.59888077 0.99281836
0.8375822 0.6619002 0.18250969 0.108711526 0.97316337 0.19745351 0.07150263 1.0246727 0 0.06645949 0.19485565 0.96841997 0.19628336 0.9783054 0.990942 0.9738958 0.9746289 0.97499573 0.97170067 0.98645765 0.98683035 1.0215429 1.0030329 1.0223241 0.64163196 0.38780046 0.34795654 0.335497 0.9958304 0.66796726
0.8375822 0.65972805 0.1835308 0.10859594 0.9695119 0.19810438 0.072493315 1.0215429 0.06645949 0 0.19628336 0.96769285 0.19745351 0.9746289 0.9857129 0.97024083 0.9706055 0.97352946 0.9709704 0.98237044 0.9845971 1.0266355 1.0022715 1.0278157 0.64257354 0.3914992 0.34922987 0.34083396 0.9920673 0.6672366
0.82998335 0.6606927 0.19771379 0.19823462 0.98125964 0.07613705 0.19524476 1.0126165 0.19485565 0.19628336 0 0.97426224 0.057876796 0.9842255 1.0003713 0.9860852 0.9838541 0.9801504 0.9764649 0.99545324 0.9950763 1.0118452 1.0068517 1.0126165 0.65277135 0.38931137 0.34668535 0.3350279 1.000751 0.65948707
0.9898184 0.97867405 0.97243166 0.9801504 0.70595 0.9746289 0.9808897 0.70954716 0.96841997 0.96769285 0.97426224 0 0.9783054 0.69122875 0.69399863 0.70646286 0.70543754 0.7062064 0.70441365 0.69198316 0.6950084 0.70748955 0.70415795 0.7085177 0.95508146 0.97316337 0.9709704 0.96010065 0.6960195 0.97024083
0.82606214 0.6578025 0.19966878 0.2022834 0.982 0.08080027 0.19797416 1.0087683 0.19628336 0.19745351 0.057876796 0.9783054 0 0.98496884 1.0015109 0.9808897 0.97867405 0.98496884 0.98125964 0.99734104 0.9980974 1.0103053 1.0060863 1.01069 0.6489606 0.39032033 0.34922987 0.33596638 0.99999183 0.6619002
0.9931942 0.9691478 0.97573 0.97720057 0.58916616 0.98051995 0.9727974 0.5845737 0.9783054 0.9746289 0.9842255 0.69122875 0.98496884 0 0.043857697 0.59224355 0.591363 0.6026681 0.60222155 0.042904105 0.04343373 0.58610135 0.57827747 0.58631986 0.98757625 0.982 0.99357027 0.98794943 0.29961228 0.96769285
0.9962078 0.9746289 0.98757625 0.98869646 0.5966618 0.9946995 0.98683035 0.5874133 0.990942 0.9857129 1.0003713 0.69399863 1.0015109 0.043857697 0 0.59910303 0.5977705 0.60669917 0.6058015 0.04005058 0.04047264 0.59004414 0.5832667 0.5907033 0.9950763 0.9924427 1.0091523 1.0022715 0.30454898 0.9687838
1.002652 0.9924427 0.9808897 0.98757625 0.093379185 0.98051995 0.98125964 0.5973268 0.9738958 0.97024083 0.9860852 0.70646286 0.9808897 0.59224355 0.59910303 0 0.015152031 0.60984945 0.6116556 0.5957761 0.5948914 0.6011063 0.6109778 0.6019983 0.99131685 0.99658537 0.9775687 0.9946995 0.6046809 0.9808897
1.002652 0.9962078 0.98125964 0.9831119 0.093492456 0.9783054 0.98125964 0.5982144 0.9746289 0.9706055 0.9838541 0.70543754 0.97867405 0.591363 0.5977705 0.015152031 0 0.6078228 0.610075 0.5946704 0.593787 0.60244477 0.6078228 0.6033384 0.99169195 0.9924427 0.97720057 0.9939465 0.6040094 0.9816297
1.0080011 0.9920673 0.97941184 0.9827411 0.6112037 0.98051995 0.9783054 0.6175558 0.97499573 0.97352946 0.9801504 0.7062064 0.98496884 0.6026681 0.60669917 0.60984945 0.6078228 0 0.0130122285 0.6037857 0.6049049 0.6186958 0.6130131 0.6184676 0.9860852 0.9857129 0.98757625 0.9962078 0.6112037 0.9669665
1.0076177 0.9946995 0.97573 0.9801504 0.6109778 0.9779369 0.9753628 0.61960906 0.97170067 0.9709704 0.9764649 0.70441365 0.98125964 0.60222155 0.6058015 0.6116556 0.610075 0.0130122285 0 0.6033384 0.60423315 0.6198375 0.6123341 0.61960906 0.9894442 0.9845971 0.9860852 0.99357027 0.6112037 0.9727974
0.98794943 0.97352946 0.9872032 0.9845971 0.59312516 0.9924427 0.98237044 0.5889469 0.98645765 0.98237044 0.99545324 0.69198316 0.99734104 0.042904105 0.04005058 0.5957761 0.5946704 0.6037857 0.6033384 0 0.011385991 0.5907033 0.5850098 0.5915831 0.9939465 0.99281836 1.0064689 0.9969631 0.30200177 0.9687838
0.98869646 0.9680563 0.9894442 0.9857129 0.5929046 0.99357027 0.9831119 0.58916616 0.98683035 0.9845971 0.9950763 0.6950084 0.9980974 0.04343373 0.04047264 0.5948914 0.593787 0.6049049 0.60423315 0.011385991 0 0.59004414 0.58435565 0.59092313 0.99281836 0.9958304 1.0072346 0.99923354 0.30215135 0.96479154
1.0176488 0.99281836 1.0130024 1.0254573 0.5999927 1.014548 1.018426 0.07161265 1.0215429 1.0266355 1.0118452 0.70748955 1.0103053 0.58610135 0.59004414 0.6011063 0.60244477 0.6186958 0.6198375 0.5907033 0.59004414 0 0.53033316 0.00340773 1.0095364 1.0195932 1.0266355 1.0068517 0.5966618 0.98683035
1.005704 0.9939465 1.0080011 1.0045581 0.6091733 1.0072346 1.0022715 0.532364 1.0030329 1.0022715 1.0068517 0.70415795 1.0060863 0.57827747 0.5832667 0.6109778 0.6078228 0.6130131 0.6123341 0.5850098 0.58435565 0.53033316 0 0.5299277 0.9950763 1.0141612 1.0231062 1.0130024 0.5971051 0.98237044
1.0180373 0.9943229 1.0133885 1.0266355 0.6013292 1.0157093 1.0188149 0.07161265 1.0223241 1.0278157 1.0126165 0.7085177 1.01069 0.58631986 0.5907033 0.6019983 0.6033384 0.6184676 0.61960906 0.5915831 0.59092313 0.00340773 0.5299277 0 1.0110749 1.0180373 1.0266355 1.0091523 0.59888077 0.9872032
0.8257614 0.4771027 0.65277135 0.6369415 0.9894442 0.65110177 0.64116156 1.0064689 0.64163196 0.64257354 0.65277135 0.95508146 0.6489606 0.98757625 0.9950763 0.99131685 0.99169195 0.9860852 0.9894442 0.9939465 0.99281836 1.0095364 0.9950763 1.0110749 0 0.6745752 0.6640787 0.6563616 0.99357027 0.47729164
0.8366663 0.6782716 0.3970817 0.38947943 0.9962078 0.3947083 0.39284873 1.005704 0.38780046 0.3914992 0.38931137 0.97316337 0.39032033 0.982 0.9924427 0.99658537 0.9924427 0.9857129 0.9845971 0.99281836 0.9958304 1.0195932 1.0141612 1.0180373 0.6745752 0 0.40304834 0.3930176 1.0064689 0.68049824
0.8480418 0.6807461 0.35578993 0.34954855 0.9775687 0.35130367 0.34891135 1.0242808 0.34795654 0.34922987 0.34668535 0.9709704 0.34922987 0.99357027 1.0091523 0.9775687 0.97720057 0.98757625 0.9860852 1.0064689 1.0072346 1.0266355 1.0231062 1.0266355 0.6640787 0.40304834 0 0.31528178 1.018426 0.6684547
0.8339251 0.6686986 0.34146434 0.33910313 1.0003713 0.3361229 0.33690602 1.0080011 0.335497 0.34083396 0.3350279 0.96010065 0.33596638 0.98794943 1.0022715 0.9946995 0.9939465 0.9962078 0.99357027 0.9969631 0.99923354 1.0068517 1.0130024 1.0091523 0.6563616 0.3930176 0.31528178 0 1.018426 0.67261124
1.0015109 0.9898184 0.99961257 0.9950763 0.6037857 0.9977191 0.98869646 0.59888077 0.9958304 0.9920673 1.000751 0.6960195 0.99999183 0.29961228 0.30454898 0.6046809 0.6040094 0.6112037 0.6112037 0.30200177 0.30215135 0.5966618 0.5971051 0.59888077 0.99357027 1.0064689 1.018426 1.018426 0 0.97609735
0.8381934 0.26508155 0.6640787 0.65972805 0.9898184 0.66093403 0.66602045 0.99281836 0.66796726 0.6672366 0.65948707 0.97024083 0.6619002 0.96769285 0.9687838 0.9808897 0.9816297 0.9669665 0.9727974 0.9687838 0.96479154 0.98683035 0.98237044 0.9872032 0.47729164 0.68049824 0.6684547 0.67261124 0.97609735 0
