0 0.9167723 0.990942 0.9872032 0.8887815 0.910349 0.9069903 0.9232511 0.8937039 0.9100125 0.90498227 0.9222244 0.5331779 0.5339927 0.8940332 0.90264636 0.8963424 0.9100125 0.910349 0.9069903 0.9046481 0.92840576 0.7251619 0.9270277 0.74030316 0.92462224 0.9845971 0.90164745 0.88454145 0.8923881
0.9167723 0 0.97352946 0.98237044 0.44837776 0.45495194 0.20411906 0.2089922 0.44456926 0.46455088 0.45936695 0.4822209 0.9073255 0.91203403 0.45184028 0.46139923 0.45734018 0.47748062 0.4752159 0.4507451 0.4507451 0.4752159 0.92017525 0.47483912 0.9253087 0.47653615 0.990942 0.44819596 0.41826323 0.41113606
0.990942 0.97352946 0 0.20058286 0.9816297 0.9980974 0.9775687 0.9845971 0.9842255 1.0041765 0.99545324 1.0227151 1.000751 1.0049399 0.9958304 0.99923354 0.9950763 0.99658537 0.9943229 0.99734104 0.9969631 1.002652 0.9901927 1.0015109 1.001891 1.001891 0.33299854 0.9924427 0.99056727 0.9943229
0.9872032 0.98237044 0.20058286 0 0.99056727 1.001891 0.9801504 0.9924427 0.98869646 1.018426 1.0137748 1.0234975 0.99923354 0.99961257 0.99545324 1.0215429 1.0160967 1.0015109 0.99961257 0.99658537 0.9977191 1.0149349 0.9950763 1.0149349 1.0091523 1.0149349 0.33471534 0.99169195 0.99357027 0.99999183
0.8887815 0.44837776 0.9816297 0.99056727 0 0.163617 0.44946945 0.46158424 0.3733498 0.45955148 0.45992067 0.4714565 0.89766514 0.8970035 0.38261938 0.4662248 0.4617693 0.46790242 0.4662248 0.3842868 0.3841199 0.4718316 0.9222244 0.4718316 0.90799636 0.4617693 0.97499573 0.30665317 0.44204095 0.44222128
0.910349 0.45495194 0.9980974 1.001891 0.163617 0 0.45826077 0.46715635 0.37912986 0.47108158 0.46864927 0.4826014 0.8943626 0.8989902 0.38245285 0.46715635 0.46380812 0.47729164 0.47540435 0.3842868 0.3832859 0.48013148 0.929441 0.48070073 0.90933985 0.47051957 0.9950763 0.31421676 0.45623696 0.4555024
0.9069903 0.20411906 0.9775687 0.9801504 0.44946945 0.45826077 0 0.12945665 0.44601783 0.47258234 0.47089422 0.4919849 0.91439945 0.91169673 0.4540354 0.47352183 0.46771583 0.47861555 0.47748062 0.4555024 0.4555024 0.48165047 0.93672764 0.48070073 0.9287507 0.48032117 0.9768326 0.4536691 0.42563516 0.4200119
0.9232511 0.2089922 0.9845971 0.9924427 0.46158424 0.46715635 0.12945665 0 0.4578924 0.48108047 0.47634742 0.4960426 0.9205164 0.91575444 0.46455088 0.48013148 0.47370988 0.48279172 0.48241112 0.46455088 0.4652944 0.49410763 0.9304776 0.4946876 0.93255514 0.4869913 0.98869646 0.46084443 0.42881688 0.4224669
0.8937039 0.44456926 0.9842255 0.98869646 0.3733498 0.37912986 0.44601783 0.4578924 0 0.4617693 0.46121424 0.46715635 0.895022 0.89766514 0.12271318 0.4623248 0.45697227 0.46343702 0.4621396 0.12412783 0.124718055 0.471269 0.9242792 0.46977088 0.9130469 0.45697227 0.97867405 0.3751616 0.43952116 0.43023533
0.9100125 0.46455088 1.0041765 1.018426 0.45955148 0.47108158 0.47258234 0.48108047 0.4617693 0 0.07392661 0.40356198 0.91915274 0.9229087 0.46846247 0.2774287 0.27295452 0.44946945 0.44565544 0.46790242 0.46678358 0.42740113 0.9342909 0.4270476 0.9266836 0.4463804 1.0083846 0.4507451 0.47634742 0.4656664
0.90498227 0.45936695 0.99545324 1.0137748 0.45992067 0.46864927 0.47089422 0.47634742 0.46121424 0.07392661 0 0.40014434 0.9127091 0.9160936 0.4673428 0.2746833 0.27108616 0.44493115 0.44150028 0.46659726 0.46548036 0.42088777 0.93151563 0.4207125 0.93151563 0.44204095 0.99847597 0.4474692 0.47427428 0.46455088
0.9222244 0.4822209 1.0227151 1.0234975 0.4714565 0.4826014 0.4919849 0.4960426 0.46715635 0.40356198 0.40014434 0 0.9353342 0.93568236 0.47578144 0.40716735 0.40356198 0.45202297 0.4503804 0.47766966 0.47634742 0.4345068 0.94620144 0.43379322 0.9479691 0.44874147 1.0195932 0.47033232 0.4837441 0.47389796
0.5331779 0.9073255 1.000751 0.99923354 0.89766514 0.8943626 0.91439945 0.9205164 0.895022 0.91915274 0.9127091 0.9353342 0 0.049711697 0.8973342 0.9106857 0.9046481 0.9063204 0.9073255 0.89766514 0.8953518 0.9232511 0.7341567 0.91983426 0.73842716 0.9086678 0.9943229 0.90665525 0.88682157 0.8983274
0.5339927 0.91203403 1.0049399 0.99961257 0.8970035 0.8989902 0.91169673 0.91575444 0.89766514 0.9229087 0.9160936 0.93568236 0.049711697 0 0.9013148 0.9218825 0.9127091 0.9069903 0.9073255 0.90398026 0.9006499 0.928061 0.7330929 0.9256522 0.7344229 0.9086678 0.9931942 0.9106857 0.8874743 0.90264636
0.8940332 0.45184028 0.9958304 0.99545324 0.38261938 0.38245285 0.4540354 0.46455088 0.12271318 0.46846247 0.4673428 0.47578144 0.8973342 0.9013148 0 0.47051957 0.4660386 0.47672495 0.47578144 0.034690037 0.03479478 0.47729164 0.9167723 0.47540435 0.9249654 0.47014514 0.9894442 0.37747386 0.4489234 0.44078
0.90264636 0.46139923 0.99923354 1.0215429 0.4662248 0.46715635 0.47352183 0.48013148 0.4623248 0.2774287 0.2746833 0.40716735 0.9106857 0.9218825 0.47051957 0 0.030616496 0.4463804 0.44402677 0.46808907 0.4675293 0.42176464 0.9483231 0.42106307 0.92909575 0.4480142 0.9980974 0.45421863 0.47427428 0.46380812
0.8963424 0.45734018 0.9950763 1.0160967 0.4617693 0.46380812 0.46771583 0.47370988 0.45697227 0.27295452 0.27108616 0.40356198 0.9046481 0.9127091 0.4660386 0.030616496 0 0.44402677 0.44204095 0.46325153 0.46269536 0.41843793 0.94514287 0.41739044 0.92771643 0.44475016 0.9962078 0.44837776 0.471269 0.4617693
0.9100125 0.47748062 0.99658537 1.0015109 0.46790242 0.47729164 0.47861555 0.48279172 0.46343702 0.44946945 0.44493115 0.45202297 0.9063204 0.9069903 0.47672495 0.4463804 0.44402677 0 0.014438084 0.47766966 0.47785875 0.46010533 0.936379 0.45936695 0.91473794 0.33643606 1.0133885 0.4673428 0.47578144 0.471644
0.910349 0.4752159 0.9943229 0.99961257 0.4662248 0.47540435 0.47748062 0.48241112 0.4621396 0.44565544 0.44150028 0.4503804 0.9073255 0.9073255 0.47578144 0.44402677 0.44204095 0.014438084 0 0.47729164 0.47748062 0.45918247 0.93672764 0.458445 0.9133848 0.33627945 1.01146 0.4662248 0.47559288 0.471644
0.9069903 0.4507451 0.99734104 0.99658537 0.3842868 0.3842868 0.4555024 0.46455088 0.12412783 0.46790242 0.46659726 0.47766966 0.89766514 0.90398026 0.034690037 0.46808907 0.46325153 0.47766966 0.47729164 0 0.010574194 0.48051092 0.9232511 0.47918367 0.92771643 0.46715635 0.9958304 0.38095567 0.45092753 0.44475016
0.9046481 0.4507451 0.9969631 0.9977191 0.3841199 0.3832859 0.4555024 0.4652944 0.124718055 0.46678358 0.46548036 0.47634742 0.8953518 0.9006499 0.03479478 0.4675293 0.46269536 0.47785875 0.47748062 0.010574194 0 0.48070073 0.9249654 0.47937313 0.9253087 0.46827576 0.9920673 0.38178706 0.44928738 0.4443884
0.92840576 0.4752159 1.002652 1.0149349 0.4718316 0.48013148 0.48165047 0.49410763 0.471269 0.42740113 0.42088777 0.4345068 0.9232511 0.928061 0.47729164 0.42176464 0.41843793 0.46010533 0.45918247 0.48051092 0.48070073 0 0.9353342 0.0046141646 0.92017525 0.45605326 1.0149349 0.47389796 0.4740861 0.46827576
0.7251619 0.92017525 0.9901927 0.9950763 0.9222244 0.929441 0.93672764 0.9304776 0.9242792 0.9342909 0.93151563 0.94620144 0.7341567 0.7330929 0.9167723 0.9483231 0.94514287 0.936379 0.93672764 0.9232511 0.9249654 0.9353342 0 0.9349863 0.39234236 0.932902 1.0022715 0.93082345 0.9130469 0.927372
0.9270277 0.47483912 1.0015109 1.0149349 0.4718316 0.48070073 0.48070073 0.4946876 0.46977088 0.4270476 0.4207125 0.43379322 0.91983426 0.9256522 0.47540435 0.42106307 0.41739044 0.45936695 0.458445 0.47918367 0.47937313 0.0046141646 0.9349863 0 0.92017525 0.45697227 1.0149349 0.47389796 0.472958 0.4673428
0.74030316 0.9253087 1.001891 1.0091523 0.90799636 0.90933985 0.9287507 0.93255514 0.9130469 0.9266836 0.93151563 0.9479691 0.73842716 0.7344229 0.9249654 0.92909575 0.92771643 0.91473794 0.9133848 0.92771643 0.9253087 0.92017525 0.39234236 0.92017525 0 0.9184719 1.0095364 0.91711193 0.9046481 0.91711193
0.92462224 0.47653615 1.001891 1.0149349 0.4617693 0.47051957 0.48032117 0.4869913 0.45697227 0.4463804 0.44204095 0.44874147 0.9086678 0.9086678 0.47014514 0.4480142 0.44475016 0.33643606 0.33627945 0.46715635 0.46827576 0.45605326 0.932902 0.45697227 0.9184719 0 1.025065 0.46808907 0.47842628 0.47483912
0.9845971 0.990942 0.33299854 0.33471534 0.97499573 0.9950763 0.9768326 0.98869646 0.97867405 1.0083846 0.99847597 1.0195932 0.9943229 0.9931942 0.9894442 0.9980974 0.9962078 1.0133885 1.01146 0.9958304 0.9920673 1.0149349 1.0022715 1.0149349 1.0095364 1.025065 0 0.99658537 0.9831119 0.990942
0.90164745 0.44819596 0.9924427 0.99169195 0.30665317 0.31421676 0.4536691 0.46084443 0.3751616 0.4507451 0.4474692 0.47033232 0.90665525 0.9106857 0.37747386 0.45421863 0.44837776 0.4673428 0.4662248 0.38095567 0.38178706 0.47389796 0.93082345 0.47389796 0.91711193 0.46808907 0.99658537 0 0.45440188 0.44475016
0.88454145 0.41826323 0.99056727 0.99357027 0.44204095 0.45623696 0.42563516 0.42881688 0.43952116 0.47634742 0.47427428 0.4837441 0.88682157 0.8874743 0.4489234 0.47427428 0.471269 0.47578144 0.47559288 0.45092753 0.44928738 0.4740861 0.9130469 0.472958 0.9046481 0.47842628 0.9831119 0.45440188 0 0.26950887
0.8923881 0.41113606 0.9943229 0.99999183 0.44222128 0.4555024 0.4200119 0.4224669 0.43023533 0.4656664 0.46455088 0.47389796 0.8983274 0.90264636 0.44078 0.46380812 0.4617693 0.471644 0.471644 0.44475016 0.4443884 0.46827576 0.927372 0.4673428 0.91711193 0.47483912 0.990942 0.44475016 0.26950887 0
