0 1.0076177 1.0099207 1.0234975 1.0357314 1.018426 0.99056727 1.0034139 1.0301816 1.015322 1.0313674 0.6530102 1.0103053 1.0103053 0.99923354 0.99281836 0.9946995 1.0278157 1.0405211 0.52226424 0.5174642 1.0188149 1.0030329 1.0126165 0.8517685 0.82335943 0.5052045 0.66480625 0.65876466 1.0157093
1.0076177 0 0.50148726 0.5483964 0.50422454 0.49294904 0.87613255 0.87774235 0.5454935 0.5415716 0.547981 1.0103053 0.5477734 0.549644 0.74975425 0.74541897 0.75302225 0.5632941 0.5607553 1.0157093 1.0160967 0.50344145 0.40992597 0.5018777 0.99056727 0.99999183 0.9939465 0.9931942 0.97978103 0.2546176
1.0099207 0.50148726 0 0.5808764 0.2540561 0.24790739 0.8956819 0.88943595 0.5791428 0.5756876 0.5735361 0.982 0.5800091 0.582614 0.7779968 0.77405685 0.7729349 0.58785117 0.58304906 1.0176488 1.0160967 0.25181437 0.4983712 0.25097546 0.9853408 0.99885464 0.9920673 1.0234975 0.9980974 0.48986816
1.0234975 0.5483964 0.5808764 0 0.57979244 0.573751 0.8910746 0.8774201 0.24526776 0.24222292 0.31209126 0.98794943 0.23932795 0.23754142 0.7522039 0.74541897 0.74704176 0.32093644 0.31300145 1.0289978 1.0262426 0.5804426 0.5533992 0.5789264 0.9946995 0.9962078 1.0118452 0.98832285 0.9764649 0.5483964
1.0357314 0.50422454 0.2540561 0.57979244 0 0.21709608 0.8910746 0.8864954 0.57267725 0.5703204 0.56456673 0.99923354 0.57439595 0.5754721 0.7746184 0.7693002 0.77153486 0.5735361 0.5765499 1.0433295 1.0465518 0.22057699 0.49623638 0.21870063 1.0034139 1.0049399 1.0045581 1.0301816 1.0168724 0.49526802
1.018426 0.49294904 0.24790739 0.573751 0.21709608 0 0.8636934 0.8729233 0.56818426 0.567971 0.56223524 1.000751 0.5709624 0.5733213 0.76707226 0.75520885 0.76485085 0.5767656 0.57289183 1.0246727 1.0274222 0.19368954 0.48967603 0.1918792 0.98794943 0.99169195 1.0037951 1.0234975 1.0234975 0.48737422
0.99056727 0.87613255 0.8956819 0.8910746 0.8910746 0.8636934 0 0.16785783 0.8700467 0.88064873 0.8754896 0.98051995 0.8694089 0.8684533 0.8783872 0.8649598 0.8652767 0.890091 0.8874743 0.9920673 0.99169195 0.87677604 0.8738847 0.8726031 0.98869646 0.9593815 0.98348296 0.97499573 0.9706055 0.8914027
1.0034139 0.87774235 0.88943595 0.8774201 0.8864954 0.8729233 0.16785783 0 0.8599071 0.87774235 0.87420535 0.98645765 0.8545757 0.8602219 0.8800019 0.86337715 0.8684533 0.88454145 0.8812961 0.9894442 0.98869646 0.8835664 0.8754896 0.8774201 1.0068517 0.96769285 0.97867405 0.9727974 0.9845971 0.8842163
1.0301816 0.5454935 0.5791428 0.24526776 0.57267725 0.56818426 0.8700467 0.8599071 0 0.101922065 0.31057674 0.9790429 0.22812964 0.22867204 0.7609791 0.75002605 0.74677104 0.32293335 0.31833306 1.0254573 1.0282096 0.5735361 0.54985213 0.5739659 0.98832285 0.9845971 1.0034139 0.9962078 0.9898184 0.54570043
1.015322 0.5415716 0.5756876 0.24222292 0.5703204 0.567971 0.88064873 0.87774235 0.101922065 0 0.3122429 0.98496884 0.22447868 0.22515345 0.75603044 0.7478545 0.74541897 0.32001656 0.31360888 1.0254573 1.025065 0.571605 0.55110216 0.57224816 0.9838541 0.9783054 0.9924427 1.0041765 1.000751 0.5430141
1.0313674 0.547981 0.5735361 0.31209126 0.56456673 0.56223524 0.8754896 0.87420535 0.31057674 0.3122429 0 1.015322 0.30966946 0.31133363 0.75493515 0.74622995 0.7486681 0.102151215 0.094966486 1.0329514 1.0349361 0.57010657 0.5515193 0.57181937 0.99999183 0.9931942 1.0160967 0.99847597 0.9920673 0.5488121
0.6530102 1.0103053 0.982 0.98794943 0.99923354 1.000751 0.98051995 0.98645765 0.9790429 0.98496884 1.015322 0 0.97352946 0.9713354 1.0022715 1.0011308 0.99734104 1.0176488 1.018426 0.64801097 0.6501494 0.9775687 0.99131685 0.9779369 0.8266641 0.8038317 0.64991146 0.408373 0.41529983 0.99923354
1.0103053 0.5477734 0.5800091 0.23932795 0.57439595 0.5709624 0.8694089 0.8545757 0.22812964 0.22447868 0.30966946 0.97352946 0 0.09383236 0.7478545 0.742453 0.7394986 0.32324106 0.31619588 1.0130024 1.0076177 0.57590306 0.53480834 0.5731065 0.9808897 0.97499573 0.99131685 0.97978103 0.9775687 0.54860425
1.0103053 0.549644 0.582614 0.23754142 0.5754721 0.5733213 0.8684533 0.8602219 0.22867204 0.22515345 0.31133363 0.9713354 0.09383236 0 0.7419149 0.7341567 0.7344229 0.3237028 0.31756908 1.0141612 1.0091523 0.5789264 0.5413658 0.5731065 0.9872032 0.9901927 0.990942 0.9801504 0.9894442 0.5502686
0.99923354 0.74975425 0.7779968 0.7522039 0.7746184 0.76707226 0.8783872 0.8800019 0.7609791 0.75603044 0.75493515 1.0022715 0.7478545 0.7419149 0 0.077244714 0.07746644 0.77041674 0.7706961 1.0180373 1.0329514 0.7763057 0.7483968 0.77181464 0.97609735 0.98237044 0.98869646 0.9768326 0.98832285 0.7475835
0.99281836 0.74541897 0.77405685 0.74541897 0.7693002 0.75520885 0.8649598 0.86337715 0.75002605 0.7478545 0.74622995 1.0011308 0.742453 0.7341567 0.077244714 0 0.07326475 0.76346576 0.7620833 1.0234975 1.0329514 0.76346576 0.73923063 0.7601521 0.9790429 0.97941184 0.9939465 0.97243166 0.9831119 0.7413773
0.9946995 0.75302225 0.7729349 0.74704176 0.77153486 0.76485085 0.8652767 0.8684533 0.74677104 0.74541897 0.7486681 0.99734104 0.7394986 0.7344229 0.07746644 0.07326475 0 0.7618071 0.761255 1.0180373 1.0349361 0.7659607 0.73923063 0.76346576 0.97206604 0.97426224 0.99734104 0.96769285 0.9845971 0.74921095
1.0278157 0.5632941 0.58785117 0.32093644 0.5735361 0.5767656 0.890091 0.88454145 0.32293335 0.32001656 0.102151215 1.0176488 0.32324106 0.3237028 0.77041674 0.76346576 0.7618071 0 0.0693058 1.0381224 1.0353336 0.57957584 0.5649914 0.5810934 0.99923354 1.0030329 1.0188149 1.0041765 1.001891 0.55381763
1.0405211 0.5607553 0.58304906 0.31300145 0.5765499 0.57289183 0.8874743 0.8812961 0.31833306 0.31360888 0.094966486 1.018426 0.31619588 0.31756908 0.7706961 0.7620833 0.761255 0.0693058 0 1.032159 1.0305767 0.5731065 0.56223524 0.57461107 1.001891 1.0041765 1.0176488 1.0060863 1.0022715 0.5546552
0.52226424 1.0157093 1.0176488 1.0289978 1.0433295 1.0246727 0.9920673 0.9894442 1.0254573 1.0254573 1.0329514 0.64801097 1.0130024 1.0141612 1.0180373 1.0234975 1.0180373 1.0381224 1.032159 0 0.065585874 1.0278157 0.9853408 1.0297868 0.83605623 0.8179831 0.32957673 0.65277135 0.6575622 1.0231062
0.5174642 1.0160967 1.0160967 1.0262426 1.0465518 1.0274222 0.99169195 0.98869646 1.0282096 1.025065 1.0349361 0.6501494 1.0076177 1.0091523 1.0329514 1.0329514 1.0349361 1.0353336 1.0305767 0.065585874 0 1.0297868 0.9920673 1.032159 0.8345334 0.8191745 0.32632494 0.6580429 0.6592462 1.0238891
1.0188149 0.50344145 0.25181437 0.5804426 0.22057699 0.19368954 0.87677604 0.8835664 0.5735361 0.571605 0.57010657 0.9775687 0.57590306 0.5789264 0.7763057 0.76346576 0.7659607 0.57957584 0.5731065 1.0278157 1.0297868 0 0.5052045 0.035842996 0.9860852 0.990942 0.99923354 1.0141612 1.0060863 0.49914902
1.0030329 0.40992597 0.4983712 0.5533992 0.49623638 0.48967603 0.8738847 0.8754896 0.54985213 0.55110216 0.5515193 0.99131685 0.53480834 0.5413658 0.7483968 0.73923063 0.73923063 0.5649914 0.56223524 0.9853408 0.9920673 0.5052045 0 0.5010971 1.0015109 0.99357027 0.9827411 0.97941184 0.9709704 0.4028772
1.0126165 0.5018777 0.25097546 0.5789264 0.21870063 0.1918792 0.8726031 0.8774201 0.5739659 0.57224816 0.57181937 0.9779369 0.5731065 0.5731065 0.77181464 0.7601521 0.76346576 0.5810934 0.57461107 1.0297868 1.032159 0.035842996 0.5010971 0 0.9790429 0.9845971 0.9920673 1.0091523 1.0064689 0.49778837
0.8517685 0.99056727 0.9853408 0.9946995 1.0034139 0.98794943 0.98869646 1.0068517 0.98832285 0.9838541 0.99999183 0.8266641 0.9808897 0.9872032 0.97609735 0.9790429 0.97206604 0.99923354 1.001891 0.83605623 0.8345334 0.9860852 1.0015109 0.9790429 0 0.33206376 0.8257614 0.84095025 0.83089113 0.98348296
0.82335943 0.99999183 0.99885464 0.9962078 1.0049399 0.99169195 0.9593815 0.96769285 0.9845971 0.9783054 0.9931942 0.8038317 0.97499573 0.9901927 0.98237044 0.97941184 0.97426224 1.0030329 1.0041765 0.8179831 0.8191745 0.990942 0.99357027 0.9845971 0.33206376 0 0.80441606 0.8200693 0.8257614 0.982
0.5052045 0.9939465 0.9920673 1.0118452 1.0045581 1.0037951 0.98348296 0.97867405 1.0034139 0.9924427 1.0160967 0.64991146 0.99131685 0.990942 0.98869646 0.9939465 0.99734104 1.0188149 1.0176488 0.32957673 0.32632494 0.99923354 0.9827411 0.9920673 0.8257614 0.80441606 0 0.6508636 0.6539662 0.9980974
0.66480625 0.9931942 1.0234975 0.98832285 1.0301816 1.0234975 0.97499573 0.9727974 0.9962078 1.0041765 0.99847597 0.408373 0.97978103 0.9801504 0.9768326 0.97243166 0.96769285 1.0041765 1.0060863 0.65277135 0.6580429 1.0141612 0.97941184 1.0091523 0.84095025 0.8200693 0.6508636 0 0.2675062 0.9920673
0.65876466 0.97978103 0.9980974 0.9764649 1.0168724 1.0234975 0.9706055 0.9845971 0.9898184 1.000751 0.9920673 0.41529983 0.9775687 0.9894442 0.98832285 0.9831119 0.9845971 1.001891 1.0022715 0.6575622 0.6592462 1.0060863 0.9709704 1.0064689 0.83089113 0.8257614 0.6539662 0.2675062 0 0.9801504
1.0157093 0.2546176 0.48986816 0.5483964 0.49526802 0.48737422 0.8914027 0.8842163 0.54570043 0.5430141 0.5488121 0.99923354 0.54860425 0.5502686 0.7475835 0.7413773 0.74921095 0.55381763 0.5546552 1.0231062 1.0238891 0.49914902 0.4028772 0.49778837 0.98348296 0.982 0.9980974 0.9920673 0.9801504 0
