0 1.0083846 0.99847597 0.99923354 0.9860852 0.7845149 0.7825251 0.99885464 0.99999183 0.9943229 1.0022715 0.98051995 0.8038317 0.79917336 0.77181464 1.000751 0.99847597 0.99545324 0.77405685 0.77856135 0.7765873 0.99734104 1.0011308 1.0011308 0.99847597 0.80646485 0.99131685 0.78879654 0.9931942 1.0060863
1.0083846 0 0.63928306 0.6350735 0.84402525 1.0110749 0.99847597 0.63297755 0.64280915 0.6283408 0.632745 0.627186 1.0289978 1.0234975 1.0103053 0.84649444 0.84587634 0.8486616 0.9958304 1.0087683 1.0068517 0.1759062 0.83149695 0.17514798 0.8505242 1.0337447 0.23247984 1.0317632 0.85488826 0.84217876
0.99847597 0.63928306 0 0.134345 0.8327101 0.9790429 0.98237044 0.32078305 0.3274073 0.32093644 0.31848595 0.5032458 0.9946995 0.9977191 0.9764649 0.8251602 0.82546073 0.82606214 0.982 0.9790429 0.9838541 0.6413967 0.8263631 0.6409265 0.8026644 0.990942 0.64682555 0.98832285 0.8179831 0.8266641
0.99923354 0.6350735 0.134345 0 0.8236593 0.9958304 0.9950763 0.3187918 0.32663402 0.32493562 0.3230872 0.5032458 0.9946995 0.99169195 0.990942 0.8191745 0.8188765 0.81977093 0.9950763 0.9946995 0.9958304 0.6336756 0.8221614 0.63251257 0.8003352 1.002652 0.63881415 0.9950763 0.8188765 0.828171
0.9860852 0.84402525 0.8327101 0.8236593 0 0.9644296 0.9706055 0.8088132 0.8212641 0.8120542 0.8156059 0.79743385 0.98907024 0.9853408 0.9554389 0.12910022 0.124718055 0.12412783 0.9611805 0.9611805 0.9575869 0.8161995 0.3901521 0.81709075 0.3935244 0.98348296 0.8327101 0.97978103 0.70595 0.7141975
0.7845149 1.0110749 0.9790429 0.9958304 0.9644296 0 0.11661368 0.9783054 0.98496884 0.9931942 0.99923354 0.9706055 0.43970087 0.44168046 0.14957027 0.9644296 0.9706055 0.9626228 0.14786322 0.1488382 0.14981444 0.98869646 0.9894442 0.9901927 0.97720057 0.4471061 0.990942 0.43862328 1.0049399 0.9943229
0.7825251 0.99847597 0.98237044 0.9950763 0.9706055 0.11661368 0 0.9827411 0.982 0.9901927 0.9962078 0.959741 0.43647274 0.43844384 0.14798503 0.97352946 0.9779369 0.9666036 0.14616007 0.14786322 0.14616007 0.9842255 0.98907024 0.98645765 0.9768326 0.44348466 0.97941184 0.43736804 0.98794943 0.98348296
0.99885464 0.63297755 0.32078305 0.3187918 0.8088132 0.9783054 0.9827411 0 0.1258999 0.19589372 0.19888617 0.5050084 0.9727974 0.97243166 0.9783054 0.800626 0.8041238 0.7994636 0.97978103 0.97867405 0.9842255 0.6297288 0.8094014 0.62926584 0.79223955 0.9901927 0.6306556 0.9901927 0.8272665 0.82606214
0.99999183 0.64280915 0.3274073 0.32663402 0.8212641 0.98496884 0.982 0.1258999 0 0.20032158 0.20595923 0.5105188 0.98348296 0.98645765 0.9753628 0.8194727 0.8179831 0.8156059 0.9801504 0.9764649 0.98496884 0.64564204 0.83028585 0.64564204 0.8073446 0.9894442 0.64587855 1.0103053 0.8424862 0.83697146
0.9943229 0.6283408 0.32093644 0.32493562 0.8120542 0.9931942 0.9901927 0.19589372 0.20032158 0 0.08965093 0.5050084 0.9969631 0.9980974 0.9853408 0.812645 0.8079317 0.8114639 0.99056727 0.98907024 0.99658537 0.62880313 0.8269652 0.62996036 0.80441606 1.0083846 0.6369415 1.0133885 0.8278694 0.83149695
1.0022715 0.632745 0.31848595 0.3230872 0.8156059 0.99923354 0.9962078 0.19888617 0.20595923 0.08965093 0 0.5055969 0.9950763 1.0022715 0.9969631 0.81353205 0.8096957 0.8088132 1.0022715 1.002652 1.0091523 0.63554007 0.83028585 0.6367077 0.80646485 1.0118452 0.6430448 1.0164845 0.83697146 0.8351422
0.98051995 0.627186 0.5032458 0.5032458 0.79743385 0.9706055 0.959741 0.5050084 0.5105188 0.5050084 0.5055969 0 0.97978103 0.98051995 0.9626228 0.79483217 0.79743385 0.79512084 0.96841997 0.96479154 0.9746289 0.62465185 0.79540956 0.6244219 0.7956984 0.99357027 0.624192 0.9790429 0.8099901 0.81977093
0.8038317 1.0289978 0.9946995 0.9946995 0.98907024 0.43970087 0.43647274 0.9727974 0.98348296 0.9969631 0.9950763 0.97978103 0 0.078354016 0.43575725 1.0045581 1.0015109 0.9969631 0.4345068 0.43916187 0.43916187 1.005704 1.0091523 1.0060863 0.98757625 0.28865886 1.0164845 0.19162093 0.99281836 0.9857129
0.79917336 1.0234975 0.9977191 0.99169195 0.9853408 0.44168046 0.43844384 0.97243166 0.98645765 0.9980974 1.0022715 0.98051995 0.078354016 0 0.43826443 1.0060863 0.99961257 0.99734104 0.43504247 0.4398806 0.44024023 1.002652 1.0015109 1.002652 0.98348296 0.28851193 1.0168724 0.18878588 0.9898184 0.9808897
0.77181464 1.0103053 0.9764649 0.990942 0.9554389 0.14957027 0.14798503 0.9783054 0.9753628 0.9853408 0.9969631 0.9626228 0.43575725 0.43826443 0 0.96406794 0.96334505 0.96190137 0.08002105 0.08224955 0.08091166 0.98907024 0.99169195 0.9924427 0.9680563 0.44240162 0.99545324 0.43254602 1.0045581 1.001891
1.000751 0.84649444 0.8251602 0.8191745 0.12910022 0.9644296 0.97352946 0.800626 0.8194727 0.812645 0.81353205 0.79483217 1.0045581 1.0060863 0.96406794 0 0.07106275 0.07172267 0.9637064 0.96010065 0.9651536 0.8263631 0.3888074 0.8278694 0.39217365 0.98794943 0.8357514 1.001891 0.70109564 0.71032023
0.99847597 0.84587634 0.82546073 0.8188765 0.124718055 0.9706055 0.9779369 0.8041238 0.8179831 0.8079317 0.8096957 0.79743385 1.0015109 0.99961257 0.96334505 0.07106275 0 0.06253621 0.9611805 0.96298385 0.9687838 0.82877463 0.3925111 0.83089113 0.38780046 0.99056727 0.8406434 0.99999183 0.70415795 0.71445674
0.99545324 0.8486616 0.82606214 0.81977093 0.12412783 0.9626228 0.9666036 0.7994636 0.8156059 0.8114639 0.8088132 0.79512084 0.9969631 0.99734104 0.96190137 0.07172267 0.06253621 0 0.959741 0.95794547 0.96010065 0.8269652 0.3884716 0.82907665 0.38612524 0.9898184 0.84279376 0.99169195 0.70441365 0.7113522
0.77405685 0.9958304 0.982 0.9950763 0.9611805 0.14786322 0.14616007 0.97978103 0.9801504 0.99056727 1.0022715 0.96841997 0.4345068 0.43504247 0.08002105 0.9637064 0.9611805 0.959741 0 0.06275363 0.061667144 0.9801504 0.99056727 0.98237044 0.9673296 0.43844384 0.98832285 0.43165645 0.99357027 0.9939465
0.77856135 1.0087683 0.9790429 0.9946995 0.9611805 0.1488382 0.14786322 0.97867405 0.9764649 0.98907024 1.002652 0.96479154 0.43916187 0.4398806 0.08224955 0.96010065 0.96298385 0.95794547 0.06275363 0 0.059282407 0.98645765 0.9920673 0.98907024 0.97243166 0.44222128 0.99734104 0.4345068 1.0099207 1.0022715
0.7765873 1.0068517 0.9838541 0.9958304 0.9575869 0.14981444 0.14616007 0.9842255 0.98496884 0.99658537 1.0091523 0.9746289 0.43916187 0.44024023 0.08091166 0.9651536 0.9687838 0.96010065 0.061667144 0.059282407 0 0.9931942 0.990942 0.99658537 0.9746289 0.44656178 0.99961257 0.4345068 1.0130024 1.0072346
0.99734104 0.1759062 0.6413967 0.6336756 0.8161995 0.98869646 0.9842255 0.6297288 0.64564204 0.62880313 0.63554007 0.62465185 1.005704 1.002652 0.98907024 0.8263631 0.82877463 0.8269652 0.9801504 0.98645765 0.9931942 0 0.81590265 0.007739799 0.83422923 0.99999183 0.22758764 1.0060863 0.84125715 0.8269652
1.0011308 0.83149695 0.8263631 0.8221614 0.3901521 0.9894442 0.98907024 0.8094014 0.83028585 0.8269652 0.83028585 0.79540956 1.0091523 1.0015109 0.99169195 0.3888074 0.3925111 0.3884716 0.99056727 0.9920673 0.990942 0.81590265 0 0.8203678 0.31345698 1.0103053 0.8194727 1.0199828 0.70774645 0.70466954
1.0011308 0.17514798 0.6409265 0.63251257 0.81709075 0.9901927 0.98645765 0.62926584 0.64564204 0.62996036 0.6367077 0.6244219 1.0060863 1.002652 0.9924427 0.8278694 0.83089113 0.82907665 0.98237044 0.98907024 0.99658537 0.007739799 0.8203678 0 0.83605623 1.000751 0.22691068 1.005704 0.8424862 0.83028585
0.99847597 0.8505242 0.8026644 0.8003352 0.3935244 0.97720057 0.9768326 0.79223955 0.8073446 0.80441606 0.80646485 0.7956984 0.98757625 0.98348296 0.9680563 0.39217365 0.38780046 0.38612524 0.9673296 0.97243166 0.9746289 0.83422923 0.31345698 0.83605623 0 0.9958304 0.84340924 0.99169195 0.71445674 0.7082605
0.80646485 1.0337447 0.990942 1.002652 0.98348296 0.4471061 0.44348466 0.9901927 0.9894442 1.0083846 1.0118452 0.99357027 0.28865886 0.28851193 0.44240162 0.98794943 0.99056727 0.9898184 0.43844384 0.44222128 0.44656178 0.99999183 1.0103053 1.000751 0.9958304 0 1.0270288 0.2880713 1.0172604 1.014548
0.99131685 0.23247984 0.64682555 0.63881415 0.8327101 0.990942 0.97941184 0.6306556 0.64587855 0.6369415 0.6430448 0.624192 1.0164845 1.0168724 0.99545324 0.8357514 0.8406434 0.84279376 0.98832285 0.99734104 0.99961257 0.22758764 0.8194727 0.22691068 0.84340924 1.0270288 0 1.0157093 0.831194 0.829681
0.78879654 1.0317632 0.98832285 0.9950763 0.97978103 0.43862328 0.43736804 0.9901927 1.0103053 1.0133885 1.0164845 0.9790429 0.19162093 0.18878588 0.43254602 1.001891 0.99999183 0.99169195 0.43165645 0.4345068 0.4345068 1.0060863 1.0199828 1.005704 0.99169195 0.2880713 1.0157093 0 0.9901927 0.9790429
0.9931942 0.85488826 0.8179831 0.8188765 0.70595 1.0049399 0.98794943 0.8272665 0.8424862 0.8278694 0.83697146 0.8099901 0.99281836 0.9898184 1.0045581 0.70109564 0.70415795 0.70441365 0.99357027 1.0099207 1.0130024 0.84125715 0.70774645 0.8424862 0.71445674 1.0172604 0.831194 0.9901927 0 0.18327539
1.0060863 0.84217876 0.8266641 0.828171 0.7141975 0.9943229 0.98348296 0.82606214 0.83697146 0.83149695 0.8351422 0.81977093 0.9857129 0.9808897 1.001891 0.71032023 0.71445674 0.7113522 0.9939465 1.0022715 1.0072346 0.8269652 0.70466954 0.83028585 0.7082605 1.014548 0.829681 0.9790429 0.18327539 0
