0 0.6109778 0.60512894 0.6031149 1.0157093 0.7191378 0.56117785 1.01069 1.0157093 0.7235857 0.7235857 0.7139384 0.5997702 0.60849774 0.56626695 0.5641423 0.5616006 0.5632941 0.7264779 0.7220128 0.71887696 0.6040094 0.6947558 0.6037857 0.6924865 0.72384816 0.60222155 0.61391944 0.61346614 0.5907033
0.6109778 0 0.20780392 0.2105795 0.99734104 0.70646286 0.57719725 0.9894442 1.0099207 0.7082605 0.702115 0.7013504 0.58960503 0.58807015 0.58785117 0.5837021 0.59400773 0.591363 0.702115 0.69349426 0.6894714 0.4841254 0.69148016 0.483363 0.69779223 0.70364666 0.5641423 0.56839764 0.31955704 0.56477904
0.60512894 0.20780392 0 0.20123646 0.9969631 0.7087749 0.58697575 1.005704 1.018426 0.7098048 0.7013504 0.6927383 0.58807015 0.59092313 0.5933457 0.59246385 0.5946704 0.591363 0.7023701 0.7013504 0.69753873 0.4927561 0.6904751 0.493142 0.6884691 0.70441365 0.57482624 0.5592783 0.31057674 0.56223524
0.6031149 0.2105795 0.20123646 0 1.0015109 0.70466954 0.5793593 1.0041765 1.0188149 0.700841 0.6962725 0.68721807 0.58697575 0.58239657 0.58588296 0.5791428 0.5951125 0.5911431 0.6947558 0.6972853 0.68972224 0.48967603 0.6790131 0.4881407 0.6884691 0.7067194 0.567971 0.5616006 0.3163483 0.5618121
1.0157093 0.99734104 0.9969631 1.0015109 0 1.0122308 1.0168724 0.20833181 0.21376422 1.0254573 1.0076177 1.001891 1.0034139 1.0091523 1.0266355 1.0357314 1.015322 1.0087683 1.0103053 1.0068517 1.0126165 0.98794943 0.98757625 0.9943229 1.000751 1.014548 1.0034139 1.0110749 1.0211525 0.9943229
0.7191378 0.70646286 0.7087749 0.70466954 1.0122308 0 0.6972853 1.0022715 1.0126165 0.28207538 0.27945808 0.44276246 0.71032023 0.71367943 0.70697606 0.70543754 0.702115 0.7085177 0.18788606 0.18634602 0.1859615 0.70697606 0.7005865 0.7051815 0.7082605 0.35965672 0.7105781 0.7191378 0.7175742 0.6887196
0.56117785 0.57719725 0.58697575 0.5793593 1.0168724 0.6972853 0 0.9857129 0.99734104 0.69349426 0.69148016 0.68397504 0.59444946 0.591363 0.17413822 0.17036368 0.21110934 0.20806782 0.69198316 0.68972224 0.6889701 0.5850098 0.67383814 0.58610135 0.675067 0.7149754 0.5874133 0.59599745 0.5946704 0.57827747
1.01069 0.9894442 1.005704 1.0041765 0.20833181 1.0022715 0.9857129 0 0.1591527 1.0076177 0.9977191 0.98869646 0.98832285 0.9962078 1.0015109 1.0095364 0.99056727 0.98683035 1.018426 1.015322 1.0172604 0.98348296 0.9669665 0.9894442 0.9842255 1.0053219 0.99734104 1.0103053 1.0195932 0.97720057
1.0157093 1.0099207 1.018426 1.0188149 0.21376422 1.0126165 0.99734104 0.1591527 0 1.018426 1.0126165 1.000751 1.0022715 1.0072346 1.0110749 1.0126165 0.99847597 0.98869646 1.0203725 1.0207624 1.0211525 0.99056727 0.98645765 0.9943229 0.98645765 1.0293922 0.99923354 1.0045581 1.0377234 0.9857129
0.7235857 0.7082605 0.7098048 0.700841 1.0254573 0.28207538 0.69349426 1.0076177 1.018426 0 0.13626131 0.44096002 0.70543754 0.70390224 0.7110941 0.7067194 0.70415795 0.71212715 0.28748423 0.28222105 0.28047484 0.7067194 0.69022405 0.7056938 0.700841 0.3628944 0.7067194 0.71549445 0.70928967 0.6904751
0.7235857 0.702115 0.7013504 0.6962725 1.0076177 0.27945808 0.69148016 0.9977191 1.0126165 0.13626131 0 0.42988047 0.69906104 0.7013504 0.70364666 0.70033205 0.69906104 0.70441365 0.28120193 0.27728397 0.2756936 0.7031358 0.68571955 0.7013504 0.6998234 0.35402426 0.700841 0.7110941 0.71238565 0.6877182
0.7139384 0.7013504 0.6927383 0.68721807 1.001891 0.44276246 0.68397504 0.98869646 1.000751 0.44096002 0.42988047 0 0.70646286 0.69576657 0.69804585 0.6950084 0.6892207 0.6937464 0.43916187 0.4400604 0.43844384 0.7056938 0.6932422 0.70364666 0.69148016 0.44204095 0.7087749 0.71161044 0.702115 0.6972853
0.5997702 0.58960503 0.58807015 0.58697575 1.0034139 0.71032023 0.59444946 0.98832285 1.0022715 0.70543754 0.69906104 0.70646286 0 0.124836154 0.58807015 0.5902638 0.6002153 0.5968834 0.7129029 0.7026252 0.70390224 0.57979244 0.6927383 0.57827747 0.69804585 0.70364666 0.58065945 0.5739659 0.59533364 0.2889528
0.60849774 0.58807015 0.59092313 0.58239657 1.0091523 0.71367943 0.591363 0.9962078 1.0072346 0.70390224 0.7013504 0.69576657 0.124836154 0 0.58697575 0.5856646 0.59400773 0.59224355 0.71006244 0.69804585 0.70160514 0.5808764 0.6864684 0.5808764 0.70364666 0.71032023 0.58131045 0.5802258 0.59954774 0.29042426
0.56626695 0.58785117 0.5933457 0.58588296 1.0266355 0.70697606 0.17413822 1.0015109 1.0110749 0.7110941 0.70364666 0.69804585 0.58807015 0.58697575 0 0.12554516 0.21937022 0.21736327 0.7105781 0.70697606 0.70364666 0.58763224 0.68000287 0.58960503 0.6760516 0.71367943 0.59246385 0.59599745 0.5997702 0.57762915
0.5641423 0.5837021 0.59246385 0.5791428 1.0357314 0.70543754 0.17036368 1.0095364 1.0126165 0.7067194 0.70033205 0.6950084 0.5902638 0.5856646 0.12554516 0 0.21656199 0.21522841 0.70903224 0.70646286 0.7031358 0.58785117 0.6834774 0.5907033 0.68223464 0.71161044 0.5935663 0.5966618 0.5973268 0.58348435
0.5616006 0.59400773 0.5946704 0.5951125 1.015322 0.702115 0.21110934 0.99056727 0.99847597 0.70415795 0.69906104 0.6892207 0.6002153 0.59400773 0.21937022 0.21656199 0 0.10663364 0.7062064 0.6982995 0.7005865 0.5984365 0.67531306 0.5979924 0.68621874 0.7157541 0.59224355 0.59444946 0.6017752 0.5907033
0.5632941 0.591363 0.591363 0.5911431 1.0087683 0.7085177 0.20806782 0.98683035 0.98869646 0.71212715 0.70441365 0.6937464 0.5968834 0.59224355 0.21736327 0.21522841 0.10663364 0 0.71212715 0.71006244 0.7087749 0.5977705 0.67654437 0.5973268 0.682483 0.7186162 0.5971051 0.593787 0.5984365 0.585228
0.7264779 0.702115 0.7023701 0.6947558 1.0103053 0.18788606 0.69198316 1.018426 1.0203725 0.28748423 0.28120193 0.43916187 0.7129029 0.71006244 0.7105781 0.70903224 0.7062064 0.71212715 0 0.08920027 0.08740036 0.7049255 0.6988071 0.70543754 0.7110941 0.36419335 0.71212715 0.71342045 0.70928967 0.69122875
0.7220128 0.69349426 0.7013504 0.6972853 1.0068517 0.18634602 0.68972224 1.015322 1.0207624 0.28222105 0.27728397 0.4400604 0.7026252 0.69804585 0.70697606 0.70646286 0.6982995 0.71006244 0.08920027 0 0.04258651 0.70109564 0.702115 0.6993151 0.71032023 0.3650064 0.70390224 0.70109564 0.70928967 0.68149
0.71887696 0.6894714 0.69753873 0.68972224 1.0126165 0.1859615 0.6889701 1.0172604 1.0211525 0.28047484 0.2756936 0.43844384 0.70390224 0.70160514 0.70364666 0.7031358 0.7005865 0.7087749 0.08740036 0.04258651 0 0.69399863 0.6993151 0.6947558 0.7098048 0.36224574 0.7005865 0.69906104 0.7062064 0.6834774
0.6040094 0.4841254 0.4927561 0.48967603 0.98794943 0.70697606 0.5850098 0.98348296 0.99056727 0.7067194 0.7031358 0.7056938 0.57979244 0.5808764 0.58763224 0.58785117 0.5984365 0.5977705 0.7049255 0.70109564 0.69399863 0 0.6713863 0.028120654 0.68149 0.71992075 0.55991095 0.5481887 0.4923704 0.56647974
0.6947558 0.69148016 0.6904751 0.6790131 0.98757625 0.7005865 0.67383814 0.9669665 0.98645765 0.69022405 0.68571955 0.6932422 0.6927383 0.6864684 0.68000287 0.6834774 0.67531306 0.67654437 0.6988071 0.702115 0.6993151 0.6713863 0 0.67261124 0.39929235 0.6937464 0.6904751 0.68397504 0.6887196 0.6694307
0.6037857 0.483363 0.493142 0.4881407 0.9943229 0.7051815 0.58610135 0.9894442 0.9943229 0.7056938 0.7013504 0.70364666 0.57827747 0.5808764 0.58960503 0.5907033 0.5979924 0.5973268 0.70543754 0.6993151 0.6947558 0.028120654 0.67261124 0 0.6849714 0.72018194 0.556543 0.5454935 0.491407 0.56520385
0.6924865 0.69779223 0.6884691 0.6884691 1.000751 0.7082605 0.675067 0.9842255 0.98645765 0.700841 0.6998234 0.69148016 0.69804585 0.70364666 0.6760516 0.68223464 0.68621874 0.682483 0.7110941 0.71032023 0.7098048 0.68149 0.39929235 0.6849714 0 0.7191378 0.6988071 0.7005865 0.702115 0.68721807
0.72384816 0.70364666 0.70441365 0.7067194 1.014548 0.35965672 0.7149754 1.0053219 1.0293922 0.3628944 0.35402426 0.44204095 0.70364666 0.71032023 0.71367943 0.71161044 0.7157541 0.7186162 0.36419335 0.3650064 0.36224574 0.71992075 0.6937464 0.72018194 0.7191378 0 0.72148925 0.72463614 0.7157541 0.70646286
0.60222155 0.5641423 0.57482624 0.567971 1.0034139 0.7105781 0.5874133 0.99734104 0.99923354 0.7067194 0.700841 0.7087749 0.58065945 0.58131045 0.59246385 0.5935663 0.59224355 0.5971051 0.71212715 0.70390224 0.7005865 0.55991095 0.6904751 0.556543 0.6988071 0.72148925 0 0.3280265 0.5789264 0.57181937
0.61391944 0.56839764 0.5592783 0.5616006 1.0110749 0.7191378 0.59599745 1.0103053 1.0045581 0.71549445 0.7110941 0.71161044 0.5739659 0.5802258 0.59599745 0.5966618 0.59444946 0.593787 0.71342045 0.70109564 0.69906104 0.5481887 0.68397504 0.5454935 0.7005865 0.72463614 0.3280265 0 0.57827747 0.5597
0.61346614 0.31955704 0.31057674 0.3163483 1.0211525 0.7175742 0.5946704 1.0195932 1.0377234 0.70928967 0.71238565 0.702115 0.59533364 0.59954774 0.5997702 0.5973268 0.6017752 0.5984365 0.70928967 0.70928967 0.7062064 0.4923704 0.6887196 0.491407 0.702115 0.7157541 0.5789264 0.57827747 0 0.5808764
0.5907033 0.56477904 0.56223524 0.5618121 0.9943229 0.6887196 0.57827747 0.97720057 0.9857129 0.6904751 0.6877182 0.6972853 0.2889528 0.29042426 0.57762915 0.58348435 0.5907033 0.585228 0.69122875 0.68149 0.6834774 0.56647974 0.6694307 0.56520385 0.68721807 0.70646286 0.57181937 0.5597 0.5808764 0
