0 0.49623638 0.9838541 0.98645765 0.7936788 0.97499573 0.81679356 0.80120784 0.7421839 0.7328271 0.7376246 1.0064689 0.74677104 0.9658782 0.9831119 0.98683035 0.98757625 1.005704 1.0176488 0.98683035 0.99281836 0.81442016 0.80500084 0.81353205 0.83149695 0.81234956 0.9962078 0.8257614 0.79830307 0.4826014
0.49623638 0 0.99923354 1.0118452 0.81590265 0.98496884 0.83149695 0.83911127 0.756853 0.74921095 0.74541897 1.0282096 0.74704176 1.0149349 1.0126165 0.98051995 0.97499573 1.0095364 1.0231062 1.0176488 1.0219333 0.82335943 0.80851924 0.8212641 0.81353205 0.8351422 1.0188149 0.82335943 0.8073446 0.21696252
0.9838541 0.99923354 0 0.21230288 0.98645765 0.67629796 1.0266355 0.99357027 1.0286036 1.0207624 1.0286036 0.682483 1.0345387 0.68571955 0.6892207 0.67383814 0.6812419 0.72332335 0.72489893 0.6713863 0.6684547 0.99885464 1.0118452 1.0011308 1.0030329 0.98757625 0.6847222 1.002652 0.9738958 1.0207624
0.98645765 1.0118452 0.21230288 0 1.0080011 0.67629796 1.0274222 1.0157093 1.0246727 1.0122308 1.0258498 0.6807461 1.0126165 0.68571955 0.69855326 0.67040783 0.6802505 0.71342045 0.7157541 0.66286767 0.6619002 1.0049399 1.0072346 1.0049399 1.0258498 1.0199828 0.67926043 1.0254573 0.9860852 1.025065
0.7936788 0.81590265 0.98645765 1.0080011 0 1.0091523 0.6849714 0.6767909 0.8114639 0.8082254 0.81442016 1.0137748 0.8164965 1.0110749 1.0180373 1.0118452 1.0080011 0.9980974 1.0076177 0.9969631 1.0030329 0.20385654 0.67163116 0.20372532 0.3340906 0.6802505 1.0049399 0.50815225 0.50344145 0.79425526
0.97499573 0.98496884 0.67629796 0.67629796 1.0091523 0 1.0254573 1.0258498 0.9827411 0.96841997 0.99281836 0.6532491 0.9943229 0.6489606 0.6672366 0.18429753 0.18685901 0.7067194 0.71212715 0.63998693 0.64116156 0.9980974 1.0242808 0.99923354 1.0041765 1.0157093 0.65564215 0.9816297 0.96226203 0.9920673
0.81679356 0.83149695 1.0266355 1.0274222 0.6849714 1.0254573 0 0.16411468 0.812645 0.81323624 0.8269652 1.001891 0.83788776 1.0133885 1.0137748 1.0489776 1.0453417 1.0345387 1.0393208 1.0118452 1.0164845 0.6882187 0.3842868 0.69173163 0.68621874 0.33097467 1.0045581 0.69173163 0.6731017 0.81353205
0.80120784 0.83911127 0.99357027 1.0157093 0.6767909 1.0258498 0.16411468 0 0.81709075 0.81323624 0.82156307 1.0076177 0.82998335 1.0110749 1.01146 1.0433295 1.0389212 1.0381224 1.0401208 1.0083846 1.0130024 0.67926043 0.38178706 0.68049824 0.6802505 0.3306638 0.9943229 0.6832287 0.67016345 0.82066643
0.7421839 0.756853 1.0286036 1.0246727 0.8114639 0.9827411 0.812645 0.81709075 0 0.14059103 0.49914902 1.0203725 0.50579315 0.99658537 1.0015109 0.99131685 0.99999183 1.000751 1.0060863 1.01069 1.0188149 0.82335943 0.82395923 0.82305974 0.814124 0.8269652 1.032159 0.8114639 0.80295604 0.74353015
0.7328271 0.74921095 1.0207624 1.0122308 0.8082254 0.96841997 0.81323624 0.81323624 0.14059103 0 0.50363714 1.0045581 0.50579315 0.9775687 0.9827411 0.9779369 0.9853408 1.0030329 1.0141612 0.98907024 0.99999183 0.8224607 0.83483773 0.8224607 0.80587894 0.82186216 1.0034139 0.81679356 0.8099901 0.7394986
0.7376246 0.74541897 1.0286036 1.0258498 0.81442016 0.99281836 0.8269652 0.82156307 0.49914902 0.50363714 0 1.0003713 0.13506305 1.0176488 1.0207624 0.990942 1.0030329 1.01069 1.0195932 0.99999183 1.005704 0.81977093 0.8327101 0.81977093 0.82156307 0.8266641 1.0095364 0.81087404 0.8055861 0.74677104
1.0064689 1.0282096 0.682483 0.6807461 1.0137748 0.6532491 1.001891 1.0076177 1.0203725 1.0045581 1.0003713 0 0.99734104 0.5150757 0.5182621 0.65134007 0.64919823 0.7196597 0.7296458 0.4752159 0.47070688 1.0080011 1.0341415 1.0087683 1.014548 1.0080011 0.47370988 0.9958304 0.9764649 1.0305767
0.74677104 0.74704176 1.0345387 1.0126165 0.8164965 0.9943229 0.83788776 0.82998335 0.50579315 0.50579315 0.13506305 0.99734104 0 1.0133885 1.0103053 0.98794943 1.0037951 0.9962078 1.0133885 0.99885464 1.005704 0.82546073 0.8424862 0.82335943 0.82998335 0.83089113 1.0049399 0.8284728 0.81442016 0.74353015
0.9658782 1.0149349 0.68571955 0.68571955 1.0110749 0.6489606 1.0133885 1.0110749 0.99658537 0.9775687 1.0176488 0.5150757 1.0133885 0 0.11160706 0.64045656 0.6449328 0.71835554 0.7243734 0.5071684 0.5065787 1.01069 1.0095364 1.0087683 1.0160967 1.002652 0.5198604 0.99545324 0.97941184 1.015322
0.9831119 1.0126165 0.6892207 0.69855326 1.0180373 0.6672366 1.0137748 1.01146 1.0015109 0.9827411 1.0207624 0.5182621 1.0103053 0.11160706 0 0.65876466 0.6602102 0.721751 0.7296458 0.51012385 0.50992644 1.0141612 1.0103053 1.0137748 1.018426 1.0034139 0.5240722 1.0015109 0.9775687 1.0118452
0.98683035 0.98051995 0.67383814 0.67040783 1.0118452 0.18429753 1.0489776 1.0433295 0.99131685 0.9779369 0.990942 0.65134007 0.98794943 0.64045656 0.65876466 0 0.05884963 0.6927383 0.70033205 0.6350735 0.6348403 1.0045581 1.0377234 1.005704 0.99885464 1.0160967 0.6439882 0.9872032 0.96010065 0.97426224
0.98757625 0.97499573 0.6812419 0.6802505 1.0080011 0.18685901 1.0453417 1.0389212 0.99999183 0.9853408 1.0030329 0.64919823 1.0037951 0.6449328 0.6602102 0.05884963 0 0.695261 0.70415795 0.6311194 0.63019204 0.9950763 1.0361294 0.99658537 0.9872032 1.0188149 0.6442242 0.98683035 0.9658782 0.9783054
1.005704 1.0095364 0.72332335 0.71342045 0.9980974 0.7067194 1.0345387 1.0381224 1.000751 1.0030329 1.01069 0.7196597 0.9962078 0.71835554 0.721751 0.6927383 0.695261 0 0.045768525 0.6998234 0.6993151 1.0064689 1.0357314 1.0053219 1.0076177 1.0176488 0.71186876 1.0157093 0.9753628 0.9980974
1.0176488 1.0231062 0.72489893 0.7157541 1.0076177 0.71212715 1.0393208 1.0401208 1.0060863 1.0141612 1.0195932 0.7296458 1.0133885 0.7243734 0.7296458 0.70033205 0.70415795 0.045768525 0 0.7049255 0.7033912 1.0126165 1.0413225 1.0118452 1.0195932 1.0231062 0.7173139 1.0207624 0.97573 1.0110749
0.98683035 1.0176488 0.6713863 0.66286767 0.9969631 0.63998693 1.0118452 1.0083846 1.01069 0.98907024 0.99999183 0.4752159 0.99885464 0.5071684 0.51012385 0.6350735 0.6311194 0.6998234 0.7049255 0 0.039734192 0.9969631 1.0266355 0.99734104 1.002652 1.0041765 0.2367183 1.0034139 0.9775687 1.0130024
0.99281836 1.0219333 0.6684547 0.6619002 1.0030329 0.64116156 1.0164845 1.0130024 1.0188149 0.99999183 1.005704 0.47070688 1.005704 0.5065787 0.50992644 0.6348403 0.63019204 0.6993151 0.7033912 0.039734192 0 1.0037951 1.0301816 1.0045581 1.0068517 1.0099207 0.23575914 1.0041765 0.9783054 1.025065
0.81442016 0.82335943 0.99885464 1.0049399 0.20385654 0.9980974 0.6882187 0.67926043 0.82335943 0.8224607 0.81977093 1.0080011 0.82546073 1.01069 1.0141612 1.0045581 0.9950763 1.0064689 1.0126165 0.9969631 1.0037951 0 0.6802505 0.007840844 0.33565342 0.67926043 1.000751 0.51012385 0.50363714 0.8191745
0.80500084 0.80851924 1.0118452 1.0072346 0.67163116 1.0242808 0.3842868 0.38178706 0.82395923 0.83483773 0.8327101 1.0341415 0.8424862 1.0095364 1.0103053 1.0377234 1.0361294 1.0357314 1.0413225 1.0266355 1.0301816 0.6802505 0 0.68149 0.67802465 0.37565646 1.0118452 0.6790131 0.66359407 0.80324787
0.81353205 0.8212641 1.0011308 1.0049399 0.20372532 0.99923354 0.69173163 0.68049824 0.82305974 0.8224607 0.81977093 1.0087683 0.82335943 1.0087683 1.0137748 1.005704 0.99658537 1.0053219 1.0118452 0.99734104 1.0045581 0.007840844 0.68149 0 0.3361229 0.68223464 1.0011308 0.5085462 0.5018777 0.81857854
0.83149695 0.81353205 1.0030329 1.0258498 0.3340906 1.0041765 0.68621874 0.6802505 0.814124 0.80587894 0.82156307 1.014548 0.82998335 1.0160967 1.018426 0.99885464 0.9872032 1.0076177 1.0195932 1.002652 1.0068517 0.33565342 0.67802465 0.3361229 0 0.67040783 1.0049399 0.515871 0.51229864 0.80529344
0.81234956 0.8351422 0.98757625 1.0199828 0.6802505 1.0157093 0.33097467 0.3306638 0.8269652 0.82186216 0.8266641 1.0080011 0.83089113 1.002652 1.0034139 1.0160967 1.0188149 1.0176488 1.0231062 1.0041765 1.0099207 0.67926043 0.37565646 0.68223464 0.67040783 0 0.9943229 0.6889701 0.67114156 0.80851924
0.9962078 1.0188149 0.6847222 0.67926043 1.0049399 0.65564215 1.0045581 0.9943229 1.032159 1.0034139 1.0095364 0.47370988 1.0049399 0.5198604 0.5240722 0.6439882 0.6442242 0.71186876 0.7173139 0.2367183 0.23575914 1.000751 1.0118452 1.0011308 1.0049399 0.9943229 0 1.0168724 0.99131685 1.0103053
0.8257614 0.82335943 1.002652 1.0254573 0.50815225 0.9816297 0.69173163 0.6832287 0.8114639 0.81679356 0.81087404 0.9958304 0.8284728 0.99545324 1.0015109 0.9872032 0.98683035 1.0157093 1.0207624 1.0034139 1.0041765 0.51012385 0.6790131 0.5085462 0.515871 0.6889701 1.0168724 0 0.23152608 0.80353975
0.79830307 0.8073446 0.9738958 0.9860852 0.50344145 0.96226203 0.6731017 0.67016345 0.80295604 0.8099901 0.8055861 0.9764649 0.81442016 0.97941184 0.9775687 0.96010065 0.9658782 0.9753628 0.97573 0.9775687 0.9783054 0.50363714 0.66359407 0.5018777 0.51229864 0.67114156 0.99131685 0.23152608 0 0.7890828
0.4826014 0.21696252 1.0207624 1.025065 0.79425526 0.9920673 0.81353205 0.82066643 0.74353015 0.7394986 0.74677104 1.0305767 0.74353015 1.015322 1.0118452 0.97426224 0.9783054 0.9980974 1.0110749 1.0130024 1.025065 0.8191745 0.80324787 0.81857854 0.80529344 0.80851924 1.0103053 0.80353975 0.7890828 0
