0 1.0193275366 0.8635736366 1.0162219366 1.0166093366 0.8988400366 1.0247934366 1.0255776366 0.8676936966 1.0216651366 1.0201058366 0.8776106366 0.8929007366 0.8952048766 0.8863561366 0.8883135666 0.8909313366 0.8760022366 0.8772886766 0.8699215366 0.8689659366 0.8834296866 0.8935582966 0.8853794366 0.3702519366 0.8938873366 0.3567848366 0.3532553966 1.0236188366 0.8827808866
1.0193275366 0 0.9895828766 0.1426733366 0.1442463066 1.0154475366 0.4332366966 0.4357337366 1.0027841366 0.2818600566 0.2834624766 1.0073643366 1.0073643366 1.0043077366 1.0012636366 1.0112026366 1.0139011366 1.0073643366 1.0081303366 1.0050707366 1.0062166366 1.0001252066 1.0334640366 1.0020235366 1.0291162366 1.0462575366 1.0162219366 1.0204954366 0.2839000866 1.0027841366
0.8635736366 0.9895828766 0 0.9880888866 0.9791866866 0.4715942166 1.0035455366 1.0100490366 0.1293753366 0.9747748766 0.9847381366 0.3419769766 0.4620968766 0.4628374366 0.4659929966 0.4661790366 0.4667374366 0.2033200466 0.2029269966 0.1304448066 0.1306826666 0.4637641666 0.4844473666 0.4646920666 0.8626261366 0.4593263066 0.8507260366 0.8411560366 1.0043077366 0.1992684566
1.0162219366 0.1426733366 0.9880888866 0 0.0735568965999999 1.0142874366 0.4270302766 0.4286212966 0.9970980066 0.2847760966 0.2850683066 1.0054525366 1.0058345366 1.0065989366 1.0085137366 1.0119726366 1.0119726366 0.9937068366 0.9937068366 1.0001252066 1.0020235366 1.0077472366 1.0398334366 1.0092809366 1.0330677366 1.0314846366 1.0162219366 1.0201058366 0.2871170966 0.9895828766
1.0166093366 0.1442463066 0.9791866866 0.0735568965999999 0 1.0027841366 0.4312805566 0.4325248066 0.9925799366 0.2825880166 0.2839000866 1.0035455366 0.9910799066 0.9903310366 0.9967204366 1.0027841366 1.0031646366 0.9944591366 0.9948355366 0.9940829066 0.9952121366 0.9970980066 1.0322758366 0.9978536766 1.0291162366 1.0204954366 1.0104333366 1.0139011366 0.2846300066 0.9873429866
0.8988400366 1.0154475366 0.4715942166 1.0142874366 1.0027841366 0 1.0212750366 1.0204954366 0.4729072366 0.9993672766 1.0039265366 0.4714068566 0.1794593866 0.1799673366 0.1842989266 0.0671906915999999 0.0677373765999999 0.4819730566 0.4821631066 0.4774264366 0.4776153366 0.1818752466 0.3692702366 0.1818752466 0.8821326366 0.2930017766 0.8776106366 0.8623105066 1.0251853366 0.4795068866
1.0247934366 0.4332366966 1.0035455366 0.4270302766 0.4312805566 1.0212750366 0 0.0550481895999999 1.0065989366 0.4351979566 0.4328806766 1.0295104366 1.0193275366 1.0193275366 1.0259699366 1.0177730366 1.0173850366 1.0173850366 1.0185499366 1.0162219366 1.0162219366 1.0263624366 1.0539582366 1.0259699366 1.0154475366 1.0216651366 1.0135150366 1.0150606366 0.4385977166 1.0035455366
1.0255776366 0.4357337366 1.0100490366 0.4286212966 0.4325248066 1.0204954366 0.0550481895999999 0 1.0131291366 0.4362698866 0.4339492966 1.0240101366 1.0119726366 1.0119726366 1.0232277366 1.0139011366 1.0115875366 1.0240101366 1.0251853366 1.0224459366 1.0228367366 1.0224459366 1.0494902366 1.0212750366 1.0119726366 1.0139011366 1.0062166366 1.0092809366 0.4384183966 1.0088972366
0.8676936966 1.0027841366 0.1293753366 0.9970980066 0.9925799366 0.4729072366 1.0065989366 1.0131291366 0 0.9802936666 0.9836245366 0.3445038366 0.4656210566 0.4656210566 0.4663651066 0.4684150566 0.4700964766 0.2062086966 0.2056826766 0.0538661585999999 0.0548331365999999 0.4656210566 0.4865473866 0.4665512366 0.8648389366 0.4652493366 0.8604197366 0.8504154366 1.0085137366 0.1991381266
1.0216651366 0.2818600566 0.9747748766 0.2847760966 0.2825880166 0.9993672766 0.4351979566 0.4362698866 0.9802936666 0 0.0392984625999999 0.9997461766 1.0016434366 0.9963430366 0.9903310366 0.9967204366 0.9997461766 0.9895828766 0.9944591366 0.9814023366 0.9795555366 0.9895828766 1.0162219366 0.9914546366 1.0271481366 1.0255776366 1.0050707366 1.0069815366 0.1542448166 0.9795555366
1.0201058366 0.2834624766 0.9847381366 0.2850683066 0.2839000866 1.0039265366 0.4328806766 0.4339492966 0.9836245366 0.0392984625999999 0 1.0131291366 1.0043077366 0.9997461766 0.9986100366 0.9993672766 1.0016434366 0.9982317366 1.0024036366 0.9851097366 0.9843667366 0.9970980066 1.0224459366 0.9993672766 1.0310893366 1.0299048366 1.0073643366 1.0065989366 0.1536313166 0.9899568366
0.8776106366 1.0073643366 0.3419769766 1.0054525366 1.0035455366 0.4714068566 1.0295104366 1.0240101366 0.3445038366 0.9997461766 1.0131291366 0 0.4630227166 0.4635787366 0.4641351766 0.4630227166 0.4645063966 0.3534154666 0.3543765866 0.3500611866 0.3492647366 0.4626522366 0.4796963066 0.4637641666 0.8788998366 0.4582209066 0.8676936966 0.8588477766 1.0247934366 0.3481511566
0.8929007366 1.0073643366 0.4620968766 1.0058345366 0.9910799066 0.1794593866 1.0193275366 1.0119726366 0.4656210566 1.0016434366 1.0043077366 0.4630227166 0 0.0273884765999999 0.1546131566 0.1751555766 0.1769247366 0.4772375866 0.4783713866 0.4682284666 0.4695355966 0.1530183366 0.3609774766 0.1532634666 0.8776106366 0.2890245666 0.8756809366 0.8563393766 1.0244017366 0.4686017066
0.8952048766 1.0043077366 0.4628374366 1.0065989366 0.9903310366 0.1799673366 1.0193275366 1.0119726366 0.4656210566 0.9963430366 0.9997461766 0.4635787366 0.0273884765999999 0 0.1547359766 0.1755343366 0.1771778066 0.4778042766 0.4791281866 0.4686017066 0.4691619066 0.1530183366 0.3579112966 0.1532634666 0.8798682366 0.2884371366 0.8818087366 0.8610494366 1.0146738366 0.4700964766
0.8863561366 1.0012636366 0.4659929966 1.0085137366 0.9967204366 0.1842989266 1.0259699366 1.0232277366 0.4663651066 0.9903310366 0.9986100366 0.4641351766 0.1546131566 0.1547359766 0 0.1792055266 0.1813660066 0.4778042766 0.4791281866 0.4687883966 0.4687883966 0.00774741959999989 0.3604925066 0.00794938519999989 0.8837542366 0.2928541066 0.8795453366 0.8619950766 1.0119726366 0.4753517566
0.8883135666 1.0112026366 0.4661790366 1.0119726366 1.0027841366 0.0671906915999999 1.0177730366 1.0139011366 0.4684150566 0.9967204366 0.9993672766 0.4630227166 0.1751555766 0.1755343366 0.1792055266 0 0.00997203959999989 0.4798857666 0.4806441166 0.4732827866 0.4736585366 0.1767982366 0.3645435066 0.1769247366 0.8708784366 0.2906423566 0.8610494366 0.8504154366 1.0181614366 0.4766713366
0.8909313366 1.0139011366 0.4667374366 1.0119726366 1.0031646366 0.0677373765999999 1.0173850366 1.0115875366 0.4700964766 0.9997461766 1.0016434366 0.4645063966 0.1769247366 0.1771778066 0.1813660066 0.00997203959999989 0 0.4787496966 0.4793175366 0.4740344666 0.4742225166 0.1786980866 0.3643810566 0.1790786366 0.8718364366 0.2927064666 0.8654724366 0.8535274366 1.0212750366 0.4774264366
0.8760022366 1.0073643366 0.2033200466 0.9937068366 0.9944591366 0.4819730566 1.0173850366 1.0240101366 0.2062086966 0.9895828766 0.9982317366 0.3534154666 0.4772375866 0.4778042766 0.4778042766 0.4798857666 0.4787496966 0 0.00794938519999989 0.2079208866 0.2085804566 0.4768600566 0.4915346366 0.4774264366 0.8919153366 0.4727194966 0.8718364366 0.8619950766 1.0177730366 0.1497167866
0.8772886766 1.0081303366 0.2029269966 0.9937068366 0.9948355366 0.4821631066 1.0185499366 1.0251853366 0.2056826766 0.9944591366 1.0024036366 0.3543765866 0.4783713866 0.4791281866 0.4791281866 0.4806441166 0.4793175366 0.00794938519999989 0 0.2075254266 0.2081846366 0.4781822966 0.4907651866 0.4787496966 0.8935582966 0.4725318366 0.8747179866 0.8651556366 1.0197166366 0.1495947766
0.8699215366 1.0050707366 0.1304448066 1.0001252066 0.9940829066 0.4774264366 1.0162219366 1.0224459366 0.0538661585999999 0.9814023366 0.9851097366 0.3500611866 0.4682284666 0.4686017066 0.4687883966 0.4732827866 0.4740344666 0.2079208866 0.2075254266 0 0.00683924589999989 0.4687883966 0.4924975366 0.4691619066 0.8718364366 0.4684150566 0.8626261366 0.8510368366 1.0073643366 0.2005730366
0.8689659366 1.0062166366 0.1306826666 1.0020235366 0.9952121366 0.4776153366 1.0162219366 1.0228367366 0.0548331365999999 0.9795555366 0.9843667366 0.3492647366 0.4695355966 0.4691619066 0.4687883966 0.4736585366 0.4742225166 0.2085804566 0.2081846366 0.00683924589999989 0 0.4686017066 0.4915346366 0.4689751066 0.8705593366 0.4680419366 0.8601050766 0.8476255866 1.0081303366 0.2012261666
0.8834296866 1.0001252066 0.4637641666 1.0077472366 0.9970980066 0.1818752466 1.0263624366 1.0224459366 0.4656210566 0.9895828766 0.9970980066 0.4626522366 0.1530183366 0.1530183366 0.00774741959999989 0.1767982366 0.1786980866 0.4768600566 0.4781822966 0.4687883966 0.4686017066 0 0.3583945966 0.00231479999999989 0.8827808866 0.2912315166 0.8776106366 0.8613645366 1.0119726366 0.4730949766
0.8935582966 1.0334640366 0.4844473666 1.0398334366 1.0322758366 0.3692702366 1.0539582366 1.0494902366 0.4865473866 1.0162219366 1.0224459366 0.4796963066 0.3609774766 0.3579112966 0.3604925066 0.3645435066 0.3643810566 0.4915346366 0.4907651866 0.4924975366 0.4915346366 0.3583945966 0 0.3579112966 0.8870080366 0.3572673866 0.8731157366 0.8638897866 1.0523304366 0.4913421966
0.8853794366 1.0020235366 0.4646920666 1.0092809366 0.9978536766 0.1818752466 1.0259699366 1.0212750366 0.4665512366 0.9914546366 0.9993672766 0.4637641666 0.1532634666 0.1532634666 0.00794938519999989 0.1769247366 0.1790786366 0.4774264366 0.4787496966 0.4691619066 0.4689751066 0.00231479999999989 0.3579112966 0 0.8840790366 0.2913788966 0.8788998366 0.8626261366 1.0142874366 0.4736585366
0.3702519366 1.0291162366 0.8626261366 1.0330677366 1.0291162366 0.8821326366 1.0154475366 1.0119726366 0.8648389366 1.0271481366 1.0310893366 0.8788998366 0.8776106366 0.8798682366 0.8837542366 0.8708784366 0.8718364366 0.8919153366 0.8935582966 0.8718364366 0.8705593366 0.8827808866 0.8870080366 0.8840790366 0 0.8998344866 0.3222164866 0.3168609366 1.0299048366 0.8912592366
0.8938873366 1.0462575366 0.4593263066 1.0314846366 1.0204954366 0.2930017766 1.0216651366 1.0139011366 0.4652493366 1.0255776366 1.0299048366 0.4582209066 0.2890245666 0.2884371366 0.2928541066 0.2906423566 0.2927064666 0.4727194966 0.4725318366 0.4684150566 0.4680419366 0.2912315166 0.3572673866 0.2913788966 0.8998344866 0 0.8834296866 0.8776106366 1.0442441366 0.4682284666
0.3567848366 1.0162219366 0.8507260366 1.0162219366 1.0104333366 0.8776106366 1.0135150366 1.0062166366 0.8604197366 1.0050707366 1.0073643366 0.8676936966 0.8756809366 0.8818087366 0.8795453366 0.8610494366 0.8654724366 0.8718364366 0.8747179866 0.8626261366 0.8601050766 0.8776106366 0.8731157366 0.8788998366 0.3222164866 0.8834296866 0 0.1591709466 1.0104333366 0.8756809366
0.3532553966 1.0204954366 0.8411560366 1.0201058366 1.0139011366 0.8623105066 1.0150606366 1.0092809366 0.8504154366 1.0069815366 1.0065989366 0.8588477766 0.8563393766 0.8610494366 0.8619950766 0.8504154366 0.8535274366 0.8619950766 0.8651556366 0.8510368366 0.8476255866 0.8613645366 0.8638897866 0.8626261366 0.3168609366 0.8776106366 0.1591709466 0 1.0162219366 0.8638897866
1.0236188366 0.2839000866 1.0043077366 0.2871170966 0.2846300066 1.0251853366 0.4385977166 0.4384183966 1.0085137366 0.1542448166 0.1536313166 1.0247934366 1.0244017366 1.0146738366 1.0119726366 1.0181614366 1.0212750366 1.0177730366 1.0197166366 1.0073643366 1.0081303366 1.0119726366 1.0523304366 1.0142874366 1.0299048366 1.0442441366 1.0104333366 1.0162219366 0 1.0115875366
0.8827808866 1.0027841366 0.1992684566 0.9895828766 0.9873429866 0.4795068866 1.0035455366 1.0088972366 0.1991381266 0.9795555366 0.9899568366 0.3481511566 0.4686017066 0.4700964766 0.4753517566 0.4766713366 0.4774264366 0.1497167866 0.1495947766 0.2005730366 0.2012261666 0.4730949766 0.4913421966 0.4736585366 0.8912592366 0.4682284666 0.8756809366 0.8638897866 1.0115875366 0
