0 1.09605649625883 1.44728322979063 0.950455091893673 1.13786395452917 1.89760914538056 1.65857105073519 1.75811740988865 1.34809867641889 1.92977956775576 1.10504735982977 1.88650278537534 1.05601814924739 1.14286091201939 1.69458029745147 1.59057659958489 1.2488297347445 1.87914687930606 1.54108404484577 1.38657794287428 1.30153217120096 1.68325680517592 0.975329916225746 1.60631659766659 1.48137757461518 1.07487163553014 0.931370321195573 0.991722526494414 1.57957340916619 1.74622059473768
1.09605649625883 0 1.35971361747943 1.68295095325448 1.39965513395146 1.11510583059862 1.34982970380224 0.996294380864128 1.20789020555094 1.06645321613178 1.79173409543 1.85117412777618 1.23149581323378 1.88851244002581 1.83555531594902 1.02810201141983 1.33691380405799 1.34125222964212 1.35937830922194 1.48114892328158 1.35923478496261 1.69782281527296 1.87763334298506 1.43319957284257 1.54990047169849 1.62161437817849 0.964409011881799 1.20149066625163 1.12256229505874 1.22524479171261
1.44728322979063 1.35971361747943 0 1.3984210412018 1.66328907362185 1.58650733786635 1.23502784781158 1.91694437153637 1.48435962130316 1.15703816525638 1.4301081399899 1.17133158422075 1.56323799001984 1.81699193664826 1.78535266034305 0.973432679427788 1.06208974542096 1.40788858197629 1.76254009245895 1.19681241898797 1.23055975534953 1.15271812374704 1.62620124057867 1.76407429156825 1.11979883839376 1.45445520081557 1.36707501718774 0.949809120735154 0.97984142228961 1.39000502647832
0.950455091893673 1.68295095325448 1.3984210412018 0 1.07092170906253 1.8425470914226 1.34386668773368 1.7916818910744 1.88915884727612 1.8961994391866 1.25005621416494 1.90421515377238 1.73035921971314 1.74452332686633 1.58057815395296 1.17776718642563 1.65071326470934 1.66635801829398 1.19440137711354 0.933886871673167 1.02923744008876 1.59356311452575 1.44191097957082 1.81122102867812 1.74079033522867 1.65449217916466 1.16733454028144 1.82158443913795 0.9488697827328 1.90453957137652
1.13786395452917 1.39965513395146 1.66328907362185 1.07092170906253 0 1.07773086195812 1.81632428942248 1.73638087115251 1.0918353642337 1.74523784662597 1.44438026566058 1.30322470213287 1.62484319880605 1.05758139188401 1.46494998945855 1.14714984875172 1.15626640967093 1.77058497606777 1.46044954727404 1.33628936391324 1.62956268386915 1.53448213171214 1.14615105674602 1.68639129539952 1.78217930486426 1.72255243081599 1.1428554658778 1.85839961981401 1.88132548937574 1.27433144440874
1.89760914538056 1.11510583059862 1.58650733786635 1.8425470914226 1.07773086195812 0 1.31224592705257 1.05622581858188 1.90952756954357 1.2033432489261 1.64052989217453 1.78005538415164 1.69773892033845 1.57027243729681 1.72991751227528 1.91547662508674 1.84549397369847 1.09707039128989 1.85054059000686 1.66904405225068 1.4241366086062 1.2419957802631 1.32835838547908 1.21382159786299 1.03379583964124 1.08257291722111 1.74073236854747 1.40184574667364 1.55606312351301 1.02072590170428
1.65857105073519 1.34982970380224 1.23502784781158 1.34386668773368 1.81632428942248 1.31224592705257 0 1.09786818898283 1.03866405272856 1.4021336811129 1.57215221994556 1.6762303779833 1.73927837307565 1.89373223739676 1.23048869799823 1.79183524963446 1.77014913922176 1.36975697358139 1.26323199854232 1.07027488923632 1.33504861244 1.84617002890445 1.13422125671059 1.71584695461206 1.77050366159528 1.91066637239419 1.7569816748146 1.55818668403663 1.07554852287285 1.399729344761
1.75811740988865 0.996294380864128 1.91694437153637 1.7916818910744 1.73638087115251 1.05622581858188 1.09786818898283 0 1.58889855304733 1.3182662895415 1.8621006635949 1.09699972509407 1.71480902004987 1.04374313098378 1.88121259794571 1.88682808843441 1.20108763873577 1.49220226658508 1.91903926548548 1.04921506205574 1.29590862058103 1.73955776402727 1.62419145717286 1.19111374416389 1.16370616713539 1.54105947329663 1.8884736134205 1.16811617207713 1.81440455652773 1.01619271049276
1.34809867641889 1.20789020555094 1.48435962130316 1.88915884727612 1.0918353642337 1.90952756954357 1.03866405272856 1.58889855304733 0 1.25877333339304 1.08832284389064 1.5749766335357 1.24084557499737 1.78076243097894 1.14492161106318 1.8508794750087 1.13251017406583 1.66204896313138 1.44131932524033 1.62568592280149 0.992714762454852 1.14951860462315 1.59477823018096 1.28094340953976 1.11450569168665 1.29338716878556 1.61726419837214 1.83294533775188 1.24922810611315 1.26835991884582
1.92977956775576 1.06645321613178 1.15703816525638 1.8961994391866 1.74523784662597 1.2033432489261 1.4021336811129 1.3182662895415 1.25877333339304 0 1.62963769142516 1.86328692990355 1.70980875566602 1.08069086470641 1.90829229610972 1.79827657411806 1.20232194056734 1.20766928349622 1.11002735351212 1.74910516501404 1.28668483207002 1.44947681669146 1.27035392983817 1.35248398501426 1.8534950891044 1.2518945496995 1.62869970244355 1.88311362895183 1.86419842182659 1.1347912971396
1.10504735982977 1.79173409543 1.4301081399899 1.25005621416494 1.44438026566058 1.64052989217453 1.57215221994556 1.8621006635949 1.08832284389064 1.62963769142516 0 1.19305861834437 0.990469469688833 1.41982271708548 1.21053439448588 1.28779129101895 1.39577635470778 1.9263436133042 1.20241551916115 1.17984556220472 0.942943666595966 1.33544141869061 1.23162857699208 1.52645334438421 1.42189363786019 1.08762791892514 1.90418755356222 1.67438600864261 1.64039203082211 1.25236591440625
1.88650278537534 1.85117412777618 1.17133158422075 1.90421515377238 1.30322470213287 1.78005538415164 1.6762303779833 1.09699972509407 1.5749766335357 1.86328692990355 1.19305861834437 0 1.28831329150125 1.81827232753858 1.57034587557428 1.46959996805526 1.21973441075534 1.07369895954616 1.41489029442891 1.66833014856093 1.3528301960323 1.92222361918539 1.11768597108312 1.25507295224816 1.55425143265165 1.30358785390854 1.47427213611081 1.1510861821007 1.91609815368429 1.89733702386729
1.05601814924739 1.23149581323378 1.56323799001984 1.73035921971314 1.62484319880605 1.69773892033845 1.73927837307565 1.71480902004987 1.24084557499737 1.70980875566602 0.990469469688833 1.28831329150125 0 1.21664307755418 1.41707376413979 1.82310934667476 1.44482378428802 0.993968769907951 1.91597363795154 1.7716476873029 1.43595394166186 1.51331786997616 1.55625070072711 1.49387221573852 1.77848667209037 1.10544745414518 1.91694288398139 1.22637301892973 1.88296890747733 1.11321789911017
1.14286091201939 1.88851244002581 1.81699193664826 1.74452332686633 1.05758139188401 1.57027243729681 1.89373223739676 1.04374313098378 1.78076243097894 1.08069086470641 1.41982271708548 1.81827232753858 1.21664307755418 0 1.85987580311485 1.65723687293939 1.71163112414069 0.981449125567451 1.53407489159144 1.3736457338091 1.54797706147656 1.82088292925619 0.986091995146126 1.36744101438671 1.73512847488746 1.39653375046328 1.36265769926831 1.40807621064596 1.5709560723044 0.953074513236061
1.69458029745147 1.83555531594902 1.78535266034305 1.58057815395296 1.46494998945855 1.72991751227528 1.23048869799823 1.88121259794571 1.14492161106318 1.90829229610972 1.21053439448588 1.57034587557428 1.41707376413979 1.85987580311485 0 1.88599658897147 1.58646554220468 1.72729956032708 1.22692744364031 0.979746602941304 1.53545450116508 1.25231989449821 1.3982076800894 1.42181907128543 1.30560772307217 1.19691182416864 1.26219523581676 1.55685721896589 1.65173891955055 1.16207957733423
1.59057659958489 1.02810201141983 0.973432679427788 1.17776718642563 1.14714984875172 1.91547662508674 1.79183524963446 1.88682808843441 1.8508794750087 1.79827657411806 1.28779129101895 1.46959996805526 1.82310934667476 1.65723687293939 1.88599658897147 0 1.43947784299962 1.1879590859171 1.63847681414336 1.46950996876694 1.35624056169763 1.37371452781372 1.46387270558625 1.00660128309391 1.13264702749439 0.968586285598576 1.77011254406534 1.05941393040121 0.95203789556399 1.884501343593
1.2488297347445 1.33691380405799 1.06208974542096 1.65071326470934 1.15626640967093 1.84549397369847 1.77014913922176 1.20108763873577 1.13251017406583 1.20232194056734 1.39577635470778 1.21973441075534 1.44482378428802 1.71163112414069 1.58646554220468 1.43947784299962 0 1.56490394938737 1.39649563934654 1.73859155853279 1.28470918373205 1.45813455060124 1.08829699433409 1.098822042346 1.02059966069646 1.92881987872534 1.60983421956189 1.85217226459645 1.00145480548963 1.76442656759173
1.87914687930606 1.34125222964212 1.40788858197629 1.66635801829398 1.77058497606777 1.09707039128989 1.36975697358139 1.49220226658508 1.66204896313138 1.20766928349622 1.9263436133042 1.07369895954616 0.993968769907951 0.981449125567451 1.72729956032708 1.1879590859171 1.56490394938737 0 1.11176005890593 1.83245989796706 1.54181600944139 1.31747197452933 1.09422129974701 1.1639905993361 1.24910137732513 1.45475908531807 1.66298645269126 1.47966871759854 1.44771047797985 1.73779827146791
1.54108404484577 1.35937830922194 1.76254009245895 1.19440137711354 1.46044954727404 1.85054059000686 1.26323199854232 1.91903926548548 1.44131932524033 1.11002735351212 1.20241551916115 1.41489029442891 1.91597363795154 1.53407489159144 1.22692744364031 1.63847681414336 1.39649563934654 1.11176005890593 0 1.64286572625861 1.46103167603724 1.40089631313458 1.31504687061533 1.03306959755719 1.88719697110355 1.68329053651541 1.48196117649786 1.75434448942542 1.62187634897418 1.36035272828303
1.38657794287428 1.48114892328158 1.19681241898797 0.933886871673167 1.33628936391324 1.66904405225068 1.07027488923632 1.04921506205574 1.62568592280149 1.74910516501404 1.17984556220472 1.66833014856093 1.7716476873029 1.3736457338091 0.979746602941304 1.46950996876694 1.73859155853279 1.83245989796706 1.64286572625861 0 0.978202298050746 1.82172994571738 0.937811602838337 1.42051526368596 1.19779125833884 1.15108680375852 1.79949026368558 1.85645240475424 1.29443377186544 1.06408581975847
1.30153217120096 1.35923478496261 1.23055975534953 1.02923744008876 1.62956268386915 1.4241366086062 1.33504861244 1.29590862058103 0.992714762454852 1.28668483207002 0.942943666595966 1.3528301960323 1.43595394166186 1.54797706147656 1.53545450116508 1.35624056169763 1.28470918373205 1.54181600944139 1.46103167603724 0.978202298050746 0 1.52488618879579 1.08761265408248 1.47874523233622 1.78288681386039 1.92879090760835 0.981914621312171 0.952078408328816 1.5990797188133 1.88392222695984
1.68325680517592 1.69782281527296 1.15271812374704 1.59356311452575 1.53448213171214 1.2419957802631 1.84617002890445 1.73955776402727 1.14951860462315 1.44947681669146 1.33544141869061 1.92222361918539 1.51331786997616 1.82088292925619 1.25231989449821 1.37371452781372 1.45813455060124 1.31747197452933 1.40089631313458 1.82172994571738 1.52488618879579 0 1.78871221211739 1.44752349844202 1.76073889783584 1.35250658728182 1.52682202425785 1.54732909356244 1.47436604998074 1.87089090468362
0.975329916225746 1.87763334298506 1.62620124057867 1.44191097957082 1.14615105674602 1.32835838547908 1.13422125671059 1.62419145717286 1.59477823018096 1.27035392983817 1.23162857699208 1.11768597108312 1.55625070072711 0.986091995146126 1.3982076800894 1.46387270558625 1.08829699433409 1.09422129974701 1.31504687061533 0.937811602838337 1.08761265408248 1.78871221211739 0 1.79798958660103 1.75926325260662 1.1768516714219 1.88982551638037 1.53939710091799 1.06135653727688 1.61429041717201
1.60631659766659 1.43319957284257 1.76407429156825 1.81122102867812 1.68639129539952 1.21382159786299 1.71584695461206 1.19111374416389 1.28094340953976 1.35248398501426 1.52645334438421 1.25507295224816 1.49387221573852 1.36744101438671 1.42181907128543 1.00660128309391 1.098822042346 1.1639905993361 1.03306959755719 1.42051526368596 1.47874523233622 1.44752349844202 1.79798958660103 0 1.26417124061845 1.41435006051324 1.51169347180985 1.53916671522893 1.78216226538643 0.94249522080645
1.48137757461518 1.54990047169849 1.11979883839376 1.74079033522867 1.78217930486426 1.03379583964124 1.77050366159528 1.16370616713539 1.11450569168665 1.8534950891044 1.42189363786019 1.55425143265165 1.77848667209037 1.73512847488746 1.30560772307217 1.13264702749439 1.02059966069646 1.24910137732513 1.88719697110355 1.19779125833884 1.78288681386039 1.76073889783584 1.75926325260662 1.26417124061845 0 0.976847782265395 1.84755276911892 1.73270264011808 1.10423506051302 1.58038505539298
1.07487163553014 1.62161437817849 1.45445520081557 1.65449217916466 1.72255243081599 1.08257291722111 1.91066637239419 1.54105947329663 1.29338716878556 1.2518945496995 1.08762791892514 1.30358785390854 1.10544745414518 1.39653375046328 1.19691182416864 0.968586285598576 1.92881987872534 1.45475908531807 1.68329053651541 1.15108680375852 1.92879090760835 1.35250658728182 1.1768516714219 1.41435006051324 0.976847782265395 0 1.87604883895256 0.976712499279529 1.42463159537874 1.65188288339414
0.931370321195573 0.964409011881799 1.36707501718774 1.16733454028144 1.1428554658778 1.74073236854747 1.7569816748146 1.8884736134205 1.61726419837214 1.62869970244355 1.90418755356222 1.47427213611081 1.91694288398139 1.36265769926831 1.26219523581676 1.77011254406534 1.60983421956189 1.66298645269126 1.48196117649786 1.79949026368558 0.981914621312171 1.52682202425785 1.88982551638037 1.51169347180985 1.84755276911892 1.87604883895256 0 1.25922394823283 1.65226781810634 1.15098169958219
0.991722526494414 1.20149066625163 0.949809120735154 1.82158443913795 1.85839961981401 1.40184574667364 1.55818668403663 1.16811617207713 1.83294533775188 1.88311362895183 1.67438600864261 1.1510861821007 1.22637301892973 1.40807621064596 1.55685721896589 1.05941393040121 1.85217226459645 1.47966871759854 1.75434448942542 1.85645240475424 0.952078408328816 1.54732909356244 1.53939710091799 1.53916671522893 1.73270264011808 0.976712499279529 1.25922394823283 0 1.56989398295991 1.28229706175625
1.57957340916619 1.12256229505874 0.97984142228961 0.9488697827328 1.88132548937574 1.55606312351301 1.07554852287285 1.81440455652773 1.24922810611315 1.86419842182659 1.64039203082211 1.91609815368429 1.88296890747733 1.5709560723044 1.65173891955055 0.95203789556399 1.00145480548963 1.44771047797985 1.62187634897418 1.29443377186544 1.5990797188133 1.47436604998074 1.06135653727688 1.78216226538643 1.10423506051302 1.42463159537874 1.65226781810634 1.56989398295991 0 1.48038899293169
1.74622059473768 1.22524479171261 1.39000502647832 1.90453957137652 1.27433144440874 1.02072590170428 1.399729344761 1.01619271049276 1.26835991884582 1.1347912971396 1.25236591440625 1.89733702386729 1.11321789911017 0.953074513236061 1.16207957733423 1.884501343593 1.76442656759173 1.73779827146791 1.36035272828303 1.06408581975847 1.88392222695984 1.87089090468362 1.61429041717201 0.94249522080645 1.58038505539298 1.65188288339414 1.15098169958219 1.28229706175625 1.48038899293169 0
