0 1.5322855594568 1.37509240908548 1.77363574295305 1.1235921184998 1.57016983418725 1.52797656529583 1.66271832026541 1.40093566803262 0.909767600009218 1.54362035077065 1.47978476132266 1.42160906665958 1.62035861145705 1.42964041559026 1.85788308060728 1.64804688375443 1.54340250231326 1.27374973706901 1.67659210343845 1.64505785494111 1.36961583071388 1.10495807253756 1.55903607839718 0.927729867165908 1.62065366678871 1.57460754550993 1.72380085848272 1.07630326435901 1.32384198741056
1.5322855594568 0 1.62185602867976 1.68019103491679 1.70785202062689 1.18024211772718 1.48309899307787 1.35158286523074 1.87745817005634 1.86461790208705 0.999335680622607 1.3899068038445 1.53414974291809 1.71135206776671 1.10820812475868 1.53785597882234 1.56601441395469 0.918654343346134 1.61865177867003 0.999993208330125 1.86705984338187 1.83357569226064 1.54760297923349 1.75759103451855 1.33794845803641 1.05896021751687 1.64405583986081 1.62696979800239 1.707935444545 1.35342133999802
1.37509240908548 1.62185602867976 0 1.37295500049368 1.83843145566061 1.34214973635972 1.69595327251591 1.85123230214231 0.996972381137311 1.54492030804977 1.06953686359338 1.87599406577647 1.80222669383511 1.78885332448408 1.10398379946128 0.970961136976257 1.25653082923964 1.38293111743405 1.35753532964736 1.54420117731206 1.71483977884054 1.88462608889677 1.24989754217677 1.77553925407119 1.46971024340019 0.907388739520684 1.27482353895903 0.963381452485919 1.70521516911685 1.36899304413237
1.77363574295305 1.68019103491679 1.37295500049368 0 1.75034421263263 1.47614345513284 1.16552347433753 1.16123136109672 1.06169836502522 1.00188899622299 1.30225886823609 1.49807163048536 1.47409260366112 1.27889158274047 1.70932273007929 1.10544098378159 0.955388117814437 1.8481718946714 1.7942584187258 1.06263257539831 1.81437758891843 1.67960383673199 1.43617198173888 1.5230713118799 1.11553393141367 1.30506961862557 1.28623468591832 1.89574073976837 1.03503946145065 1.69571816152893
1.1235921184998 1.70785202062689 1.83843145566061 1.75034421263263 0 1.1411145736929 1.16846844763495 1.48581627500243 1.27820696448907 1.43226691219024 1.49031115975231 1.43508017808199 1.41305720969103 1.51856305263937 1.24283008161001 1.10680970805697 1.04332376923412 1.42281776899472 1.42663449095562 1.06129108043388 1.34229628229514 1.40895512560382 0.924549100687727 1.27700630971231 1.62508632964455 1.76216048630886 1.17296553589404 1.60530300019309 0.999719318933785 1.57729609892704
1.57016983418725 1.18024211772718 1.34214973635972 1.47614345513284 1.1411145736929 0 1.12252909643576 1.24370785313658 1.84481248748489 1.35989720630459 1.71299971127883 1.63586569018662 1.6072073741816 1.88619216228835 1.65498023550026 1.14168072515167 1.47022530483082 1.42944919061847 1.30320179485716 1.60688956361264 1.51986740878783 1.39836518256925 1.6435734895058 1.02288631605916 1.405033351155 1.32101848372258 1.68845895677805 1.27127204276621 1.14797002030537 1.66586074209772
1.52797656529583 1.48309899307787 1.69595327251591 1.16552347433753 1.16846844763495 1.12252909643576 0 1.2048275412526 1.596155265579 0.994031245587394 1.61152051924728 1.81816519214772 1.3047752934508 1.34660427412018 1.46135433251038 1.73591391788796 1.40308103268035 1.31586939585395 1.8321439800784 1.04007661319338 1.02333859726787 0.966994185000658 1.15532699623145 1.39678239380009 1.31528453459032 1.20672834175639 0.92971936496906 1.20633857045323 1.07653132709675 1.42120072129183
1.66271832026541 1.35158286523074 1.85123230214231 1.16123136109672 1.48581627500243 1.24370785313658 1.2048275412526 0 1.39330692589283 1.46155528724194 1.18120643263683 1.48420002823696 1.687069817679 0.940201868070289 1.74322880874388 1.81755524594337 1.44904301059432 1.2194483759813 1.80907895625569 1.82595030358061 1.50284165074117 1.87126070773229 1.87270738137886 1.42825500806794 1.1583899660036 1.29274498252198 1.73299973225221 1.70168658671901 1.0889476344455 1.11727794352919
1.40093566803262 1.87745817005634 0.996972381137311 1.06169836502522 1.27820696448907 1.84481248748489 1.596155265579 1.39330692589283 0 1.90270831156522 1.06281585991383 1.20632502087392 1.75229361187667 1.54405373916961 1.20176967396401 1.666229698807 1.18240432650782 1.67237653885968 1.28284439328127 1.60329555999488 1.66665190621279 1.08427449292503 1.62277126824483 1.33791849319823 0.991767936851829 0.917712145019323 1.56558260251768 1.48525988962501 1.38629878661595 0.98937816452235
0.909767600009218 1.86461790208705 1.54492030804977 1.00188899622299 1.43226691219024 1.35989720630459 0.994031245587394 1.46155528724194 1.90270831156522 0 1.32438312051818 1.79433888546191 1.15160228987224 1.15296126622707 1.55002401070669 1.35096598812379 1.84303831192665 1.71789487102069 1.54777000914328 1.70819167071022 1.53071163734421 1.38674562610686 1.14803059096448 1.25353995827027 1.50088500394486 1.64679693314247 1.36657452443615 1.83684596070088 1.54260316235013 1.40440846676938
1.54362035077065 0.999335680622607 1.06953686359338 1.30225886823609 1.49031115975231 1.71299971127883 1.61152051924728 1.18120643263683 1.06281585991383 1.32438312051818 0 1.14614107622765 1.55916076386347 1.21164377196692 1.60965119651519 1.65894533321261 1.57026792922989 1.60411576065235 1.7967351260595 1.23576054815203 1.36382218124345 1.38408760726452 1.42463770788163 1.04234780650586 1.08191595831886 1.33866961905733 1.45004408247769 1.51673624408431 1.49431546544656 1.88581264670938
1.47978476132266 1.3899068038445 1.87599406577647 1.49807163048536 1.43508017808199 1.63586569018662 1.81816519214772 1.48420002823696 1.20632502087392 1.79433888546191 1.14614107622765 0 1.32059357524849 1.84356797346845 1.66112146037631 0.962961673736572 1.09029282047413 1.31473642494529 1.89000091422349 1.82367329765111 1.3869365809951 1.87874294095673 0.988456744235009 0.930163238663226 0.916424009017646 1.650518221315 1.44906354695559 1.34618639596738 1.28031377564184 1.24828068399802
1.42160906665958 1.53414974291809 1.80222669383511 1.47409260366112 1.41305720969103 1.6072073741816 1.3047752934508 1.687069817679 1.75229361187667 1.15160228987224 1.55916076386347 1.32059357524849 0 1.55372619349509 1.64674095110968 1.0130208323244 1.21907516219653 1.36900342116132 1.84328898717649 1.84628131124191 1.0546314639505 1.43670615321025 1.43318601464853 1.06486344174482 1.56254311115481 1.13676434010267 1.14325499068946 0.962974399793893 1.0115236081183 1.48490915936418
1.62035861145705 1.71135206776671 1.78885332448408 1.27889158274047 1.51856305263937 1.88619216228835 1.34660427412018 0.940201868070289 1.54405373916961 1.15296126622707 1.21164377196692 1.84356797346845 1.55372619349509 0 1.0124891072046 1.17347249900922 1.34390045818873 1.21157531579956 1.68319145101123 1.14728554291651 1.11079663503915 1.28884975565597 1.57459902018309 1.32817237032577 0.961610825965181 0.992166665149853 1.80183218652382 1.84468478872441 1.62009027064778 1.39974263706245
1.42964041559026 1.10820812475868 1.10398379946128 1.70932273007929 1.24283008161001 1.65498023550026 1.46135433251038 1.74322880874388 1.20176967396401 1.55002401070669 1.60965119651519 1.66112146037631 1.64674095110968 1.0124891072046 0 1.04984270315617 1.57174833421595 1.30551880621351 1.4000763928052 1.62883624923415 1.87834586040117 1.82247787364759 1.452337220544 1.03566159494221 1.30936722434126 1.25875016092323 1.0977548675146 1.47562983329408 1.00111839617603 1.30420313659124
1.85788308060728 1.53785597882234 0.970961136976257 1.10544098378159 1.10680970805697 1.14168072515167 1.73591391788796 1.81755524594337 1.666229698807 1.35096598812379 1.65894533321261 0.962961673736572 1.0130208323244 1.17347249900922 1.04984270315617 0 0.945421024458483 1.67123309965245 1.71296839648858 1.43786013475619 1.45070121902972 1.44873516773805 1.66750391223468 1.79624569229782 1.05425337399356 1.05542180058546 1.4192780747544 1.47328552789986 1.84038681257516 1.89876871998422
1.64804688375443 1.56601441395469 1.25653082923964 0.955388117814437 1.04332376923412 1.47022530483082 1.40308103268035 1.44904301059432 1.18240432650782 1.84303831192665 1.57026792922989 1.09029282047413 1.21907516219653 1.34390045818873 1.57174833421595 0.945421024458483 0 1.07847994961776 1.44459543190897 1.79852463584393 1.41626398032531 1.56283603981137 1.25195574224927 1.60242930124514 1.71753109875135 1.28905890556052 1.31748479069211 1.13057120307349 1.10598870017566 0.980020598974079
1.54340250231326 0.918654343346134 1.38293111743405 1.8481718946714 1.42281776899472 1.42944919061847 1.31586939585395 1.2194483759813 1.67237653885968 1.71789487102069 1.60411576065235 1.31473642494529 1.36900342116132 1.21157531579956 1.30551880621351 1.67123309965245 1.07847994961776 0 1.31108993850648 1.65377101046033 1.16297157527879 1.90120368241332 1.85096083884127 1.42662375769578 1.81228898023255 1.09987789252773 1.48386053089052 1.1614702930674 1.0750163719058 1.37606193451211
1.27374973706901 1.61865177867003 1.35753532964736 1.7942584187258 1.42663449095562 1.30320179485716 1.8321439800784 1.80907895625569 1.28284439328127 1.54777000914328 1.7967351260595 1.89000091422349 1.84328898717649 1.68319145101123 1.4000763928052 1.71296839648858 1.44459543190897 1.31108993850648 0 0.938038313062862 1.17875758791342 1.48274761601351 1.55060579022393 1.24694272666238 0.973576905205846 1.44242919003591 1.74378254963085 1.37193037662655 1.52846978534944 1.55650485609658
1.67659210343845 0.999993208330125 1.54420117731206 1.06263257539831 1.06129108043388 1.60688956361264 1.04007661319338 1.82595030358061 1.60329555999488 1.70819167071022 1.23576054815203 1.82367329765111 1.84628131124191 1.14728554291651 1.62883624923415 1.43786013475619 1.79852463584393 1.65377101046033 0.938038313062862 0 1.42645892244764 1.18123494018801 1.83236376848072 1.14687621803023 1.25594035466202 1.27800806239247 1.79967387299985 1.41140279639512 1.14023472438566 0.967658755835146
1.64505785494111 1.86705984338187 1.71483977884054 1.81437758891843 1.34229628229514 1.51986740878783 1.02333859726787 1.50284165074117 1.66665190621279 1.53071163734421 1.36382218124345 1.3869365809951 1.0546314639505 1.11079663503915 1.87834586040117 1.45070121902972 1.41626398032531 1.16297157527879 1.17875758791342 1.42645892244764 0 1.17811478395015 1.5639785262756 1.1595262947958 1.42301425919868 1.59134234697558 1.50903050228953 0.943651135545224 1.18936198647134 0.995215497212484
1.36961583071388 1.83357569226064 1.88462608889677 1.67960383673199 1.40895512560382 1.39836518256925 0.966994185000658 1.87126070773229 1.08427449292503 1.38674562610686 1.38408760726452 1.87874294095673 1.43670615321025 1.28884975565597 1.82247787364759 1.44873516773805 1.56283603981137 1.90120368241332 1.48274761601351 1.18123494018801 1.17811478395015 0 1.06047931220382 1.03561630169861 1.56313794618472 1.30525787943043 1.03065559011884 1.20859836298041 0.984463746659458 1.0371182449162
1.10495807253756 1.54760297923349 1.24989754217677 1.43617198173888 0.924549100687727 1.6435734895058 1.15532699623145 1.87270738137886 1.62277126824483 1.14803059096448 1.42463770788163 0.988456744235009 1.43318601464853 1.57459902018309 1.452337220544 1.66750391223468 1.25195574224927 1.85096083884127 1.55060579022393 1.83236376848072 1.5639785262756 1.06047931220382 0 0.993653179612011 1.58526339032687 1.65646963589825 1.56676819291897 1.36062381975353 1.52720910939388 1.53247704776004
1.55903607839718 1.75759103451855 1.77553925407119 1.5230713118799 1.27700630971231 1.02288631605916 1.39678239380009 1.42825500806794 1.33791849319823 1.25353995827027 1.04234780650586 0.930163238663226 1.06486344174482 1.32817237032577 1.03566159494221 1.79624569229782 1.60242930124514 1.42662375769578 1.24694272666238 1.14687621803023 1.1595262947958 1.03561630169861 0.993653179612011 0 1.2991751388181 1.52925808308646 1.45180813944899 1.10227462672628 1.76431386941113 1.26729833520949
0.927729867165908 1.33794845803641 1.46971024340019 1.11553393141367 1.62508632964455 1.405033351155 1.31528453459032 1.1583899660036 0.991767936851829 1.50088500394486 1.08191595831886 0.916424009017646 1.56254311115481 0.961610825965181 1.30936722434126 1.05425337399356 1.71753109875135 1.81228898023255 0.973576905205846 1.25594035466202 1.42301425919868 1.56313794618472 1.58526339032687 1.2991751388181 0 1.00709290197119 1.26499507483095 1.1685918928124 1.68543520616367 1.49136253772303
1.62065366678871 1.05896021751687 0.907388739520684 1.30506961862557 1.76216048630886 1.32101848372258 1.20672834175639 1.29274498252198 0.917712145019323 1.64679693314247 1.33866961905733 1.650518221315 1.13676434010267 0.992166665149853 1.25875016092323 1.05542180058546 1.28905890556052 1.09987789252773 1.44242919003591 1.27800806239247 1.59134234697558 1.30525787943043 1.65646963589825 1.52925808308646 1.00709290197119 0 1.03245180938393 1.25593388150446 0.931005915161222 1.54032861697488
1.57460754550993 1.64405583986081 1.27482353895903 1.28623468591832 1.17296553589404 1.68845895677805 0.92971936496906 1.73299973225221 1.56558260251768 1.36657452443615 1.45004408247769 1.44906354695559 1.14325499068946 1.80183218652382 1.0977548675146 1.4192780747544 1.31748479069211 1.48386053089052 1.74378254963085 1.79967387299985 1.50903050228953 1.03065559011884 1.56676819291897 1.45180813944899 1.26499507483095 1.03245180938393 0 1.50843630428426 1.39232551306486 0.92263408889994
1.72380085848272 1.62696979800239 0.963381452485919 1.89574073976837 1.60530300019309 1.27127204276621 1.20633857045323 1.70168658671901 1.48525988962501 1.83684596070088 1.51673624408431 1.34618639596738 0.962974399793893 1.84468478872441 1.47562983329408 1.47328552789986 1.13057120307349 1.1614702930674 1.37193037662655 1.41140279639512 0.943651135545224 1.20859836298041 1.36062381975353 1.10227462672628 1.1685918928124 1.25593388150446 1.50843630428426 0 0.909134626155719 1.26006506383419
1.07630326435901 1.707935444545 1.70521516911685 1.03503946145065 0.999719318933785 1.14797002030537 1.07653132709675 1.0889476344455 1.38629878661595 1.54260316235013 1.49431546544656 1.28031377564184 1.0115236081183 1.62009027064778 1.00111839617603 1.84038681257516 1.10598870017566 1.0750163719058 1.52846978534944 1.14023472438566 1.18936198647134 0.984463746659458 1.52720910939388 1.76431386941113 1.68543520616367 0.931005915161222 1.39232551306486 0.909134626155719 0 1.06545431050472
1.32384198741056 1.35342133999802 1.36899304413237 1.69571816152893 1.57729609892704 1.66586074209772 1.42120072129183 1.11727794352919 0.98937816452235 1.40440846676938 1.88581264670938 1.24828068399802 1.48490915936418 1.39974263706245 1.30420313659124 1.89876871998422 0.980020598974079 1.37606193451211 1.55650485609658 0.967658755835146 0.995215497212484 1.0371182449162 1.53247704776004 1.26729833520949 1.49136253772303 1.54032861697488 0.92263408889994 1.26006506383419 1.06545431050472 0
