0 1.41660193912685 1.81188175524585 1.26009753509425 1.59858305007219 1.59100090223365 1.50995367369615 1.85244399751537 1.275891775731 1.64985861140303 0.9690200551413 1.09668798837811 1.72632160363719 1.95519163552672 1.64253468881361 1.95700824190862 1.66094612283632 1.08495059097186 1.12196059664711 1.03345953649841 1.33587706508115 1.9343647705391 1.71916146576405 1.17350516794249 1.49592794920318 1.1451896589715 1.44848717865534 1.21951504074968 1.95723003265448 1.10811449144967
1.41660193912685 0 1.07084124651738 1.35974149079993 1.73000862658955 1.48244399437681 1.8355129477568 1.22716091596521 1.63955766498111 1.01808368042111 1.08070038422011 1.90476513304748 1.13957082061097 1.01669177762233 1.20950175914913 1.82862098701298 1.15907992306165 1.49933367245831 1.55030380724929 1.68606965919025 1.36244968185201 1.7165288166143 1.00310023641214 1.2616829527542 1.51629806426354 1.59388631489128 1.02793576125987 1.8723004614003 1.61179722426459 1.26374903414398
1.81188175524585 1.07084124651738 0 1.65712963440455 1.40400780853815 1.89795663859695 1.70395582402125 1.22199152782559 1.42774881562218 1.91020657867193 1.34064502594993 1.2290685903281 1.38653086870909 1.22960982774384 1.26284016203135 1.36822146479972 1.64829973364249 1.67750024236739 1.34538928070106 1.19712139619514 1.76971163507551 1.55629606521688 1.20031028217636 1.4932277505286 1.03557610884309 1.69637889997102 1.41808813810349 1.76686054863967 1.81431625061668 1.52788029192016
1.26009753509425 1.35974149079993 1.65712963440455 0 1.13741219160147 1.06421967642382 0.986397722968832 1.48017008579336 1.18797607766464 1.54459475073963 1.0180349056609 1.58603415009566 1.21602866472676 1.27369124186225 1.69416077202186 1.61228072573431 1.94389014760964 1.17497273744084 1.66141398972832 1.90320326085202 1.80103540536948 1.75288972933777 1.17997370613739 1.62317073042504 1.42887748824432 1.30049202032387 1.19556176755577 1.02490615099669 1.33351044217125 1.85001811687835
1.59858305007219 1.73000862658955 1.40400780853815 1.13741219160147 0 1.68414455582388 1.447308661649 1.72459825291298 1.02105923625641 1.95129416277632 1.06111598899588 1.11992504051886 1.62069593230262 1.90308926766738 1.46273130713962 1.23978325095959 1.0805596485734 1.87026760936715 1.72063613962382 1.43226887728088 1.92295245616697 1.25853195157833 1.1708861629013 1.43238090351224 1.4452979688067 1.82515266677365 1.23231981019489 1.35289173852652 1.22937937732786 1.91220065765083
1.59100090223365 1.48244399437681 1.89795663859695 1.06421967642382 1.68414455582388 0 1.94048721459694 1.32709547039121 0.994869268964976 1.8241272396408 0.966184839373454 1.70519392308779 1.41763449111022 1.8747810034547 1.38598711509258 1.7103255931288 1.83197415154427 1.59924229793251 1.70020163012668 1.70834473450668 1.64407679438591 1.54103584471159 1.74458075570874 1.64209816418588 1.07877166080289 0.976962567539886 1.18776761298068 1.83146901498549 1.20853233756498 1.06459120498039
1.50995367369615 1.8355129477568 1.70395582402125 0.986397722968832 1.447308661649 1.94048721459694 0 1.02602503541857 1.17373672989197 1.89472972229123 1.37586100352928 1.32100099185482 1.66677831532434 1.45538260112517 1.47751041245647 1.29858898557723 1.16754812514409 1.55423183203675 1.90788583131507 1.16968950047158 1.36617042054422 1.85939241433516 1.68512778566219 1.20140454010107 1.7198810596019 0.977637230185792 1.83599448739551 1.01796072232537 1.53726674453355 0.996825257316232
1.85244399751537 1.22716091596521 1.22199152782559 1.48017008579336 1.72459825291298 1.32709547039121 1.02602503541857 0 1.34406944946386 1.53988521406427 1.35222285497002 1.84049593214877 1.50364511902444 1.0285300265532 1.21463384781964 1.31519777211361 1.18993135914207 1.14748725644313 1.84419083106332 1.87826818716712 1.35667868354358 1.11762929800898 1.8036691097077 1.7015375753399 1.37414891435765 1.5441645141691 1.26210031565279 1.48837427119724 1.34040969843045 1.87134803947993
1.275891775731 1.63955766498111 1.42774881562218 1.18797607766464 1.02105923625641 0.994869268964976 1.17373672989197 1.34406944946386 0 1.69277527253143 0.986842446960509 1.63849874562584 1.62273744563572 1.40663605369627 1.26480904547498 1.22748098359443 1.22718528634869 1.08348207944073 1.18647212465294 1.75787254818715 1.94392937375233 1.00490937847644 1.24078829190694 1.06639898079447 1.88284458196722 1.69629673846066 1.44928883714601 1.34789907140657 1.42797724646516 1.05802315892652
1.64985861140303 1.01808368042111 1.91020657867193 1.54459475073963 1.95129416277632 1.8241272396408 1.89472972229123 1.53988521406427 1.69277527253143 0 1.18077741190791 1.58542995806783 1.87121610040776 1.43848674860783 1.74107190594077 1.74615788459778 1.30483653815463 1.08202558197081 1.26305673527531 1.72236617095768 1.37294254195876 1.74657887360081 1.91525370185263 1.59752884344198 1.58237861935049 1.28512857132591 1.13266409211792 1.54862993932329 1.25925556686707 1.26959316292778
0.9690200551413 1.08070038422011 1.34064502594993 1.0180349056609 1.06111598899588 0.966184839373454 1.37586100352928 1.35222285497002 0.986842446960509 1.18077741190791 0 1.83225720119663 1.27227686881088 1.80113668669946 1.45798464282416 1.04668457061052 1.94940833724104 1.47664840845391 0.970677570905536 1.86931985500269 1.13218840048648 1.47037214110605 1.75953581836075 1.14644559449516 1.54573955386877 1.94314740691334 1.78680818388239 1.61213908088394 1.35461110202596 1.6048018024303
1.09668798837811 1.90476513304748 1.2290685903281 1.58603415009566 1.11992504051886 1.70519392308779 1.32100099185482 1.84049593214877 1.63849874562584 1.58542995806783 1.83225720119663 0 1.04802511748858 1.07032989826985 1.86974733066745 1.64301846269518 1.38177841901779 1.57752792793326 1.33174639288336 1.84625961096026 1.82467719377019 1.19188897823915 1.03435618290678 0.981641128426418 1.52154066693038 1.10670826071873 1.6003805140499 1.68377336487174 1.65033873706125 1.77987588685937
1.72632160363719 1.13957082061097 1.38653086870909 1.21602866472676 1.62069593230262 1.41763449111022 1.66677831532434 1.50364511902444 1.62273744563572 1.87121610040776 1.27227686881088 1.04802511748858 0 1.18523602746427 1.39592326339334 1.38795138010755 1.70072730001993 1.10713545046747 1.8265756231267 1.16003126720898 1.51895575178787 1.57148201228119 1.74043105356395 1.07605108991265 1.78809885517694 1.35406916588545 1.2178556045983 1.89351876359433 1.54941331711598 1.9022706199903
1.95519163552672 1.01669177762233 1.22960982774384 1.27369124186225 1.90308926766738 1.8747810034547 1.45538260112517 1.0285300265532 1.40663605369627 1.43848674860783 1.80113668669946 1.07032989826985 1.18523602746427 0 1.26199272251688 1.21256448607892 1.8524450273253 1.6254939197097 1.71209863829426 1.7664281532634 0.979403268545866 1.80375604121946 0.967219214886427 1.49791957624257 1.46913305483758 1.3766973905731 1.8994796150364 1.22764626191929 1.53296157205477 1.82080804673024
1.64253468881361 1.20950175914913 1.26284016203135 1.69416077202186 1.46273130713962 1.38598711509258 1.47751041245647 1.21463384781964 1.26480904547498 1.74107190594077 1.45798464282416 1.86974733066745 1.39592326339334 1.26199272251688 0 1.86501618288457 1.3367532028351 1.30290641565807 1.2745274961926 1.92309878463857 1.20905975368805 1.22474943450652 1.64580035815015 1.68886785395443 1.5593273784034 1.64103337936103 1.31955799250863 1.52158070495352 1.51383879384957 1.16779144643806
1.95700824190862 1.82862098701298 1.36822146479972 1.61228072573431 1.23978325095959 1.7103255931288 1.29858898557723 1.31519777211361 1.22748098359443 1.74615788459778 1.04668457061052 1.64301846269518 1.38795138010755 1.21256448607892 1.86501618288457 0 1.12001483701169 1.71303947595879 1.02407216792926 1.3883335145656 1.40969402738847 1.63245262322016 1.86562857707031 1.17646086541936 1.02128333621658 1.26298046042211 1.40933544957079 1.17409208137542 1.71541411685757 1.63661157968454
1.66094612283632 1.15907992306165 1.64829973364249 1.94389014760964 1.0805596485734 1.83197415154427 1.16754812514409 1.18993135914207 1.22718528634869 1.30483653815463 1.94940833724104 1.38177841901779 1.70072730001993 1.8524450273253 1.3367532028351 1.12001483701169 0 1.7209035679698 1.9123629280366 1.33196441316977 1.4149295524694 1.17607695236802 1.4940703434404 1.9028627006337 1.44241987005807 1.83147286646999 1.12981461873278 1.59989194734953 1.91659328667447 1.66556143877096
1.08495059097186 1.49933367245831 1.67750024236739 1.17497273744084 1.87026760936715 1.59924229793251 1.55423183203675 1.14748725644313 1.08348207944073 1.08202558197081 1.47664840845391 1.57752792793326 1.10713545046747 1.6254939197097 1.30290641565807 1.71303947595879 1.7209035679698 0 1.31097838608548 1.41414455929771 1.89056392759085 1.33484832989052 1.87851297925226 1.87689662189223 1.30391564569436 1.8125023052562 1.71526910597458 1.53098633163609 1.54253492830321 1.32637895434164
1.12196059664711 1.55030380724929 1.34538928070106 1.66141398972832 1.72063613962382 1.70020163012668 1.90788583131507 1.84419083106332 1.18647212465294 1.26305673527531 0.970677570905536 1.33174639288336 1.8265756231267 1.71209863829426 1.2745274961926 1.02407216792926 1.9123629280366 1.31097838608548 0 1.51201824913733 1.01801592321135 1.54908771440387 1.47698563756421 1.01291436213069 1.14891083608381 1.18587519787252 1.80887849046849 1.61251954105683 1.17318082414567 1.36895885062404
1.03345953649841 1.68606965919025 1.19712139619514 1.90320326085202 1.43226887728088 1.70834473450668 1.16968950047158 1.87826818716712 1.75787254818715 1.72236617095768 1.86931985500269 1.84625961096026 1.16003126720898 1.7664281532634 1.92309878463857 1.3883335145656 1.33196441316977 1.41414455929771 1.51201824913733 0 1.06196313211694 1.79286226676777 1.63157558208331 1.31148434709758 1.5618261010386 1.76513699744828 1.87556810933165 1.33388416608796 1.39557150262408 1.29782677185722
1.33587706508115 1.36244968185201 1.76971163507551 1.80103540536948 1.92295245616697 1.64407679438591 1.36617042054422 1.35667868354358 1.94392937375233 1.37294254195876 1.13218840048648 1.82467719377019 1.51895575178787 0.979403268545866 1.20905975368805 1.40969402738847 1.4149295524694 1.89056392759085 1.01801592321135 1.06196313211694 0 1.83161358791403 1.69370456924662 1.13784852158278 1.34598041069694 1.3207825680729 1.42408764292486 1.05060144676827 1.85086322389543 1.83551264391281
1.9343647705391 1.7165288166143 1.55629606521688 1.75288972933777 1.25853195157833 1.54103584471159 1.85939241433516 1.11762929800898 1.00490937847644 1.74657887360081 1.47037214110605 1.19188897823915 1.57148201228119 1.80375604121946 1.22474943450652 1.63245262322016 1.17607695236802 1.33484832989052 1.54908771440387 1.79286226676777 1.83161358791403 0 1.69010789459571 1.24710189085454 1.47956634592265 1.26183125842363 1.86995715484954 1.77593063260429 1.14722127304412 1.74469905649312
1.71916146576405 1.00310023641214 1.20031028217636 1.17997370613739 1.1708861629013 1.74458075570874 1.68512778566219 1.8036691097077 1.24078829190694 1.91525370185263 1.75953581836075 1.03435618290678 1.74043105356395 0.967219214886427 1.64580035815015 1.86562857707031 1.4940703434404 1.87851297925226 1.47698563756421 1.63157558208331 1.69370456924662 1.69010789459571 0 1.10194391780533 1.21711629442871 1.70041961339302 1.6507594154682 1.57088115089573 1.70944319479167 1.85491522331722
1.17350516794249 1.2616829527542 1.4932277505286 1.62317073042504 1.43238090351224 1.64209816418588 1.20140454010107 1.7015375753399 1.06639898079447 1.59752884344198 1.14644559449516 0.981641128426418 1.07605108991265 1.49791957624257 1.68886785395443 1.17646086541936 1.9028627006337 1.87689662189223 1.01291436213069 1.31148434709758 1.13784852158278 1.24710189085454 1.10194391780533 0 1.24511506198905 1.33813431533054 1.45711067318916 1.94459612644278 1.72899564052932 1.73368678148836
1.49592794920318 1.51629806426354 1.03557610884309 1.42887748824432 1.4452979688067 1.07877166080289 1.7198810596019 1.37414891435765 1.88284458196722 1.58237861935049 1.54573955386877 1.52154066693038 1.78809885517694 1.46913305483758 1.5593273784034 1.02128333621658 1.44241987005807 1.30391564569436 1.14891083608381 1.5618261010386 1.34598041069694 1.47956634592265 1.21711629442871 1.24511506198905 0 1.91618184605613 1.69055080600083 1.15388293610886 1.30623658560216 1.72653098683804
1.1451896589715 1.59388631489128 1.69637889997102 1.30049202032387 1.82515266677365 0.976962567539886 0.977637230185792 1.5441645141691 1.69629673846066 1.28512857132591 1.94314740691334 1.10670826071873 1.35406916588545 1.3766973905731 1.64103337936103 1.26298046042211 1.83147286646999 1.8125023052562 1.18587519787252 1.76513699744828 1.3207825680729 1.26183125842363 1.70041961339302 1.33813431533054 1.91618184605613 0 1.50470379483886 1.57480883924291 1.16749702696688 1.35893342341296
1.44848717865534 1.02793576125987 1.41808813810349 1.19556176755577 1.23231981019489 1.18776761298068 1.83599448739551 1.26210031565279 1.44928883714601 1.13266409211792 1.78680818388239 1.6003805140499 1.2178556045983 1.8994796150364 1.31955799250863 1.40933544957079 1.12981461873278 1.71526910597458 1.80887849046849 1.87556810933165 1.42408764292486 1.86995715484954 1.6507594154682 1.45711067318916 1.69055080600083 1.50470379483886 0 1.51878268946894 1.45486961561255 1.29141428391449
1.21951504074968 1.8723004614003 1.76686054863967 1.02490615099669 1.35289173852652 1.83146901498549 1.01796072232537 1.48837427119724 1.34789907140657 1.54862993932329 1.61213908088394 1.68377336487174 1.89351876359433 1.22764626191929 1.52158070495352 1.17409208137542 1.59989194734953 1.53098633163609 1.61251954105683 1.33388416608796 1.05060144676827 1.77593063260429 1.57088115089573 1.94459612644278 1.15388293610886 1.57480883924291 1.51878268946894 0 1.33152018301189 1.47671204339713
1.95723003265448 1.61179722426459 1.81431625061668 1.33351044217125 1.22937937732786 1.20853233756498 1.53726674453355 1.34040969843045 1.42797724646516 1.25925556686707 1.35461110202596 1.65033873706125 1.54941331711598 1.53296157205477 1.51383879384957 1.71541411685757 1.91659328667447 1.54253492830321 1.17318082414567 1.39557150262408 1.85086322389543 1.14722127304412 1.70944319479167 1.72899564052932 1.30623658560216 1.16749702696688 1.45486961561255 1.33152018301189 0 1.03413808974437
1.10811449144967 1.26374903414398 1.52788029192016 1.85001811687835 1.91220065765083 1.06459120498039 0.996825257316232 1.87134803947993 1.05802315892652 1.26959316292778 1.6048018024303 1.77987588685937 1.9022706199903 1.82080804673024 1.16779144643806 1.63661157968454 1.66556143877096 1.32637895434164 1.36895885062404 1.29782677185722 1.83551264391281 1.74469905649312 1.85491522331722 1.73368678148836 1.72653098683804 1.35893342341296 1.29141428391449 1.47671204339713 1.03413808974437 0
