0 1.68282669503242 1.51432805648074 1.75820813886821 1.24458171916194 0.98820138676092 1.69291741005145 1.00243666628376 1.56954367319122 1.31125720660202 1.49731787783094 1.43125505023636 1.72549540689215 1.30639857356437 0.949570115655661 1.19092940748669 1.20723732304759 1.55536707723513 0.924748629098758 1.48894411977381 1.83575879177079 1.369079207303 1.12514892802574 1.17138802935369 1.53313003666699 1.83786052605137 1.41568164248019 1.16733218007721 1.6285882240627 0.951090956572443
1.68282669503242 0 1.56762657756917 1.25432869442739 1.06848523439839 1.10091626178473 1.0621424689889 1.32235856237821 1.63498426345177 1.86398850055411 1.16487591620535 1.51189610757865 1.7438929406926 1.4567182068713 1.28358339448459 1.59088396234438 1.15277778822929 0.916205167304724 1.77624790277332 1.30266863829456 1.77191268862225 1.87640430545434 1.24865800514817 1.75526111898944 1.79100790969096 1.85403762990609 1.29688951559365 1.22160754702054 1.79927455005236 1.38217497058213
1.51432805648074 1.56762657756917 0 1.5967094139196 1.37718242080882 1.33473943779245 1.36261597857811 1.18913302058354 1.24243794055656 1.88164249574766 1.78616805747151 1.61765649705194 1.21286593703553 0.995042170863599 1.11734634125605 1.54187964322045 1.35532795242034 1.65157905453816 0.90142026799731 1.64564821729437 0.926079705357552 1.52419839263894 1.02357893111184 1.83567813644186 1.12663269019686 1.16698458581232 0.957886876538396 1.31547231692821 1.75973791163415 1.30158285051584
1.75820813886821 1.25432869442739 1.5967094139196 0 1.58608838170767 1.52272366685793 0.993139006895944 1.56445386190899 0.934299408923835 1.02576965419576 1.78039060207084 1.52024528640322 1.79588070046157 1.62068253289908 1.68010623310693 1.68780575576238 1.72745198942721 1.07072808570229 1.65478384285234 1.65763318678364 1.57506394176744 1.64585063769482 1.37767977267504 1.12824651622213 1.50796038517728 1.41056160908192 1.22527949279174 1.22405540314503 0.958237632410601 1.55520528950728
1.24458171916194 1.06848523439839 1.37718242080882 1.58608838170767 0 1.36578879621811 1.63102697930299 1.04824999789707 1.61431158264168 1.12766119139269 0.942876853980124 0.953129190718755 1.48270361218601 1.50539172417484 0.908138802973554 1.55236891587265 1.79224790306762 1.04329094081186 1.26314676390029 1.74346558144316 0.963021623436362 1.42236392362975 0.965855774935335 1.78379333764315 1.18440680135973 1.49165770085528 1.44347124849446 1.68589022825472 1.10469530243427 0.908446012530476
0.98820138676092 1.10091626178473 1.33473943779245 1.52272366685793 1.36578879621811 0 1.05746649391949 0.954968413570896 1.24735829420388 1.65504562319256 0.981282863300294 1.24859387543984 1.75911799818277 0.897610701154917 1.04550945875235 1.71685757511295 1.317091825651 1.67604042286985 1.55509365769103 1.38796991063282 1.298989091767 1.13317427225411 1.16252311086282 1.75209700199775 1.79473614599556 1.675997574348 1.05547326686792 1.4569587605074 1.13267837790772 1.15170010528527
1.69291741005145 1.0621424689889 1.36261597857811 0.993139006895944 1.63102697930299 1.05746649391949 0 1.09761893935502 1.24450130877085 1.43945950409397 1.51159689994529 1.83208818105049 1.60976600181311 1.24160231975839 1.55548014305532 1.43564957589842 1.48447918263264 1.47041962528601 0.956554324133322 1.4748635799624 1.47573016630486 1.60468009766191 1.13234765082598 0.936263503273949 1.10786601575091 1.29870154475793 1.63696701987647 1.30528856138699 1.3615200642962 1.83231864776462
1.00243666628376 1.32235856237821 1.18913302058354 1.56445386190899 1.04824999789707 0.954968413570896 1.09761893935502 0 1.39616327965632 1.60398010816425 1.43307985900901 1.71497760526836 1.62295111105777 1.22689573885873 1.7577346379403 1.64174054493196 1.67412543715909 1.75469871773385 1.83968051057309 1.39234749204479 1.01500751031563 1.22926943167113 1.49246179731563 1.78009848576039 0.945116569520906 1.1161649513524 1.01570668001659 1.53717624722049 1.85221630521119 0.970188032370061
1.56954367319122 1.63498426345177 1.24243794055656 0.934299408923835 1.61431158264168 1.24735829420388 1.24450130877085 1.39616327965632 0 1.74799971375614 1.40469686780125 1.311608646065 1.82779785012826 1.43845322285779 1.00645122071728 1.12553749373183 1.32665894157253 1.39540133066475 0.994582891231403 1.16908742138185 0.958456423133612 1.2039197969716 1.29327011294663 1.45359405176714 1.6999954180792 1.3669901448302 1.49889982840978 1.70838858443312 1.80312909069471 1.02091225958429
1.31125720660202 1.86398850055411 1.88164249574766 1.02576965419576 1.12766119139269 1.65504562319256 1.43945950409397 1.60398010816425 1.74799971375614 0 1.63847412355244 1.64455056143925 1.26637659780681 1.26912321778946 1.30086171464063 1.2202088246122 1.45505569060333 1.87964334269054 1.29592309310101 0.931331496220082 0.955562790390104 0.883067102171481 1.79043774632737 1.31388562824577 0.883721854304895 1.09369502821937 1.74585741898045 1.53716482454911 1.46896387590095 1.62472452060319
1.49731787783094 1.16487591620535 1.78616805747151 1.78039060207084 0.942876853980124 0.981282863300294 1.51159689994529 1.43307985900901 1.40469686780125 1.63847412355244 0 0.910956080304459 1.20872076856904 1.84276560530998 1.10578815033659 1.00763304159045 1.02207267843187 1.65520567260683 1.00188344111666 1.50476554199122 1.34039918263443 1.18321157013997 1.19167168368585 1.20907295751385 1.38355513755232 1.59242773079313 1.65358444582671 1.84548292565159 1.65794208785519 1.58341881376691
1.43125505023636 1.51189610757865 1.61765649705194 1.52024528640322 0.953129190718755 1.24859387543984 1.83208818105049 1.71497760526836 1.311608646065 1.64455056143925 0.910956080304459 0 1.11830356204882 1.40338061819784 1.5192752990406 1.59174892306328 1.60389164090157 1.86672035697848 1.1589902760461 1.599986204179 1.29160270723514 1.23416346474551 1.09918719436973 1.31972217140719 1.730747256428 1.19133294490166 1.17091989191249 1.77269657677971 1.58262692438439 1.32810844737105
1.72549540689215 1.7438929406926 1.21286593703553 1.79588070046157 1.48270361218601 1.75911799818277 1.60976600181311 1.62295111105777 1.82779785012826 1.26637659780681 1.20872076856904 1.11830356204882 0 1.07056913268752 1.09582442580722 1.1115676893387 1.4132885504514 1.8714455133304 1.08289627544582 1.02323740837164 1.55719587136991 1.48476778133772 1.74945648433641 0.957141132792458 0.894254867918789 0.944739466533065 1.28350113565102 1.85176261211745 1.52487013535574 1.6772358068265
1.30639857356437 1.4567182068713 0.995042170863599 1.62068253289908 1.50539172417484 0.897610701154917 1.24160231975839 1.22689573885873 1.43845322285779 1.26912321778946 1.84276560530998 1.40338061819784 1.07056913268752 0 1.55182624724694 1.68516988866031 1.59414933389053 1.3438861258328 0.88870114646852 1.31050305254757 1.65370462019928 0.884690506383777 0.99038607859984 1.73954637860879 1.22227661474608 1.46757526998408 1.44544836995192 1.31138295633718 1.4000517220702 0.973432689206675
0.949570115655661 1.28358339448459 1.11734634125605 1.68010623310693 0.908138802973554 1.04550945875235 1.55548014305532 1.7577346379403 1.00645122071728 1.30086171464063 1.10578815033659 1.5192752990406 1.09582442580722 1.55182624724694 0 1.05758508038707 1.66624998510815 1.68393101915717 1.4550287979655 1.67123098415323 1.35150260501541 1.82508376124315 1.24273177073337 1.44673606008291 1.00598915433511 1.68973208894022 1.01878466876224 1.49397089798003 1.27972947969101 1.6219879554119
1.19092940748669 1.59088396234438 1.54187964322045 1.68780575576238 1.55236891587265 1.71685757511295 1.43564957589842 1.64174054493196 1.12553749373183 1.2202088246122 1.00763304159045 1.59174892306328 1.1115676893387 1.68516988866031 1.05758508038707 0 0.88723197998479 1.50770573271438 1.29107657354325 1.18177079060115 1.31685659196228 1.46542131248862 1.51282981224358 1.70144528802484 1.30599653930403 1.24523175833747 1.77432543737814 1.61601889296435 1.60346914781258 1.12339536729269
1.20723732304759 1.15277778822929 1.35532795242034 1.72745198942721 1.79224790306762 1.317091825651 1.48447918263264 1.67412543715909 1.32665894157253 1.45505569060333 1.02207267843187 1.60389164090157 1.4132885504514 1.59414933389053 1.66624998510815 0.88723197998479 0 0.971533285221085 1.83575407089666 1.3104932338465 0.991720386780798 1.74798503261991 1.31822273135185 0.961960608372465 1.09647863311693 1.87366575794294 1.7102228840813 1.71180979791097 1.25902425101958 1.34748247405514
1.55536707723513 0.916205167304724 1.65157905453816 1.07072808570229 1.04329094081186 1.67604042286985 1.47041962528601 1.75469871773385 1.39540133066475 1.87964334269054 1.65520567260683 1.86672035697848 1.8714455133304 1.3438861258328 1.68393101915717 1.50770573271438 0.971533285221085 0 1.22367412224412 1.42991147865541 1.09923025313765 1.62604824453592 1.75528622069396 1.7830802234821 1.8432993022725 1.53586675366387 1.43231508694589 1.72764576808549 1.16768861468881 1.11401355196722
0.924748629098758 1.77624790277332 0.90142026799731 1.65478384285234 1.26314676390029 1.55509365769103 0.956554324133322 1.83968051057309 0.994582891231403 1.29592309310101 1.00188344111666 1.1589902760461 1.08289627544582 0.88870114646852 1.4550287979655 1.29107657354325 1.83575407089666 1.22367412224412 0 1.34312663576566 1.68491746368818 1.21698388038203 1.18960752733983 1.50478050042875 1.56394164287485 1.80603867559694 1.47003214107826 1.52622645464726 1.39724895381369 1.26113963290118
1.48894411977381 1.30266863829456 1.64564821729437 1.65763318678364 1.74346558144316 1.38796991063282 1.4748635799624 1.39234749204479 1.16908742138185 0.931331496220082 1.50476554199122 1.599986204179 1.02323740837164 1.31050305254757 1.67123098415323 1.18177079060115 1.3104932338465 1.42991147865541 1.34312663576566 0 1.8514050685335 0.944126925431192 1.24875004286878 1.03548140078783 1.72564926324412 1.19492891477421 1.78427492873743 1.17381050926633 1.61559143918566 1.23411383666098
1.83575879177079 1.77191268862225 0.926079705357552 1.57506394176744 0.963021623436362 1.298989091767 1.47573016630486 1.01500751031563 0.958456423133612 0.955562790390104 1.34039918263443 1.29160270723514 1.55719587136991 1.65370462019928 1.35150260501541 1.31685659196228 0.991720386780798 1.09923025313765 1.68491746368818 1.8514050685335 0 1.20951952878386 1.31349288509227 1.72862758371048 1.14326915028505 1.87474887724966 1.16185403359123 1.40400135773234 1.24818890169263 1.76646177470684
1.369079207303 1.87640430545434 1.52419839263894 1.64585063769482 1.42236392362975 1.13317427225411 1.60468009766191 1.22926943167113 1.2039197969716 0.883067102171481 1.18321157013997 1.23416346474551 1.48476778133772 0.884690506383777 1.82508376124315 1.46542131248862 1.74798503261991 1.62604824453592 1.21698388038203 0.944126925431192 1.20951952878386 0 1.80846237647347 1.10200097202323 1.18458507442847 1.53678411478177 1.28162508015521 1.16479536914267 1.17441922449507 1.28611347125843
1.12514892802574 1.24865800514817 1.02357893111184 1.37767977267504 0.965855774935335 1.16252311086282 1.13234765082598 1.49246179731563 1.29327011294663 1.79043774632737 1.19167168368585 1.09918719436973 1.74945648433641 0.99038607859984 1.24273177073337 1.51282981224358 1.31822273135185 1.75528622069396 1.18960752733983 1.24875004286878 1.31349288509227 1.80846237647347 0 1.58088538376614 1.19607551232912 1.29180955933407 1.22010304383002 1.73240042501129 1.71927910274826 1.07812886266038
1.17138802935369 1.75526111898944 1.83567813644186 1.12824651622213 1.78379333764315 1.75209700199775 0.936263503273949 1.78009848576039 1.45359405176714 1.31388562824577 1.20907295751385 1.31972217140719 0.957141132792458 1.73954637860879 1.44673606008291 1.70144528802484 0.961960608372465 1.7830802234821 1.50478050042875 1.03548140078783 1.72862758371048 1.10200097202323 1.58088538376614 0 1.65485963714309 1.02065125713125 0.981227888027206 1.81339693861082 1.56103929248638 1.81248379824683
1.53313003666699 1.79100790969096 1.12663269019686 1.50796038517728 1.18440680135973 1.79473614599556 1.10786601575091 0.945116569520906 1.6999954180792 0.883721854304895 1.38355513755232 1.730747256428 0.894254867918789 1.22227661474608 1.00598915433511 1.30599653930403 1.09647863311693 1.8432993022725 1.56394164287485 1.72564926324412 1.14326915028505 1.18458507442847 1.19607551232912 1.65485963714309 0 1.60000625858083 1.45460450369865 1.62193431332707 1.7141298414208 1.53977421368472
1.83786052605137 1.85403762990609 1.16698458581232 1.41056160908192 1.49165770085528 1.675997574348 1.29870154475793 1.1161649513524 1.3669901448302 1.09369502821937 1.59242773079313 1.19133294490166 0.944739466533065 1.46757526998408 1.68973208894022 1.24523175833747 1.87366575794294 1.53586675366387 1.80603867559694 1.19492891477421 1.87474887724966 1.53678411478177 1.29180955933407 1.02065125713125 1.60000625858083 0 1.01040847878903 0.982517119497061 1.49767139018513 1.48338716686703
1.41568164248019 1.29688951559365 0.957886876538396 1.22527949279174 1.44347124849446 1.05547326686792 1.63696701987647 1.01570668001659 1.49889982840978 1.74585741898045 1.65358444582671 1.17091989191249 1.28350113565102 1.44544836995192 1.01878466876224 1.77432543737814 1.7102228840813 1.43231508694589 1.47003214107826 1.78427492873743 1.16185403359123 1.28162508015521 1.22010304383002 0.981227888027206 1.45460450369865 1.01040847878903 0 1.16227137087844 1.00397830922157 1.72167889215052
1.16733218007721 1.22160754702054 1.31547231692821 1.22405540314503 1.68589022825472 1.4569587605074 1.30528856138699 1.53717624722049 1.70838858443312 1.53716482454911 1.84548292565159 1.77269657677971 1.85176261211745 1.31138295633718 1.49397089798003 1.61601889296435 1.71180979791097 1.72764576808549 1.52622645464726 1.17381050926633 1.40400135773234 1.16479536914267 1.73240042501129 1.81339693861082 1.62193431332707 0.982517119497061 1.16227137087844 0 1.73403632035479 1.06142648728564
1.6285882240627 1.79927455005236 1.75973791163415 0.958237632410601 1.10469530243427 1.13267837790772 1.3615200642962 1.85221630521119 1.80312909069471 1.46896387590095 1.65794208785519 1.58262692438439 1.52487013535574 1.4000517220702 1.27972947969101 1.60346914781258 1.25902425101958 1.16768861468881 1.39724895381369 1.61559143918566 1.24818890169263 1.17441922449507 1.71927910274826 1.56103929248638 1.7141298414208 1.49767139018513 1.00397830922157 1.73403632035479 0 0.96148077538237
0.951090956572443 1.38217497058213 1.30158285051584 1.55520528950728 0.908446012530476 1.15170010528527 1.83231864776462 0.970188032370061 1.02091225958429 1.62472452060319 1.58341881376691 1.32810844737105 1.6772358068265 0.973432689206675 1.6219879554119 1.12339536729269 1.34748247405514 1.11401355196722 1.26113963290118 1.23411383666098 1.76646177470684 1.28611347125843 1.07812886266038 1.81248379824683 1.53977421368472 1.48338716686703 1.72167889215052 1.06142648728564 0.96148077538237 0
