0 0.96549079590477 0.999724243534729 1.60087903076783 1.0819208973553 1.85942031652667 1.197693210328 1.65198951913044 1.17308898107149 1.18352738907561 1.74634353467263 1.28396030771546 1.34669330343604 1.57794112269767 1.35966688813642 1.91105499560945 1.43886025296524 1.89253718894906 1.38369980361313 1.42830089223571 1.21886199573055 1.41911199642345 1.87140446249396 1.49991880147718 1.6305095013231 1.91305641713552 1.29889726615511 1.59233135683462 1.48858938459307 1.86349795525894
0.96549079590477 0 1.81918128253892 0.952484857523814 1.05751422722824 1.34922285401262 1.9077839939855 1.20215644245036 1.66243729158305 1.18377456720918 1.38858021073975 1.37290470325388 1.8428525342606 1.52904209727421 1.71260886546224 0.99093874823302 1.14993272093125 1.67621446214616 1.59470771392807 1.3811453843955 1.76017552427948 1.25609035231173 1.00994977308437 1.07542421575636 1.88764816732146 1.14295397396199 1.32147901272401 1.50128837721422 1.51898421230726 1.50017758994363
0.999724243534729 1.81918128253892 0 1.02638498879969 1.48131171311252 1.1965169259347 1.25135066756047 1.20630452572368 1.83684516488574 1.53603116539307 1.65014611068182 1.07764851604588 1.40727909537964 1.60128047666512 1.68521618517116 1.51813691621646 1.36389440274797 1.16678986907937 1.64173210132867 1.42514269566163 1.2363231270574 1.5798147500027 1.00208862731233 1.81195030640811 1.75237088906579 1.07930403784849 1.1668431411963 1.32318647485226 1.73595452192239 1.59532028483227
1.60087903076783 0.952484857523814 1.02638498879969 0 1.15023866505362 1.4723005106207 1.92946675932035 1.12910029757768 1.00074845459312 1.23118349350989 1.53729411307722 1.31696837302297 1.39435809943825 1.70126299490221 1.76342997001484 1.68362070550211 1.49835800519213 1.15279736951925 1.21544171706773 1.17245270241983 1.80339408153668 1.74201866914518 1.28790748259053 0.998043700587004 1.76076218346134 1.59738700184971 1.78451951756142 1.16877571353689 1.05966023914516 1.4369452346582
1.0819208973553 1.05751422722824 1.48131171311252 1.15023866505362 0 1.5731590334326 1.20666438806802 1.45214296178892 1.4539290824905 1.22129983780906 0.95752385398373 1.02516870154068 1.07077074307017 1.83428603573702 1.17097453889437 1.09974159696139 1.19153135479428 1.05860561458394 1.08302222308703 1.93755821674131 1.6814195625484 1.49757667561062 1.31778559228405 0.991892658639699 1.2417185229715 1.30169720645063 1.13801159360446 1.13541521364823 1.02536705089733 1.10312140989117
1.85942031652667 1.34922285401262 1.1965169259347 1.4723005106207 1.5731590334326 0 1.27150466525927 1.83952723210678 1.67682140693069 1.32578529557213 1.27139528957196 1.28159645199776 1.43986539891921 0.992373462533578 1.3051532402169 1.14264944801107 1.75550453481264 1.9355627426412 1.35641340492293 1.85478596342728 1.89791037258692 1.52037933957763 1.74018470244482 1.02874193596654 1.01029001944698 1.08272830094211 1.01603333791718 1.51983579667285 1.15421252185479 1.6952561866492
1.197693210328 1.9077839939855 1.25135066756047 1.92946675932035 1.20666438806802 1.27150466525927 0 1.91325632249936 1.67166358674876 1.67355701630004 1.25301320874132 1.58873890223913 1.46831012936309 1.41972671775147 1.46770484535955 1.17976434878074 0.990893257781863 1.56379652046598 1.84760332969017 1.85349056939594 1.85180805018172 1.20964822801761 1.05316955316812 0.958696438465267 1.67498975992203 1.64938420429826 1.77451708866283 1.27997501334175 1.67765273479745 1.93391327979043
1.65198951913044 1.20215644245036 1.20630452572368 1.12910029757768 1.45214296178892 1.83952723210678 1.91325632249936 0 1.76407636096701 1.64645435428247 1.08217319031246 1.59893977362663 1.38457732694224 0.953575749183074 0.950107578188181 1.31672734441236 1.34323760587722 1.93365577701479 1.23631639569066 1.93800074164756 0.962854439858347 1.66054605855606 0.970234692795202 1.28543707402423 1.44198635825887 1.82782505406067 1.43691029329784 1.41002726834267 1.62541276006959 1.21364385331981
1.17308898107149 1.66243729158305 1.83684516488574 1.00074845459312 1.4539290824905 1.67682140693069 1.67166358674876 1.76407636096701 0 1.30781319970265 1.18682137620635 1.37983539397828 1.43420101515949 0.980588792823255 1.51515019568615 1.43739545880817 1.26321083935909 1.90495757502504 1.90243514324538 1.80099349026568 1.15016298857518 1.27988534746692 1.6980162798427 1.637517739553 0.975486398208886 1.45330609218217 1.57016451354139 1.19036270515062 1.48618774465285 1.50509479572065
1.18352738907561 1.18377456720918 1.53603116539307 1.23118349350989 1.22129983780906 1.32578529557213 1.67355701630004 1.64645435428247 1.30781319970265 0 1.54514890955761 1.67277655098587 1.82953914045356 1.1769055321347 1.3377556563355 1.72245660470799 1.94011884881184 1.86788635072298 1.64058987493627 1.59104317030869 1.00435374840163 1.94086326053366 1.53975289664231 1.00651564565487 1.66973453341052 0.992485153488815 1.7813150160946 1.17823909246363 1.00280143995769 1.37545550009236
1.74634353467263 1.38858021073975 1.65014611068182 1.53729411307722 0.95752385398373 1.27139528957196 1.25301320874132 1.08217319031246 1.18682137620635 1.54514890955761 0 1.37308662640862 0.983819817658514 1.66018540598452 1.30160670401528 1.60178073006682 1.16271961969323 1.55062880483456 1.00650774221867 1.05163566581905 1.52120402106084 1.03463014448062 1.24968214216642 1.81575998384506 1.56337169068865 0.958497652318329 1.67423098743893 1.76410521310754 1.85342807043344 1.63739371229894
1.28396030771546 1.37290470325388 1.07764851604588 1.31696837302297 1.02516870154068 1.28159645199776 1.58873890223913 1.59893977362663 1.37983539397828 1.67277655098587 1.37308662640862 0 1.27628639782779 1.81584669253789 1.31210504937917 1.78326695715077 1.62651012884453 1.64953547646292 1.76131354225799 1.84758136048913 1.44399972702377 1.77634339639917 1.60966974380426 1.66267686802894 1.91544749611057 1.90251173987053 1.34880446712486 1.46118800179102 1.19132783659734 1.56670283270068
1.34669330343604 1.8428525342606 1.40727909537964 1.39435809943825 1.07077074307017 1.43986539891921 1.46831012936309 1.38457732694224 1.43420101515949 1.82953914045356 0.983819817658514 1.27628639782779 0 1.50446869269945 1.00415903283283 1.93131272098981 1.01957481144927 1.34728955873288 1.35844287322834 1.67666235729121 0.99028092273511 1.61305852886289 1.67041767714545 1.27074895147234 1.1916132485494 1.20085183461197 1.23891877825372 1.0606645308435 1.1979777708184 1.87797136721201
1.57794112269767 1.52904209727421 1.60128047666512 1.70126299490221 1.83428603573702 0.992373462533578 1.41972671775147 0.953575749183074 0.980588792823255 1.1769055321347 1.66018540598452 1.81584669253789 1.50446869269945 0 1.88533097621985 1.85984619776718 1.58839575550519 1.19867265876383 1.42480246559717 1.74369575688615 1.88683648663573 1.00382211524993 1.01464528450742 1.15191404614598 1.38525491114706 1.37233420182019 1.73322116211057 1.06399430660531 1.45367988129146 1.1908892900683
1.35966688813642 1.71260886546224 1.68521618517116 1.76342997001484 1.17097453889437 1.3051532402169 1.46770484535955 0.950107578188181 1.51515019568615 1.3377556563355 1.30160670401528 1.31210504937917 1.00415903283283 1.88533097621985 0 1.61877350579016 0.976335908984765 1.02908949553967 1.78122573392466 1.12837904272601 1.48234575265087 1.350496314466 1.76112453150563 1.16984766116366 1.18033092748374 1.85153860668652 1.7577282092534 1.40386398509145 1.79510092549026 1.81046827114187
1.91105499560945 0.99093874823302 1.51813691621646 1.68362070550211 1.09974159696139 1.14264944801107 1.17976434878074 1.31672734441236 1.43739545880817 1.72245660470799 1.60178073006682 1.78326695715077 1.93131272098981 1.85984619776718 1.61877350579016 0 1.21596661023796 1.35595980170183 1.44352855766192 1.84711088077165 1.37211390119046 1.45980258472264 1.33031159243546 1.41854683379643 1.3794699977152 1.61227872013114 0.95982760284096 1.82393245422281 1.21147013455629 1.84043508674949
1.43886025296524 1.14993272093125 1.36389440274797 1.49835800519213 1.19153135479428 1.75550453481264 0.990893257781863 1.34323760587722 1.26321083935909 1.94011884881184 1.16271961969323 1.62651012884453 1.01957481144927 1.58839575550519 0.976335908984765 1.21596661023796 0 1.92884340346791 1.68712584814057 1.48746443609707 1.60067562619224 1.45772356237285 1.18431545607746 1.72795101930387 1.49304728046991 1.29212956153788 1.1352951747831 1.92762165446766 1.23000367241912 1.86633867444471
1.89253718894906 1.67621446214616 1.16678986907937 1.15279736951925 1.05860561458394 1.9355627426412 1.56379652046598 1.93365577701479 1.90495757502504 1.86788635072298 1.55062880483456 1.64953547646292 1.34728955873288 1.19867265876383 1.02908949553967 1.35595980170183 1.92884340346791 0 1.83751262840815 1.90172274480574 1.50942960521206 1.85486444155686 1.23550936556421 1.59012252511457 1.68223529052921 1.39627879927866 1.41275056032464 1.03412364749238 1.94299752800725 1.87168236868456
1.38369980361313 1.59470771392807 1.64173210132867 1.21544171706773 1.08302222308703 1.35641340492293 1.84760332969017 1.23631639569066 1.90243514324538 1.64058987493627 1.00650774221867 1.76131354225799 1.35844287322834 1.42480246559717 1.78122573392466 1.44352855766192 1.68712584814057 1.83751262840815 0 1.79545010207221 1.79065057286061 0.974497494287789 1.1830007340759 1.05391620728187 1.90895810676739 1.38523192936555 1.2284786014352 0.993682843632996 1.21931325178593 1.20887538627721
1.42830089223571 1.3811453843955 1.42514269566163 1.17245270241983 1.93755821674131 1.85478596342728 1.85349056939594 1.93800074164756 1.80099349026568 1.59104317030869 1.05163566581905 1.84758136048913 1.67666235729121 1.74369575688615 1.12837904272601 1.84711088077165 1.48746443609707 1.90172274480574 1.79545010207221 0 1.11343108792789 1.13293389626779 1.8495808057487 1.58906775875948 1.03003721544519 1.54110948205926 1.21990306698717 1.11447656597011 1.52427325421013 1.90957368304953
1.21886199573055 1.76017552427948 1.2363231270574 1.80339408153668 1.6814195625484 1.89791037258692 1.85180805018172 0.962854439858347 1.15016298857518 1.00435374840163 1.52120402106084 1.44399972702377 0.99028092273511 1.88683648663573 1.48234575265087 1.37211390119046 1.60067562619224 1.50942960521206 1.79065057286061 1.11343108792789 0 1.17788092372939 1.93308913265355 1.14784403587691 1.37236695550382 1.72604973427951 0.999837658600882 1.8430913425982 1.47892336221412 1.04294690024108
1.41911199642345 1.25609035231173 1.5798147500027 1.74201866914518 1.49757667561062 1.52037933957763 1.20964822801761 1.66054605855606 1.27988534746692 1.94086326053366 1.03463014448062 1.77634339639917 1.61305852886289 1.00382211524993 1.350496314466 1.45980258472264 1.45772356237285 1.85486444155686 0.974497494287789 1.13293389626779 1.17788092372939 0 1.3019877972547 1.80116598750465 1.43358528474346 1.61542053497396 1.01815892872401 1.72717993916012 1.13845801749267 1.11137296445668
1.87140446249396 1.00994977308437 1.00208862731233 1.28790748259053 1.31778559228405 1.74018470244482 1.05316955316812 0.970234692795202 1.6980162798427 1.53975289664231 1.24968214216642 1.60966974380426 1.67041767714545 1.01464528450742 1.76112453150563 1.33031159243546 1.18431545607746 1.23550936556421 1.1830007340759 1.8495808057487 1.93308913265355 1.3019877972547 0 1.01783896028064 1.72231507953256 1.70191766740754 1.52147650532424 1.18101348914206 1.92968519078568 1.71343426429667
1.49991880147718 1.07542421575636 1.81195030640811 0.998043700587004 0.991892658639699 1.02874193596654 0.958696438465267 1.28543707402423 1.637517739553 1.00651564565487 1.81575998384506 1.66267686802894 1.27074895147234 1.15191404614598 1.16984766116366 1.41854683379643 1.72795101930387 1.59012252511457 1.05391620728187 1.58906775875948 1.14784403587691 1.80116598750465 1.01783896028064 0 1.447259839857 0.952367446618155 1.5130244162865 1.78583431406878 1.44235745305195 1.8271746179089
1.6305095013231 1.88764816732146 1.75237088906579 1.76076218346134 1.2417185229715 1.01029001944698 1.67498975992203 1.44198635825887 0.975486398208886 1.66973453341052 1.56337169068865 1.91544749611057 1.1916132485494 1.38525491114706 1.18033092748374 1.3794699977152 1.49304728046991 1.68223529052921 1.90895810676739 1.03003721544519 1.37236695550382 1.43358528474346 1.72231507953256 1.447259839857 0 1.89502550289035 1.47833850653842 1.94406387675554 1.87159229489043 1.70968091161922
1.91305641713552 1.14295397396199 1.07930403784849 1.59738700184971 1.30169720645063 1.08272830094211 1.64938420429826 1.82782505406067 1.45330609218217 0.992485153488815 0.958497652318329 1.90251173987053 1.20085183461197 1.37233420182019 1.85153860668652 1.61227872013114 1.29212956153788 1.39627879927866 1.38523192936555 1.54110948205926 1.72604973427951 1.61542053497396 1.70191766740754 0.952367446618155 1.89502550289035 0 1.67188339447603 1.49996231938712 1.55122235254385 1.43328787083738
1.29889726615511 1.32147901272401 1.1668431411963 1.78451951756142 1.13801159360446 1.01603333791718 1.77451708866283 1.43691029329784 1.57016451354139 1.7813150160946 1.67423098743893 1.34880446712486 1.23891877825372 1.73322116211057 1.7577282092534 0.95982760284096 1.1352951747831 1.41275056032464 1.2284786014352 1.21990306698717 0.999837658600882 1.01815892872401 1.52147650532424 1.5130244162865 1.47833850653842 1.67188339447603 0 1.27218852145597 1.46949233789928 1.70173832704313
1.59233135683462 1.50128837721422 1.32318647485226 1.16877571353689 1.13541521364823 1.51983579667285 1.27997501334175 1.41002726834267 1.19036270515062 1.17823909246363 1.76410521310754 1.46118800179102 1.0606645308435 1.06399430660531 1.40386398509145 1.82393245422281 1.92762165446766 1.03412364749238 0.993682843632996 1.11447656597011 1.8430913425982 1.72717993916012 1.18101348914206 1.78583431406878 1.94406387675554 1.49996231938712 1.27218852145597 0 1.93379687587731 1.03876398527063
1.48858938459307 1.51898421230726 1.73595452192239 1.05966023914516 1.02536705089733 1.15421252185479 1.67765273479745 1.62541276006959 1.48618774465285 1.00280143995769 1.85342807043344 1.19132783659734 1.1979777708184 1.45367988129146 1.79510092549026 1.21147013455629 1.23000367241912 1.94299752800725 1.21931325178593 1.52427325421013 1.47892336221412 1.13845801749267 1.92968519078568 1.44235745305195 1.87159229489043 1.55122235254385 1.46949233789928 1.93379687587731 0 1.79003594769165
1.86349795525894 1.50017758994363 1.59532028483227 1.4369452346582 1.10312140989117 1.6952561866492 1.93391327979043 1.21364385331981 1.50509479572065 1.37545550009236 1.63739371229894 1.56670283270068 1.87797136721201 1.1908892900683 1.81046827114187 1.84043508674949 1.86633867444471 1.87168236868456 1.20887538627721 1.90957368304953 1.04294690024108 1.11137296445668 1.71343426429667 1.8271746179089 1.70968091161922 1.43328787083738 1.70173832704313 1.03876398527063 1.79003594769165 0
