0 1.40336126415059 1.10031498689204 1.5473055196926 1.46871997159906 1.28942648484372 1.69082963140681 1.45446167304181 1.18430288787931 1.01692590652965 1.93021623929963 1.24912147969007 1.49366335850209 1.41854162025265 1.81369258509949 1.96474687079899 1.64778597932309 1.63729450898245 1.5394102470018 1.19707800028846 0.998858239036053 1.51127888215706 1.74925117078237 1.8310483188834 1.84077281993814 1.35001564538106 1.4435948766768 1.25918296561576 1.48559752595611 1.66935484553687
1.40336126415059 0 1.87288697203621 1.28168892301619 1.60577034717426 1.25730228377506 1.00443740957417 1.30849184421822 1.67472351808101 1.93352066818625 1.20996758202091 1.76570538803935 1.61163664120249 1.74637675681151 1.79875108320266 1.95847875229083 1.37620497588068 1.53087446559221 1.02017819648609 1.54529181751423 0.992478128289804 1.95309145608917 1.49233185406774 1.85365704330616 0.997996583580971 1.48583991406485 1.77803465933539 1.85681033087894 1.83116041892208 0.992652270244434
1.10031498689204 1.87288697203621 0 1.87617524131201 1.32329936348833 1.73046623589471 1.74970482196659 1.63582396204583 1.9332910538651 1.58096033032052 1.89707358321175 1.65565879829228 1.79428527737036 1.93698658957146 1.27955164271407 1.12852074438706 1.43987262365408 1.62820364488289 1.03305603074841 1.81043115840293 1.85111578856595 1.64822075655684 1.12895756168291 1.28329194174148 1.53859690786339 1.23536162753589 0.979449944104999 1.58285951381549 1.41537032998167 1.64174968749285
1.5473055196926 1.28168892301619 1.87617524131201 0 1.86289395648055 1.00925663113594 1.64512168965302 1.5593781217467 1.94131097733043 1.0111774855759 1.58380486932583 1.2309503229335 1.24678028235212 1.21594448620453 1.62904944736511 1.35544806788675 1.25701204291545 0.972255693981424 1.05514170927927 1.55872058565728 1.01813559187576 1.5125349261798 1.10470691579394 1.34412053995766 1.75733503443189 1.36107682832517 1.23841772740707 1.82996993116103 1.82049113465473 1.88352775783278
1.46871997159906 1.60577034717426 1.32329936348833 1.86289395648055 0 1.63286836119369 1.34160015755333 1.65490971086547 0.981785591691732 1.4145256311167 1.64681705343537 1.07216812530532 1.34061518264934 1.12894460884854 1.9327709779609 1.42162716458552 1.35404043691233 1.89723893557675 1.94673587172292 1.55363784474321 1.45979728316888 1.52504739863798 1.33283150824718 1.58402066444978 1.27658325457014 1.25169880944304 1.15937108383514 1.12582358648069 1.86860753805377 1.20216938084923
1.28942648484372 1.25730228377506 1.73046623589471 1.00925663113594 1.63286836119369 0 1.56696365354583 1.59462175378576 1.68209572602063 1.67958550527692 1.40456966147758 1.91455261711963 1.26534621417522 1.17672089440748 1.96074655861594 1.66541471634991 1.33883981290273 1.31492849835195 1.37907812790945 1.28640080988407 1.43075039517134 1.84891604608856 1.36141937971115 1.5337870544754 1.72239259374328 1.85513346432708 1.37336121522821 1.72564465156756 1.93534048646688 1.43746475828812
1.69082963140681 1.00443740957417 1.74970482196659 1.64512168965302 1.34160015755333 1.56696365354583 0 1.25733109773137 0.981054903473705 1.67869632621296 1.71904662786983 1.23013661708683 1.5841157855466 1.56641111220233 1.39028655947186 1.18020631745458 1.26794643839821 1.43755832733586 1.10084007959813 1.60893166041933 1.05290886154398 1.58670074236579 1.42659912328236 1.10746634122916 1.17685516248457 1.73217758606188 1.84056994668208 1.06520318519324 1.56987385964021 1.60894297785126
1.45446167304181 1.30849184421822 1.63582396204583 1.5593781217467 1.65490971086547 1.59462175378576 1.25733109773137 0 1.13415122427978 1.94117071758956 1.18281079572625 1.0623164139688 1.36895454535261 1.92408367386088 1.48225440271199 1.54508912330493 1.86569390259683 1.12438176968135 1.58598827617243 1.61565640638582 1.30979653052054 1.35223593562841 1.12029905174859 1.62382057751529 1.13159222737886 1.30552169913426 1.57458161562681 1.1308856967371 1.52715083770454 1.94003661279567
1.18430288787931 1.67472351808101 1.9332910538651 1.94131097733043 0.981785591691732 1.68209572602063 0.981054903473705 1.13415122427978 0 1.42320690443739 1.85409209132195 1.96137082809582 1.22978473920375 1.25763112516142 1.71668705902994 1.86894108518027 1.56441599386744 1.89672996173613 1.11129322950728 1.264246417908 1.08139197761193 1.7240642264951 1.11037516454235 1.61021559662186 1.80264897784218 1.2749445841182 1.74117155047134 1.63012477289885 1.58988062967546 1.8131557025481
1.01692590652965 1.93352066818625 1.58096033032052 1.0111774855759 1.4145256311167 1.67958550527692 1.67869632621296 1.94117071758956 1.42320690443739 0 1.64366387948394 1.04254021844827 1.01903774682432 1.28182790474966 0.982051157625392 1.28064404637553 1.52736922097392 1.33236617292278 1.13693637470715 1.2032373752445 1.76530205341987 1.73370662890375 1.24938838672824 1.13523164973594 1.32608202821575 1.73573094210587 1.71532991249114 1.92910643946379 0.979205921292305 1.89735236694105
1.93021623929963 1.20996758202091 1.89707358321175 1.58380486932583 1.64681705343537 1.40456966147758 1.71904662786983 1.18281079572625 1.85409209132195 1.64366387948394 0 1.78118536365218 1.24107026844285 1.22189881233498 1.2314586637076 1.82300381711684 1.69294341118075 1.4499406167306 1.97027869988233 1.80058356490918 1.6068352216389 1.5022274737712 1.04334955406375 1.4751304811798 1.22848445596173 1.44075953494757 1.23393287556246 1.36893062782474 1.44535226700827 1.19242556043901
1.24912147969007 1.76570538803935 1.65565879829228 1.2309503229335 1.07216812530532 1.91455261711963 1.23013661708683 1.0623164139688 1.96137082809582 1.04254021844827 1.78118536365218 0 1.92711431416683 1.86262578750029 1.69672667467967 1.34751013247296 1.38760827528313 1.70548615371808 1.83347606519237 1.20523569500074 1.82484364998527 0.971266591222957 1.61320598027669 1.42596664396115 1.27620693971403 1.64105092966929 1.84562419028953 1.34126810752787 1.83923114556819 1.81255940860137
1.49366335850209 1.61163664120249 1.79428527737036 1.24678028235212 1.34061518264934 1.26534621417522 1.5841157855466 1.36895454535261 1.22978473920375 1.01903774682432 1.24107026844285 1.92711431416683 0 1.58300274284557 1.88922432484105 1.62633557524532 1.09408370801248 1.95962894894183 1.46203372371383 1.56499905418605 1.1857478369493 1.80481229932047 1.66479262569919 0.988202670356259 1.5559932931792 1.67237540241331 1.21733501320705 1.34309762483463 1.81925012427382 1.22359747858718
1.41854162025265 1.74637675681151 1.93698658957146 1.21594448620453 1.12894460884854 1.17672089440748 1.56641111220233 1.92408367386088 1.25763112516142 1.28182790474966 1.22189881233498 1.86262578750029 1.58300274284557 0 1.80794041324407 1.78136393940076 1.36025280016474 1.89624791126698 1.57761325826868 1.52904881560244 1.44014690769836 1.77161465515383 1.47621290734969 1.0866136495024 1.67627687635832 1.68504604720511 1.73909422918223 1.3803745675832 1.17229890613817 1.50421124650165
1.81369258509949 1.79875108320266 1.27955164271407 1.62904944736511 1.9327709779609 1.96074655861594 1.39028655947186 1.48225440271199 1.71668705902994 0.982051157625392 1.2314586637076 1.69672667467967 1.88922432484105 1.80794041324407 0 1.10251641995274 1.79425538401119 0.997524561127648 1.77417581179179 1.31390389800072 1.59116886602715 1.52047447883524 1.19474394107237 1.3371991161257 1.0308165657334 1.5100001974497 1.43577036703937 1.5666156692896 1.9612570789177 1.83339891303331
1.96474687079899 1.95847875229083 1.12852074438706 1.35544806788675 1.42162716458552 1.66541471634991 1.18020631745458 1.54508912330493 1.86894108518027 1.28064404637553 1.82300381711684 1.34751013247296 1.62633557524532 1.78136393940076 1.10251641995274 0 1.04547381890006 1.84366381680593 1.00701419077814 1.09105058363639 1.43968291231431 1.78837508475408 1.04407615796663 1.37235029158182 1.12376711750403 1.7739097729791 1.73860667948611 1.90791716403328 1.8738759229891 1.14935195352882
1.64778597932309 1.37620497588068 1.43987262365408 1.25701204291545 1.35404043691233 1.33883981290273 1.26794643839821 1.86569390259683 1.56441599386744 1.52736922097392 1.69294341118075 1.38760827528313 1.09408370801248 1.36025280016474 1.79425538401119 1.04547381890006 0 1.21971132908948 1.82945954753086 1.83328287606128 1.5333534181118 1.09896834543906 1.65149706299417 1.31222010962665 1.43422265746631 1.39274814748205 1.06450629560277 1.5198578434065 1.41236637509428 1.44207874056883
1.63729450898245 1.53087446559221 1.62820364488289 0.972255693981424 1.89723893557675 1.31492849835195 1.43755832733586 1.12438176968135 1.89672996173613 1.33236617292278 1.4499406167306 1.70548615371808 1.95962894894183 1.89624791126698 0.997524561127648 1.84366381680593 1.21971132908948 0 1.3886979392264 1.11618666839786 1.27523045358248 1.4820496935863 1.27586346818134 1.11713665467687 1.19138484681025 1.12375259120017 1.22830859222449 1.83194497902878 1.46275800908916 1.47822903795168
1.5394102470018 1.02017819648609 1.03305603074841 1.05514170927927 1.94673587172292 1.37907812790945 1.10084007959813 1.58598827617243 1.11129322950728 1.13693637470715 1.97027869988233 1.83347606519237 1.46203372371383 1.57761325826868 1.77417581179179 1.00701419077814 1.82945954753086 1.3886979392264 0 1.48739812965505 1.91291541443206 1.36790953483433 1.21630767849274 1.36575305555016 1.4945387148764 1.08847611234523 1.57175992056727 1.86746848677285 1.81429372821003 1.34800864523277
1.19707800028846 1.54529181751423 1.81043115840293 1.55872058565728 1.55363784474321 1.28640080988407 1.60893166041933 1.61565640638582 1.264246417908 1.2032373752445 1.80058356490918 1.20523569500074 1.56499905418605 1.52904881560244 1.31390389800072 1.09105058363639 1.83328287606128 1.11618666839786 1.48739812965505 0 1.09623390296474 1.46471971203573 1.73781572887674 1.29175283014774 1.3395228299778 1.94119465514086 1.14922279887833 1.58812432875857 1.78971066139638 1.55338381393813
0.998858239036053 0.992478128289804 1.85111578856595 1.01813559187576 1.45979728316888 1.43075039517134 1.05290886154398 1.30979653052054 1.08139197761193 1.76530205341987 1.6068352216389 1.82484364998527 1.1857478369493 1.44014690769836 1.59116886602715 1.43968291231431 1.5333534181118 1.27523045358248 1.91291541443206 1.09623390296474 0 1.13325419207104 1.56776871415786 1.66455577709712 1.40565926744603 1.57400973024778 1.87705043517053 1.42158245900646 1.96323663485236 1.12148662516847
1.51127888215706 1.95309145608917 1.64822075655684 1.5125349261798 1.52504739863798 1.84891604608856 1.58670074236579 1.35223593562841 1.7240642264951 1.73370662890375 1.5022274737712 0.971266591222957 1.80481229932047 1.77161465515383 1.52047447883524 1.78837508475408 1.09896834543906 1.4820496935863 1.36790953483433 1.46471971203573 1.13325419207104 0 1.28787048859522 1.8814530163072 1.87598366988823 1.91218675160781 1.57965839840472 1.84848682535812 1.75127374241129 1.18597529525869
1.74925117078237 1.49233185406774 1.12895756168291 1.10470691579394 1.33283150824718 1.36141937971115 1.42659912328236 1.12029905174859 1.11037516454235 1.24938838672824 1.04334955406375 1.61320598027669 1.66479262569919 1.47621290734969 1.19474394107237 1.04407615796663 1.65149706299417 1.27586346818134 1.21630767849274 1.73781572887674 1.56776871415786 1.28787048859522 0 1.31940325163305 1.33269810094498 1.95106847211719 1.00133215566166 1.17178267752752 1.48660097597167 1.25977520737797
1.8310483188834 1.85365704330616 1.28329194174148 1.34412053995766 1.58402066444978 1.5337870544754 1.10746634122916 1.62382057751529 1.61021559662186 1.13523164973594 1.4751304811798 1.42596664396115 0.988202670356259 1.0866136495024 1.3371991161257 1.37235029158182 1.31222010962665 1.11713665467687 1.36575305555016 1.29175283014774 1.66455577709712 1.8814530163072 1.31940325163305 0 1.12235635449179 1.87256076326594 1.14418357424438 1.49820424267091 0.972676395904273 1.68873386550695
1.84077281993814 0.997996583580971 1.53859690786339 1.75733503443189 1.27658325457014 1.72239259374328 1.17685516248457 1.13159222737886 1.80264897784218 1.32608202821575 1.22848445596173 1.27620693971403 1.5559932931792 1.67627687635832 1.0308165657334 1.12376711750403 1.43422265746631 1.19138484681025 1.4945387148764 1.3395228299778 1.40565926744603 1.87598366988823 1.33269810094498 1.12235635449179 0 1.83156083384529 1.60740111768246 1.03090128139593 0.974202031968161 1.70663866680115
1.35001564538106 1.48583991406485 1.23536162753589 1.36107682832517 1.25169880944304 1.85513346432708 1.73217758606188 1.30552169913426 1.2749445841182 1.73573094210587 1.44075953494757 1.64105092966929 1.67237540241331 1.68504604720511 1.5100001974497 1.7739097729791 1.39274814748205 1.12375259120017 1.08847611234523 1.94119465514086 1.57400973024778 1.91218675160781 1.95106847211719 1.87256076326594 1.83156083384529 0 1.71226659882814 1.32408693921752 1.96666824957356 1.05847347876988
1.4435948766768 1.77803465933539 0.979449944104999 1.23841772740707 1.15937108383514 1.37336121522821 1.84056994668208 1.57458161562681 1.74117155047134 1.71532991249114 1.23393287556246 1.84562419028953 1.21733501320705 1.73909422918223 1.43577036703937 1.73860667948611 1.06450629560277 1.22830859222449 1.57175992056727 1.14922279887833 1.87705043517053 1.57965839840472 1.00133215566166 1.14418357424438 1.60740111768246 1.71226659882814 0 1.92788562201895 1.07781908102334 1.76669739908539
1.25918296561576 1.85681033087894 1.58285951381549 1.82996993116103 1.12582358648069 1.72564465156756 1.06520318519324 1.1308856967371 1.63012477289885 1.92910643946379 1.36893062782474 1.34126810752787 1.34309762483463 1.3803745675832 1.5666156692896 1.90791716403328 1.5198578434065 1.83194497902878 1.86746848677285 1.58812432875857 1.42158245900646 1.84848682535812 1.17178267752752 1.49820424267091 1.03090128139593 1.32408693921752 1.92788562201895 0 1.40541421808302 0.981018665013835
1.48559752595611 1.83116041892208 1.41537032998167 1.82049113465473 1.86860753805377 1.93534048646688 1.56987385964021 1.52715083770454 1.58988062967546 0.979205921292305 1.44535226700827 1.83923114556819 1.81925012427382 1.17229890613817 1.9612570789177 1.8738759229891 1.41236637509428 1.46275800908916 1.81429372821003 1.78971066139638 1.96323663485236 1.75127374241129 1.48660097597167 0.972676395904273 0.974202031968161 1.96666824957356 1.07781908102334 1.40541421808302 0 1.35223785811104
1.66935484553687 0.992652270244434 1.64174968749285 1.88352775783278 1.20216938084923 1.43746475828812 1.60894297785126 1.94003661279567 1.8131557025481 1.89735236694105 1.19242556043901 1.81255940860137 1.22359747858718 1.50421124650165 1.83339891303331 1.14935195352882 1.44207874056883 1.47822903795168 1.34800864523277 1.55338381393813 1.12148662516847 1.18597529525869 1.25977520737797 1.68873386550695 1.70663866680115 1.05847347876988 1.76669739908539 0.981018665013835 1.35223785811104 0
