0 0.965107834199443 1.74360516807064 0.984365760348737 1.0105713440571 1.73448436940089 1.07134057371877 1.64856261014938 1.38466239580885 1.74122525285929 1.07213469827548 1.47498137922958 1.55036953859963 1.70902387052774 1.48271803301759 1.31570149189793 1.81923640077002 1.76397041371092 1.84619418298826 1.26685981824994 1.13701677159406 1.86581265646964 1.49059694912285 1.89905829518102 1.77259248914197 1.03699118038639 1.70092623098753 1.48923059180379 1.61863042367622 1.57401140686125
0.965107834199443 0 1.88686815137044 1.00977953220718 1.27583321114071 1.10755378869362 1.71772666182369 1.14932193374261 1.25426398147829 1.06434442661703 1.77181112440303 1.37805734248832 1.48321171314456 1.18040235154331 1.79176486609504 0.991045904811472 1.81337061384693 1.29289107979275 0.97729931678623 1.08716943510808 1.07413678313605 1.11089792777784 1.18995904712938 1.37477100593969 1.50008934224024 1.45066828979179 1.61569842114113 1.44814993790351 1.63578971964307 1.59021034976467
1.74360516807064 1.88686815137044 0 1.82607036083937 1.3235274667386 1.26959741069004 1.23959303856827 1.52444073278457 1.89569596201181 1.34202609886415 1.57661452121101 1.93738439818844 1.23687629774213 1.48038733005524 1.5840057595633 0.963649811688811 1.92487297649495 1.41341758030467 1.89413971104659 0.982529909815639 1.47073914832436 1.45761315827258 1.51789692882448 1.25081680295989 1.12036653514951 1.36111939814873 1.40890552615747 1.87351811211556 1.47341586416587 1.73933965549804
0.984365760348737 1.00977953220718 1.82607036083937 0 1.89824856934138 1.50315588829108 0.986937034642324 1.87431238288991 1.55216302699409 1.39541763695888 1.95398825360462 1.08728276658803 1.6250478385482 1.05965703190304 1.84272708161734 1.92635463154875 1.4452342663426 1.57187507255003 0.960590447066352 1.06088703754358 1.53272941312753 1.57199077471159 1.32440080028027 1.76606484362856 1.77871616720222 1.36691720387898 1.41499798418954 1.87415172392502 1.11892015160993 1.86055485857651
1.0105713440571 1.27583321114071 1.3235274667386 1.89824856934138 0 1.44166567712091 1.5431625507772 1.33765490236692 1.35594599158503 1.58709940779954 1.68026334233582 1.90007385914214 1.47059049410746 1.80911658867262 1.21797398291528 1.00124006718397 1.32295427774079 1.94913698197342 1.31848366279155 1.19096480938606 1.88427873235196 1.65034774434753 1.20241819904186 1.04005486355163 1.18246874702163 1.72922917222604 1.61057110805996 1.92696356633678 1.24177176668309 0.990968049969524
1.73448436940089 1.10755378869362 1.26959741069004 1.50315588829108 1.44166567712091 0 1.69549390859902 1.43497430137359 1.82022108975798 1.28343747067265 1.39991554082371 1.2507752624806 1.51678000227548 1.34454082767479 1.54257762711495 1.83206143882126 1.62625484750606 1.5917417188175 1.35506005422212 0.986757923616096 1.94330584839918 1.11559681827202 0.965448230039328 1.21649452205747 1.90436228946783 1.57399599370547 1.66802291129716 1.05633650161326 1.43819671589881 1.39135888032615
1.07134057371877 1.71772666182369 1.23959303856827 0.986937034642324 1.5431625507772 1.69549390859902 0 1.20538393291645 1.82070913491771 1.48294524126686 1.41651696944609 1.05707879364491 1.66624354547821 1.10368486028165 1.56625175196677 1.00598312658258 0.97997255763039 1.31671352218837 1.06513442820869 1.61514882161282 1.67410022206604 1.60948777012527 1.82189168478362 1.72372929705307 1.1844002190046 0.98800870613195 1.2529747756198 1.62174118054099 1.16066633397713 1.57485185563564
1.64856261014938 1.14932193374261 1.52444073278457 1.87431238288991 1.33765490236692 1.43497430137359 1.20538393291645 0 1.02386050648056 0.962095452006906 1.86183089646511 1.59205280477181 1.21858323179185 1.1092860114295 1.52983907191083 1.07727251434699 1.91945527191274 1.04130007023923 1.74410633579828 1.91794209787622 1.38481247029267 1.00514483056031 1.18926783534698 1.37792664463632 1.02485180972144 1.801579114981 1.75712567172013 1.50081379525363 1.10650096763857 1.09244227805175
1.38466239580885 1.25426398147829 1.89569596201181 1.55216302699409 1.35594599158503 1.82022108975798 1.82070913491771 1.02386050648056 0 1.39277784852311 1.77028894331306 1.01079651736654 1.33748436113819 0.96099696517922 1.62911097728647 1.17777367867529 1.87759513617493 1.49338142457418 1.34125676611438 1.95010468410328 0.956009705783799 1.52409676718526 1.19523243792355 1.68938834383152 1.3466080611106 1.92344355909154 1.24639782123268 1.04468581499532 1.49402873544022 1.20858819899149
1.74122525285929 1.06434442661703 1.34202609886415 1.39541763695888 1.58709940779954 1.28343747067265 1.48294524126686 0.962095452006906 1.39277784852311 0 0.979830140247941 1.93146591726691 1.02883399138227 1.00296167912893 1.71713994536549 1.17475014040247 1.14060274674557 1.20579404686578 1.03179584350437 1.78658874821849 1.73480461235158 1.5472271698527 1.80870960466564 1.0451623974368 1.66004504379816 1.03139997785911 1.48732745740563 1.38235588744283 1.86403708788566 1.70459465985186
1.07213469827548 1.77181112440303 1.57661452121101 1.95398825360462 1.68026334233582 1.39991554082371 1.41651696944609 1.86183089646511 1.77028894331306 0.979830140247941 0 1.73015711666085 1.2941343782004 1.65706978435628 0.985573231475428 1.88227508869022 1.37145739747211 1.02979080402292 1.24063123809174 1.66798253450543 1.68352196458727 1.42206414695829 1.61783802742139 1.16356766130775 1.58487975224853 1.38313889596611 1.13520515454002 1.43473989982158 1.94948297273368 1.02458978374489
1.47498137922958 1.37805734248832 1.93738439818844 1.08728276658803 1.90007385914214 1.2507752624806 1.05707879364491 1.59205280477181 1.01079651736654 1.93146591726691 1.73015711666085 0 1.53304201457649 1.14358518295921 1.12505914643407 1.08681553113274 1.03503295732662 1.47740203165449 1.36443089880049 1.06852681725286 1.61400964483619 1.31981564639136 1.57837005797774 1.44823462283239 1.3826316173654 1.77672235830687 1.64177914406173 1.64289405802265 1.68667598464526 1.43624695017934
1.55036953859963 1.48321171314456 1.23687629774213 1.6250478385482 1.47059049410746 1.51678000227548 1.66624354547821 1.21858323179185 1.33748436113819 1.02883399138227 1.2941343782004 1.53304201457649 0 1.46143748913892 1.1680282286834 1.51617894764058 0.990220856387168 1.66155144572258 1.2445196362678 1.36387269035913 1.45321431779303 1.76731970347464 1.08590470184572 1.54955251305364 1.42369732446969 1.86693089478649 1.49473879626021 1.61674516298808 1.12866111611947 1.27935604704544
1.70902387052774 1.18040235154331 1.48038733005524 1.05965703190304 1.80911658867262 1.34454082767479 1.10368486028165 1.1092860114295 0.96099696517922 1.00296167912893 1.65706978435628 1.14358518295921 1.46143748913892 0 0.992141753435135 0.975319547113031 1.19204538385384 1.9373108248692 1.23848427040502 1.93896511686035 1.86347477743402 1.38478542887606 1.21516179083847 1.94987854571082 1.82420471590012 1.59821791085415 1.73947336757556 1.56022341246717 1.29991582199 1.85272217262536
1.48271803301759 1.79176486609504 1.5840057595633 1.84272708161734 1.21797398291528 1.54257762711495 1.56625175196677 1.52983907191083 1.62911097728647 1.71713994536549 0.985573231475428 1.12505914643407 1.1680282286834 0.992141753435135 0 1.56411475990899 1.33879428426735 1.11446835543029 1.22542309341952 1.08729439298622 1.64531886857003 1.31956855976023 0.974135108990595 1.5369064300321 1.10462339990772 1.0331359913107 1.50344601017423 1.07847032998689 1.28984675067477 1.85113159823231
1.31570149189793 0.991045904811472 0.963649811688811 1.92635463154875 1.00124006718397 1.83206143882126 1.00598312658258 1.07727251434699 1.17777367867529 1.17475014040247 1.88227508869022 1.08681553113274 1.51617894764058 0.975319547113031 1.56411475990899 0 1.40737966704182 0.961991277756169 1.77882519457489 1.82059654570185 1.64137842692435 1.42999300197698 1.72036426630802 1.66956778964959 1.68561696959659 1.15502266050316 1.90596051467583 1.88477335055359 1.89574487134814 1.03885247302242
1.81923640077002 1.81337061384693 1.92487297649495 1.4452342663426 1.32295427774079 1.62625484750606 0.97997255763039 1.91945527191274 1.87759513617493 1.14060274674557 1.37145739747211 1.03503295732662 0.990220856387168 1.19204538385384 1.33879428426735 1.40737966704182 0 1.10645318427123 1.37026228569448 1.10760048450902 1.06869011744857 1.72246616985649 1.03286959743127 1.72032274422236 1.58901432645507 1.89150778343901 1.22339432337321 1.54513002396561 1.00860526389442 1.05956742912531
1.76397041371092 1.29289107979275 1.41341758030467 1.57187507255003 1.94913698197342 1.5917417188175 1.31671352218837 1.04130007023923 1.49338142457418 1.20579404686578 1.02979080402292 1.47740203165449 1.66155144572258 1.9373108248692 1.11446835543029 0.961991277756169 1.10645318427123 0 1.34809513925575 1.70851087151095 1.29328210512176 1.22484552743845 1.60253696818836 1.8624590120744 1.3320772415027 1.71334408037364 0.989612246165052 1.36204400239512 1.28123075142503 1.80526024429128
1.84619418298826 0.97729931678623 1.89413971104659 0.960590447066352 1.31848366279155 1.35506005422212 1.06513442820869 1.74410633579828 1.34125676611438 1.03179584350437 1.24063123809174 1.36443089880049 1.2445196362678 1.23848427040502 1.22542309341952 1.77882519457489 1.37026228569448 1.34809513925575 0 1.03096990776248 1.00688216136768 1.74405043851584 1.91518982150592 1.47461911267601 1.30963667412288 1.13713511335663 1.89791681012139 1.30126225575805 1.27055670996197 1.66298683849163
1.26685981824994 1.08716943510808 0.982529909815639 1.06088703754358 1.19096480938606 0.986757923616096 1.61514882161282 1.91794209787622 1.95010468410328 1.78658874821849 1.66798253450543 1.06852681725286 1.36387269035913 1.93896511686035 1.08729439298622 1.82059654570185 1.10760048450902 1.70851087151095 1.03096990776248 0 1.23130298010074 1.56573802651837 1.2948347881902 1.80631387792528 1.03593607107177 1.07978945667855 1.79258864070289 1.59038303466514 1.93552708299831 1.61281806463376
1.13701677159406 1.07413678313605 1.47073914832436 1.53272941312753 1.88427873235196 1.94330584839918 1.67410022206604 1.38481247029267 0.956009705783799 1.73480461235158 1.68352196458727 1.61400964483619 1.45321431779303 1.86347477743402 1.64531886857003 1.64137842692435 1.06869011744857 1.29328210512176 1.00688216136768 1.23130298010074 0 1.64934480492957 1.28751924983226 1.89640286378562 0.981099738972262 1.52814728976227 1.6146400582511 1.01712346426211 1.63414472248405 1.11144032375887
1.86581265646964 1.11089792777784 1.45761315827258 1.57199077471159 1.65034774434753 1.11559681827202 1.60948777012527 1.00514483056031 1.52409676718526 1.5472271698527 1.42206414695829 1.31981564639136 1.76731970347464 1.38478542887606 1.31956855976023 1.42999300197698 1.72246616985649 1.22484552743845 1.74405043851584 1.56573802651837 1.64934480492957 0 1.39603262604214 1.29509631916881 1.17921297927387 1.31727011851035 1.2890754903201 1.55874114995822 1.84053982747719 1.84235019888729
1.49059694912285 1.18995904712938 1.51789692882448 1.32440080028027 1.20241819904186 0.965448230039328 1.82189168478362 1.18926783534698 1.19523243792355 1.80870960466564 1.61783802742139 1.57837005797774 1.08590470184572 1.21516179083847 0.974135108990595 1.72036426630802 1.03286959743127 1.60253696818836 1.91518982150592 1.2948347881902 1.28751924983226 1.39603262604214 0 1.45590651314706 1.08680425654165 1.39280107570812 1.44092128495686 1.67989792861044 1.93786061182618 1.87354168575257
1.89905829518102 1.37477100593969 1.25081680295989 1.76606484362856 1.04005486355163 1.21649452205747 1.72372929705307 1.37792664463632 1.68938834383152 1.0451623974368 1.16356766130775 1.44823462283239 1.54955251305364 1.94987854571082 1.5369064300321 1.66956778964959 1.72032274422236 1.8624590120744 1.47461911267601 1.80631387792528 1.89640286378562 1.29509631916881 1.45590651314706 0 1.13831531838514 1.72034686268307 1.94984374428168 1.48354327655397 1.38115091947839 1.83824647078291
1.77259248914197 1.50008934224024 1.12036653514951 1.77871616720222 1.18246874702163 1.90436228946783 1.1844002190046 1.02485180972144 1.3466080611106 1.66004504379816 1.58487975224853 1.3826316173654 1.42369732446969 1.82420471590012 1.10462339990772 1.68561696959659 1.58901432645507 1.3320772415027 1.30963667412288 1.03593607107177 0.981099738972262 1.17921297927387 1.08680425654165 1.13831531838514 0 1.41270571178757 1.14437140524387 0.956159711582586 1.87793492642231 1.01296135061421
1.03699118038639 1.45066828979179 1.36111939814873 1.36691720387898 1.72922917222604 1.57399599370547 0.98800870613195 1.801579114981 1.92344355909154 1.03139997785911 1.38313889596611 1.77672235830687 1.86693089478649 1.59821791085415 1.0331359913107 1.15502266050316 1.89150778343901 1.71334408037364 1.13713511335663 1.07978945667855 1.52814728976227 1.31727011851035 1.39280107570812 1.72034686268307 1.41270571178757 0 1.73887119931169 1.18884918652475 1.08662965614349 1.02308459533378
1.70092623098753 1.61569842114113 1.40890552615747 1.41499798418954 1.61057110805996 1.66802291129716 1.2529747756198 1.75712567172013 1.24639782123268 1.48732745740563 1.13520515454002 1.64177914406173 1.49473879626021 1.73947336757556 1.50344601017423 1.90596051467583 1.22339432337321 0.989612246165052 1.89791681012139 1.79258864070289 1.6146400582511 1.2890754903201 1.44092128495686 1.94984374428168 1.14437140524387 1.73887119931169 0 1.11416914220899 1.07167570991442 1.17798478505574
1.48923059180379 1.44814993790351 1.87351811211556 1.87415172392502 1.92696356633678 1.05633650161326 1.62174118054099 1.50081379525363 1.04468581499532 1.38235588744283 1.43473989982158 1.64289405802265 1.61674516298808 1.56022341246717 1.07847032998689 1.88477335055359 1.54513002396561 1.36204400239512 1.30126225575805 1.59038303466514 1.01712346426211 1.55874114995822 1.67989792861044 1.48354327655397 0.956159711582586 1.18884918652475 1.11416914220899 0 1.87414117832668 0.973145583178848
1.61863042367622 1.63578971964307 1.47341586416587 1.11892015160993 1.24177176668309 1.43819671589881 1.16066633397713 1.10650096763857 1.49402873544022 1.86403708788566 1.94948297273368 1.68667598464526 1.12866111611947 1.29991582199 1.28984675067477 1.89574487134814 1.00860526389442 1.28123075142503 1.27055670996197 1.93552708299831 1.63414472248405 1.84053982747719 1.93786061182618 1.38115091947839 1.87793492642231 1.08662965614349 1.07167570991442 1.87414117832668 0 1.80549919139594
1.57401140686125 1.59021034976467 1.73933965549804 1.86055485857651 0.990968049969524 1.39135888032615 1.57485185563564 1.09244227805175 1.20858819899149 1.70459465985186 1.02458978374489 1.43624695017934 1.27935604704544 1.85272217262536 1.85113159823231 1.03885247302242 1.05956742912531 1.80526024429128 1.66298683849163 1.61281806463376 1.11144032375887 1.84235019888729 1.87354168575257 1.83824647078291 1.01296135061421 1.02308459533378 1.17798478505574 0.973145583178848 1.80549919139594 0
