0 1.34336338238791 1.14851574692875 1.38979467190802 1.47444678749889 1.28265136876144 1.50624229037203 1.85707760881633 1.28331395122223 1.35579778812826 1.47211711597629 1.27330403029919 1.77117423363961 1.39848846872337 1.21883668494411 1.89011067361571 1.64282487123273 1.51826375978999 1.22701514791697 1.78226916654967 1.67428674944676 1.18209834373556 1.43195391912013 1.70544988801703 0.991498931311071 0.957874233834445 1.66830694279633 1.1749275084585 1.38358723465353 0.946558058029041
1.34336338238791 0 1.7674115865957 1.8783459526021 1.30100757349283 1.65818283543922 1.16212075250223 1.78670135186985 1.11831746785901 1.50514694396406 1.62937635206617 1.13042780617252 1.16945334617049 1.56247332552448 0.905476975720376 1.37622072780505 1.04538943734951 1.47004980058409 1.06143969902769 1.19410202023573 1.70924722542986 1.84788166568615 1.01204105070792 1.85809483798221 1.7833809920121 1.77649337030016 1.05566609068774 1.66488616820425 1.82488844497129 1.23773535946384
1.14851574692875 1.7674115865957 0 0.925816111033782 0.99427206418477 1.7160779775586 1.39028969220817 1.79480523685925 1.45162188308313 1.56319369073026 1.1985826487653 1.38345177657902 1.00667788577266 1.17290032259189 1.26655064965598 1.56032221834175 1.21562759508379 1.3241498414427 1.30029250588268 0.960351382382214 1.19514074665494 1.7156425723806 1.2686173801776 1.44657305604778 1.21244807029143 1.76972587243654 1.21009017853066 1.50542123103514 1.19689934374765 1.10662903031334
1.38979467190802 1.8783459526021 0.925816111033782 0 1.82177558890544 1.21279803314246 1.38335019047372 1.39981854823418 1.83858957886696 1.72805514396168 1.62412360636517 1.88689090707339 1.57633577194065 1.53097721049562 1.08779533696361 1.00770904426463 1.86635351972654 1.86263575288467 1.37731276871637 0.94301287131384 1.17234122776426 1.15342010022141 1.67761067603715 1.431629530387 1.10885602072813 1.16188748180866 1.25441612256691 1.08318052650429 1.21520265191793 1.41821930767037
1.47444678749889 1.30100757349283 0.99427206418477 1.82177558890544 0 1.78184785181656 1.64749262598343 1.69623187999241 1.29520911839791 1.09273623977788 1.44945828313939 1.22208113851957 1.04969091014937 1.36235417774878 1.37888944195583 1.18717363849282 1.11579371383414 1.44268802693114 1.57404633495025 1.3748346127104 1.42305540526286 1.15050529013388 1.66479235049337 1.50802915706299 1.34150073258206 1.30131835001521 0.926703684031963 0.999739276943728 0.948239770717919 1.77358336234465
1.28265136876144 1.65818283543922 1.7160779775586 1.21279803314246 1.78184785181656 0 0.962060304358602 1.28765400103293 1.87928329384886 1.63337115640752 1.03958425787278 1.39504516078159 1.85836052568629 1.87312704510987 1.04860408045352 1.76846795575693 1.69549324223772 1.70553050865419 1.13349879090674 1.39391299011186 1.89458632143214 1.38140503992327 1.88312224159017 1.09288899041712 1.42082651751116 1.42285501561128 1.19315223558806 1.20529366726987 1.21367841796018 1.51206261967309
1.50624229037203 1.16212075250223 1.39028969220817 1.38335019047372 1.64749262598343 0.962060304358602 0 1.12501238915138 1.73880845820531 1.73499180283397 1.62728515104391 1.17007681448013 1.50163204898126 1.85708936583251 1.34493514918722 1.00878616096452 1.62907287594862 1.15325415250845 0.978096167324111 1.74071360263042 1.47088131774217 1.54749731021002 1.58697717520408 1.7256046931725 1.73626571847126 1.09514771518297 1.62624782975763 1.16648348211311 1.48418878065422 1.60793801909313
1.85707760881633 1.78670135186985 1.79480523685925 1.39981854823418 1.69623187999241 1.28765400103293 1.12501238915138 0 1.61263372423127 1.36819772655144 1.42354549420998 1.04051061999053 1.14975937013514 1.68167312722653 1.01801628642716 1.40941074281 1.21692757052369 1.0574107193388 1.51166074746288 1.61481469892897 1.50760848680511 1.31131437211297 1.30314965639263 1.59573565656319 1.71819716575556 1.03409973531961 1.59331288887188 1.36402236134745 1.46472209785134 1.32452287292108
1.28331395122223 1.11831746785901 1.45162188308313 1.83858957886696 1.29520911839791 1.87928329384886 1.73880845820531 1.61263372423127 0 1.31772241578437 1.32730070245452 0.975172514561564 1.56561104021966 1.72751704021357 1.30896828416735 1.62656033947133 1.01031668088399 1.44236470549367 1.05899409507401 1.80145187163725 1.0705698246602 1.66713555739261 1.5189467209857 1.11782749695703 1.39332268456928 1.13101765047759 1.78682782617398 1.35975619731471 1.82707904512063 1.42323538451456
1.35579778812826 1.50514694396406 1.56319369073026 1.72805514396168 1.09273623977788 1.63337115640752 1.73499180283397 1.36819772655144 1.31772241578437 0 1.88552746013738 1.45553873153403 1.26984238671139 0.90728326048702 1.77219889685512 1.21806933591142 1.48849168536253 1.82389719947241 1.03717104764655 1.35680047725327 1.505916016642 1.81598645332269 1.80970348161645 1.76645583566278 1.6274384369608 1.30205716122873 1.10967892152257 1.08063853089698 1.53161163907498 1.00384489889257
1.47211711597629 1.62937635206617 1.1985826487653 1.62412360636517 1.44945828313939 1.03958425787278 1.62728515104391 1.42354549420998 1.32730070245452 1.88552746013738 0 1.41469698352739 1.05161837115884 1.54084399039857 1.48377022868954 0.987341466126963 1.13424945552833 1.09139033290558 1.05069798696786 1.61464272905141 1.87776894448325 1.50406480114907 1.54738356103189 1.10390873369761 1.18273932067677 1.67780464072712 1.70411892211996 0.954764133319259 1.19758203020319 1.4171522310935
1.27330403029919 1.13042780617252 1.38345177657902 1.88689090707339 1.22208113851957 1.39504516078159 1.17007681448013 1.04051061999053 0.975172514561564 1.45553873153403 1.41469698352739 0 1.46527219796553 1.4707453197334 1.8787777479738 1.06344383186661 1.31872146832757 1.158219269244 0.949333702912554 1.83045112225227 1.88733838615008 1.71428738767281 1.19608462997712 0.969351887935773 0.987824189709499 1.61034581717104 1.27797996369191 1.50940988119692 1.76580403512344 1.06794432154857
1.77117423363961 1.16945334617049 1.00667788577266 1.57633577194065 1.04969091014937 1.85836052568629 1.50163204898126 1.14975937013514 1.56561104021966 1.26984238671139 1.05161837115884 1.46527219796553 0 1.38267385051586 1.44711611210369 1.05414058105089 1.74266925477423 1.85573796997778 0.989010246470571 1.02615351276472 1.63902654964477 1.24785550055094 1.73797053424641 1.28690905543044 1.23006154573523 1.26314087049104 1.30159265594557 1.72657242440619 1.1388226673007 1.65524975559674
1.39848846872337 1.56247332552448 1.17290032259189 1.53097721049562 1.36235417774878 1.87312704510987 1.85708936583251 1.68167312722653 1.72751704021357 0.90728326048702 1.54084399039857 1.4707453197334 1.38267385051586 0 1.58124683471397 1.37721918476745 1.41439538053237 1.85239210119471 1.58709185360931 1.41365351527929 1.38201458146796 1.18197873979807 1.62616870645434 0.918281662510708 1.36943638487719 1.48083657468669 1.6220794331748 1.61334859440103 1.56505517405458 0.929965970106423
1.21883668494411 0.905476975720376 1.26655064965598 1.08779533696361 1.37888944195583 1.04860408045352 1.34493514918722 1.01801628642716 1.30896828416735 1.77219889685512 1.48377022868954 1.8787777479738 1.44711611210369 1.58124683471397 0 1.6488500428386 1.5893747867085 0.973073918372393 1.11179421772249 1.71096115233377 1.51331001310609 0.94240468996577 1.87264435389079 1.37412825669162 1.22210966749117 1.86986673693173 1.87997875059955 0.9598784733098 1.6084873569198 1.87285817041993
1.89011067361571 1.37622072780505 1.56032221834175 1.00770904426463 1.18717363849282 1.76846795575693 1.00878616096452 1.40941074281 1.62656033947133 1.21806933591142 0.987341466126963 1.06344383186661 1.05414058105089 1.37721918476745 1.6488500428386 0 1.73425037879497 1.39315193681978 1.15387260098942 1.20823143539019 1.85336440079845 1.40488050528802 1.77969518094324 1.23991431156173 1.77028417820111 1.30893042683601 0.97148529579863 1.25985398073681 1.60302275186405 1.56661025434732
1.64282487123273 1.04538943734951 1.21562759508379 1.86635351972654 1.11579371383414 1.69549324223772 1.62907287594862 1.21692757052369 1.01031668088399 1.48849168536253 1.13424945552833 1.31872146832757 1.74266925477423 1.41439538053237 1.5893747867085 1.73425037879497 0 1.79555772710592 1.01741414191201 1.69627011287957 1.72083095554262 1.84151780512184 1.50656791706569 1.77451403508894 1.23194840108044 1.02054897486232 1.12503006216139 1.20852879458107 1.04762104805559 1.29655251209624
1.51826375978999 1.47004980058409 1.3241498414427 1.86263575288467 1.44268802693114 1.70553050865419 1.15325415250845 1.0574107193388 1.44236470549367 1.82389719947241 1.09139033290558 1.158219269244 1.85573796997778 1.85239210119471 0.973073918372393 1.39315193681978 1.79555772710592 0 1.20993810659274 1.63924816786312 1.27267421782017 1.84723906079307 1.85076079308055 1.60568335466087 1.21266614249907 1.62495737941936 1.67150200647302 1.83057140978053 0.997016766574234 0.970375085249543
1.22701514791697 1.06143969902769 1.30029250588268 1.37731276871637 1.57404633495025 1.13349879090674 0.978096167324111 1.51166074746288 1.05899409507401 1.03717104764655 1.05069798696786 0.949333702912554 0.989010246470571 1.58709185360931 1.11179421772249 1.15387260098942 1.01741414191201 1.20993810659274 0 1.42049687006511 1.62096858210862 1.23808411089703 1.04457700601779 1.60384270478971 1.77155519276857 1.44895996851847 1.28988351393491 1.82901220954955 1.20558662363328 0.94937174487859
1.78226916654967 1.19410202023573 0.960351382382214 0.94301287131384 1.3748346127104 1.39391299011186 1.74071360263042 1.61481469892897 1.80145187163725 1.35680047725327 1.61464272905141 1.83045112225227 1.02615351276472 1.41365351527929 1.71096115233377 1.20823143539019 1.69627011287957 1.63924816786312 1.42049687006511 0 1.62050556764007 1.52801484637894 1.49785857927054 1.30737113277428 1.45222377660684 1.76284674322233 0.959968129871413 1.76379472250119 1.05039461469278 1.13993581593968
1.67428674944676 1.70924722542986 1.19514074665494 1.17234122776426 1.42305540526286 1.89458632143214 1.47088131774217 1.50760848680511 1.0705698246602 1.505916016642 1.87776894448325 1.88733838615008 1.63902654964477 1.38201458146796 1.51331001310609 1.85336440079845 1.72083095554262 1.27267421782017 1.62096858210862 1.62050556764007 0 1.83117031399161 1.80182019551285 1.23329988797195 1.04162893886678 1.88627745676786 1.65201157564297 1.07614835700952 1.04670922202058 1.71860683872364
1.18209834373556 1.84788166568615 1.7156425723806 1.15342010022141 1.15050529013388 1.38140503992327 1.54749731021002 1.31131437211297 1.66713555739261 1.81598645332269 1.50406480114907 1.71428738767281 1.24785550055094 1.18197873979807 0.94240468996577 1.40488050528802 1.84151780512184 1.84723906079307 1.23808411089703 1.52801484637894 1.83117031399161 0 1.25108731817454 1.46700552222319 1.86700819781981 1.33347837603651 1.70179131696932 1.53549001645297 1.15238707466051 1.07251058425754
1.43195391912013 1.01204105070792 1.2686173801776 1.67761067603715 1.66479235049337 1.88312224159017 1.58697717520408 1.30314965639263 1.5189467209857 1.80970348161645 1.54738356103189 1.19608462997712 1.73797053424641 1.62616870645434 1.87264435389079 1.77969518094324 1.50656791706569 1.85076079308055 1.04457700601779 1.49785857927054 1.80182019551285 1.25108731817454 0 1.42577903904021 1.11233638017438 1.26041445019655 0.934397436445579 1.37395562557504 1.22562177223153 1.87036191206425
1.70544988801703 1.85809483798221 1.44657305604778 1.431629530387 1.50802915706299 1.09288899041712 1.7256046931725 1.59573565656319 1.11782749695703 1.76645583566278 1.10390873369761 0.969351887935773 1.28690905543044 0.918281662510708 1.37412825669162 1.23991431156173 1.77451403508894 1.60568335466087 1.60384270478971 1.30737113277428 1.23329988797195 1.46700552222319 1.42577903904021 0 1.23318014666438 1.01762050343677 1.8946386531461 1.56218672404066 1.31319517758675 1.57178049092181
0.991498931311071 1.7833809920121 1.21244807029143 1.10885602072813 1.34150073258206 1.42082651751116 1.73626571847126 1.71819716575556 1.39332268456928 1.6274384369608 1.18273932067677 0.987824189709499 1.23006154573523 1.36943638487719 1.22210966749117 1.77028417820111 1.23194840108044 1.21266614249907 1.77155519276857 1.45222377660684 1.04162893886678 1.86700819781981 1.11233638017438 1.23318014666438 0 1.39141067489982 1.05047233542427 1.74268363742158 1.89428885583766 1.19979233643971
0.957874233834445 1.77649337030016 1.76972587243654 1.16188748180866 1.30131835001521 1.42285501561128 1.09514771518297 1.03409973531961 1.13101765047759 1.30205716122873 1.67780464072712 1.61034581717104 1.26314087049104 1.48083657468669 1.86986673693173 1.30893042683601 1.02054897486232 1.62495737941936 1.44895996851847 1.76284674322233 1.88627745676786 1.33347837603651 1.26041445019655 1.01762050343677 1.39141067489982 0 1.16941181523725 1.84598676650785 1.64317097840831 0.945462820352986
1.66830694279633 1.05566609068774 1.21009017853066 1.25441612256691 0.926703684031963 1.19315223558806 1.62624782975763 1.59331288887188 1.78682782617398 1.10967892152257 1.70411892211996 1.27797996369191 1.30159265594557 1.6220794331748 1.87997875059955 0.97148529579863 1.12503006216139 1.67150200647302 1.28988351393491 0.959968129871413 1.65201157564297 1.70179131696932 0.934397436445579 1.8946386531461 1.05047233542427 1.16941181523725 0 1.69876472954638 0.967418229440227 0.987146969418973
1.1749275084585 1.66488616820425 1.50542123103514 1.08318052650429 0.999739276943728 1.20529366726987 1.16648348211311 1.36402236134745 1.35975619731471 1.08063853089698 0.954764133319259 1.50940988119692 1.72657242440619 1.61334859440103 0.9598784733098 1.25985398073681 1.20852879458107 1.83057140978053 1.82901220954955 1.76379472250119 1.07614835700952 1.53549001645297 1.37395562557504 1.56218672404066 1.74268363742158 1.84598676650785 1.69876472954638 0 0.943576648831367 1.02716975077055
1.38358723465353 1.82488844497129 1.19689934374765 1.21520265191793 0.948239770717919 1.21367841796018 1.48418878065422 1.46472209785134 1.82707904512063 1.53161163907498 1.19758203020319 1.76580403512344 1.1388226673007 1.56505517405458 1.6084873569198 1.60302275186405 1.04762104805559 0.997016766574234 1.20558662363328 1.05039461469278 1.04670922202058 1.15238707466051 1.22562177223153 1.31319517758675 1.89428885583766 1.64317097840831 0.967418229440227 0.943576648831367 0 1.52787124295719
0.946558058029041 1.23773535946384 1.10662903031334 1.41821930767037 1.77358336234465 1.51206261967309 1.60793801909313 1.32452287292108 1.42323538451456 1.00384489889257 1.4171522310935 1.06794432154857 1.65524975559674 0.929965970106423 1.87285817041993 1.56661025434732 1.29655251209624 0.970375085249543 0.94937174487859 1.13993581593968 1.71860683872364 1.07251058425754 1.87036191206425 1.57178049092181 1.19979233643971 0.945462820352986 0.987146969418973 1.02716975077055 1.52787124295719 0
