0 1.85398720926605 1.09636569162831 1.55453252722509 1.71186862466857 1.42415744159371 1.06963879195973 1.32586306985468 1.40169040858746 1.08944265241735 1.39080179971643 1.01565702306107 1.00020977063105 1.73420222010463 1.64650709205307 1.75212009926327 1.95495678088628 1.0741501795128 1.52210667752661 1.79182000691071 1.57875116937794 1.68501826981083 1.37580637796782 1.44386130338535 1.05748043139465 1.29463594453409 1.70109613332897 1.19626206415705 1.19794826838188 1.28383010183461
1.85398720926605 0 1.90059132571332 1.12814981420524 1.30151007883251 1.77968140970916 1.93148657446727 1.06183402659371 1.78920988691971 1.70290294731967 1.02124125720002 1.65411401516758 1.36763770622201 1.22415674733929 1.59018174023367 1.50069389259443 1.52925852779299 1.31566985091195 1.70859124721028 1.16613599797711 1.5676433974877 1.34149630670436 1.30284104961902 1.86445128382184 1.02234232705086 1.3620293205604 1.16675627138466 1.30762979225256 0.986414250917733 1.81273523438722
1.09636569162831 1.90059132571332 0 1.1546584716998 1.93183093727566 1.02415200369433 1.2440848662518 1.69317727326415 1.41738230618648 1.86310409102589 1.0840109733399 1.56016791029833 1.59841555659659 1.43914206931368 1.82474582013674 1.93910375749692 1.39620908745565 1.11305361357518 1.55562404519878 1.05512418388389 1.76849509752356 1.87909964728169 1.35454706475139 1.57654808228835 1.76197073655203 1.83664018497802 1.3454074615147 1.56714608357288 1.21525808190927 1.18595953774638
1.55453252722509 1.12814981420524 1.1546584716998 0 1.19536487967707 1.93755719554611 1.95473613473587 1.88240792555735 1.73513108259067 1.53157436894253 0.964372684713453 1.65821287198924 1.63770775753073 1.65021398290992 1.34591575036757 1.23451814358123 1.48194128484465 1.22085356665775 1.52910529309884 1.60036010132171 1.50076216785237 1.14971254603006 1.47234596847557 1.70594473229721 1.91690597729757 1.15392155828886 1.35754017485306 1.15245304210111 1.57535299798474 1.82659427751787
1.71186862466857 1.30151007883251 1.93183093727566 1.19536487967707 0 1.41902761999518 1.14302966557443 1.35694041545503 1.83918083249591 0.988480241037905 1.74976637307554 1.58273522928357 1.24511817912571 1.26805638568476 1.4038796632085 1.00443579838611 1.21422498277389 1.60735194664448 1.54491483652964 1.48458048235625 1.43545055110008 1.65798960160464 1.56331403926015 1.00451064272784 1.34119302034378 1.03725887415931 1.44047852163203 1.858325751964 1.21820111223496 1.67893975181505
1.42415744159371 1.77968140970916 1.02415200369433 1.93755719554611 1.41902761999518 0 1.26969804009423 1.93098648777232 1.63376718037762 1.61541496473365 1.88065130263567 1.41531238378957 1.27835395513102 0.966994075570256 1.24103941838257 1.01755392248742 1.41079389932565 1.78517632209696 1.89120473060757 1.93333203578368 1.88813524018042 0.969200519146398 1.85193469026126 1.26365690422244 1.14307636767626 1.04402111191303 1.23246682947502 1.5423820335418 1.79809828358702 1.80741394031793
1.06963879195973 1.93148657446727 1.2440848662518 1.95473613473587 1.14302966557443 1.26969804009423 0 1.38679675897583 1.68974603153765 1.20460091065615 1.45307243638672 1.77486454090104 1.49659344903193 1.63101144437678 1.69099149573594 1.52740989881568 1.15230484399945 1.51599311921746 0.981498337117955 1.94770929589868 1.23050432885066 1.18017688137479 1.21266182535328 1.17955488269217 1.73863043216988 1.80235749413259 1.51291501219384 1.52400257042609 1.93080432293937 1.0229507512413
1.32586306985468 1.06183402659371 1.69317727326415 1.88240792555735 1.35694041545503 1.93098648777232 1.38679675897583 0 1.80406619538553 1.40212664869614 1.15691786445677 1.84723044605926 1.04407889349386 1.34916622168384 1.21374899079092 1.93438668129966 1.1049263777677 1.00872882665135 1.43911927053705 1.61955024022609 1.3476668833755 1.19751461688429 1.20678901998326 1.022390431026 1.96115047065541 1.2108934125863 0.989432858768851 1.39473288063891 0.997648995835334 1.7089913256932
1.40169040858746 1.78920988691971 1.41738230618648 1.73513108259067 1.83918083249591 1.63376718037762 1.68974603153765 1.80406619538553 0 1.34086543461308 1.52649853937328 1.83382073976099 1.61939092795365 1.91272558644414 1.142049432965 1.37707692245021 1.85482525080442 1.74288267269731 1.41857239720412 1.07862824946642 1.89807453774847 1.84109793859534 1.72880018060096 1.16516750934534 1.45053318352439 1.69590857671574 1.88864139886573 1.49242033506744 1.41235757130198 1.78275364963338
1.08944265241735 1.70290294731967 1.86310409102589 1.53157436894253 0.988480241037905 1.61541496473365 1.20460091065615 1.40212664869614 1.34086543461308 0 1.6971908826381 1.85703199496493 1.83021592581645 1.70790264569223 1.3312817052938 1.92591110547073 1.19088597106747 1.38406384829432 1.88971188035794 1.38580743176863 1.5940555552952 1.29808851447888 1.77820429368876 1.51251717493869 1.58968471013941 1.12171951308846 0.990307595580816 1.13355149026029 1.08884399035014 1.47575695300475
1.39080179971643 1.02124125720002 1.0840109733399 0.964372684713453 1.74976637307554 1.88065130263567 1.45307243638672 1.15691786445677 1.52649853937328 1.6971908826381 0 1.71677094884217 1.80045955837704 1.21883013122715 1.49097127770074 1.1351608207915 1.79604862397537 1.56075921701267 1.54403837327845 1.94699918734841 0.964869034010917 1.03222932247445 1.79290168080479 1.40501413517632 1.40175685007125 0.99440700490959 1.77340892422944 1.45853849570267 1.13711352762766 1.08790687355213
1.01565702306107 1.65411401516758 1.56016791029833 1.65821287198924 1.58273522928357 1.41531238378957 1.77486454090104 1.84723044605926 1.83382073976099 1.85703199496493 1.71677094884217 0 1.06462732260115 1.22333456971683 1.20332015259191 1.96177602303214 1.10393036459573 1.09752782760188 1.85688824602403 1.28074943949468 1.6452560047619 1.81062067835592 1.14897200185806 1.57481950684451 1.4268755861558 1.22606196557172 1.57308535347693 1.54731466644444 1.32438341784291 1.65180487954058
1.00020977063105 1.36763770622201 1.59841555659659 1.63770775753073 1.24511817912571 1.27835395513102 1.49659344903193 1.04407889349386 1.61939092795365 1.83021592581645 1.80045955837704 1.06462732260115 0 1.82468338939361 1.53185741277412 1.7746821437031 1.59954951005057 1.06544078467414 1.58482230477966 1.34268404380418 1.4391153450124 1.25651706568897 1.23992672748864 1.87794665666297 1.71361480560154 1.29343887255527 1.93003907008097 1.74546780297533 1.90055201249197 1.35334164323285
1.73420222010463 1.22415674733929 1.43914206931368 1.65021398290992 1.26805638568476 0.966994075570256 1.63101144437678 1.34916622168384 1.91272558644414 1.70790264569223 1.21883013122715 1.22333456971683 1.82468338939361 0 1.37010984634981 1.07303704321384 1.12770708301105 1.6145682646893 1.81706846691668 1.57898750319146 1.86392774549313 1.93619459471665 1.12612000689842 1.35781302326359 1.82035017223097 1.48296207026578 1.93749007047154 1.31852655834518 1.03502570814453 1.53481892123818
1.64650709205307 1.59018174023367 1.82474582013674 1.34591575036757 1.4038796632085 1.24103941838257 1.69099149573594 1.21374899079092 1.142049432965 1.3312817052938 1.49097127770074 1.20332015259191 1.53185741277412 1.37010984634981 0 1.93816657015122 1.79261832684278 1.73748350166716 1.30428906111047 1.00938224070705 1.20717112720013 1.5599110305775 1.10787321883254 1.76293724961579 1.40844709868543 1.32872765674256 1.50820906623267 1.48665740992874 1.09070941573009 1.76146632689051
1.75212009926327 1.50069389259443 1.93910375749692 1.23451814358123 1.00443579838611 1.01755392248742 1.52740989881568 1.93438668129966 1.37707692245021 1.92591110547073 1.1351608207915 1.96177602303214 1.7746821437031 1.07303704321384 1.93816657015122 0 1.82921754661947 1.64473545132205 1.77252654498443 1.07540127029642 1.63692630454898 1.59120400133543 1.41312138969079 1.4066796018742 1.30037051439285 1.54090414661914 1.00092915329151 1.50955225294456 1.42592214327306 1.86988752847537
1.95495678088628 1.52925852779299 1.39620908745565 1.48194128484465 1.21422498277389 1.41079389932565 1.15230484399945 1.1049263777677 1.85482525080442 1.19088597106747 1.79604862397537 1.10393036459573 1.59954951005057 1.12770708301105 1.79261832684278 1.82921754661947 0 1.25663233082741 1.60673218104057 1.69443482952192 1.66677646664903 1.20274862856604 1.94550392939709 1.79935098206624 1.90811484470032 1.89283330319449 1.29796682693996 1.55457138060592 0.981915674172342 1.69675867911428
1.0741501795128 1.31566985091195 1.11305361357518 1.22085356665775 1.60735194664448 1.78517632209696 1.51599311921746 1.00872882665135 1.74288267269731 1.38406384829432 1.56075921701267 1.09752782760188 1.06544078467414 1.6145682646893 1.73748350166716 1.64473545132205 1.25663233082741 0 1.37536060600542 1.29948980454355 1.80727817420848 1.46170333377086 1.3191231652163 1.65044274483807 1.32693998236209 1.08895986806601 1.40493682399392 1.61727522406727 1.9615933499299 1.92119765654206
1.52210667752661 1.70859124721028 1.55562404519878 1.52910529309884 1.54491483652964 1.89120473060757 0.981498337117955 1.43911927053705 1.41857239720412 1.88971188035794 1.54403837327845 1.85688824602403 1.58482230477966 1.81706846691668 1.30428906111047 1.77252654498443 1.60673218104057 1.37536060600542 0 1.32354312902316 1.64388419152237 1.77402358292602 1.84091363893822 1.55770581075922 1.12523108487949 1.14811795926653 1.69007361237891 1.09897991688922 1.58574013249017 1.92239656252787
1.79182000691071 1.16613599797711 1.05512418388389 1.60036010132171 1.48458048235625 1.93333203578368 1.94770929589868 1.61955024022609 1.07862824946642 1.38580743176863 1.94699918734841 1.28074943949468 1.34268404380418 1.57898750319146 1.00938224070705 1.07540127029642 1.69443482952192 1.29948980454355 1.32354312902316 0 1.87802942469716 1.10526567045599 1.70520418486558 1.06589428102598 1.88889540126547 1.93330919044092 1.93470213492401 1.49628294073045 1.78078057663515 1.52518521319143
1.57875116937794 1.5676433974877 1.76849509752356 1.50076216785237 1.43545055110008 1.88813524018042 1.23050432885066 1.3476668833755 1.89807453774847 1.5940555552952 0.964869034010917 1.6452560047619 1.4391153450124 1.86392774549313 1.20717112720013 1.63692630454898 1.66677646664903 1.80727817420848 1.64388419152237 1.87802942469716 0 1.0095264853444 1.57183332392015 1.73905174364336 1.59877462475561 1.48275217832997 1.30930413771421 1.399452915648 1.41276924451813 1.26312285033055
1.68501826981083 1.34149630670436 1.87909964728169 1.14971254603006 1.65798960160464 0.969200519146398 1.18017688137479 1.19751461688429 1.84109793859534 1.29808851447888 1.03222932247445 1.81062067835592 1.25651706568897 1.93619459471665 1.5599110305775 1.59120400133543 1.20274862856604 1.46170333377086 1.77402358292602 1.10526567045599 1.0095264853444 0 1.62981775938533 1.25208978145383 1.01157787162811 1.04402196919546 1.34615716524422 1.45144169824198 1.16739148716442 1.91388618736528
1.37580637796782 1.30284104961902 1.35454706475139 1.47234596847557 1.56331403926015 1.85193469026126 1.21266182535328 1.20678901998326 1.72880018060096 1.77820429368876 1.79290168080479 1.14897200185806 1.23992672748864 1.12612000689842 1.10787321883254 1.41312138969079 1.94550392939709 1.3191231652163 1.84091363893822 1.70520418486558 1.57183332392015 1.62981775938533 0 1.50130708538927 1.84179137414321 1.14222316886298 1.06984483893029 1.76494939415716 1.9126222517807 1.67966038710438
1.44386130338535 1.86445128382184 1.57654808228835 1.70594473229721 1.00451064272784 1.26365690422244 1.17955488269217 1.022390431026 1.16516750934534 1.51251717493869 1.40501413517632 1.57481950684451 1.87794665666297 1.35781302326359 1.76293724961579 1.4066796018742 1.79935098206624 1.65044274483807 1.55770581075922 1.06589428102598 1.73905174364336 1.25208978145383 1.50130708538927 0 1.15218200418167 1.55596228712238 1.52360625239089 1.09644996817224 1.31020809570327 1.89963849005289
1.05748043139465 1.02234232705086 1.76197073655203 1.91690597729757 1.34119302034378 1.14307636767626 1.73863043216988 1.96115047065541 1.45053318352439 1.58968471013941 1.40175685007125 1.4268755861558 1.71361480560154 1.82035017223097 1.40844709868543 1.30037051439285 1.90811484470032 1.32693998236209 1.12523108487949 1.88889540126547 1.59877462475561 1.01157787162811 1.84179137414321 1.15218200418167 0 1.17703514918685 1.04780985158868 1.85955408238806 1.47173218335956 1.19478107662871
1.29463594453409 1.3620293205604 1.83664018497802 1.15392155828886 1.03725887415931 1.04402111191303 1.80235749413259 1.2108934125863 1.69590857671574 1.12171951308846 0.99440700490959 1.22606196557172 1.29343887255527 1.48296207026578 1.32872765674256 1.54090414661914 1.89283330319449 1.08895986806601 1.14811795926653 1.93330919044092 1.48275217832997 1.04402196919546 1.14222316886298 1.55596228712238 1.17703514918685 0 1.5912419508677 1.73933659936301 1.1911141667515 1.56121322605759
1.70109613332897 1.16675627138466 1.3454074615147 1.35754017485306 1.44047852163203 1.23246682947502 1.51291501219384 0.989432858768851 1.88864139886573 0.990307595580816 1.77340892422944 1.57308535347693 1.93003907008097 1.93749007047154 1.50820906623267 1.00092915329151 1.29796682693996 1.40493682399392 1.69007361237891 1.93470213492401 1.30930413771421 1.34615716524422 1.06984483893029 1.52360625239089 1.04780985158868 1.5912419508677 0 1.01506745279767 1.10019676736556 1.86828326969407
1.19626206415705 1.30762979225256 1.56714608357288 1.15245304210111 1.858325751964 1.5423820335418 1.52400257042609 1.39473288063891 1.49242033506744 1.13355149026029 1.45853849570267 1.54731466644444 1.74546780297533 1.31852655834518 1.48665740992874 1.50955225294456 1.55457138060592 1.61727522406727 1.09897991688922 1.49628294073045 1.399452915648 1.45144169824198 1.76494939415716 1.09644996817224 1.85955408238806 1.73933659936301 1.01506745279767 0 1.10011586151086 1.35659669432789
1.19794826838188 0.986414250917733 1.21525808190927 1.57535299798474 1.21820111223496 1.79809828358702 1.93080432293937 0.997648995835334 1.41235757130198 1.08884399035014 1.13711352762766 1.32438341784291 1.90055201249197 1.03502570814453 1.09070941573009 1.42592214327306 0.981915674172342 1.9615933499299 1.58574013249017 1.78078057663515 1.41276924451813 1.16739148716442 1.9126222517807 1.31020809570327 1.47173218335956 1.1911141667515 1.10019676736556 1.10011586151086 0 1.35696938028559
1.28383010183461 1.81273523438722 1.18595953774638 1.82659427751787 1.67893975181505 1.80741394031793 1.0229507512413 1.7089913256932 1.78275364963338 1.47575695300475 1.08790687355213 1.65180487954058 1.35334164323285 1.53481892123818 1.76146632689051 1.86988752847537 1.69675867911428 1.92119765654206 1.92239656252787 1.52518521319143 1.26312285033055 1.91388618736528 1.67966038710438 1.89963849005289 1.19478107662871 1.56121322605759 1.86828326969407 1.35659669432789 1.35696938028559 0
