0 1.73734556743875 1.58457967615686 1.79470055410638 1.86337686679326 1.55926271039061 1.67987749865279 1.02918891329318 1.29376483266242 1.34833254269324 1.19843460828997 1.84392633661628 1.94257662515156 1.44645851617679 1.7125458153896 1.02823852025904 1.78311969456263 1.06810451904312 1.12372417096049 1.84004424791783 1.36205870541744 0.953956177458167 1.01487007504329 1.81402148469351 1.77600218355656 1.14900741702877 1.09759138547815 1.35178432287648 1.86533009842969 1.39751174300909
1.73734556743875 0 1.44041216047481 1.56909799482673 1.45604226901196 1.73073555598967 1.39895259402692 1.51765028503723 1.41112590045668 1.12437468231656 1.91936928732321 1.2977656214498 1.06540724821389 1.2450313041918 1.5715233781375 0.97415611310862 1.29440424148925 1.45054370118305 0.997549682389945 1.89886815124191 1.75325292535126 1.0835468522273 1.06354579492472 1.13499385607429 1.59626841777936 1.50201702374034 1.47178564500064 1.69136332906783 1.60433798702434 1.20203984016553
1.58457967615686 1.44041216047481 0 1.10447863349691 1.4343164623715 1.83837256790139 1.66407009400427 1.59318728907965 1.32553462567739 1.07436880632304 1.56818573013879 1.58306976174936 1.36191164702177 1.50639230315574 1.27577958256006 1.4324475293979 1.62691800692119 0.952144871931523 1.66533740074374 1.3342288446147 1.90238763927482 1.66292763734236 1.88867441657931 1.3658801743295 1.10695276991464 1.359435480088 1.61799276829697 1.53864872944541 1.8765541666653 1.02334006479941
1.79470055410638 1.56909799482673 1.10447863349691 0 1.15298668667674 1.82875429256819 1.72414103057235 1.70838086982258 1.16712171933614 1.08444953849539 1.59376726369374 1.12185336858965 1.69111716607586 1.66260381415486 1.27404382568784 1.71476848912425 1.78589412779547 1.31185522559099 1.2950779539533 1.13250117446296 0.98750896169804 1.2523754441645 1.61138740438037 1.42467566835694 1.52050476986915 1.68939684936777 1.3685394404456 1.53409046120942 0.974836749956012 1.13691390864551
1.86337686679326 1.45604226901196 1.4343164623715 1.15298668667674 0 0.954435346182436 1.18346704822034 1.35883181053214 1.4696304583922 1.09212285187095 1.76395164988935 1.07017394108698 1.05612945300527 1.10285676177591 1.20970247429796 1.39820759743452 1.37429657881148 0.963428282178938 1.91091749514453 0.994579708203673 1.80887763644569 1.75875366246328 1.30744816525839 1.26790131931193 1.43071757885627 1.84069670294411 1.87396386801265 1.83900510962121 1.94450803962536 1.6978736622259
1.55926271039061 1.73073555598967 1.83837256790139 1.82875429256819 0.954435346182436 0 1.68669692357071 1.9051252156496 1.83195295603946 1.58692519064061 1.81045204889961 1.5747149232775 1.04102675174363 1.15326932095923 1.80337002174929 0.957754098577425 1.37739578471519 0.971652697538957 1.94175061490387 0.985972279217094 1.52393200737424 1.68451811838895 1.25345747056417 1.55905048758723 1.097813451197 1.66018055798486 1.30066976998933 1.81554722948931 1.81409947155043 1.43692302517593
1.67987749865279 1.39895259402692 1.66407009400427 1.72414103057235 1.18346704822034 1.68669692357071 0 1.49240366672166 0.988351030973718 1.85082905110903 1.00459167221561 1.80113068223 1.80997798917815 1.26669675461017 1.0124662546441 1.00690600345843 1.19381910003722 1.07320600631647 1.91098609357141 1.89325264142826 1.5688784844242 1.68585267313756 1.47221846226603 1.31700491532683 1.29653023113497 1.36881545092911 1.06444686232135 1.87309872754849 1.25272035319358 1.16305790585466
1.02918891329318 1.51765028503723 1.59318728907965 1.70838086982258 1.35883181053214 1.9051252156496 1.49240366672166 0 1.86534349946305 1.17730220360681 1.80283899139613 0.986633636988699 1.05268466775306 1.18313291552477 1.68512192880735 1.83468785742298 1.42077365680598 1.92240760172717 1.20250168233179 1.41313632018864 1.34988411818631 1.05408437899314 1.39640229823999 1.24782084999606 1.1959935373161 1.56699959211983 1.69962305529043 1.65324493264779 1.52908938168548 1.3058750515338
1.29376483266242 1.41112590045668 1.32553462567739 1.16712171933614 1.4696304583922 1.83195295603946 0.988351030973718 1.86534349946305 0 1.94889210746624 1.12422441574745 1.68503822968341 1.76462597609498 1.92574482760392 1.46999465837143 1.39368549385108 0.997150347102433 1.12033016118221 1.92665374279022 1.88496423163451 1.82563513796777 1.85836634947918 0.9862790775951 1.89749800623395 1.65148306475021 1.29195214505307 1.24943587975577 1.33832433680072 1.61568256444298 1.40261818980798
1.34833254269324 1.12437468231656 1.07436880632304 1.08444953849539 1.09212285187095 1.58692519064061 1.85082905110903 1.17730220360681 1.94889210746624 0 1.59523856081069 1.74287470662966 0.977276866557077 1.19741395418532 1.05240186839364 0.986648379126564 1.62933383206837 1.05494128423743 1.48067423235625 1.19927601702511 1.53949816501699 1.79029537481256 1.18759361677803 1.80978194135241 1.52036496531218 0.988609525375068 1.68875026819296 1.44564760872163 1.60673734685406 1.57723231660202
1.19843460828997 1.91936928732321 1.56818573013879 1.59376726369374 1.76395164988935 1.81045204889961 1.00459167221561 1.80283899139613 1.12422441574745 1.59523856081069 0 1.5113919081632 1.23805168922991 1.0016606003046 1.18436943762936 1.38340079155751 1.15392907313071 1.45371961710043 1.20479164435528 1.3078823282849 1.13297248468734 1.74589476338588 1.91038712137379 1.71547472150996 1.44880190095864 1.21597290202044 1.04869075026363 1.4893861245364 1.53482107911259 1.40295154973865
1.84392633661628 1.2977656214498 1.58306976174936 1.12185336858965 1.07017394108698 1.5747149232775 1.80113068223 0.986633636988699 1.68503822968341 1.74287470662966 1.5113919081632 0 1.43635594146326 1.26892154361121 1.53447348205373 1.12244021636434 1.28910677414387 1.7128253064584 1.61485537444241 1.56833614013158 1.30904123676009 1.41755677829497 1.19962653773837 1.92761672358029 1.62619272363372 1.63597717322409 1.26921221707016 1.38178354501724 1.81366393971257 1.47581477789208
1.94257662515156 1.06540724821389 1.36191164702177 1.69111716607586 1.05612945300527 1.04102675174363 1.80997798917815 1.05268466775306 1.76462597609498 0.977276866557077 1.23805168922991 1.43635594146326 0 1.5663337004371 1.55504559515975 1.16596271074377 1.62559755053371 1.23395127500407 1.11564294365235 1.01200942485593 1.40599736105651 1.86841099965386 0.99541898095049 1.3797068959102 1.70249480986968 1.48556804656982 1.64256141032092 1.34010009793565 1.47277528862469 1.08671957417391
1.44645851617679 1.2450313041918 1.50639230315574 1.66260381415486 1.10285676177591 1.15326932095923 1.26669675461017 1.18313291552477 1.92574482760392 1.19741395418532 1.0016606003046 1.26892154361121 1.5663337004371 0 1.2270626379177 1.55071169766597 1.55854051350616 1.37243541283533 1.00507421675138 1.40392714762129 1.57696919306181 1.55862885084935 1.20536153600551 1.8025398333557 1.32976156636141 1.0322773528751 1.35305752744898 1.94024689937942 1.3378227611538 1.59687804500572
1.7125458153896 1.5715233781375 1.27577958256006 1.27404382568784 1.20970247429796 1.80337002174929 1.0124662546441 1.68512192880735 1.46999465837143 1.05240186839364 1.18436943762936 1.53447348205373 1.55504559515975 1.2270626379177 0 1.010148196714 0.966799607500434 1.11696172668599 1.71878032013774 1.33457133220509 1.68263455224223 1.66908367816359 1.45055276411586 0.987219991860911 0.953783403150737 1.93809485970996 1.08469443581998 1.49408773076721 1.56291834590957 1.28644784772769
1.02823852025904 0.97415611310862 1.4324475293979 1.71476848912425 1.39820759743452 0.957754098577425 1.00690600345843 1.83468785742298 1.39368549385108 0.986648379126564 1.38340079155751 1.12244021636434 1.16596271074377 1.55071169766597 1.010148196714 0 1.69979907735251 1.8522837087512 1.04848685278557 1.23125303233974 1.43064867658541 1.6686351057142 1.46957870223559 1.19989727577195 1.19899847218767 1.07481977203861 1.09661056101322 1.48753836681135 1.89318322925828 1.73999324487522
1.78311969456263 1.29440424148925 1.62691800692119 1.78589412779547 1.37429657881148 1.37739578471519 1.19381910003722 1.42077365680598 0.997150347102433 1.62933383206837 1.15392907313071 1.28910677414387 1.62559755053371 1.55854051350616 0.966799607500434 1.69979907735251 0 1.83731166855432 1.24783504731022 1.10922814742662 1.69993219501339 1.07140613580123 1.12764953519218 0.960479181958362 1.47541978722438 1.1555008883588 1.53246389282867 1.83180465223268 1.00578472227789 1.02101483568549
1.06810451904312 1.45054370118305 0.952144871931523 1.31185522559099 0.963428282178938 0.971652697538957 1.07320600631647 1.92240760172717 1.12033016118221 1.05494128423743 1.45371961710043 1.7128253064584 1.23395127500407 1.37243541283533 1.11696172668599 1.8522837087512 1.83731166855432 0 0.977138662245125 1.64103507692926 1.53711311914958 1.47542824735865 1.22077340586111 1.08807181357406 1.4260818134062 1.42334799584933 1.47715552221052 1.69523336342536 1.68139759171754 1.76614401605912
1.12372417096049 0.997549682389945 1.66533740074374 1.2950779539533 1.91091749514453 1.94175061490387 1.91098609357141 1.20250168233179 1.92665374279022 1.48067423235625 1.20479164435528 1.61485537444241 1.11564294365235 1.00507421675138 1.71878032013774 1.04848685278557 1.24783504731022 0.977138662245125 0 0.955778335686773 1.89992080256343 1.03042159182951 1.53759845951572 1.47599787847139 1.57663000607863 1.90702884295024 1.68186252540909 1.1714744833298 1.79244104749523 1.84637340041809
1.84004424791783 1.89886815124191 1.3342288446147 1.13250117446296 0.994579708203673 0.985972279217094 1.89325264142826 1.41313632018864 1.88496423163451 1.19927601702511 1.3078823282849 1.56833614013158 1.01200942485593 1.40392714762129 1.33457133220509 1.23125303233974 1.10922814742662 1.64103507692926 0.955778335686773 0 1.28120265807956 1.80424891132861 1.35323844919913 1.31898727943189 0.980052130529657 1.53094440931454 1.82590925507247 1.50876611168496 1.05655115842819 1.94127829070203
1.36205870541744 1.75325292535126 1.90238763927482 0.98750896169804 1.80887763644569 1.52393200737424 1.5688784844242 1.34988411818631 1.82563513796777 1.53949816501699 1.13297248468734 1.30904123676009 1.40599736105651 1.57696919306181 1.68263455224223 1.43064867658541 1.69993219501339 1.53711311914958 1.89992080256343 1.28120265807956 0 1.91464601433836 0.972913845907897 1.64368985034525 1.71189331403002 1.02411036496051 0.984601878095418 1.80985938664526 1.0422854393255 1.35742873535492
0.953956177458167 1.0835468522273 1.66292763734236 1.2523754441645 1.75875366246328 1.68451811838895 1.68585267313756 1.05408437899314 1.85836634947918 1.79029537481256 1.74589476338588 1.41755677829497 1.86841099965386 1.55862885084935 1.66908367816359 1.6686351057142 1.07140613580123 1.47542824735865 1.03042159182951 1.80424891132861 1.91464601433836 0 0.990500366548076 1.6818913645111 1.30234637390822 1.44534498360008 1.6442310642451 1.00483305961825 1.72387458500452 1.72498555411585
1.01487007504329 1.06354579492472 1.88867441657931 1.61138740438037 1.30744816525839 1.25345747056417 1.47221846226603 1.39640229823999 0.9862790775951 1.18759361677803 1.91038712137379 1.19962653773837 0.99541898095049 1.20536153600551 1.45055276411586 1.46957870223559 1.12764953519218 1.22077340586111 1.53759845951572 1.35323844919913 0.972913845907897 0.990500366548076 0 0.967606188030913 1.84746542177163 1.81517357262783 1.82403947762214 1.87223320011981 1.33391997870058 1.47522235661745
1.81402148469351 1.13499385607429 1.3658801743295 1.42467566835694 1.26790131931193 1.55905048758723 1.31700491532683 1.24782084999606 1.89749800623395 1.80978194135241 1.71547472150996 1.92761672358029 1.3797068959102 1.8025398333557 0.987219991860911 1.19989727577195 0.960479181958362 1.08807181357406 1.47599787847139 1.31898727943189 1.64368985034525 1.6818913645111 0.967606188030913 0 1.77660136111081 1.86894327728078 1.08945510513149 1.63887673639692 1.81439926032908 1.56456824019551
1.77600218355656 1.59626841777936 1.10695276991464 1.52050476986915 1.43071757885627 1.097813451197 1.29653023113497 1.1959935373161 1.65148306475021 1.52036496531218 1.44880190095864 1.62619272363372 1.70249480986968 1.32976156636141 0.953783403150737 1.19899847218767 1.47541978722438 1.4260818134062 1.57663000607863 0.980052130529657 1.71189331403002 1.30234637390822 1.84746542177163 1.77660136111081 0 1.48960331664421 1.18806479661725 1.89272370794788 1.48913271725178 1.01743861055002
1.14900741702877 1.50201702374034 1.359435480088 1.68939684936777 1.84069670294411 1.66018055798486 1.36881545092911 1.56699959211983 1.29195214505307 0.988609525375068 1.21597290202044 1.63597717322409 1.48556804656982 1.0322773528751 1.93809485970996 1.07481977203861 1.1555008883588 1.42334799584933 1.90702884295024 1.53094440931454 1.02411036496051 1.44534498360008 1.81517357262783 1.86894327728078 1.48960331664421 0 1.54797013453208 1.58852582471445 1.12814991711639 1.22343085589819
1.09759138547815 1.47178564500064 1.61799276829697 1.3685394404456 1.87396386801265 1.30066976998933 1.06444686232135 1.69962305529043 1.24943587975577 1.68875026819296 1.04869075026363 1.26921221707016 1.64256141032092 1.35305752744898 1.08469443581998 1.09661056101322 1.53246389282867 1.47715552221052 1.68186252540909 1.82590925507247 0.984601878095418 1.6442310642451 1.82403947762214 1.08945510513149 1.18806479661725 1.54797013453208 0 1.01400247123092 1.91857068333775 1.52358069666661
1.35178432287648 1.69136332906783 1.53864872944541 1.53409046120942 1.83900510962121 1.81554722948931 1.87309872754849 1.65324493264779 1.33832433680072 1.44564760872163 1.4893861245364 1.38178354501724 1.34010009793565 1.94024689937942 1.49408773076721 1.48753836681135 1.83180465223268 1.69523336342536 1.1714744833298 1.50876611168496 1.80985938664526 1.00483305961825 1.87223320011981 1.63887673639692 1.89272370794788 1.58852582471445 1.01400247123092 0 1.81401768932119 1.29764864337631
1.86533009842969 1.60433798702434 1.8765541666653 0.974836749956012 1.94450803962536 1.81409947155043 1.25272035319358 1.52908938168548 1.61568256444298 1.60673734685406 1.53482107911259 1.81366393971257 1.47277528862469 1.3378227611538 1.56291834590957 1.89318322925828 1.00578472227789 1.68139759171754 1.79244104749523 1.05655115842819 1.0422854393255 1.72387458500452 1.33391997870058 1.81439926032908 1.48913271725178 1.12814991711639 1.91857068333775 1.81401768932119 0 1.51547543285415
1.39751174300909 1.20203984016553 1.02334006479941 1.13691390864551 1.6978736622259 1.43692302517593 1.16305790585466 1.3058750515338 1.40261818980798 1.57723231660202 1.40295154973865 1.47581477789208 1.08671957417391 1.59687804500572 1.28644784772769 1.73999324487522 1.02101483568549 1.76614401605912 1.84637340041809 1.94127829070203 1.35742873535492 1.72498555411585 1.47522235661745 1.56456824019551 1.01743861055002 1.22343085589819 1.52358069666661 1.29764864337631 1.51547543285415 0
