0 1.9166891600471 1.38707223976962 1.70648334594443 1.59353975974955 1.53739521489479 1.82807760173455 1.23963485960849 1.23953096591868 1.2187850929331 1.62548461812548 1.33723438042216 1.20874150120653 1.21039451356046 1.9074185420759 1.22811293182895 1.36535048135556 1.24526023026556 1.32348721241578 1.30673230043612 1.905411781976 1.10781870177016 1.87185156950727 1.22284442256205 1.61937011964619 1.63982200133614 1.34142176155001 1.53461670456454 1.27138099470176 1.53828405379318
1.9166891600471 0 1.18298225686885 1.26122462633066 1.21151755331084 1.5260814668145 1.50502211065032 1.1108528485056 1.48632315685973 1.72567393491045 1.41643968690187 1.73152218549512 1.6323050125502 1.18026011344045 1.94011139916256 0.987499498995021 1.58515573339537 1.12912121019326 1.38788537262008 1.87510998058133 1.66438700188883 1.3241890638601 1.06278316536918 1.43149074213579 1.47778618661687 1.84437936474569 1.294936850667 0.980714383302256 1.27293561026454 1.2405162549112
1.38707223976962 1.18298225686885 0 1.72137697855942 1.8365910151042 1.02529674675316 1.78791807359084 1.35741411196068 1.60325953154825 1.54405014612712 1.77651477209292 1.0145576975774 1.37041596532799 1.22412381251343 0.990057545946911 1.71003856486641 1.360181693919 1.08099748753011 0.965009849518538 1.03485441952944 1.63555592368357 1.27140072197653 1.72135216207244 1.64943189150654 1.88402742892504 1.17652420513332 1.3379943005275 1.92484246636741 1.2790874033235 0.98242345592007
1.70648334594443 1.26122462633066 1.72137697855942 0 1.00345327309333 1.6829588888213 1.47189952526242 1.92091615917161 1.47218548227102 1.62687849299982 1.8506678363774 1.92391512310132 1.93356947717257 1.39253394096158 1.01533838221803 1.23718346422538 1.19752675062045 1.19993890635669 1.70035914331675 1.29081016778946 1.09438871522434 1.49110660818405 1.64999098330736 1.4205711109098 1.03439063299447 1.24226375599392 1.01625823718496 1.21532907313667 1.23568676831201 1.72167561063543
1.59353975974955 1.21151755331084 1.8365910151042 1.00345327309333 0 1.2065993680153 1.40069204196334 1.34262148593552 1.33944065193646 1.91133837983944 1.34978873189539 1.34768578666262 0.982680968940258 0.970227360026911 1.89244233677164 1.81074280571193 1.92075897869654 1.95285119186155 1.57805343018845 1.10573997558095 1.07074051443487 1.93677212088369 1.65821676165797 1.34632653393783 1.23827184154652 1.7338394804392 0.997427048394457 1.47031630435959 1.5894656800665 1.48974582715891
1.53739521489479 1.5260814668145 1.02529674675316 1.6829588888213 1.2065993680153 0 1.42528881155886 1.78237193031237 1.14031156245619 1.4022378299851 1.34698490030132 1.04410750954412 1.38479471905157 1.35433774115518 1.83719379361719 1.27901274408214 1.47590470826253 1.5657772840932 1.27156625501812 1.12475281558 1.51983265974559 1.8104171033483 1.47041545063257 1.87225333577953 1.15018423553556 1.58998101321049 1.48635924048722 1.95641638431698 1.86639493051916 1.90483187092468
1.82807760173455 1.50502211065032 1.78791807359084 1.47189952526242 1.40069204196334 1.42528881155886 0 1.65317721618339 1.904976478545 1.58944262820296 1.70657963049598 1.38641962921247 1.35151168284938 1.43288956140168 1.11902007227764 1.28939448297024 1.64961383584887 1.19869998795912 1.61991891381331 1.20804141322151 1.71865213639103 1.65792458946817 1.30685867811553 1.30188192520291 1.78255266789347 1.27150350785814 1.27850282727741 1.92837221850641 1.22690972941928 1.58867463096976
1.23963485960849 1.1108528485056 1.35741411196068 1.92091615917161 1.34262148593552 1.78237193031237 1.65317721618339 0 1.89412408554927 1.73782180668786 1.26789300702512 1.80834208079614 1.16554481140338 1.81272913096473 1.71558751747943 1.1411369247362 0.986585004953668 1.49549103272147 0.985865158261731 1.31123191933148 1.34523907885887 1.82264540949836 1.68520528380759 1.71995105338283 1.3046882757917 1.30787235824391 1.66591105423868 1.95364847616293 1.33684005192481 1.51749636465684
1.23953096591868 1.48632315685973 1.60325953154825 1.47218548227102 1.33944065193646 1.14031156245619 1.904976478545 1.89412408554927 0 0.962286194786429 0.965731649193913 1.95768990903161 1.91820478858426 1.18249366269447 0.998114939779043 1.2363638242241 1.45595307042822 1.35064299032092 1.39670492731966 1.518319593044 1.55393319367431 1.73812934500165 1.58074903185479 1.01483982778154 1.32636591466144 1.61349772126414 1.91638903226703 1.64995131664909 1.27825233596377 1.23487057187594
1.2187850929331 1.72567393491045 1.54405014612712 1.62687849299982 1.91133837983944 1.4022378299851 1.58944262820296 1.73782180668786 0.962286194786429 0 1.7767568686977 1.68757611536421 1.78441044175997 1.11529466300271 1.0596736643929 1.24064638069831 1.06187210651115 1.65570000722073 1.03046289668418 1.71938295569271 1.10959082050249 1.35344252013601 1.00809833104722 1.26938040507957 1.50623614084907 1.28301054402255 1.14219254720956 1.47529694112018 1.49198295059614 1.95625435886905
1.62548461812548 1.41643968690187 1.77651477209292 1.8506678363774 1.34978873189539 1.34698490030132 1.70657963049598 1.26789300702512 0.965731649193913 1.7767568686977 0 1.26202055858448 1.95255193510093 1.32484189397655 1.13138239015825 1.5148872025311 1.24144722055644 1.81884308415465 1.08460175967775 1.02501489617862 1.37538264482282 1.61684483825229 1.34146964969113 1.93171805748716 1.59765707072802 0.979163856245577 1.00458916369826 1.5164859034121 0.971579717006534 1.50266552832909
1.33723438042216 1.73152218549512 1.0145576975774 1.92391512310132 1.34768578666262 1.04410750954412 1.38641962921247 1.80834208079614 1.95768990903161 1.68757611536421 1.26202055858448 0 1.47720250184648 1.5217474217061 1.39604046405293 1.29277976206504 1.66639467328787 1.75177726149559 1.45574933500029 1.18766228714958 1.29560132347979 1.08513944060542 1.2499413874466 1.75530323782004 1.28858377994038 1.68099532346241 1.02986429701559 0.976880686124787 1.83654790697619 1.52507356321439
1.20874150120653 1.6323050125502 1.37041596532799 1.93356947717257 0.982680968940258 1.38479471905157 1.35151168284938 1.16554481140338 1.91820478858426 1.78441044175997 1.95255193510093 1.47720250184648 0 1.67740528727882 1.5090571208857 1.00849800347351 1.12329402961768 1.05932210409082 1.61874076351523 1.91001131106168 1.58598924148828 1.47275081416592 1.54204722773284 1.50944333383814 1.57914954074658 1.09780608606525 1.71498651360162 1.77102218777873 1.37177594425157 1.39220981043763
1.21039451356046 1.18026011344045 1.22412381251343 1.39253394096158 0.970227360026911 1.35433774115518 1.43288956140168 1.81272913096473 1.18249366269447 1.11529466300271 1.32484189397655 1.5217474217061 1.67740528727882 0 1.32210603100248 1.29414268909022 1.83000297378749 1.20510877808556 1.8842108908575 1.51568462816067 1.27364861778915 1.40590967843309 1.94681085529737 1.86418662010692 1.48860772163607 1.01291896775365 1.25410575745627 1.9169946804177 1.88944043545052 1.35435514245182
1.9074185420759 1.94011139916256 0.990057545946911 1.01533838221803 1.89244233677164 1.83719379361719 1.11902007227764 1.71558751747943 0.998114939779043 1.0596736643929 1.13138239015825 1.39604046405293 1.5090571208857 1.32210603100248 0 1.15465693827718 1.84884492866695 1.81826722645201 1.65902962791733 1.44601414445788 1.6101328455843 1.84396715438925 1.01964687579311 1.45384654146619 1.92410205700435 1.73558914335445 1.72190950857475 1.85477725812234 1.94835948455147 1.8317784469109
1.22811293182895 0.987499498995021 1.71003856486641 1.23718346422538 1.81074280571193 1.27901274408214 1.28939448297024 1.1411369247362 1.2363638242241 1.24064638069831 1.5148872025311 1.29277976206504 1.00849800347351 1.29414268909022 1.15465693827718 0 1.30916847079061 1.49539593537338 1.90076100337319 1.14479874446988 1.45737063582055 1.6460386053659 1.73612910276279 1.1568745658733 1.66249473951757 1.60038155596703 1.44227897166274 1.29858055571094 1.06182597251609 1.07374396920204
1.36535048135556 1.58515573339537 1.360181693919 1.19752675062045 1.92075897869654 1.47590470826253 1.64961383584887 0.986585004953668 1.45595307042822 1.06187210651115 1.24144722055644 1.66639467328787 1.12329402961768 1.83000297378749 1.84884492866695 1.30916847079061 0 1.64062372408807 1.1322407044936 1.70501524396241 1.87270170194097 1.16522461152636 1.25119760632515 1.90230542258359 1.24836597917601 1.57704029930755 1.7743162473198 0.967063471209258 1.50956610240974 1.7682111733593
1.24526023026556 1.12912121019326 1.08099748753011 1.19993890635669 1.95285119186155 1.5657772840932 1.19869998795912 1.49549103272147 1.35064299032092 1.65570000722073 1.81884308415465 1.75177726149559 1.05932210409082 1.20510877808556 1.81826722645201 1.49539593537338 1.64062372408807 0 1.68581116572022 1.65385934989899 1.22118672961369 1.09364231233485 1.02680922206491 1.01249415543862 1.0523721082136 1.91795402416028 1.58673035097308 1.70539825269952 1.0946952777449 1.05532982270233
1.32348721241578 1.38788537262008 0.965009849518538 1.70035914331675 1.57805343018845 1.27156625501812 1.61991891381331 0.985865158261731 1.39670492731966 1.03046289668418 1.08460175967775 1.45574933500029 1.61874076351523 1.8842108908575 1.65902962791733 1.90076100337319 1.1322407044936 1.68581116572022 0 1.32417367491871 1.10753064765595 1.32141746580601 1.76756124151871 0.990405062446371 1.34613607963547 1.14184983819723 1.49579139216803 1.25184931559488 1.51295571262017 1.40622804267332
1.30673230043612 1.87510998058133 1.03485441952944 1.29081016778946 1.10573997558095 1.12475281558 1.20804141322151 1.31123191933148 1.518319593044 1.71938295569271 1.02501489617862 1.18766228714958 1.91001131106168 1.51568462816067 1.44601414445788 1.14479874446988 1.70501524396241 1.65385934989899 1.32417367491871 0 1.49191368161701 1.93378361756913 1.72861356451176 1.72413762821816 1.65161553281359 1.78688102448359 1.35003140964545 1.05019970214926 0.966211429564282 1.20279215881601
1.905411781976 1.66438700188883 1.63555592368357 1.09438871522434 1.07074051443487 1.51983265974559 1.71865213639103 1.34523907885887 1.55393319367431 1.10959082050249 1.37538264482282 1.29560132347979 1.58598924148828 1.27364861778915 1.6101328455843 1.45737063582055 1.87270170194097 1.22118672961369 1.10753064765595 1.49191368161701 0 1.87247617752291 1.7672825017944 1.18362714047544 1.37656954978593 1.73053748300299 1.07919755205512 1.60907316417433 0.959289341932163 1.05854099243879
1.10781870177016 1.3241890638601 1.27140072197653 1.49110660818405 1.93677212088369 1.8104171033483 1.65792458946817 1.82264540949836 1.73812934500165 1.35344252013601 1.61684483825229 1.08513944060542 1.47275081416592 1.40590967843309 1.84396715438925 1.6460386053659 1.16522461152636 1.09364231233485 1.32141746580601 1.93378361756913 1.87247617752291 0 1.7986455000937 1.25780076929368 1.36331806681119 1.25640730909072 1.65740312216803 1.76495350291952 1.0270269587636 1.42446175939403
1.87185156950727 1.06278316536918 1.72135216207244 1.64999098330736 1.65821676165797 1.47041545063257 1.30685867811553 1.68520528380759 1.58074903185479 1.00809833104722 1.34146964969113 1.2499413874466 1.54204722773284 1.94681085529737 1.01964687579311 1.73612910276279 1.25119760632515 1.02680922206491 1.76756124151871 1.72861356451176 1.7672825017944 1.7986455000937 0 1.55290699889883 1.81851121457294 1.75046737771481 1.13702546316199 1.6622765539214 1.43324701953679 1.20304983318783
1.22284442256205 1.43149074213579 1.64943189150654 1.4205711109098 1.34632653393783 1.87225333577953 1.30188192520291 1.71995105338283 1.01483982778154 1.26938040507957 1.93171805748716 1.75530323782004 1.50944333383814 1.86418662010692 1.45384654146619 1.1568745658733 1.90230542258359 1.01249415543862 0.990405062446371 1.72413762821816 1.18362714047544 1.25780076929368 1.55290699889883 0 1.39698335481808 0.968464340781793 1.86134738614783 1.56988846044987 1.63839819747955 1.39784712367691
1.61937011964619 1.47778618661687 1.88402742892504 1.03439063299447 1.23827184154652 1.15018423553556 1.78255266789347 1.3046882757917 1.32636591466144 1.50623614084907 1.59765707072802 1.28858377994038 1.57914954074658 1.48860772163607 1.92410205700435 1.66249473951757 1.24836597917601 1.0523721082136 1.34613607963547 1.65161553281359 1.37656954978593 1.36331806681119 1.81851121457294 1.39698335481808 0 1.21516347373836 1.94513749331236 1.10420549358241 1.67533591808751 1.85118026891723
1.63982200133614 1.84437936474569 1.17652420513332 1.24226375599392 1.7338394804392 1.58998101321049 1.27150350785814 1.30787235824391 1.61349772126414 1.28301054402255 0.979163856245577 1.68099532346241 1.09780608606525 1.01291896775365 1.73558914335445 1.60038155596703 1.57704029930755 1.91795402416028 1.14184983819723 1.78688102448359 1.73053748300299 1.25640730909072 1.75046737771481 0.968464340781793 1.21516347373836 0 1.5996514998842 1.26525798323564 1.24606781150214 1.73301283107139
1.34142176155001 1.294936850667 1.3379943005275 1.01625823718496 0.997427048394457 1.48635924048722 1.27850282727741 1.66591105423868 1.91638903226703 1.14219254720956 1.00458916369826 1.02986429701559 1.71498651360162 1.25410575745627 1.72190950857475 1.44227897166274 1.7743162473198 1.58673035097308 1.49579139216803 1.35003140964545 1.07919755205512 1.65740312216803 1.13702546316199 1.86134738614783 1.94513749331236 1.5996514998842 0 1.8385198819451 1.07308590156026 1.00049505988136
1.53461670456454 0.980714383302256 1.92484246636741 1.21532907313667 1.47031630435959 1.95641638431698 1.92837221850641 1.95364847616293 1.64995131664909 1.47529694112018 1.5164859034121 0.976880686124787 1.77102218777873 1.9169946804177 1.85477725812234 1.29858055571094 0.967063471209258 1.70539825269952 1.25184931559488 1.05019970214926 1.60907316417433 1.76495350291952 1.6622765539214 1.56988846044987 1.10420549358241 1.26525798323564 1.8385198819451 0 1.86531059606932 1.87198467925191
1.27138099470176 1.27293561026454 1.2790874033235 1.23568676831201 1.5894656800665 1.86639493051916 1.22690972941928 1.33684005192481 1.27825233596377 1.49198295059614 0.971579717006534 1.83654790697619 1.37177594425157 1.88944043545052 1.94835948455147 1.06182597251609 1.50956610240974 1.0946952777449 1.51295571262017 0.966211429564282 0.959289341932163 1.0270269587636 1.43324701953679 1.63839819747955 1.67533591808751 1.24606781150214 1.07308590156026 1.86531059606932 0 1.26299150940031
1.53828405379318 1.2405162549112 0.98242345592007 1.72167561063543 1.48974582715891 1.90483187092468 1.58867463096976 1.51749636465684 1.23487057187594 1.95625435886905 1.50266552832909 1.52507356321439 1.39220981043763 1.35435514245182 1.8317784469109 1.07374396920204 1.7682111733593 1.05532982270233 1.40622804267332 1.20279215881601 1.05854099243879 1.42446175939403 1.20304983318783 1.39784712367691 1.85118026891723 1.73301283107139 1.00049505988136 1.87198467925191 1.26299150940031 0
