0 1.62140325037763 0.982345897238702 1.17868252564222 1.84886788274162 1.63626628392376 1.58014855417423 1.56010317057371 1.90226764185354 1.46351824747398 1.14664103812538 1.15385963069275 1.66038393275812 1.13337418669835 1.76880744984373 1.49419433972798 1.61220760457218 1.07238744408824 1.58116420148872 1.39150375477038 1.81127378321253 1.66463053505868 1.63523805933073 1.41653022007085 1.0135711748153 1.72286604600959 1.65067906328477 1.34845494688489 1.30045865941793 1.23175670998171
1.62140325037763 0 1.75712009589188 1.8600438318681 1.67484594276175 1.36281641712412 1.02073424682021 1.36893326952122 1.72305828821845 1.66968727344647 1.48592228558846 1.58863269165158 1.05828023841605 1.88136659166776 1.78631358710118 1.49007321102545 1.39656591671519 1.65187705215067 1.34282143670134 1.83901702309959 1.77961449301802 1.68802828178741 1.9062548421789 1.23570798221044 1.29514534235932 1.31898461980745 1.14808927150443 1.02157657919452 1.39329830557108 1.7764548920095
0.982345897238702 1.75712009589188 0 1.41130443802103 1.24762200028636 1.17156021716073 1.91335396282375 1.82698905561119 1.31946411496028 1.64589251554571 1.25333062675782 1.2031730983872 1.8222759955097 1.351764570456 1.82798344967887 1.09412991581485 1.08858001045883 1.76091938721947 1.83258791221306 1.717987857759 1.50537174404599 1.85340132634155 1.73048099852167 1.79741415707394 1.72771806782112 1.29558980977163 1.36141036567278 1.65553572936915 1.14274576981552 1.54966905922629
1.17868252564222 1.8600438318681 1.41130443802103 0 1.59262604801916 1.61726364679635 1.03468807088211 1.18325656861998 1.46486714016646 1.16799423680641 1.5602940430399 1.69552620686591 1.33659612736665 1.49990987917408 1.89976160810329 1.57096069003455 1.14745218330063 1.20193102932535 1.37311482196674 1.3276485898532 1.91394938901067 1.35121999168769 1.58167763077654 1.03719773725607 1.51207010657527 1.43370046140626 1.57144473702647 1.49855657666922 1.40850210376084 1.12733893771656
1.84886788274162 1.67484594276175 1.24762200028636 1.59262604801916 0 1.58668750198558 1.45148412743583 1.02842462970875 1.5143111217767 1.88584554055706 1.25838141073473 1.76550700818188 1.52916733757593 1.17968880757689 1.60226298752241 1.62686004140414 1.76749752904288 1.62243215553463 1.31931983516552 1.22235081368126 1.6514832500834 1.01103649404831 1.53949717665091 1.16246496001258 0.957609795499593 1.20845592487603 1.52624274091795 1.92355744866654 1.38687066803686 1.35434527555481
1.63626628392376 1.36281641712412 1.17156021716073 1.61726364679635 1.58668750198558 0 1.65756348101422 1.51438683504239 1.28577249939553 1.05980409192853 1.52419127081521 0.98500471864827 1.14646342513151 1.80213700863533 1.26520983199589 1.04912609816529 1.63496001786552 1.80916696833447 1.24885990493931 1.74805764155462 1.34708561585285 1.33758686296642 1.84469635412097 1.37468117219396 1.81017781188712 1.05286414874718 1.30155301163904 1.415653742617 0.973285211715847 1.3896425194107
1.58014855417423 1.02073424682021 1.91335396282375 1.03468807088211 1.45148412743583 1.65756348101422 0 1.82543734065257 1.58451736858115 0.959748791297898 1.03222352173179 1.69431902328506 1.3862174525857 1.5514257021714 1.02184424060397 0.955478951102123 1.60633580060676 1.02916361275129 1.91749963327311 1.84684393461794 1.5150139068719 1.43311724509113 1.25746135693043 1.3026538034901 1.86556314793415 1.66178756044246 1.6599993177224 1.54007829981856 1.14386676298454 1.21139376680367
1.56010317057371 1.36893326952122 1.82698905561119 1.18325656861998 1.02842462970875 1.51438683504239 1.82543734065257 0 0.942358664935455 1.44551971997134 0.962791758356616 1.75965389446355 1.17751594353467 0.965138897998258 1.72822104441002 1.36965100909583 1.59105889988132 1.23315608804114 1.69274797616526 1.14497969439253 1.43379074847326 0.996419510571286 1.91404286120087 1.04974960722029 1.81081297039054 1.94112106482498 1.29860321804881 1.25709308753721 1.42196741234511 1.83345254673623
1.90226764185354 1.72305828821845 1.31946411496028 1.46486714016646 1.5143111217767 1.28577249939553 1.58451736858115 0.942358664935455 0 1.39962899242528 1.60642529511824 1.67939090984873 1.17220424348488 1.57060735812411 1.89284544275142 1.10084351152182 0.997090632328764 1.22802198072895 1.8861853054259 1.73932641278952 1.09670655196533 1.87025839579292 1.39925659191795 1.63420565007254 1.54735613125376 1.06579629471526 1.16673676809296 1.22464904887602 1.83966310881078 1.26092470320873
1.46351824747398 1.66968727344647 1.64589251554571 1.16799423680641 1.88584554055706 1.05980409192853 0.959748791297898 1.44551971997134 1.39962899242528 0 1.25399163505062 0.948388281511143 0.943379691336304 1.13414169405587 1.04230007226579 1.64226576383226 1.40736577706411 1.77993021439761 1.75526304356754 1.25222857180052 1.43986668088473 1.39321872219443 1.15328690502793 1.24947602022439 1.19697519415058 1.86221738834865 1.08936568000354 1.67721025156789 1.09689605562016 1.79497350449674
1.14664103812538 1.48592228558846 1.25333062675782 1.5602940430399 1.25838141073473 1.52419127081521 1.03222352173179 0.962791758356616 1.60642529511824 1.25399163505062 0 1.09952225419693 1.58207785198465 1.87661959836259 1.45760321407579 1.52970946021378 0.991123682120815 0.982796896714717 1.7372155203484 1.41064726817422 1.35034398292191 1.53367215394974 0.976033726707101 0.948224848369136 1.10059526865371 0.978329306468368 1.90033741132356 1.37668201047927 1.48187267314643 1.72193539794534
1.15385963069275 1.58863269165158 1.2031730983872 1.69552620686591 1.76550700818188 0.98500471864827 1.69431902328506 1.75965389446355 1.67939090984873 0.948388281511143 1.09952225419693 0 1.58459877874702 1.13808252266608 1.60445577884093 1.6089308927767 1.61793255340308 1.01068684039637 1.31793925794773 1.4735205611214 1.39544597314671 1.8908219684381 1.08910093503073 1.27401010016911 1.73425114457496 1.12675802805461 1.06276148674078 1.80080045061186 0.999513135058805 1.33058270649053
1.66038393275812 1.05828023841605 1.8222759955097 1.33659612736665 1.52916733757593 1.14646342513151 1.3862174525857 1.17751594353467 1.17220424348488 0.943379691336304 1.58207785198465 1.58459877874702 0 1.04153542476706 1.05368732195348 1.32762420130894 1.11813265550882 1.35209441534244 1.53739519626833 1.41858021821827 1.25368743017316 1.60115384333767 1.08884106017649 1.71466440428048 1.26960418163799 1.66250198986381 1.27366773667745 1.92399555514567 0.989324472378939 1.4756193344947
1.13337418669835 1.88136659166776 1.351764570456 1.49990987917408 1.17968880757689 1.80213700863533 1.5514257021714 0.965138897998258 1.57060735812411 1.13414169405587 1.87661959836259 1.13808252266608 1.04153542476706 0 1.52001557592303 1.87586715258658 1.70005249907263 1.12976168678142 1.15983868786134 1.47773259971291 1.63159634801559 1.54906050115824 1.92394460900687 1.55302503448911 1.50542737613432 1.12023223983124 1.19389085238799 1.22250769333914 1.14713313872926 1.85039514512755
1.76880744984373 1.78631358710118 1.82798344967887 1.89976160810329 1.60226298752241 1.26520983199589 1.02184424060397 1.72822104441002 1.89284544275142 1.04230007226579 1.45760321407579 1.60445577884093 1.05368732195348 1.52001557592303 0 1.72398776188493 1.54846467496827 1.61032225843519 1.17348558246158 1.0966182006523 1.15936642372981 1.41683467430994 1.12386720115319 1.61339769675396 1.76765154791065 1.13646231498569 1.59126702696085 1.22157544689253 1.12607580423355 1.87433646782301
1.49419433972798 1.49007321102545 1.09412991581485 1.57096069003455 1.62686004140414 1.04912609816529 0.955478951102123 1.36965100909583 1.10084351152182 1.64226576383226 1.52970946021378 1.6089308927767 1.32762420130894 1.87586715258658 1.72398776188493 0 1.92941211769357 1.04266111948527 1.22805848694406 1.16408777004108 1.80707051930949 1.84738720301539 1.52197053935379 1.23400048189797 1.49010668392293 1.63716419576667 1.62740528234281 1.459118665196 1.09952440019697 1.56277667265385
1.61220760457218 1.39656591671519 1.08858001045883 1.14745218330063 1.76749752904288 1.63496001786552 1.60633580060676 1.59105889988132 0.997090632328764 1.40736577706411 0.991123682120815 1.61793255340308 1.11813265550882 1.70005249907263 1.54846467496827 1.92941211769357 0 1.79608009336516 1.75449890317395 1.43844344909303 1.15266621462069 1.68323570792563 1.56085428176448 1.87060765223578 1.20317684323527 0.989048164105043 1.49339848104864 1.70927526755258 0.992393800057471 1.08548061992042
1.07238744408824 1.65187705215067 1.76091938721947 1.20193102932535 1.62243215553463 1.80916696833447 1.02916361275129 1.23315608804114 1.22802198072895 1.77993021439761 0.982796896714717 1.01068684039637 1.35209441534244 1.12976168678142 1.61032225843519 1.04266111948527 1.79608009336516 0 0.985682350117713 1.17860051523894 1.62497383519076 1.32011876883917 1.33190854149871 1.29646955942735 1.34002575348131 1.13223351351917 1.08779332065023 1.4878093637526 1.85259687830694 1.52715601655655
1.58116420148872 1.34282143670134 1.83258791221306 1.37311482196674 1.31931983516552 1.24885990493931 1.91749963327311 1.69274797616526 1.8861853054259 1.75526304356754 1.7372155203484 1.31793925794773 1.53739519626833 1.15983868786134 1.17348558246158 1.22805848694406 1.75449890317395 0.985682350117713 0 1.38643770711496 1.51707254303619 1.59493646980263 1.42385031911545 1.24227943341248 1.78816627920605 1.61000873311423 1.18461984558962 1.19056094996631 1.9273716241587 1.40989351342432
1.39150375477038 1.83901702309959 1.717987857759 1.3276485898532 1.22235081368126 1.74805764155462 1.84684393461794 1.14497969439253 1.73932641278952 1.25222857180052 1.41064726817422 1.4735205611214 1.41858021821827 1.47773259971291 1.0966182006523 1.16408777004108 1.43844344909303 1.17860051523894 1.38643770711496 0 1.09902924695052 1.54326215549372 1.04121092706919 1.00556173943914 1.45503657334484 1.74626566283405 1.88158784271218 1.79363316716626 1.31612156727351 1.63615567819215
1.81127378321253 1.77961449301802 1.50537174404599 1.91394938901067 1.6514832500834 1.34708561585285 1.5150139068719 1.43379074847326 1.09670655196533 1.43986668088473 1.35034398292191 1.39544597314671 1.25368743017316 1.63159634801559 1.15936642372981 1.80707051930949 1.15266621462069 1.62497383519076 1.51707254303619 1.09902924695052 0 1.0061532817781 1.12738557020202 1.32542785257101 1.26457645557821 1.14117239858024 1.26803422649391 1.12600037222728 1.46167041826993 1.91509321541525
1.66463053505868 1.68802828178741 1.85340132634155 1.35121999168769 1.01103649404831 1.33758686296642 1.43311724509113 0.996419510571286 1.87025839579292 1.39321872219443 1.53367215394974 1.8908219684381 1.60115384333767 1.54906050115824 1.41683467430994 1.84738720301539 1.68323570792563 1.32011876883917 1.59493646980263 1.54326215549372 1.0061532817781 0 1.06715170689858 1.16284920205362 1.57624111208133 1.12446252861992 1.87202077032998 1.60298367473297 1.84832303551957 1.50986952870153
1.63523805933073 1.9062548421789 1.73048099852167 1.58167763077654 1.53949717665091 1.84469635412097 1.25746135693043 1.91404286120087 1.39925659191795 1.15328690502793 0.976033726707101 1.08910093503073 1.08884106017649 1.92394460900687 1.12386720115319 1.52197053935379 1.56085428176448 1.33190854149871 1.42385031911545 1.04121092706919 1.12738557020202 1.06715170689858 0 1.65051816985942 0.981876368401572 1.40063334745355 1.56110681081191 1.25014780880883 1.41695579397492 1.52720027626492
1.41653022007085 1.23570798221044 1.79741415707394 1.03719773725607 1.16246496001258 1.37468117219396 1.3026538034901 1.04974960722029 1.63420565007254 1.24947602022439 0.948224848369136 1.27401010016911 1.71466440428048 1.55302503448911 1.61339769675396 1.23400048189797 1.87060765223578 1.29646955942735 1.24227943341248 1.00556173943914 1.32542785257101 1.16284920205362 1.65051816985942 0 1.93540611257777 1.04084683395922 1.47825896018185 1.54613192402758 1.73796898755245 1.0346570238471
1.0135711748153 1.29514534235932 1.72771806782112 1.51207010657527 0.957609795499593 1.81017781188712 1.86556314793415 1.81081297039054 1.54735613125376 1.19697519415058 1.10059526865371 1.73425114457496 1.26960418163799 1.50542737613432 1.76765154791065 1.49010668392293 1.20317684323527 1.34002575348131 1.78816627920605 1.45503657334484 1.26457645557821 1.57624111208133 0.981876368401572 1.93540611257777 0 1.4081963985227 1.43480003159493 1.39201557333581 1.74581021047197 1.61307944264263
1.72286604600959 1.31898461980745 1.29558980977163 1.43370046140626 1.20845592487603 1.05286414874718 1.66178756044246 1.94112106482498 1.06579629471526 1.86221738834865 0.978329306468368 1.12675802805461 1.66250198986381 1.12023223983124 1.13646231498569 1.63716419576667 0.989048164105043 1.13223351351917 1.61000873311423 1.74626566283405 1.14117239858024 1.12446252861992 1.40063334745355 1.04084683395922 1.4081963985227 0 1.51591027737595 1.77654939913191 1.28739981260151 1.56651481240988
1.65067906328477 1.14808927150443 1.36141036567278 1.57144473702647 1.52624274091795 1.30155301163904 1.6599993177224 1.29860321804881 1.16673676809296 1.08936568000354 1.90033741132356 1.06276148674078 1.27366773667745 1.19389085238799 1.59126702696085 1.62740528234281 1.49339848104864 1.08779332065023 1.18461984558962 1.88158784271218 1.26803422649391 1.87202077032998 1.56110681081191 1.47825896018185 1.43480003159493 1.51591027737595 0 1.56780261965469 1.15016315691173 1.49612033809535
1.34845494688489 1.02157657919452 1.65553572936915 1.49855657666922 1.92355744866654 1.415653742617 1.54007829981856 1.25709308753721 1.22464904887602 1.67721025156789 1.37668201047927 1.80080045061186 1.92399555514567 1.22250769333914 1.22157544689253 1.459118665196 1.70927526755258 1.4878093637526 1.19056094996631 1.79363316716626 1.12600037222728 1.60298367473297 1.25014780880883 1.54613192402758 1.39201557333581 1.77654939913191 1.56780261965469 0 1.22804394015111 1.38430171459913
1.30045865941793 1.39329830557108 1.14274576981552 1.40850210376084 1.38687066803686 0.973285211715847 1.14386676298454 1.42196741234511 1.83966310881078 1.09689605562016 1.48187267314643 0.999513135058805 0.989324472378939 1.14713313872926 1.12607580423355 1.09952440019697 0.992393800057471 1.85259687830694 1.9273716241587 1.31612156727351 1.46167041826993 1.84832303551957 1.41695579397492 1.73796898755245 1.74581021047197 1.28739981260151 1.15016315691173 1.22804394015111 0 1.762691287091
1.23175670998171 1.7764548920095 1.54966905922629 1.12733893771656 1.35434527555481 1.3896425194107 1.21139376680367 1.83345254673623 1.26092470320873 1.79497350449674 1.72193539794534 1.33058270649053 1.4756193344947 1.85039514512755 1.87433646782301 1.56277667265385 1.08548061992042 1.52715601655655 1.40989351342432 1.63615567819215 1.91509321541525 1.50986952870153 1.52720027626492 1.0346570238471 1.61307944264263 1.56651481240988 1.49612033809535 1.38430171459913 1.762691287091 0
