0 1.60255634761415 1.28246608539484 1.82873104861937 1.82311371876858 0.955419044476002 1.43809550395235 0.963778467848897 1.93820631806739 1.79057193407789 1.47637290786952 1.733312839875 1.59953260165639 1.45996360923164 1.03312769602053 1.72014847118407 1.43521000305191 1.74535480188206 1.00579248135909 1.28385094599798 1.93176734284498 1.53548452351242 1.00069976900704 1.56490493030287 1.27376693254337 1.37008182751015 1.69409750122577 1.53268411196768 1.65440109418705 1.78789981035516
1.60255634761415 0 1.70969102694653 1.46662014210597 1.75890342355706 1.65424671326764 1.55138916079886 0.956041008932516 1.0746147132013 1.58242447068915 1.75199356675148 1.24493211205117 1.47899321652949 1.82105231564492 1.71505372179672 1.47326973034069 1.73922547372058 1.77548817172647 1.02040952094831 1.72584940260276 1.21149395196699 1.38634523260407 1.00562676251866 1.31590125453658 1.71341500151902 1.66723942453973 1.64981908840127 1.76189902448095 1.7486914023757 1.58872406370938
1.28246608539484 1.70969102694653 0 1.09963561152108 1.91841916530393 1.5150037871208 0.997270027408376 1.00276855076663 1.0770503540989 1.5545333516784 1.0165777830407 1.56487992801704 1.7796279983595 1.5483448614832 1.91859571635723 1.59352930192836 1.00797939067706 1.03762532793917 1.01601731195115 1.83354191412218 1.09674496483058 1.53944130963646 1.00515624019317 1.14641158469021 1.5635047450196 1.41071768477559 1.73666018736549 1.18406853312626 1.44039474683814 1.53065524459817
1.82873104861937 1.46662014210597 1.09963561152108 0 1.16735093714669 1.70003797765821 0.989099158672616 1.43785683740862 1.71336959674954 1.92065342143178 1.82553713256493 1.22766042524017 1.24853898654692 1.69529067119583 1.26871198089793 1.84566997759975 1.60814543487504 1.40282442234457 1.38921555201523 1.92149154492654 1.62409550207667 1.37776820873842 1.25338970776647 1.39250239776447 1.45688934391364 1.7687764451839 1.13721490697935 1.91003630240448 1.07277127262205 0.988866704283282
1.82311371876858 1.75890342355706 1.91841916530393 1.16735093714669 0 1.69657156057656 1.84348959545605 1.17377152806148 1.18183387466706 1.52807326824404 1.45048748934641 1.54379401332699 1.26411317125894 1.60007752850652 1.17167116794735 1.10089035332203 1.50150588224642 1.31838451977819 1.67494002822787 1.7713899363298 1.06089560477994 1.76222352962941 1.48136087390594 1.71802167478018 1.15126606589183 1.04564221063629 1.32557633705437 1.85264325607568 1.39328035828657 1.38646764773875
0.955419044476002 1.65424671326764 1.5150037871208 1.70003797765821 1.69657156057656 0 1.50519688264467 1.65085607324727 1.93330429168418 1.29932913323864 1.77576769841835 1.84187807701528 1.03654268756509 1.60501051321626 1.89352446771227 1.19890231708996 1.50360185024329 1.79565954487771 1.37182613625191 1.47244601487182 1.2205156381242 1.7727647414431 1.67911951802671 1.36685015819967 1.55598623864353 1.01257423707284 1.2961979333777 1.05150074255653 1.48080853139982 1.29689388792031
1.43809550395235 1.55138916079886 0.997270027408376 0.989099158672616 1.84348959545605 1.50519688264467 0 1.373148170067 1.45291219791397 1.77540662232786 1.80330142076127 1.13328972551972 1.70444764592685 1.81970857502893 1.41509456909262 1.31841148738749 1.88612895645201 1.49382206238806 1.71010195044801 1.06115705845878 1.3267611397896 1.09599625645205 1.67746759136207 1.51773191685788 1.03648428735323 1.55661037145182 1.12929500872269 0.965929946629331 1.80916983843781 1.41191933280788
0.963778467848897 0.956041008932516 1.00276855076663 1.43785683740862 1.17377152806148 1.65085607324727 1.373148170067 0 1.70553878298961 1.64322262094356 1.34002314740792 1.17620509490371 1.52815364208072 1.85184047580697 1.69457222335041 1.53356204926968 1.29727655672468 1.46521320007741 1.04772357782349 1.33757680188864 0.977621639147401 1.66268909769133 1.43415684229694 1.14346745051444 1.4404034409672 0.973197261570022 1.01241497392766 1.38708108779974 1.11956033296883 1.5506067618262
1.93820631806739 1.0746147132013 1.0770503540989 1.71336959674954 1.18183387466706 1.93330429168418 1.45291219791397 1.70553878298961 0 1.89328547869809 1.32433198112994 1.22311177616939 1.74887824733742 1.18789153825492 0.968179916730151 1.0609995634295 1.70534648629837 0.984491718234494 1.68813078547828 1.44728954019956 1.64476215164177 1.80740503314883 0.987469233805314 1.07455834443681 1.06169078196399 1.24178590415977 1.3162837040145 1.90535753848962 1.71362186782062 1.46298653515987
1.79057193407789 1.58242447068915 1.5545333516784 1.92065342143178 1.52807326824404 1.29932913323864 1.77540662232786 1.64322262094356 1.89328547869809 0 1.44658039161004 1.67802125122398 1.01095204357989 1.90161907044239 1.6345939761959 1.01247147237882 1.59574986179359 1.65484818373807 1.64126522513106 1.56131887831725 1.71402111370116 1.03598301392049 1.30283341743052 1.68210095399991 1.61499038618058 1.30497458064929 1.36304000765085 1.45348317851312 1.58076756517403 1.8422071961686
1.47637290786952 1.75199356675148 1.0165777830407 1.82553713256493 1.45048748934641 1.77576769841835 1.80330142076127 1.34002314740792 1.32433198112994 1.44658039161004 0 1.64187569729984 1.71815553400666 1.69166197068989 1.02380812400952 1.69927031570114 1.13795868842863 1.42122334078886 1.90305671049282 1.86118840728886 1.64554585027508 1.1512799418997 1.42240754910745 1.09847225737758 1.76750605436973 1.13036906230263 1.47525292797945 1.36421479005367 1.12222002609633 0.96882296493277
1.733312839875 1.24493211205117 1.56487992801704 1.22766042524017 1.54379401332699 1.84187807701528 1.13328972551972 1.17620509490371 1.22311177616939 1.67802125122398 1.64187569729984 0 1.21521341055632 0.952531922608614 1.60101865883917 1.29500209959224 1.70988527615555 0.979355115676299 1.39825373888016 1.60752443922684 1.38563531567343 1.55025593261234 0.954330652719364 1.82164904335514 1.4909895027522 1.87084821565077 1.43363802670501 1.64279177761637 1.29982467601076 1.66745253326371
1.59953260165639 1.47899321652949 1.7796279983595 1.24853898654692 1.26411317125894 1.03654268756509 1.70444764592685 1.52815364208072 1.74887824733742 1.01095204357989 1.71815553400666 1.21521341055632 0 1.57490520644933 1.4637590884231 1.55656185955741 1.36887531145476 1.18154112016782 1.10622854880057 0.964340900769457 1.49421535036527 1.62214128836058 0.965173845179379 1.62948870658875 1.33254784136079 1.37417284958065 1.53090764186345 1.77230179309845 1.11786472285166 1.28189058997668
1.45996360923164 1.82105231564492 1.5483448614832 1.69529067119583 1.60007752850652 1.60501051321626 1.81970857502893 1.85184047580697 1.18789153825492 1.90161907044239 1.69166197068989 0.952531922608614 1.57490520644933 0 1.26323478249833 1.08439696347341 1.25880778860301 1.2358097564429 1.90643546078354 0.979172805557027 1.10222408617847 1.14037720183842 1.11538954940625 1.45147006306797 1.15192329860292 1.32862858939916 1.50659305648878 1.64895571745001 1.47199014341459 1.92317309370264
1.03312769602053 1.71505372179672 1.91859571635723 1.26871198089793 1.17167116794735 1.89352446771227 1.41509456909262 1.69457222335041 0.968179916730151 1.6345939761959 1.02380812400952 1.60101865883917 1.4637590884231 1.26323478249833 0 1.49246113817208 1.75775329093449 1.26549216895364 1.47886537783779 1.34006330138072 1.63591915462166 1.63026202586479 1.46667523123324 1.41783959954046 1.83933152095415 1.90325954416767 0.948270488763228 1.58660617191344 1.2004294784274 1.20891196909361
1.72014847118407 1.47326973034069 1.59352930192836 1.84566997759975 1.10089035332203 1.19890231708996 1.31841148738749 1.53356204926968 1.0609995634295 1.01247147237882 1.69927031570114 1.29500209959224 1.55656185955741 1.08439696347341 1.49246113817208 0 1.5739828562364 1.76482807216235 1.27581709856167 1.18299438874237 0.985956194577739 1.93660008138977 1.11583108454943 1.30015272740275 1.10448971763253 1.24312331550755 1.09186017047614 1.75633849832229 1.64589134394191 1.56567079620436
1.43521000305191 1.73922547372058 1.00797939067706 1.60814543487504 1.50150588224642 1.50360185024329 1.88612895645201 1.29727655672468 1.70534648629837 1.59574986179359 1.13795868842863 1.70988527615555 1.36887531145476 1.25880778860301 1.75775329093449 1.5739828562364 0 1.4397648461163 1.58419244596735 1.79601496295072 1.56028141546994 1.49620254593901 1.08919935743324 1.09686372196302 1.58238910278305 1.79391987784766 1.15115043497644 1.55733420536853 1.76213939860463 1.42383945803158
1.74535480188206 1.77548817172647 1.03762532793917 1.40282442234457 1.31838451977819 1.79565954487771 1.49382206238806 1.46521320007741 0.984491718234494 1.65484818373807 1.42122334078886 0.979355115676299 1.18154112016782 1.2358097564429 1.26549216895364 1.76482807216235 1.4397648461163 0 1.26327484450303 1.7818320908118 1.90385413658805 1.92187123838812 0.962113790214062 1.4294016638305 1.61532132141292 1.81386358407326 1.26659689703956 1.08380532404408 1.86193103948608 1.16131933615543
1.00579248135909 1.02040952094831 1.01601731195115 1.38921555201523 1.67494002822787 1.37182613625191 1.71010195044801 1.04772357782349 1.68813078547828 1.64126522513106 1.90305671049282 1.39825373888016 1.10622854880057 1.90643546078354 1.47886537783779 1.27581709856167 1.58419244596735 1.26327484450303 0 1.0165282918606 1.62894760584459 1.50196518655866 1.74835858657025 1.85095205972902 1.55262703052722 1.67203516256995 1.58261909266002 1.13425499643199 1.49096730188467 1.76749737979844
1.28385094599798 1.72584940260276 1.83354191412218 1.92149154492654 1.7713899363298 1.47244601487182 1.06115705845878 1.33757680188864 1.44728954019956 1.56131887831725 1.86118840728886 1.60752443922684 0.964340900769457 0.979172805557027 1.34006330138072 1.18299438874237 1.79601496295072 1.7818320908118 1.0165282918606 0 1.4022749948781 0.993973648874089 1.92951474594884 1.35171282174997 1.74955478706397 1.89700077124871 1.90024049743079 1.09814912313595 1.14775439398363 1.08594025229104
1.93176734284498 1.21149395196699 1.09674496483058 1.62409550207667 1.06089560477994 1.2205156381242 1.3267611397896 0.977621639147401 1.64476215164177 1.71402111370116 1.64554585027508 1.38563531567343 1.49421535036527 1.10222408617847 1.63591915462166 0.985956194577739 1.56028141546994 1.90385413658805 1.62894760584459 1.4022749948781 0 1.91940695233643 1.23848049412481 1.55207693926059 1.45917218946852 1.36687457468361 1.19550885516219 1.21855707792565 1.14089641417377 1.32253089384176
1.53548452351242 1.38634523260407 1.53944130963646 1.37776820873842 1.76222352962941 1.7727647414431 1.09599625645205 1.66268909769133 1.80740503314883 1.03598301392049 1.1512799418997 1.55025593261234 1.62214128836058 1.14037720183842 1.63026202586479 1.93660008138977 1.49620254593901 1.92187123838812 1.50196518655866 0.993973648874089 1.91940695233643 0 1.57726570288651 1.44642551220022 1.59283761074767 1.12559193791822 1.36130483960733 1.35679177334532 1.09650567476638 0.967827480984852
1.00069976900704 1.00562676251866 1.00515624019317 1.25338970776647 1.48136087390594 1.67911951802671 1.67746759136207 1.43415684229694 0.987469233805314 1.30283341743052 1.42240754910745 0.954330652719364 0.965173845179379 1.11538954940625 1.46667523123324 1.11583108454943 1.08919935743324 0.962113790214062 1.74835858657025 1.92951474594884 1.23848049412481 1.57726570288651 0 0.965908230980858 1.86384541308507 1.62079548253678 1.13650121889077 1.10971917374991 1.45297548733652 1.75595852732658
1.56490493030287 1.31590125453658 1.14641158469021 1.39250239776447 1.71802167478018 1.36685015819967 1.51773191685788 1.14346745051444 1.07455834443681 1.68210095399991 1.09847225737758 1.82164904335514 1.62948870658875 1.45147006306797 1.41783959954046 1.30015272740275 1.09686372196302 1.4294016638305 1.85095205972902 1.35171282174997 1.55207693926059 1.44642551220022 0.965908230980858 0 1.87698493758217 1.11643117503263 1.64937639073469 1.50665160920471 1.11278870911337 1.71571688144468
1.27376693254337 1.71341500151902 1.5635047450196 1.45688934391364 1.15126606589183 1.55598623864353 1.03648428735323 1.4404034409672 1.06169078196399 1.61499038618058 1.76750605436973 1.4909895027522 1.33254784136079 1.15192329860292 1.83933152095415 1.10448971763253 1.58238910278305 1.61532132141292 1.55262703052722 1.74955478706397 1.45917218946852 1.59283761074767 1.86384541308507 1.87698493758217 0 1.59607232152484 1.87696553673595 1.54308142256923 1.931399601046 1.62464676983654
1.37008182751015 1.66723942453973 1.41071768477559 1.7687764451839 1.04564221063629 1.01257423707284 1.55661037145182 0.973197261570022 1.24178590415977 1.30497458064929 1.13036906230263 1.87084821565077 1.37417284958065 1.32862858939916 1.90325954416767 1.24312331550755 1.79391987784766 1.81386358407326 1.67203516256995 1.89700077124871 1.36687457468361 1.12559193791822 1.62079548253678 1.11643117503263 1.59607232152484 0 1.65634061652236 1.45905414177105 0.9801214649342 1.58151211240329
1.69409750122577 1.64981908840127 1.73666018736549 1.13721490697935 1.32557633705437 1.2961979333777 1.12929500872269 1.01241497392766 1.3162837040145 1.36304000765085 1.47525292797945 1.43363802670501 1.53090764186345 1.50659305648878 0.948270488763228 1.09186017047614 1.15115043497644 1.26659689703956 1.58261909266002 1.90024049743079 1.19550885516219 1.36130483960733 1.13650121889077 1.64937639073469 1.87696553673595 1.65634061652236 0 1.81176890106872 1.02983515826054 1.81600010883994
1.53268411196768 1.76189902448095 1.18406853312626 1.91003630240448 1.85264325607568 1.05150074255653 0.965929946629331 1.38708108779974 1.90535753848962 1.45348317851312 1.36421479005367 1.64279177761637 1.77230179309845 1.64895571745001 1.58660617191344 1.75633849832229 1.55733420536853 1.08380532404408 1.13425499643199 1.09814912313595 1.21855707792565 1.35679177334532 1.10971917374991 1.50665160920471 1.54308142256923 1.45905414177105 1.81176890106872 0 1.2417868366465 1.16464124037884
1.65440109418705 1.7486914023757 1.44039474683814 1.07277127262205 1.39328035828657 1.48080853139982 1.80916983843781 1.11956033296883 1.71362186782062 1.58076756517403 1.12222002609633 1.29982467601076 1.11786472285166 1.47199014341459 1.2004294784274 1.64589134394191 1.76213939860463 1.86193103948608 1.49096730188467 1.14775439398363 1.14089641417377 1.09650567476638 1.45297548733652 1.11278870911337 1.931399601046 0.9801214649342 1.02983515826054 1.2417868366465 0 1.36396292131394
1.78789981035516 1.58872406370938 1.53065524459817 0.988866704283282 1.38646764773875 1.29689388792031 1.41191933280788 1.5506067618262 1.46298653515987 1.8422071961686 0.96882296493277 1.66745253326371 1.28189058997668 1.92317309370264 1.20891196909361 1.56567079620436 1.42383945803158 1.16131933615543 1.76749737979844 1.08594025229104 1.32253089384176 0.967827480984852 1.75595852732658 1.71571688144468 1.62464676983654 1.58151211240329 1.81600010883994 1.16464124037884 1.36396292131394 0
