0 1.36701188911684 1.01500671124086 0.993570228572935 0.968698609853163 1.83543720655143 1.59094496746548 1.59671099949628 1.34559808718041 0.932284551439807 1.26852307841182 1.40869421907701 1.85914732003585 0.908511749934405 1.10191073617898 1.00804778747261 1.52127878484316 1.70161098707467 1.33398212539032 0.985744121484458 1.03817445202731 1.33060070988722 1.62972536403686 1.75772473658435 1.36901811463758 1.85862650698982 1.2508032429032 1.64846180938184 1.12960475962609 1.12030137120746
1.36701188911684 0 1.55967370024882 0.958818136248738 1.3310072706081 1.78558954014443 1.36078526289202 1.4984724081587 1.34625303605571 1.03635153407231 1.73197658150457 0.953109360067174 1.30713159008883 1.4560392301064 1.90403975313529 1.45835391641594 1.25528811523691 1.49543707608245 1.72982509038411 1.36739559122361 1.15705348807387 1.85544883296825 1.75520601682365 1.67774160369299 1.2283832593821 1.40912691829726 1.04338951315731 1.67112614586949 1.33839266211726 1.23991576465778
1.01500671124086 1.55967370024882 0 0.912212033988908 0.964690315071493 1.0587859665975 1.37514624302275 1.64124299190007 1.73038747021928 0.9748705169186 1.5459698275663 1.18492768262513 0.935607643099502 1.80390428658575 1.22891984670423 1.12044344982132 1.75588275142945 1.5677986163646 1.82148792012595 1.76501947734505 0.94470682204701 1.4233349240385 1.04141311626881 1.62989757792093 1.2237970912829 1.47524410695769 0.995006377343088 1.21492472779937 1.14936587773263 1.29053274379112
0.993570228572935 0.958818136248738 0.912212033988908 0 1.87294652196579 1.78214987856336 1.6717825899832 1.01419114740565 1.76887063356116 0.988922913791612 0.923658958170563 1.1033188700676 1.42035290249623 1.75160852004774 1.30738995270804 1.89236610592343 1.27148777758703 1.62951691215858 1.75633713766001 1.32154953479767 0.954365321435034 1.27560107479803 1.05919235013425 1.87886669137515 1.3418931660708 1.09852643078193 1.37907905690372 1.38483894849196 1.11460275668651 1.55124802934006
0.968698609853163 1.3310072706081 0.964690315071493 1.87294652196579 0 1.42773672635667 1.84659717814066 1.23850463563576 1.6656016423367 1.13616537116468 1.02811000472866 1.21455496829003 1.20939134689979 1.15979366260581 1.7672421426978 1.83117448934354 1.14301018533297 1.22793089179322 1.36256932257675 1.70470235170797 1.13794485293329 1.4090903387405 1.19396142521873 1.47021732572466 1.14545955625363 1.55554154678248 1.55978158558719 1.40535386861302 1.5451050652191 1.41510106716305
1.83543720655143 1.78558954014443 1.0587859665975 1.78214987856336 1.42773672635667 0 1.82791011920199 1.56901364587247 0.952366861049086 1.15096257370897 1.76949358219281 0.998366168234497 1.51714073773474 1.5214549000375 1.53498011361808 1.01029234239832 1.86524573015049 1.1494729721453 0.975901078199968 1.38816864462569 1.57974566426128 1.34231091942638 1.76887859194539 0.911041310988367 1.72546902461909 1.68075262452476 0.948240370955318 1.76030202698894 1.76861470588483 1.78350102179684
1.59094496746548 1.36078526289202 1.37514624302275 1.6717825899832 1.84659717814066 1.82791011920199 0 1.70736052538268 1.3964756950736 1.83149032574147 1.17832229472697 1.60324579267763 0.995750511996448 1.82996379118413 1.18953971075825 1.21512174978852 1.09140738286078 1.49522083229385 1.24640920129605 1.41768835787661 1.50939551950432 1.01538806897588 1.17316969484091 1.2862420596648 1.09183530230075 1.3059116457589 0.953724069288 1.36906443326734 1.12775914696977 1.69847823097371
1.59671099949628 1.4984724081587 1.64124299190007 1.01419114740565 1.23850463563576 1.56901364587247 1.70736052538268 0 1.55424511316232 1.66734985681251 1.29113788134418 1.41830002143979 1.32509756600484 1.49638935667463 0.911995799746364 0.978869129903615 1.54586909338832 1.23712944285944 1.54074294236489 1.4185492862016 1.20962329767644 1.17572268191725 1.23788297176361 1.07216066890396 1.65391446324065 1.34923536586575 1.71488009253517 1.59157930733636 1.4509254633449 1.47621251433156
1.34559808718041 1.34625303605571 1.73038747021928 1.76887063356116 1.6656016423367 0.952366861049086 1.3964756950736 1.55424511316232 0 0.97483958536759 1.63716595293954 1.06765195215121 1.63926848233677 1.78948526014574 1.55523537029512 1.76456069597043 1.51657831831835 1.09881733055227 1.8796413987875 1.78050878527574 1.43036577454768 1.82123099756427 1.30753223551437 1.85337971383706 1.0405065480154 1.01033095805906 1.18112352117896 1.31653666961938 1.06235228921287 1.8033372417558
0.932284551439807 1.03635153407231 0.9748705169186 0.988922913791612 1.13616537116468 1.15096257370897 1.83149032574147 1.66734985681251 0.97483958536759 0 1.12441662698984 1.48952006245963 1.50477209291421 1.06451256480068 1.07370598218404 1.38936265045777 1.88373905234039 1.34819647436962 1.28897115169093 1.46927639003843 1.84758594422601 1.17092181043699 1.55418896838091 1.60856210370548 1.64767931425013 1.68152908468619 1.59312112396583 1.23611333873123 1.64212301094085 1.86821347591467
1.26852307841182 1.73197658150457 1.5459698275663 0.923658958170563 1.02811000472866 1.76949358219281 1.17832229472697 1.29113788134418 1.63716595293954 1.12441662698984 0 1.7095917367842 1.39522638195194 1.00820911978371 0.948639554670081 1.01370131084695 1.55170458834618 1.46016607247293 1.0209336176049 1.25084354635328 1.50893692672253 1.74784390442073 1.12453626887873 1.75382534670644 1.15425933222286 1.34166142554022 1.74412273685448 1.64222608041018 1.81796862464398 1.42019114806317
1.40869421907701 0.953109360067174 1.18492768262513 1.1033188700676 1.21455496829003 0.998366168234497 1.60324579267763 1.41830002143979 1.06765195215121 1.48952006245963 1.7095917367842 0 1.41340589919128 1.00009925919585 1.86909204116091 1.77762339846231 1.17010656627826 1.21467288630083 1.82752943597734 1.26586600788869 0.930393602000549 1.42704678676091 1.20189212472178 1.18462070263922 1.68803872447461 1.1507093377877 1.0351086917799 1.79879753896967 1.03570666117594 1.69198562786914
1.85914732003585 1.30713159008883 0.935607643099502 1.42035290249623 1.20939134689979 1.51714073773474 0.995750511996448 1.32509756600484 1.63926848233677 1.50477209291421 1.39522638195194 1.41340589919128 0 1.0203072221484 1.097132232273 1.56003656098619 1.48451402620412 1.25672045606188 1.68197472952306 0.939518674975261 1.64734324906021 1.47653770307079 1.21157652884722 1.87970980769023 0.967215780401602 1.61933445185423 1.37010384746827 1.1664442573674 1.42809886834584 1.31456517800689
0.908511749934405 1.4560392301064 1.80390428658575 1.75160852004774 1.15979366260581 1.5214549000375 1.82996379118413 1.49638935667463 1.78948526014574 1.06451256480068 1.00820911978371 1.00009925919585 1.0203072221484 0 1.10860895249061 1.24772002152167 1.18386270944029 1.10036638029851 1.11562920943834 1.89425587141886 1.56882289191708 1.08267956739292 0.913042990723625 1.66026885039173 0.962706015910953 1.39020639797673 0.937565606785938 1.35367888747714 1.57475662557408 1.4715808511246
1.10191073617898 1.90403975313529 1.22891984670423 1.30738995270804 1.7672421426978 1.53498011361808 1.18953971075825 0.911995799746364 1.55523537029512 1.07370598218404 0.948639554670081 1.86909204116091 1.097132232273 1.10860895249061 0 1.27275852602907 0.98747030319646 1.26420064293779 1.50692430813797 1.42644188622944 1.64031076384708 1.71027397038415 1.86859631328844 1.0386649214197 1.24696307722479 1.50952851842158 0.992703167721629 1.38900120276958 1.16754460497759 1.73212682944722
1.00804778747261 1.45835391641594 1.12044344982132 1.89236610592343 1.83117448934354 1.01029234239832 1.21512174978852 0.978869129903615 1.76456069597043 1.38936265045777 1.01370131084695 1.77762339846231 1.56003656098619 1.24772002152167 1.27275852602907 0 1.62895981012844 1.81288047181442 1.73308666842058 1.52977977972478 1.40258660609834 1.63701244350523 1.6557403174229 1.38368212757632 1.88529334776103 1.41143479873426 1.70649201236665 1.50376311480068 1.82229242520407 1.48379682237282
1.52127878484316 1.25528811523691 1.75588275142945 1.27148777758703 1.14301018533297 1.86524573015049 1.09140738286078 1.54586909338832 1.51657831831835 1.88373905234039 1.55170458834618 1.17010656627826 1.48451402620412 1.18386270944029 0.98747030319646 1.62895981012844 0 1.59372735093348 1.05351753975265 1.04686582786962 1.07983658183366 1.73141167173162 1.10943415691145 1.188548050588 1.84847590816207 1.67338994448073 1.78845457360148 1.70448110275902 1.35070706997067 1.23849673219956
1.70161098707467 1.49543707608245 1.5677986163646 1.62951691215858 1.22793089179322 1.1494729721453 1.49522083229385 1.23712944285944 1.09881733055227 1.34819647436962 1.46016607247293 1.21467288630083 1.25672045606188 1.10036638029851 1.26420064293779 1.81288047181442 1.59372735093348 0 1.01665528444573 0.962158050620928 1.52401684434153 1.24620180670172 1.17727549932897 0.998645507963374 1.21306959819049 1.269408674445 1.21326674637385 1.33238046150655 1.26792403566651 1.35751530970447
1.33398212539032 1.72982509038411 1.82148792012595 1.75633713766001 1.36256932257675 0.975901078199968 1.24640920129605 1.54074294236489 1.8796413987875 1.28897115169093 1.0209336176049 1.82752943597734 1.68197472952306 1.11562920943834 1.50692430813797 1.73308666842058 1.05351753975265 1.01665528444573 0 1.3180138184689 1.67045909748413 1.88296046946198 1.26349821221083 1.79411398526281 1.22834303509444 1.49243147438392 1.54442562256008 1.10214149020612 1.2532187779434 1.77940806164406
0.985744121484458 1.36739559122361 1.76501947734505 1.32154953479767 1.70470235170797 1.38816864462569 1.41768835787661 1.4185492862016 1.78050878527574 1.46927639003843 1.25084354635328 1.26586600788869 0.939518674975261 1.89425587141886 1.42644188622944 1.52977977972478 1.04686582786962 0.962158050620928 1.3180138184689 0 1.15568737126887 1.26712595066056 1.13967290683649 1.45136369508691 1.09958791919053 1.49224414071068 1.28604674735107 1.42384760361165 0.934874025406316 1.20207717991434
1.03817445202731 1.15705348807387 0.94470682204701 0.954365321435034 1.13794485293329 1.57974566426128 1.50939551950432 1.20962329767644 1.43036577454768 1.84758594422601 1.50893692672253 0.930393602000549 1.64734324906021 1.56882289191708 1.64031076384708 1.40258660609834 1.07983658183366 1.52401684434153 1.67045909748413 1.15568737126887 0 1.04754437576048 1.67672781622969 1.25925972498953 1.2149545585271 1.17466980405152 1.41991351940669 1.8416291361209 0.939793986966833 1.42887613154016
1.33060070988722 1.85544883296825 1.4233349240385 1.27560107479803 1.4090903387405 1.34231091942638 1.01538806897588 1.17572268191725 1.82123099756427 1.17092181043699 1.74784390442073 1.42704678676091 1.47653770307079 1.08267956739292 1.71027397038415 1.63701244350523 1.73141167173162 1.24620180670172 1.88296046946198 1.26712595066056 1.04754437576048 0 1.1998551315628 1.54823726438917 1.30920237232931 1.48637664830312 1.60291706956923 1.29171057324857 1.04175402596593 0.904336007544771
1.62972536403686 1.75520601682365 1.04141311626881 1.05919235013425 1.19396142521873 1.76887859194539 1.17316969484091 1.23788297176361 1.30753223551437 1.55418896838091 1.12453626887873 1.20189212472178 1.21157652884722 0.913042990723625 1.86859631328844 1.6557403174229 1.10943415691145 1.17727549932897 1.26349821221083 1.13967290683649 1.67672781622969 1.1998551315628 0 1.2387627561111 1.87561666010879 1.1739971418865 1.3539499011822 1.62940332223661 1.59160133381374 1.7072365777567
1.75772473658435 1.67774160369299 1.62989757792093 1.87886669137515 1.47021732572466 0.911041310988367 1.2862420596648 1.07216066890396 1.85337971383706 1.60856210370548 1.75382534670644 1.18462070263922 1.87970980769023 1.66026885039173 1.0386649214197 1.38368212757632 1.188548050588 0.998645507963374 1.79411398526281 1.45136369508691 1.25925972498953 1.54823726438917 1.2387627561111 0 1.08688459149562 1.2068331935443 1.32642538892105 1.47144420794211 1.1472186264582 1.4598964555189
1.36901811463758 1.2283832593821 1.2237970912829 1.3418931660708 1.14545955625363 1.72546902461909 1.09183530230075 1.65391446324065 1.0405065480154 1.64767931425013 1.15425933222286 1.68803872447461 0.967215780401602 0.962706015910953 1.24696307722479 1.88529334776103 1.84847590816207 1.21306959819049 1.22834303509444 1.09958791919053 1.2149545585271 1.30920237232931 1.87561666010879 1.08688459149562 0 0.93379767308943 1.266821003519 1.17324283416383 1.79954178142361 1.40913490834646
1.85862650698982 1.40912691829726 1.47524410695769 1.09852643078193 1.55554154678248 1.68075262452476 1.3059116457589 1.34923536586575 1.01033095805906 1.68152908468619 1.34166142554022 1.1507093377877 1.61933445185423 1.39020639797673 1.50952851842158 1.41143479873426 1.67338994448073 1.269408674445 1.49243147438392 1.49224414071068 1.17466980405152 1.48637664830312 1.1739971418865 1.2068331935443 0.93379767308943 0 1.47640778217465 1.23117482382804 1.14708968461491 1.16513952775858
1.2508032429032 1.04338951315731 0.995006377343088 1.37907905690372 1.55978158558719 0.948240370955318 0.953724069288 1.71488009253517 1.18112352117896 1.59312112396583 1.74412273685448 1.0351086917799 1.37010384746827 0.937565606785938 0.992703167721629 1.70649201236665 1.78845457360148 1.21326674637385 1.54442562256008 1.28604674735107 1.41991351940669 1.60291706956923 1.3539499011822 1.32642538892105 1.266821003519 1.47640778217465 0 1.57030172506347 1.50065051205456 1.54164925473742
1.64846180938184 1.67112614586949 1.21492472779937 1.38483894849196 1.40535386861302 1.76030202698894 1.36906443326734 1.59157930733636 1.31653666961938 1.23611333873123 1.64222608041018 1.79879753896967 1.1664442573674 1.35367888747714 1.38900120276958 1.50376311480068 1.70448110275902 1.33238046150655 1.10214149020612 1.42384760361165 1.8416291361209 1.29171057324857 1.62940332223661 1.47144420794211 1.17324283416383 1.23117482382804 1.57030172506347 0 1.68464584811591 1.78996933670714
1.12960475962609 1.33839266211726 1.14936587773263 1.11460275668651 1.5451050652191 1.76861470588483 1.12775914696977 1.4509254633449 1.06235228921287 1.64212301094085 1.81796862464398 1.03570666117594 1.42809886834584 1.57475662557408 1.16754460497759 1.82229242520407 1.35070706997067 1.26792403566651 1.2532187779434 0.934874025406316 0.939793986966833 1.04175402596593 1.59160133381374 1.1472186264582 1.79954178142361 1.14708968461491 1.50065051205456 1.68464584811591 0 1.85432161600329
1.12030137120746 1.23991576465778 1.29053274379112 1.55124802934006 1.41510106716305 1.78350102179684 1.69847823097371 1.47621251433156 1.8033372417558 1.86821347591467 1.42019114806317 1.69198562786914 1.31456517800689 1.4715808511246 1.73212682944722 1.48379682237282 1.23849673219956 1.35751530970447 1.77940806164406 1.20207717991434 1.42887613154016 0.904336007544771 1.7072365777567 1.4598964555189 1.40913490834646 1.16513952775858 1.54164925473742 1.78996933670714 1.85432161600329 0
