0 1.19225589628331 1.91903700772673 0.964400390628725 1.36724644736387 1.55733098485507 1.1229274708312 1.40181445493363 1.61578138475306 1.09293961967342 1.6990627956111 1.38776046247222 1.49216701090336 1.7562961766962 1.35229471628554 1.43822356453165 1.34411328076385 1.81288646184839 1.3237994608935 0.9636641361285 1.31565438653342 1.21540589397773 0.941283133812249 1.80627175001428 1.91887837927788 1.86480816476978 1.46017801947892 1.49162231083028 1.08606676687486 1.11855136393569
1.19225589628331 0 1.18758831406012 0.993522516684607 1.69672572868876 1.50648441910744 1.16489926818758 1.04481636895798 1.53089813748375 1.64310975908302 1.5581358615309 1.45220823702402 1.73168588476256 1.70158470445313 1.85412207688205 1.43745239172131 0.984204666223377 1.60333943320438 0.922823383705691 1.76957805850543 1.04542758432217 1.87197760818526 1.12445911881514 1.61382299708202 1.21237115073018 1.42227679723874 1.6424396277871 0.989608144853264 0.970672491472214 1.03884791582823
1.91903700772673 1.18758831406012 0 1.41042919503525 1.11077522463165 1.21315483562648 1.20874570054002 1.77066775271669 1.79420841671526 1.37534895981662 0.939365604426712 1.7250337828882 1.74246781785041 1.75753276492469 1.62112696957774 1.54153803759255 1.85159915708937 1.6205885426607 1.82828378374688 1.42900448688306 1.32949711219408 0.952190658077598 1.19436868559569 1.13793383957818 1.83726255316287 1.32351678237319 1.21929905423895 1.41047236695886 1.48730053193867 1.18045705650002
0.964400390628725 0.993522516684607 1.41042919503525 0 1.52851659804583 1.377423300175 1.45686743501574 1.34427202306688 1.39710976229981 1.07393497950397 1.29810809181072 1.01550312899053 1.84727652627043 1.75180987664498 0.927390968892723 1.56700671906583 1.03369028354064 1.68000658042729 1.70559765375219 1.49049048847519 0.929569854168221 1.01620684727095 1.07812483422458 1.27062880643643 1.62978708278388 1.47148293745704 1.13581955386326 1.78403712040745 1.10267571918666 1.51329291239381
1.36724644736387 1.69672572868876 1.11077522463165 1.52851659804583 0 1.04817808745429 1.70497556449845 0.988804267020896 1.10610150289722 0.955195373622701 1.76867506070994 1.78341377107427 1.5986959701404 1.03175862040371 1.61864578234963 1.80684913997538 1.06262339698151 0.998343426268548 1.83266321010888 1.0740924179554 1.2591021200642 1.72203825297765 1.14968548552133 1.66918541048653 1.62599772098474 1.30790172074921 1.62062010983936 1.23565784515813 1.0563473214861 1.60726444958709
1.55733098485507 1.50648441910744 1.21315483562648 1.377423300175 1.04817808745429 0 1.30996101233177 1.38365257927217 1.87642420153134 1.20204499154352 1.28426264971495 1.42073736339808 1.39516705507413 1.67238602251746 1.12828226713464 1.70519506488927 1.502857059706 1.83076952281408 1.73999398364685 1.90853856084868 1.86918444349431 0.963169735157862 1.59785512671806 1.87381380493753 1.64067023829557 1.74948851228692 1.76228181319311 1.72909815213643 1.7373298110906 1.44700035778806
1.1229274708312 1.16489926818758 1.20874570054002 1.45686743501574 1.70497556449845 1.30996101233177 0 1.50280538480729 1.24870720389299 1.09110919362865 0.940852876054123 1.00482871872373 1.7098296219483 1.45786244329065 1.49319655494764 1.33428373956122 1.46963441092521 1.59936443762854 1.90835918695666 1.80560999689624 1.11857816949487 1.30363373784348 1.74903855309822 1.06935287639499 1.70194290508516 0.990362009499222 1.86707675154321 1.63021722529083 1.83243906311691 1.57908650697209
1.40181445493363 1.04481636895798 1.77066775271669 1.34427202306688 0.988804267020896 1.38365257927217 1.50280538480729 0 1.75546934641898 1.8738753865473 1.43678032769822 1.73433178081177 1.71607159310952 1.39634749945253 1.41902488376945 1.71446913504042 1.23434833111241 1.78471030271612 1.57659747404978 1.73185953474604 1.17877063713968 1.05629915837198 1.44348477688618 1.05925444234163 1.79561080830172 1.42377366148867 1.18568399176002 1.34129825909622 1.33263834589161 1.17171354521997
1.61578138475306 1.53089813748375 1.79420841671526 1.39710976229981 1.10610150289722 1.87642420153134 1.24870720389299 1.75546934641898 0 1.56192926992662 1.68645275849849 1.00438790442422 1.81736097624525 1.12645352142863 1.79088863474317 1.85514273378067 1.45704713370651 1.76813726057298 1.73120184009895 1.44665330927819 1.43373892409727 1.16989662637934 1.55802034214139 1.72379830782302 1.59253502567299 1.03164277854376 0.937081664102152 1.60665203840472 1.64396883151494 1.78837749967352
1.09293961967342 1.64310975908302 1.37534895981662 1.07393497950397 0.955195373622701 1.20204499154352 1.09110919362865 1.8738753865473 1.56192926992662 0 0.993482427438721 1.2676419976633 1.74451589095406 1.21774544660002 1.44586239685304 1.505107605597 1.73867385601625 1.80983728542924 1.62888761935756 1.35889114672318 1.58268013480119 1.4926055110991 1.52729228767566 1.53607252403162 1.85123610659502 1.40502273687162 1.91023976705037 1.05563929700293 1.58973510400392 1.71838451712392
1.6990627956111 1.5581358615309 0.939365604426712 1.29810809181072 1.76867506070994 1.28426264971495 0.940852876054123 1.43678032769822 1.68645275849849 0.993482427438721 0 1.12149644666351 1.12154226796702 1.02089194580913 0.98834404302761 1.55108022200875 1.91232363809831 1.30399401299655 1.73639570642263 1.26716936682351 1.70905911340378 1.29472560086288 1.32492057280615 1.50021010497585 1.01006149640307 1.54028199915774 1.10552408802323 1.80512205185369 0.987332704244182 1.08785675186664
1.38776046247222 1.45220823702402 1.7250337828882 1.01550312899053 1.78341377107427 1.42073736339808 1.00482871872373 1.73433178081177 1.00438790442422 1.2676419976633 1.12149644666351 0 1.5763576652389 1.76601292961277 1.02743868972175 1.70102000678889 1.864282512106 1.29540463909507 1.56727719586343 1.03032199828885 1.2867538286373 1.29752335557714 1.7121969377622 1.56447222642601 1.00747781270184 0.990721286740154 1.27618361567147 0.975419308524579 1.42317414819263 1.10042467527092
1.49216701090336 1.73168588476256 1.74246781785041 1.84727652627043 1.5986959701404 1.39516705507413 1.7098296219483 1.71607159310952 1.81736097624525 1.74451589095406 1.12154226796702 1.5763576652389 0 0.983450297964737 1.64624014357105 1.46475818194449 1.5468749855645 1.67431025044061 1.42016378697008 0.949722992023453 1.29246209631674 1.04389911238104 0.979159400332719 1.80789210204966 1.89967429474927 1.1257491169963 1.4235928049311 1.6909276205115 1.20738874259405 1.45509884366766
1.7562961766962 1.70158470445313 1.75753276492469 1.75180987664498 1.03175862040371 1.67238602251746 1.45786244329065 1.39634749945253 1.12645352142863 1.21774544660002 1.02089194580913 1.76601292961277 0.983450297964737 0 1.8074953481555 1.45634816936217 1.50326338154264 1.33964136615396 1.18557095830329 1.47172477049753 1.70262539549731 1.40243340446614 0.920592260546982 1.60425991285592 1.27818303997628 1.46898798295297 1.01138607086614 1.61940763425082 1.49145748233423 1.10008744220249
1.35229471628554 1.85412207688205 1.62112696957774 0.927390968892723 1.61864578234963 1.12828226713464 1.49319655494764 1.41902488376945 1.79088863474317 1.44586239685304 0.98834404302761 1.02743868972175 1.64624014357105 1.8074953481555 0 1.36172167444602 1.37359423586167 1.15023838565685 1.50421069213189 1.15184747241437 1.07001621345989 1.11443348764442 1.29426826047711 1.91138243325986 1.32570832641795 1.01638963422738 1.60098151979037 1.68307898659259 1.63687839754857 1.54432926489972
1.43822356453165 1.43745239172131 1.54153803759255 1.56700671906583 1.80684913997538 1.70519506488927 1.33428373956122 1.71446913504042 1.85514273378067 1.505107605597 1.55108022200875 1.70102000678889 1.46475818194449 1.45634816936217 1.36172167444602 0 1.68094887747429 1.16692999354564 1.52464389475062 1.89842637721449 1.10195082356222 1.2475085707847 1.43511672504246 1.54318970581517 1.25507798488252 1.71519154077396 1.03067954536527 1.30028661363758 1.37510410393588 1.64694389980286
1.34411328076385 0.984204666223377 1.85159915708937 1.03369028354064 1.06262339698151 1.502857059706 1.46963441092521 1.23434833111241 1.45704713370651 1.73867385601625 1.91232363809831 1.864282512106 1.5468749855645 1.50326338154264 1.37359423586167 1.68094887747429 0 1.09647257672623 1.82619681558572 1.09026290057227 1.75643237889744 1.37385996594094 1.08156105317175 1.72055819723755 1.51017444650643 1.75229016202502 1.55622086231597 0.979811486089602 1.3856192282401 1.5199379962869
1.81288646184839 1.60333943320438 1.6205885426607 1.68000658042729 0.998343426268548 1.83076952281408 1.59936443762854 1.78471030271612 1.76813726057298 1.80983728542924 1.30399401299655 1.29540463909507 1.67431025044061 1.33964136615396 1.15023838565685 1.16692999354564 1.09647257672623 0 1.71113788359798 1.36805531103164 1.27926456509158 1.81042493972927 1.42836088733748 0.989058867096901 1.04502364061773 1.39894220558926 1.87457832577638 1.39850790286437 1.40102719329298 1.37916295928881
1.3237994608935 0.922823383705691 1.82828378374688 1.70559765375219 1.83266321010888 1.73999398364685 1.90835918695666 1.57659747404978 1.73120184009895 1.62888761935756 1.73639570642263 1.56727719586343 1.42016378697008 1.18557095830329 1.50421069213189 1.52464389475062 1.82619681558572 1.71113788359798 0 1.62337329331785 1.46277715219185 1.78805685508996 1.10333380545489 1.78811955172569 1.08925362792797 1.63204258773476 1.46219227439724 1.91243152855895 1.06424067215994 1.05304185021669
0.9636641361285 1.76957805850543 1.42900448688306 1.49049048847519 1.0740924179554 1.90853856084868 1.80560999689624 1.73185953474604 1.44665330927819 1.35889114672318 1.26716936682351 1.03032199828885 0.949722992023453 1.47172477049753 1.15184747241437 1.89842637721449 1.09026290057227 1.36805531103164 1.62337329331785 0 1.69026155490428 1.89877087040804 1.26834203861654 1.12368975533172 1.06327203754336 1.82137848157436 1.52802513819188 1.72971069812775 1.43583470676094 0.947325514629483
1.31565438653342 1.04542758432217 1.32949711219408 0.929569854168221 1.2591021200642 1.86918444349431 1.11857816949487 1.17877063713968 1.43373892409727 1.58268013480119 1.70905911340378 1.2867538286373 1.29246209631674 1.70262539549731 1.07001621345989 1.10195082356222 1.75643237889744 1.27926456509158 1.46277715219185 1.69026155490428 0 1.00791025650688 1.16176306223497 1.28630903433077 1.01260673487559 1.31962758884765 1.01602902472951 1.15160912740976 1.04875232581981 1.6515323757194
1.21540589397773 1.87197760818526 0.952190658077598 1.01620684727095 1.72203825297765 0.963169735157862 1.30363373784348 1.05629915837198 1.16989662637934 1.4926055110991 1.29472560086288 1.29752335557714 1.04389911238104 1.40243340446614 1.11443348764442 1.2475085707847 1.37385996594094 1.81042493972927 1.78805685508996 1.89877087040804 1.00791025650688 0 1.91676288237795 1.85466640628874 1.79421580163762 1.69740268797614 1.30295445071533 1.43292978359386 1.54973646393046 0.994503418449312
0.941283133812249 1.12445911881514 1.19436868559569 1.07812483422458 1.14968548552133 1.59785512671806 1.74903855309822 1.44348477688618 1.55802034214139 1.52729228767566 1.32492057280615 1.7121969377622 0.979159400332719 0.920592260546982 1.29426826047711 1.43511672504246 1.08156105317175 1.42836088733748 1.10333380545489 1.26834203861654 1.16176306223497 1.91676288237795 0 1.27624929160811 1.12532882811502 1.01269814977422 1.50558538222685 1.3360772379674 1.57270871964283 1.88904288504273
1.80627175001428 1.61382299708202 1.13793383957818 1.27062880643643 1.66918541048653 1.87381380493753 1.06935287639499 1.05925444234163 1.72379830782302 1.53607252403162 1.50021010497585 1.56447222642601 1.80789210204966 1.60425991285592 1.91138243325986 1.54318970581517 1.72055819723755 0.989058867096901 1.78811955172569 1.12368975533172 1.28630903433077 1.85466640628874 1.27624929160811 0 1.20186469471082 1.56353782908991 1.7733116610907 1.61304737208411 1.42913171928376 1.57990083610639
1.91887837927788 1.21237115073018 1.83726255316287 1.62978708278388 1.62599772098474 1.64067023829557 1.70194290508516 1.79561080830172 1.59253502567299 1.85123610659502 1.01006149640307 1.00747781270184 1.89967429474927 1.27818303997628 1.32570832641795 1.25507798488252 1.51017444650643 1.04502364061773 1.08925362792797 1.06327203754336 1.01260673487559 1.79421580163762 1.12532882811502 1.20186469471082 0 1.19021274591796 1.79571636603214 1.38302774098702 1.23140133661218 1.1853196574375
1.86480816476978 1.42227679723874 1.32351678237319 1.47148293745704 1.30790172074921 1.74948851228692 0.990362009499222 1.42377366148867 1.03164277854376 1.40502273687162 1.54028199915774 0.990721286740154 1.1257491169963 1.46898798295297 1.01638963422738 1.71519154077396 1.75229016202502 1.39894220558926 1.63204258773476 1.82137848157436 1.31962758884765 1.69740268797614 1.01269814977422 1.56353782908991 1.19021274591796 0 1.72302346304059 1.54323886102065 1.72326689725742 1.58066411246546
1.46017801947892 1.6424396277871 1.21929905423895 1.13581955386326 1.62062010983936 1.76228181319311 1.86707675154321 1.18568399176002 0.937081664102152 1.91023976705037 1.10552408802323 1.27618361567147 1.4235928049311 1.01138607086614 1.60098151979037 1.03067954536527 1.55622086231597 1.87457832577638 1.46219227439724 1.52802513819188 1.01602902472951 1.30295445071533 1.50558538222685 1.7733116610907 1.79571636603214 1.72302346304059 0 1.62643446191214 1.81060363166034 1.15470273885876
1.49162231083028 0.989608144853264 1.41047236695886 1.78403712040745 1.23565784515813 1.72909815213643 1.63021722529083 1.34129825909622 1.60665203840472 1.05563929700293 1.80512205185369 0.975419308524579 1.6909276205115 1.61940763425082 1.68307898659259 1.30028661363758 0.979811486089602 1.39850790286437 1.91243152855895 1.72971069812775 1.15160912740976 1.43292978359386 1.3360772379674 1.61304737208411 1.38302774098702 1.54323886102065 1.62643446191214 0 1.27381408330984 1.25990534760058
1.08606676687486 0.970672491472214 1.48730053193867 1.10267571918666 1.0563473214861 1.7373298110906 1.83243906311691 1.33263834589161 1.64396883151494 1.58973510400392 0.987332704244182 1.42317414819263 1.20738874259405 1.49145748233423 1.63687839754857 1.37510410393588 1.3856192282401 1.40102719329298 1.06424067215994 1.43583470676094 1.04875232581981 1.54973646393046 1.57270871964283 1.42913171928376 1.23140133661218 1.72326689725742 1.81060363166034 1.27381408330984 0 1.7403876807075
1.11855136393569 1.03884791582823 1.18045705650002 1.51329291239381 1.60726444958709 1.44700035778806 1.57908650697209 1.17171354521997 1.78837749967352 1.71838451712392 1.08785675186664 1.10042467527092 1.45509884366766 1.10008744220249 1.54432926489972 1.64694389980286 1.5199379962869 1.37916295928881 1.05304185021669 0.947325514629483 1.6515323757194 0.994503418449312 1.88904288504273 1.57990083610639 1.1853196574375 1.58066411246546 1.15470273885876 1.25990534760058 1.7403876807075 0
