0 1.62372812954709 1.98137636994943 1.58616015850566 1.47212829766795 1.19431261625141 1.42729172855616 1.64239474362694 1.38010929571465 1.24194100988097 1.49077646504156 1.36437802691944 1.56798342592083 1.16799601912498 1.50250124116428 1.18865652079694 1.68546760384925 1.04188641835935 1.11600406491198 1.57376249483787 1.12369194230996 1.37138507305644 1.8382357750088 1.81706280633807 1.81861814553849 1.64731287816539 1.09835993521847 1.00298452679999 1.72123175789602 1.91861626971513
1.62372812954709 0 1.75398920336738 1.6792063289322 1.4735102627892 1.43403150420636 1.74379246262833 1.20886468444951 1.75202888133936 1.24327325681224 1.95752931921743 1.299402754521 1.93468749965541 1.21845069504343 1.69039192167111 1.29916959209368 1.5899578963872 1.10100129549392 1.13556742481887 1.20161454705521 1.39210572047159 1.08956145704724 1.71399926464073 1.85691964952275 1.72643389482982 1.71857763268054 1.43449571030214 1.35212541092187 1.68376382370479 1.07367893890478
1.98137636994943 1.75398920336738 0 1.07980628102086 1.71189510379918 1.0099888748955 1.04393264581449 1.07537835813127 1.5615488239564 1.08040886605158 1.59024296654388 1.89470975333825 1.89453771384433 1.59351909137331 1.27116816793568 1.44843384972773 1.03398827486672 1.94524284335785 1.54316969960928 1.02226230152883 0.985201647970825 1.23621545475908 1.25008292729035 1.49723468744196 1.10497057507746 1.09073222940788 1.45760598918423 1.26781935035251 1.11722881253809 1.8375799022615
1.58616015850566 1.6792063289322 1.07980628102086 0 1.70305559923872 1.05748999910429 1.40642397967167 0.99530968698673 1.10872075636871 1.90606907219626 1.6112071746029 1.23101948201656 1.48346294742078 1.06950612668879 1.92484027310275 1.37185502913781 1.34165757498704 1.89442228875123 1.37527002161369 1.29449545033276 1.25791676994413 1.19945856439881 1.51741337124258 1.93863334623165 1.7126043390017 1.5547485970892 1.83961000689305 1.9532293046359 1.29113778285682 1.51162378722802
1.47212829766795 1.4735102627892 1.71189510379918 1.70305559923872 0 1.85930618969724 1.55523891467601 1.40444847010076 1.76989887561649 1.48499811044894 1.67811729037203 1.60809591831639 1.90689436043613 1.02423050673679 1.56262602098286 1.46746152988635 1.5146494153887 1.6487274451647 1.23906362382695 1.57337260688655 1.06778691685759 1.41596571472473 1.84509148192592 1.01296014944091 1.12748311203904 1.35951364412904 1.46191868488677 1.05479331384413 1.01373928459361 1.69606767059304
1.19431261625141 1.43403150420636 1.0099888748955 1.05748999910429 1.85930618969724 0 1.94143809378147 1.15197085496038 1.95127522805706 1.18493096088059 1.08220410812646 1.56071956316009 1.9125606266316 1.30050049815327 1.28365916898474 1.29664446949027 1.47920001135208 1.23538395762444 1.26904618903063 1.23555171466433 1.57798716798425 1.90161063359119 1.04260941757821 1.28702560183592 1.7793669810053 1.62897275947034 1.32771945768036 1.4152465981897 1.75312947109342 1.44777679839171
1.42729172855616 1.74379246262833 1.04393264581449 1.40642397967167 1.55523891467601 1.94143809378147 0 1.65096792532131 1.25147360307164 1.73366881045513 1.04399361344986 1.06043073302135 1.03464279812761 1.89586252719164 1.55469174962491 1.54579972079955 1.45581963774748 1.79049466340803 1.38572529610246 1.61349308863282 1.47760346997529 1.82293792325072 1.9305964440573 1.61047078017145 1.14397141244262 1.49345261463895 1.13030304410495 1.81432183645666 1.7113844032865 1.76740261819214
1.64239474362694 1.20886468444951 1.07537835813127 0.99530968698673 1.40444847010076 1.15197085496038 1.65096792532131 0 1.73342804796994 1.27276079566218 1.20995526737534 1.23421037290245 1.15934144845232 1.06665068631992 1.94738932466134 1.79940734943375 1.60688414727338 1.09590904321522 1.38484183745459 1.13290806300938 1.38154194550589 1.4381583374925 1.72227742220275 1.17393523990177 1.70574011537246 1.77911581774242 1.65604456118308 1.94273973070085 1.45568184531294 1.01511339424178
1.38010929571465 1.75202888133936 1.5615488239564 1.10872075636871 1.76989887561649 1.95127522805706 1.25147360307164 1.73342804796994 0 1.6745186378248 1.6895122686401 1.5119760944508 1.98129772674292 0.994457368273288 1.35543107055128 1.95771340816282 1.1593313945923 1.49507135245949 1.03059407719411 1.33322104043327 1.75837409636006 1.38630275684409 1.95737181068398 1.51174411503598 1.85642723715864 1.24534143647179 1.14235474239103 1.0285061923787 1.59580623009242 1.53509312868118
1.24194100988097 1.24327325681224 1.08040886605158 1.90606907219626 1.48499811044894 1.18493096088059 1.73366881045513 1.27276079566218 1.6745186378248 0 1.463311328087 1.61623672791757 0.998725542332977 1.22782286745496 1.49027405702509 1.45164578733966 1.78669642470777 1.62437049415894 1.59772301651537 1.95406022225507 1.06308485404588 1.38246539025567 1.95571282622404 1.59742146823555 1.09657803876325 1.06173255573958 1.77188739320263 1.50453088246286 1.52372662909329 1.36863659531809
1.49077646504156 1.95752931921743 1.59024296654388 1.6112071746029 1.67811729037203 1.08220410812646 1.04399361344986 1.20995526737534 1.6895122686401 1.463311328087 0 1.63583138305694 1.50913553801365 1.1221637413837 1.86404240014963 1.12376849167049 1.61816813703626 1.28678375901654 1.97876449208707 1.80147049459629 1.77839982998557 1.55439433222637 1.52017027698457 1.96701574325562 1.56266885320656 1.17013083747588 1.56694763363339 1.63074777391739 1.22848052089103 1.33071726886556
1.36437802691944 1.299402754521 1.89470975333825 1.23101948201656 1.60809591831639 1.56071956316009 1.06043073302135 1.23421037290245 1.5119760944508 1.61623672791757 1.63583138305694 0 1.9635453526862 1.73623120505363 1.71681193797849 1.26441027084365 1.73138369689696 1.54480488738045 1.59203714714386 1.54935837257653 1.93807873572223 1.78656969405711 1.78430345677771 1.87389347562566 1.81433866731822 1.71111881360412 1.78127518808469 1.90785751654766 1.37160035059787 1.92935202922672
1.56798342592083 1.93468749965541 1.89453771384433 1.48346294742078 1.90689436043613 1.9125606266316 1.03464279812761 1.15934144845232 1.98129772674292 0.998725542332977 1.50913553801365 1.9635453526862 0 0.986840358469635 1.88636928098276 1.17783443513326 1.75398822803982 1.94374227849767 1.15181898721494 1.1960097074043 1.03896989300847 1.44129288988188 1.18105394067243 1.57934678089805 1.44967993046157 1.35919406893663 1.49256436340511 1.16158991144039 1.25189320859499 1.79533091350459
1.16799601912498 1.21845069504343 1.59351909137331 1.06950612668879 1.02423050673679 1.30050049815327 1.89586252719164 1.06665068631992 0.994457368273288 1.22782286745496 1.1221637413837 1.73623120505363 0.986840358469635 0 1.60117743769661 1.61422676290385 1.32648676168174 1.84786415542476 1.3632755712606 1.92283120309003 1.96595739945769 1.35971929389052 1.82188750011846 1.85919163445942 1.6669621320907 1.49716570694 1.24846225092188 1.49589542299509 1.56236974382773 1.66033703880385
1.50250124116428 1.69039192167111 1.27116816793568 1.92484027310275 1.56262602098286 1.28365916898474 1.55469174962491 1.94738932466134 1.35543107055128 1.49027405702509 1.86404240014963 1.71681193797849 1.88636928098276 1.60117743769661 0 1.60700923367403 1.88805266562849 1.49877818929963 1.70776364509948 1.22654486540705 1.72770352289081 1.46631299657747 1.43412934360094 1.24858839972876 1.44311114144512 1.2003962486051 1.28509175311774 1.47923781210557 1.65497557725757 1.66399601427838
1.18865652079694 1.29916959209368 1.44843384972773 1.37185502913781 1.46746152988635 1.29664446949027 1.54579972079955 1.79940734943375 1.95771340816282 1.45164578733966 1.12376849167049 1.26441027084365 1.17783443513326 1.61422676290385 1.60700923367403 0 1.80203626840375 1.43350491300225 1.63167389063165 1.8044275441207 1.45751117262989 1.41823075828142 1.78334005735815 1.31919189263135 1.31788841355592 1.54253355273977 1.16566828917712 1.25486032431945 1.29597160010599 1.85718679963611
1.68546760384925 1.5899578963872 1.03398827486672 1.34165757498704 1.5146494153887 1.47920001135208 1.45581963774748 1.60688414727338 1.1593313945923 1.78669642470777 1.61816813703626 1.73138369689696 1.75398822803982 1.32648676168174 1.88805266562849 1.80203626840375 0 1.13916483009234 1.68114102701657 1.70731253898703 1.8190940732602 1.73148310231045 1.36254926747642 1.97842750232667 1.21446381532587 1.79231748403981 1.03640200849622 1.6462141412776 1.33237484819256 1.61822141800076
1.04188641835935 1.10100129549392 1.94524284335785 1.89442228875123 1.6487274451647 1.23538395762444 1.79049466340803 1.09590904321522 1.49507135245949 1.62437049415894 1.28678375901654 1.54480488738045 1.94374227849767 1.84786415542476 1.49877818929963 1.43350491300225 1.13916483009234 0 1.87149737542495 1.80847937078215 1.97618172923103 1.5807412576396 1.36456256778911 1.9791633754503 1.03883029869758 1.25714316195808 1.97466412279755 1.92036244948395 1.15969172492623 1.11604140116833
1.11600406491198 1.13556742481887 1.54316969960928 1.37527002161369 1.23906362382695 1.26904618903063 1.38572529610246 1.38484183745459 1.03059407719411 1.59772301651537 1.97876449208707 1.59203714714386 1.15181898721494 1.3632755712606 1.70776364509948 1.63167389063165 1.68114102701657 1.87149737542495 0 0.992147116689011 1.73960676789284 1.67198927490972 1.80561112239957 1.32425647554919 1.00109306233935 1.84888220694847 1.82324465503916 1.16572553664446 1.61736399237998 1.62854495248757
1.57376249483787 1.20161454705521 1.02226230152883 1.29449545033276 1.57337260688655 1.23555171466433 1.61349308863282 1.13290806300938 1.33322104043327 1.95406022225507 1.80147049459629 1.54935837257653 1.1960097074043 1.92283120309003 1.22654486540705 1.8044275441207 1.70731253898703 1.80847937078215 0.992147116689011 0 1.5066371022258 1.85081673087552 1.59809428849258 1.95889889146201 1.49482559738681 1.16573606315069 1.66529501788318 1.22908492363058 1.44166803872213 1.23206171859056
1.12369194230996 1.39210572047159 0.985201647970825 1.25791676994413 1.06778691685759 1.57798716798425 1.47760346997529 1.38154194550589 1.75837409636006 1.06308485404588 1.77839982998557 1.93807873572223 1.03896989300847 1.96595739945769 1.72770352289081 1.45751117262989 1.8190940732602 1.97618172923103 1.73960676789284 1.5066371022258 0 1.57085900055245 1.76636396162212 1.61694253003225 1.41503433231264 1.46872804523446 1.14141886192374 1.30822036508471 1.47244995902292 1.98121758946218
1.37138507305644 1.08956145704724 1.23621545475908 1.19945856439881 1.41596571472473 1.90161063359119 1.82293792325072 1.4381583374925 1.38630275684409 1.38246539025567 1.55439433222637 1.78656969405711 1.44129288988188 1.35971929389052 1.46631299657747 1.41823075828142 1.73148310231045 1.5807412576396 1.67198927490972 1.85081673087552 1.57085900055245 0 1.46639732969925 1.38928362331353 1.23737326869741 1.3236551580485 1.01109810732305 1.39042419637553 1.15482514374889 1.92217474617064
1.8382357750088 1.71399926464073 1.25008292729035 1.51741337124258 1.84509148192592 1.04260941757821 1.9305964440573 1.72227742220275 1.95737181068398 1.95571282622404 1.52017027698457 1.78430345677771 1.18105394067243 1.82188750011846 1.43412934360094 1.78334005735815 1.36254926747642 1.36456256778911 1.80561112239957 1.59809428849258 1.76636396162212 1.46639732969925 0 1.74461060366593 1.05387521372177 1.8500232542865 1.18482547346503 1.91304506687447 1.30372976185754 1.40327597456053
1.81706280633807 1.85691964952275 1.49723468744196 1.93863334623165 1.01296014944091 1.28702560183592 1.61047078017145 1.17393523990177 1.51174411503598 1.59742146823555 1.96701574325562 1.87389347562566 1.57934678089805 1.85919163445942 1.24858839972876 1.31919189263135 1.97842750232667 1.9791633754503 1.32425647554919 1.95889889146201 1.61694253003225 1.38928362331353 1.74461060366593 0 1.52347917901352 1.16374085540883 1.37262153113261 1.73807462537661 1.17972705047578 1.19304913119413
1.81861814553849 1.72643389482982 1.10497057507746 1.7126043390017 1.12748311203904 1.7793669810053 1.14397141244262 1.70574011537246 1.85642723715864 1.09657803876325 1.56266885320656 1.81433866731822 1.44967993046157 1.6669621320907 1.44311114144512 1.31788841355592 1.21446381532587 1.03883029869758 1.00109306233935 1.49482559738681 1.41503433231264 1.23737326869741 1.05387521372177 1.52347917901352 0 1.5390863949433 1.8358298977837 1.70047813793644 1.93224788806401 1.43733835453168
1.64731287816539 1.71857763268054 1.09073222940788 1.5547485970892 1.35951364412904 1.62897275947034 1.49345261463895 1.77911581774242 1.24534143647179 1.06173255573958 1.17013083747588 1.71111881360412 1.35919406893663 1.49716570694 1.2003962486051 1.54253355273977 1.79231748403981 1.25714316195808 1.84888220694847 1.16573606315069 1.46872804523446 1.3236551580485 1.8500232542865 1.16374085540883 1.5390863949433 0 1.30731953959912 1.54969742684625 1.29530763626099 1.62541935662739
1.09835993521847 1.43449571030214 1.45760598918423 1.83961000689305 1.46191868488677 1.32771945768036 1.13030304410495 1.65604456118308 1.14235474239103 1.77188739320263 1.56694763363339 1.78127518808469 1.49256436340511 1.24846225092188 1.28509175311774 1.16566828917712 1.03640200849622 1.97466412279755 1.82324465503916 1.66529501788318 1.14141886192374 1.01109810732305 1.18482547346503 1.37262153113261 1.8358298977837 1.30731953959912 0 1.13003325345926 1.57265040231869 1.30787099781446
1.00298452679999 1.35212541092187 1.26781935035251 1.9532293046359 1.05479331384413 1.4152465981897 1.81432183645666 1.94273973070085 1.0285061923787 1.50453088246286 1.63074777391739 1.90785751654766 1.16158991144039 1.49589542299509 1.47923781210557 1.25486032431945 1.6462141412776 1.92036244948395 1.16572553664446 1.22908492363058 1.30822036508471 1.39042419637553 1.91304506687447 1.73807462537661 1.70047813793644 1.54969742684625 1.13003325345926 0 1.1831108792685 1.6703385412693
1.72123175789602 1.68376382370479 1.11722881253809 1.29113778285682 1.01373928459361 1.75312947109342 1.7113844032865 1.45568184531294 1.59580623009242 1.52372662909329 1.22848052089103 1.37160035059787 1.25189320859499 1.56236974382773 1.65497557725757 1.29597160010599 1.33237484819256 1.15969172492623 1.61736399237998 1.44166803872213 1.47244995902292 1.15482514374889 1.30372976185754 1.17972705047578 1.93224788806401 1.29530763626099 1.57265040231869 1.1831108792685 0 1.23379016062245
1.91861626971513 1.07367893890478 1.8375799022615 1.51162378722802 1.69606767059304 1.44777679839171 1.76740261819214 1.01511339424178 1.53509312868118 1.36863659531809 1.33071726886556 1.92935202922672 1.79533091350459 1.66033703880385 1.66399601427838 1.85718679963611 1.61822141800076 1.11604140116833 1.62854495248757 1.23206171859056 1.98121758946218 1.92217474617064 1.40327597456053 1.19304913119413 1.43733835453168 1.62541935662739 1.30787099781446 1.6703385412693 1.23379016062245 0
