0 1.48255302407779 1.24873932357877 1.70234346645884 1.1398100417573 0.973346877843142 1.86179494508542 1.15002299007028 1.17847872315906 1.08656639000401 1.17552576586604 1.55311793461442 1.91561071178876 1.59187442995608 0.988868677290156 1.70899109682068 1.08777635078877 1.08420395338908 1.711932428414 1.91780788241886 1.82512185745873 0.972817423054948 1.46188895171508 1.48896133690141 1.57365936320275 1.43471927545033 1.48267591511831 1.69265301967971 1.68628902034834 0.9510468672961
1.48255302407779 0 1.22088173637167 1.59506163396873 1.37320022238418 1.49756609788164 1.32256435416639 1.56483268830925 1.71974262990989 1.92173914331943 1.38707864400931 1.5758644330781 1.07988717826083 1.53826762060635 1.14934569806792 1.27378485957161 1.60984496935271 0.974878879031166 1.34349716827273 1.36800685455091 1.21756429248489 1.40799355763011 1.18925267923623 1.48715697764419 1.81755390088074 1.56068281223997 1.05630956590176 0.994181521469727 1.72119353362359 1.81295128725469
1.24873932357877 1.22088173637167 0 1.9083176557906 1.25151524110697 1.24056279123761 1.10433593019843 1.37563298502937 0.996781702619046 1.62436715676449 1.04799994383939 1.4483516945038 1.57744983676821 1.73538013012148 1.50057408423163 1.64839307591319 1.73273302032612 1.84008389967494 1.38366168504581 0.998232604004443 1.34202887979336 1.66184580302797 1.47626295196824 1.13390522869304 1.05892133014277 1.05037357052788 1.69255985599011 1.27369789406657 1.88924913411029 1.94137963792309
1.70234346645884 1.59506163396873 1.9083176557906 0 1.60011058300734 1.86426214827225 1.85983189800754 1.62161351903342 1.87412697542459 1.81420857575722 1.00269687222317 1.77176985936239 1.06917193811387 1.03226043004543 1.36045941663906 1.40839002351277 1.90333554637618 1.03113147453405 1.366293577943 1.47984789311886 1.66135388379917 1.03055347502232 1.90824530017562 1.60649540927261 1.32876428728923 1.65365676837973 0.953360888641328 1.62429552734829 1.43572043557651 1.16187303722836
1.1398100417573 1.37320022238418 1.25151524110697 1.60011058300734 0 0.95635979808867 1.16953825438395 1.76810078555718 1.20064136059955 0.964316207449883 1.62128845322877 1.67390890489332 1.58973919530399 1.45473994058557 1.10679153678939 1.62463145516813 1.89902609307319 1.6317566500511 1.17405149829574 1.1156243563164 1.29741925559938 1.88528350158595 1.67210640944541 1.44777749734931 1.00825134082697 1.6392471275758 1.71142962248996 1.87685796362348 1.40215871483088 1.51582291885279
0.973346877843142 1.49756609788164 1.24056279123761 1.86426214827225 0.95635979808867 0 1.22240962344222 1.56757591129281 1.19828388397582 1.45105718518607 1.65208185627125 1.38862018380314 1.38817923888564 1.46444109501317 1.64640320139006 1.86821737489663 1.66142534581013 1.69234298216179 1.07421587174758 1.74767352081835 0.98465700331144 1.5018919063732 1.27746393554844 1.2378488923423 1.21018277364783 1.70236397231929 1.78777718381025 1.61041524866596 1.6125167447608 1.75996711710468
1.86179494508542 1.32256435416639 1.10433593019843 1.85983189800754 1.16953825438395 1.22240962344222 0 0.989488683640957 1.10148575739004 1.06964358431287 1.48077749996446 1.81909289560281 1.92036031535827 1.64902712847106 0.966147190891206 1.27944721351378 1.27377075818367 1.1459756041877 1.12893387372606 1.35706621967256 1.59821380651556 1.48705559945665 0.970680751139298 1.57114680949599 1.01526516862214 1.87711930228397 1.69850478391163 1.64972035284154 1.09040983719751 1.65360806463286
1.15002299007028 1.56483268830925 1.37563298502937 1.62161351903342 1.76810078555718 1.56757591129281 0.989488683640957 0 1.01745226653293 1.32582716760226 1.48592136614025 1.8640023926273 1.07042755512521 1.59551629587077 0.951913402415812 1.5162841361016 1.00702142948285 0.971437686821446 1.01017413986847 1.73653255193494 1.53168101143092 1.5186951784417 1.62872244603932 1.03797623072751 1.8976405384019 0.974204295314848 1.11984227178618 1.12782279774547 1.07233117218129 1.5785376499407
1.17847872315906 1.71974262990989 0.996781702619046 1.87412697542459 1.20064136059955 1.19828388397582 1.10148575739004 1.01745226653293 0 1.74819659744389 0.966402180260047 1.86639700387605 1.86240533832461 1.64902558317408 1.60774852870964 1.74105359078385 1.5858942407649 1.1170193287544 1.17528747487813 1.87696190923452 1.10688804090023 1.57440110691823 1.92747292597778 1.22514224098995 1.63647399377078 1.94092017970979 1.07342636981048 1.59215443278663 1.4156923063565 1.65155402827077
1.08656639000401 1.92173914331943 1.62436715676449 1.81420857575722 0.964316207449883 1.45105718518607 1.06964358431287 1.32582716760226 1.74819659744389 0 1.42966746259481 1.27219326165505 1.79648249899037 1.83774734288454 1.30911623919383 1.67041799379513 1.17544949869625 1.20793048199266 1.22982305847108 1.90873827668838 1.23581825406291 1.94225520314649 0.984568758169189 1.76475008181296 1.62876154226251 1.40782528254203 1.84260117495432 1.46730192750692 1.19441689620726 1.76752735860646
1.17552576586604 1.38707864400931 1.04799994383939 1.00269687222317 1.62128845322877 1.65208185627125 1.48077749996446 1.48592136614025 0.966402180260047 1.42966746259481 0 1.17665699333884 1.84206367144361 1.82037300756201 1.59499307279475 0.962698523653671 1.1902456600219 1.46294083143584 1.83879875554703 1.35826637363061 1.05087825027294 1.19653248297982 1.13575398689136 1.62965186359361 1.25890329992399 1.51293033198453 0.986576252616942 1.4876696341671 1.93041077977978 1.1447990257293
1.55311793461442 1.5758644330781 1.4483516945038 1.77176985936239 1.67390890489332 1.38862018380314 1.81909289560281 1.8640023926273 1.86639700387605 1.27219326165505 1.17665699333884 0 1.26577583397739 1.48247797926888 1.15291818673722 1.76594710862264 1.62014126172289 1.54403240559623 1.43271271581762 1.74209726578556 1.78365712519735 1.29166520154104 1.83990914188325 1.6418069449719 1.1589513104409 1.71805566526018 1.69035188667476 1.58221501205117 1.38036049203947 1.06383403833024
1.91561071178876 1.07988717826083 1.57744983676821 1.06917193811387 1.58973919530399 1.38817923888564 1.92036031535827 1.07042755512521 1.86240533832461 1.79648249899037 1.84206367144361 1.26577583397739 0 1.26480872672983 1.70950025459751 1.6886729861144 1.72759585408494 1.77631224296056 1.01127223856747 1.94804468308575 1.76885772426613 1.1876068636775 1.76699346071109 1.7654256913811 1.94358100439422 1.55562140629627 1.31229454139248 1.68034607754089 1.08118046307936 0.964563844492659
1.59187442995608 1.53826762060635 1.73538013012148 1.03226043004543 1.45473994058557 1.46444109501317 1.64902712847106 1.59551629587077 1.64902558317408 1.83774734288454 1.82037300756201 1.48247797926888 1.26480872672983 0 1.21766558196396 1.17630851408467 1.69024523068219 1.4835677947849 1.88507097889669 1.49699480086565 1.24711746047251 1.11857825564221 1.61393569945358 1.04222165583633 1.17555265966803 1.843081044266 0.994031481444836 1.52916851267219 1.53167618182488 1.84132692101412
0.988868677290156 1.14934569806792 1.50057408423163 1.36045941663906 1.10679153678939 1.64640320139006 0.966147190891206 0.951913402415812 1.60774852870964 1.30911623919383 1.59499307279475 1.15291818673722 1.70950025459751 1.21766558196396 0 1.47569366311654 1.7322611331474 1.12474431563169 0.999690928729251 1.52240757574327 0.967092289822176 1.20109275169671 1.17969422973692 1.7710903971456 1.24700493551791 1.08351711556315 0.99106746329926 1.7206231651362 1.43509758380242 1.20360248279758
1.70899109682068 1.27378485957161 1.64839307591319 1.40839002351277 1.62463145516813 1.86821737489663 1.27944721351378 1.5162841361016 1.74105359078385 1.67041799379513 0.962698523653671 1.76594710862264 1.6886729861144 1.17630851408467 1.47569366311654 0 1.70129506476223 1.43948745494708 1.52746104705147 1.30141915916465 1.60662837256677 1.08722565579228 1.55364032508805 1.52203996106982 1.21416184981354 1.52269302867353 1.80340610584244 1.9229705312755 1.29133000364527 1.70351121248677
1.08777635078877 1.60984496935271 1.73273302032612 1.90333554637618 1.89902609307319 1.66142534581013 1.27377075818367 1.00702142948285 1.5858942407649 1.17544949869625 1.1902456600219 1.62014126172289 1.72759585408494 1.69024523068219 1.7322611331474 1.70129506476223 0 1.10572016891092 1.4157705809921 1.45145152206533 1.61804463574663 1.51806976203807 1.42033205111511 1.08953642216511 1.07488281396218 1.38700679899193 1.49733458436094 1.24424925469793 1.85407038661651 1.58152055740356
1.08420395338908 0.974878879031166 1.84008389967494 1.03113147453405 1.6317566500511 1.69234298216179 1.1459756041877 0.971437686821446 1.1170193287544 1.20793048199266 1.46294083143584 1.54403240559623 1.77631224296056 1.4835677947849 1.12474431563169 1.43948745494708 1.10572016891092 0 1.16296820016578 1.61014584824443 1.484572381014 1.09996838658117 0.976548651233315 1.73001020029187 1.69698696746491 0.967827320331708 1.39541360666044 1.85244359867647 1.64414606476203 1.04169866838492
1.711932428414 1.34349716827273 1.38366168504581 1.366293577943 1.17405149829574 1.07421587174758 1.12893387372606 1.01017413986847 1.17528747487813 1.22982305847108 1.83879875554703 1.43271271581762 1.01127223856747 1.88507097889669 0.999690928729251 1.52746104705147 1.4157705809921 1.16296820016578 0 1.44040615716949 0.980118870735168 1.13674717210233 1.8711604597047 1.33038341393694 1.20540749072097 1.29203712800518 1.58435867913067 1.34856286947615 1.09228657721542 1.69087145384401
1.91780788241886 1.36800685455091 0.998232604004443 1.47984789311886 1.1156243563164 1.74767352081835 1.35706621967256 1.73653255193494 1.87696190923452 1.90873827668838 1.35826637363061 1.74209726578556 1.94804468308575 1.49699480086565 1.52240757574327 1.30141915916465 1.45145152206533 1.61014584824443 1.44040615716949 0 1.48079227632843 1.16788805439137 0.957162962062284 1.19921110663563 1.82482254062779 1.69908862723969 1.48056047922 1.78185635362752 1.11376245040447 1.56787153310142
1.82512185745873 1.21756429248489 1.34202887979336 1.66135388379917 1.29741925559938 0.98465700331144 1.59821380651556 1.53168101143092 1.10688804090023 1.23581825406291 1.05087825027294 1.78365712519735 1.76885772426613 1.24711746047251 0.967092289822176 1.60662837256677 1.61804463574663 1.484572381014 0.980118870735168 1.48079227632843 0 1.24911872856319 1.36406469414942 1.87683862890117 1.06253588269465 1.54458156647161 1.88683233130723 1.62283983430825 1.15058062481694 1.71863460633904
0.972817423054948 1.40799355763011 1.66184580302797 1.03055347502232 1.88528350158595 1.5018919063732 1.48705559945665 1.5186951784417 1.57440110691823 1.94225520314649 1.19653248297982 1.29166520154104 1.1876068636775 1.11857825564221 1.20109275169671 1.08722565579228 1.51806976203807 1.09996838658117 1.13674717210233 1.16788805439137 1.24911872856319 0 1.84268559096381 0.975432172417641 1.05536781251431 1.72301655542105 1.52820494025946 1.31544444221072 1.80224935035221 1.56701800553128
1.46188895171508 1.18925267923623 1.47626295196824 1.90824530017562 1.67210640944541 1.27746393554844 0.970680751139298 1.62872244603932 1.92747292597778 0.984568758169189 1.13575398689136 1.83990914188325 1.76699346071109 1.61393569945358 1.17969422973692 1.55364032508805 1.42033205111511 0.976548651233315 1.8711604597047 0.957162962062284 1.36406469414942 1.84268559096381 0 0.977518250467256 1.80974071728997 1.64274315605871 1.75989997992292 1.11776770441793 1.63873902428895 0.97616068739444
1.48896133690141 1.48715697764419 1.13390522869304 1.60649540927261 1.44777749734931 1.2378488923423 1.57114680949599 1.03797623072751 1.22514224098995 1.76475008181296 1.62965186359361 1.6418069449719 1.7654256913811 1.04222165583633 1.7710903971456 1.52203996106982 1.08953642216511 1.73001020029187 1.33038341393694 1.19921110663563 1.87683862890117 0.975432172417641 0.977518250467256 0 1.08192419656552 1.29186277580447 1.94622401031666 1.83745596697554 0.975422196090221 1.26727078505792
1.57365936320275 1.81755390088074 1.05892133014277 1.32876428728923 1.00825134082697 1.21018277364783 1.01526516862214 1.8976405384019 1.63647399377078 1.62876154226251 1.25890329992399 1.1589513104409 1.94358100439422 1.17555265966803 1.24700493551791 1.21416184981354 1.07488281396218 1.69698696746491 1.20540749072097 1.82482254062779 1.06253588269465 1.05536781251431 1.80974071728997 1.08192419656552 0 1.31400501867756 1.58513100096025 0.962540748529136 1.62439376162365 1.01263760519214
1.43471927545033 1.56068281223997 1.05037357052788 1.65365676837973 1.6392471275758 1.70236397231929 1.87711930228397 0.974204295314848 1.94092017970979 1.40782528254203 1.51293033198453 1.71805566526018 1.55562140629627 1.843081044266 1.08351711556315 1.52269302867353 1.38700679899193 0.967827320331708 1.29203712800518 1.69908862723969 1.54458156647161 1.72301655542105 1.64274315605871 1.29186277580447 1.31400501867756 0 0.967809986788779 1.70578541280702 1.50973536469974 1.85873117041774
1.48267591511831 1.05630956590176 1.69255985599011 0.953360888641328 1.71142962248996 1.78777718381025 1.69850478391163 1.11984227178618 1.07342636981048 1.84260117495432 0.986576252616942 1.69035188667476 1.31229454139248 0.994031481444836 0.99106746329926 1.80340610584244 1.49733458436094 1.39541360666044 1.58435867913067 1.48056047922 1.88683233130723 1.52820494025946 1.75989997992292 1.94622401031666 1.58513100096025 0.967809986788779 0 1.60748949483968 1.71282172994688 1.01886885007843
1.69265301967971 0.994181521469727 1.27369789406657 1.62429552734829 1.87685796362348 1.61041524866596 1.64972035284154 1.12782279774547 1.59215443278663 1.46730192750692 1.4876696341671 1.58221501205117 1.68034607754089 1.52916851267219 1.7206231651362 1.9229705312755 1.24424925469793 1.85244359867647 1.34856286947615 1.78185635362752 1.62283983430825 1.31544444221072 1.11776770441793 1.83745596697554 0.962540748529136 1.70578541280702 1.60748949483968 0 1.31378215039149 1.178752618609
1.68628902034834 1.72119353362359 1.88924913411029 1.43572043557651 1.40215871483088 1.6125167447608 1.09040983719751 1.07233117218129 1.4156923063565 1.19441689620726 1.93041077977978 1.38036049203947 1.08118046307936 1.53167618182488 1.43509758380242 1.29133000364527 1.85407038661651 1.64414606476203 1.09228657721542 1.11376245040447 1.15058062481694 1.80224935035221 1.63873902428895 0.975422196090221 1.62439376162365 1.50973536469974 1.71282172994688 1.31378215039149 0 1.66488610487431
0.9510468672961 1.81295128725469 1.94137963792309 1.16187303722836 1.51582291885279 1.75996711710468 1.65360806463286 1.5785376499407 1.65155402827077 1.76752735860646 1.1447990257293 1.06383403833024 0.964563844492659 1.84132692101412 1.20360248279758 1.70351121248677 1.58152055740356 1.04169866838492 1.69087145384401 1.56787153310142 1.71863460633904 1.56701800553128 0.97616068739444 1.26727078505792 1.01263760519214 1.85873117041774 1.01886885007843 1.178752618609 1.66488610487431 0
