0 1.57180506549776 1.55469976272434 1.43636189494282 1.16945140156895 1.42201682645828 1.03545956080779 1.75759645085782 1.45134553010575 0.950689799617976 1.59752868511714 0.95518757100217 1.07054998911917 1.7346306827385 1.57603412377648 1.05420200829394 1.00305668520741 1.11493674479425 1.20519102481194 1.90458425297402 1.44343532365747 1.79591159359552 0.977610103553161 1.27380672516301 1.10558969015256 1.26086678775027 1.27492344402708 1.35937194456346 1.37161052902229 1.3152459547855
1.57180506549776 0 1.86400459916331 1.53806944750249 1.22394415992312 1.18305062945001 1.83086128672585 1.55014220811427 1.8468323177658 1.77037039399147 1.80809425609186 1.05479381792247 1.37285281578079 1.69039069465362 1.13752116635442 1.51696583582088 1.30905804713257 1.83171566133387 1.50920521863736 1.54539282945916 1.33875859715044 1.54338341765106 1.59576492058113 1.86569996830076 0.94449516874738 1.46990047115833 1.91219206829555 1.08371563511901 1.47746462048963 1.31620825617574
1.55469976272434 1.86400459916331 0 1.23307281942107 1.36397826112807 1.72376415133476 1.85177790257148 1.09712250437587 1.31855676928535 1.6232465824578 0.965594009729102 1.83370467880741 1.00447068992071 1.15051836054772 1.45653008739464 1.49958367575891 1.24030131334439 1.52975411340594 0.955177905037999 1.60124630620703 1.89778299373575 1.06742296833545 0.93106673238799 1.82106267963536 1.13626444898546 1.46751771168783 1.12443204061128 1.51502568623982 1.69810858182609 1.4083394666668
1.43636189494282 1.53806944750249 1.23307281942107 0 1.19569247332402 1.5257459434215 1.11110295704566 1.16955560515635 1.9076033255551 1.02670635422692 1.03872619569302 1.70043436950073 1.77954920916818 1.71161295403726 1.5791822115425 1.33227686304599 1.57879614154808 1.08722349116579 1.14115861407481 1.61224146350287 1.61049475520849 1.88630389422178 1.32391502545215 1.38159236474894 0.964016987476498 0.935475724516436 1.39357196725905 1.08094576955773 1.6796349757351 0.980319956550375
1.16945140156895 1.22394415992312 1.36397826112807 1.19569247332402 0 1.17683878471144 1.26996343722567 1.47774186939932 1.50205438537523 1.04644141788594 1.10118265054189 1.35351306130178 1.32239871518686 1.61052762647159 1.68738437490538 1.43077352759428 1.12653955025598 1.12976836995222 1.66560382046737 1.8722758970689 1.05348036973737 1.65451727737673 1.7827953309752 1.15693066013046 1.11245834734291 1.69031496089883 0.98335045739077 1.64485326735303 1.68494005454704 1.41799930832349
1.42201682645828 1.18305062945001 1.72376415133476 1.5257459434215 1.17683878471144 0 1.30680728936568 1.2558825367596 1.63714255276136 1.20145997800864 1.05476090102457 1.71169856539927 1.51042052963749 1.41234941734001 1.19433509767987 1.56825258792378 1.56073119863868 1.2621716670692 1.35008487477899 1.01864615827799 1.01199117139913 1.23704378213733 1.74547048145905 1.67073031701148 1.54284797026776 1.81716060079634 1.82033189409412 1.23522822675295 1.22349940589629 1.68936787429266
1.03545956080779 1.83086128672585 1.85177790257148 1.11110295704566 1.26996343722567 1.30680728936568 0 1.08545224322006 1.05228745867498 1.51974193542264 1.02517028409056 1.11638676049188 1.43294886196963 1.20864254259504 1.64117491873913 1.54060886381194 1.58127801679075 1.90389757277444 1.31675688480027 1.07895226543769 1.34649215196259 1.79522775695659 1.27050875802524 1.29847151366994 1.84322233335115 1.31223608367145 1.05378830665722 1.44758868496865 1.30441439710557 1.14967466774397
1.75759645085782 1.55014220811427 1.09712250437587 1.16955560515635 1.47774186939932 1.2558825367596 1.08545224322006 0 1.66320700291544 1.2388284271583 1.44894692464732 1.50685358652845 1.36720155063085 1.30962918675505 1.11836119019426 1.76936042541638 1.01829096884467 1.36732695344836 1.62343918578699 1.28476468520239 1.2679250438232 0.978271658299491 1.12732246727683 1.19449429353699 1.58694845903665 0.915885789552703 1.59630404226482 1.30951258074492 1.63887101202272 1.7982179208193
1.45134553010575 1.8468323177658 1.31855676928535 1.9076033255551 1.50205438537523 1.63714255276136 1.05228745867498 1.66320700291544 0 1.46824123291299 1.05795052507892 1.68584455596283 1.72283237031661 1.56552598206326 1.39365929272026 1.85472785262391 1.53105870774016 1.53587690647691 1.1575707369484 1.27218651212752 1.71729855891317 1.19571386976168 1.26879082713276 1.33587283617817 1.90393170388415 1.2419849713333 1.38326045731083 1.73043332598172 1.59290362079628 1.53877607383765
0.950689799617976 1.77037039399147 1.6232465824578 1.02670635422692 1.04644141788594 1.20145997800864 1.51974193542264 1.2388284271583 1.46824123291299 0 1.52443919260986 1.32103684428148 1.4054616203066 1.50874845054932 1.52148735453375 1.39163842145354 1.75637470348738 1.73555698990822 1.02943549887277 0.974385337205604 1.54975420935079 1.16704427241348 1.124237395823 1.07064249855466 1.3417318565771 1.63202165905386 1.00089068640955 1.70582654350437 1.10594767727889 1.49160679196939
1.59752868511714 1.80809425609186 0.965594009729102 1.03872619569302 1.10118265054189 1.05476090102457 1.02517028409056 1.44894692464732 1.05795052507892 1.52443919260986 0 1.79891828424297 1.06134565826505 1.60278905462474 1.21875717537478 1.02688548760489 1.69530165102333 1.844238987891 0.987564448732883 1.38075156812556 1.12975671561435 1.71224590274505 0.960190292447805 1.31898983824067 0.962690554559231 1.02344321017154 1.84653479000553 1.67429570062086 0.928669350454584 1.79349002800882
0.95518757100217 1.05479381792247 1.83370467880741 1.70043436950073 1.35351306130178 1.71169856539927 1.11638676049188 1.50685358652845 1.68584455596283 1.32103684428148 1.79891828424297 0 0.955903253285214 1.00784288393334 1.26079865242355 1.54332997114398 1.28146288520657 1.83085683709942 1.45479971403256 1.71477142744698 1.23534241877496 0.99641896947287 1.63829168118536 1.13055681413971 1.47544845915399 1.07200050260872 1.7223130967468 1.20214815903455 1.51287735742517 0.923325269017369
1.07054998911917 1.37285281578079 1.00447068992071 1.77954920916818 1.32239871518686 1.51042052963749 1.43294886196963 1.36720155063085 1.72283237031661 1.4054616203066 1.06134565826505 0.955903253285214 0 1.44189676386304 1.62502223951742 1.06061785225756 1.32445320812985 1.23687813873403 1.50972835836001 1.19307966413908 1.53925555502065 1.20602573687211 1.58700320753269 1.07096263440326 1.23824412794784 1.70563715230674 1.17573883221485 0.917032205499709 1.77478679246269 1.27565870224498
1.7346306827385 1.69039069465362 1.15051836054772 1.71161295403726 1.61052762647159 1.41234941734001 1.20864254259504 1.30962918675505 1.56552598206326 1.50874845054932 1.60278905462474 1.00784288393334 1.44189676386304 0 1.49953834689222 1.88470051321201 1.35535818641074 1.01175879104994 1.61956336977892 1.0343242471572 1.28160722111352 1.26840189681388 1.44911565096118 1.73239056346938 1.67589265643619 1.31026678369381 1.07564088772051 1.36926636076532 1.384344229009 1.69701242260635
1.57603412377648 1.13752116635442 1.45653008739464 1.5791822115425 1.68738437490538 1.19433509767987 1.64117491873913 1.11836119019426 1.39365929272026 1.52148735453375 1.21875717537478 1.26079865242355 1.62502223951742 1.49953834689222 0 1.09956991393119 0.984505048952997 1.8436790513806 1.65257902792655 1.02788970037363 1.59772766428068 1.90515927341767 1.12313644541427 1.89226954802871 1.23110243747942 1.6710941279307 1.03964064875618 1.09361382457428 1.58497576205991 1.22320701926947
1.05420200829394 1.51696583582088 1.49958367575891 1.33227686304599 1.43077352759428 1.56825258792378 1.54060886381194 1.76936042541638 1.85472785262391 1.39163842145354 1.02688548760489 1.54332997114398 1.06061785225756 1.88470051321201 1.09956991393119 0 1.29514966299757 1.52691684290767 1.0645941789262 1.69517767289653 0.98742385674268 1.41451223683544 1.12406683922745 1.83698764676228 1.73538032337092 1.72261362080462 1.06319921812974 1.02762446715496 1.61999933072366 1.32283269544132
1.00305668520741 1.30905804713257 1.24030131334439 1.57879614154808 1.12653955025598 1.56073119863868 1.58127801679075 1.01829096884467 1.53105870774016 1.75637470348738 1.69530165102333 1.28146288520657 1.32445320812985 1.35535818641074 0.984505048952997 1.29514966299757 0 1.5108163068071 1.00135054811835 1.18579767947085 1.43394278967753 1.20655701472424 1.63825299567543 1.46426997776143 1.32175812870264 1.89922226849012 1.17478772043251 1.52945251204073 1.29853090061806 1.7581234795507
1.11493674479425 1.83171566133387 1.52975411340594 1.08722349116579 1.12976836995222 1.2621716670692 1.90389757277444 1.36732695344836 1.53587690647691 1.73555698990822 1.844238987891 1.83085683709942 1.23687813873403 1.01175879104994 1.8436790513806 1.52691684290767 1.5108163068071 0 1.34136748383753 1.52654872112907 1.48504976998083 0.979730567662045 1.70152030838653 1.71543500688858 1.58480953215621 1.6149517884478 1.90267341723666 1.79011954809539 1.44563563540578 1.25377107178792
1.20519102481194 1.50920521863736 0.955177905037999 1.14115861407481 1.66560382046737 1.35008487477899 1.31675688480027 1.62343918578699 1.1575707369484 1.02943549887277 0.987564448732883 1.45479971403256 1.50972835836001 1.61956336977892 1.65257902792655 1.0645941789262 1.00135054811835 1.34136748383753 0 1.01147318608128 0.942605088697746 0.916383089730516 1.54609315376729 1.21959718735889 1.90142869553529 1.86051035998389 1.63667799625546 1.47712606354617 1.63416410167702 1.21571145276539
1.90458425297402 1.54539282945916 1.60124630620703 1.61224146350287 1.8722758970689 1.01864615827799 1.07895226543769 1.28476468520239 1.27218651212752 0.974385337205604 1.38075156812556 1.71477142744698 1.19307966413908 1.0343242471572 1.02788970037363 1.69517767289653 1.18579767947085 1.52654872112907 1.01147318608128 0 1.65922079095617 1.60674465983175 0.960313361370936 1.70337282051332 1.44081102241762 1.40238348790444 0.964814665261656 1.70472593046725 1.89867201540619 1.33925937861204
1.44343532365747 1.33875859715044 1.89778299373575 1.61049475520849 1.05348036973737 1.01199117139913 1.34649215196259 1.2679250438232 1.71729855891317 1.54975420935079 1.12975671561435 1.23534241877496 1.53925555502065 1.28160722111352 1.59772766428068 0.98742385674268 1.43394278967753 1.48504976998083 0.942605088697746 1.65922079095617 0 1.14926981390454 1.03813848574646 1.18190908874385 1.62554034171626 1.09413571492769 1.46561817172915 1.83841962250881 1.421356825158 1.88756888033822
1.79591159359552 1.54338341765106 1.06742296833545 1.88630389422178 1.65451727737673 1.23704378213733 1.79522775695659 0.978271658299491 1.19571386976168 1.16704427241348 1.71224590274505 0.99641896947287 1.20602573687211 1.26840189681388 1.90515927341767 1.41451223683544 1.20655701472424 0.979730567662045 0.916383089730516 1.60674465983175 1.14926981390454 0 0.93460396816954 1.75579373911023 1.15790563472547 1.31068556196988 0.999967560870573 1.32270438340493 1.41561630601063 1.08503278740682
0.977610103553161 1.59576492058113 0.93106673238799 1.32391502545215 1.7827953309752 1.74547048145905 1.27050875802524 1.12732246727683 1.26879082713276 1.124237395823 0.960190292447805 1.63829168118536 1.58700320753269 1.44911565096118 1.12313644541427 1.12406683922745 1.63825299567543 1.70152030838653 1.54609315376729 0.960313361370936 1.03813848574646 0.93460396816954 0 1.02844655211084 1.2231777922716 1.3480000437703 1.78313204296865 1.90072120237164 1.627629958326 1.59316955157556
1.27380672516301 1.86569996830076 1.82106267963536 1.38159236474894 1.15693066013046 1.67073031701148 1.29847151366994 1.19449429353699 1.33587283617817 1.07064249855466 1.31898983824067 1.13055681413971 1.07096263440326 1.73239056346938 1.89226954802871 1.83698764676228 1.46426997776143 1.71543500688858 1.21959718735889 1.70337282051332 1.18190908874385 1.75579373911023 1.02844655211084 0 1.62725161970593 1.49639757256955 1.01706174155697 1.51455953158438 1.14337986148894 1.76448230817914
1.10558969015256 0.94449516874738 1.13626444898546 0.964016987476498 1.11245834734291 1.54284797026776 1.84322233335115 1.58694845903665 1.90393170388415 1.3417318565771 0.962690554559231 1.47544845915399 1.23824412794784 1.67589265643619 1.23110243747942 1.73538032337092 1.32175812870264 1.58480953215621 1.90142869553529 1.44081102241762 1.62554034171626 1.15790563472547 1.2231777922716 1.62725161970593 0 1.5112352957949 1.18263717833906 1.25586913479492 1.32016233401373 1.67463988834061
1.26086678775027 1.46990047115833 1.46751771168783 0.935475724516436 1.69031496089883 1.81716060079634 1.31223608367145 0.915885789552703 1.2419849713333 1.63202165905386 1.02344321017154 1.07200050260872 1.70563715230674 1.31026678369381 1.6710941279307 1.72261362080462 1.89922226849012 1.6149517884478 1.86051035998389 1.40238348790444 1.09413571492769 1.31068556196988 1.3480000437703 1.49639757256955 1.5112352957949 0 1.5687136312481 1.65195517847314 1.56788300350308 1.07871389505453
1.27492344402708 1.91219206829555 1.12443204061128 1.39357196725905 0.98335045739077 1.82033189409412 1.05378830665722 1.59630404226482 1.38326045731083 1.00089068640955 1.84653479000553 1.7223130967468 1.17573883221485 1.07564088772051 1.03964064875618 1.06319921812974 1.17478772043251 1.90267341723666 1.63667799625546 0.964814665261656 1.46561817172915 0.999967560870573 1.78313204296865 1.01706174155697 1.18263717833906 1.5687136312481 0 1.4923658980988 1.35423205699772 1.42134782159701
1.35937194456346 1.08371563511901 1.51502568623982 1.08094576955773 1.64485326735303 1.23522822675295 1.44758868496865 1.30951258074492 1.73043332598172 1.70582654350437 1.67429570062086 1.20214815903455 0.917032205499709 1.36926636076532 1.09361382457428 1.02762446715496 1.52945251204073 1.79011954809539 1.47712606354617 1.70472593046725 1.83841962250881 1.32270438340493 1.90072120237164 1.51455953158438 1.25586913479492 1.65195517847314 1.4923658980988 0 1.78908337792382 1.33694365015253
1.37161052902229 1.47746462048963 1.69810858182609 1.6796349757351 1.68494005454704 1.22349940589629 1.30441439710557 1.63887101202272 1.59290362079628 1.10594767727889 0.928669350454584 1.51287735742517 1.77478679246269 1.384344229009 1.58497576205991 1.61999933072366 1.29853090061806 1.44563563540578 1.63416410167702 1.89867201540619 1.421356825158 1.41561630601063 1.627629958326 1.14337986148894 1.32016233401373 1.56788300350308 1.35423205699772 1.78908337792382 0 1.74575866549276
1.3152459547855 1.31620825617574 1.4083394666668 0.980319956550375 1.41799930832349 1.68936787429266 1.14967466774397 1.7982179208193 1.53877607383765 1.49160679196939 1.79349002800882 0.923325269017369 1.27565870224498 1.69701242260635 1.22320701926947 1.32283269544132 1.7581234795507 1.25377107178792 1.21571145276539 1.33925937861204 1.88756888033822 1.08503278740682 1.59316955157556 1.76448230817914 1.67463988834061 1.07871389505453 1.42134782159701 1.33694365015253 1.74575866549276 0
