0 1.65650683315471 1.25129617843777 1.30162411555648 1.80331423226744 1.70848353463225 1.00873737968504 1.96047732746229 1.56936637568288 1.00434074783698 1.16415338637307 1.67075537401251 1.26038220454939 1.92400469467975 1.27349061286077 1.66419835924171 1.62443368672393 1.65083031752147 1.02162346127443 1.61552887223661 1.10565811442211 1.82163296663202 1.8710600649938 1.72451257053763 0.974455885821953 1.45124211953953 1.00319609767757 1.42183917644434 1.71377014112659 1.19197165220976
1.65650683315471 0 1.86633125552908 1.27277792198583 1.65751985739917 1.86950562661514 1.79743340471759 1.23850190988742 1.73741338890977 1.29534032987431 1.09733111294918 0.977540661580861 1.05424586078152 1.31816862756386 1.73238547006622 1.28203041199595 1.50767584703863 1.32390190241858 1.6104508463759 1.92245534271933 1.85394017933868 1.18677928065881 1.9114933074452 1.9093948288355 1.22455132310279 1.92735191597603 1.34482945688069 0.993306318996474 1.11086357897148 1.21558743203059
1.25129617843777 1.86633125552908 0 1.96325641684234 1.33769665588625 1.72289356193505 1.45185846765526 1.10256758728065 1.9555212573614 1.70356200286187 1.77714983047917 1.71483658766374 1.71243072487414 1.94985518557951 1.85364873288199 1.16667299740948 1.79246458481066 0.991798324976116 1.1695718022529 1.94732190598734 1.45894657401368 1.64404233777896 1.92311700386927 1.31291085202247 1.32017343631014 1.87978654750623 1.27314225398004 1.1591292291414 1.14501309324987 0.968467311467975
1.30162411555648 1.27277792198583 1.96325641684234 0 1.15596874267794 1.60235683852807 1.63278580410406 1.11384717910551 1.3879066829104 1.92235428839922 1.40054055443034 1.03478102944791 1.49278366635554 1.69779801391996 1.54137603985146 1.10219298535958 1.79512051912025 1.32220998476259 1.33674883632921 1.44524030294269 1.20718569098972 1.45638849074021 1.66534857265651 1.21108076232485 1.47452930081636 1.66427968046628 1.86643389705569 1.91006749123335 1.77003553439863 1.72718908800744
1.80331423226744 1.65751985739917 1.33769665588625 1.15596874267794 0 1.1999597242102 1.73835076205432 1.16845035948791 1.61435703071766 1.77888907352462 1.72772731888108 1.3146030229982 1.54485115921125 1.19454664131626 1.17654674570076 1.03568921913393 1.55047340248711 1.89368849992752 1.71100292215124 1.95268924487755 1.54063203837723 1.08312787557952 1.40582987596281 1.41382173402235 0.971547848777846 1.04388664825819 0.971858811797574 1.17666696780361 1.36388485319912 1.3928566002287
1.70848353463225 1.86950562661514 1.72289356193505 1.60235683852807 1.1999597242102 0 1.118537905626 1.28159839520231 1.73870081664063 1.8775389699731 1.33603444159962 1.89211175404489 1.27696837228723 1.74456970882602 1.25123671093024 1.55580775695853 1.02672215015627 1.27910365071148 1.6299959695898 1.58175391587429 1.11203567124903 1.83140516257845 1.23027392011136 1.28469136659987 1.20420780754648 1.09821880841628 1.20075281709433 1.59352106112055 1.06075177388266 0.973504207795486
1.00873737968504 1.79743340471759 1.45185846765526 1.63278580410406 1.73835076205432 1.118537905626 0 1.55073608434759 1.88446993217804 1.83502619084902 1.59828454977833 1.56486628903076 1.51842397381552 1.58471301221289 1.72528819483705 1.09024304826744 1.68834634311497 1.28943502088077 1.7969696552027 1.78670071740635 1.92041918914765 1.88795027486049 1.45569913601503 1.8382406430319 0.973636000650004 1.36584981787018 1.06908471090719 1.64929047646001 1.58935095230117 1.76269657048397
1.96047732746229 1.23850190988742 1.10256758728065 1.11384717910551 1.16845035948791 1.28159839520231 1.55073608434759 0 1.9428051514551 1.39697050489485 1.4952486876864 1.23334865760989 1.00675154384226 1.38961497787386 1.93903299584053 1.92767792707309 1.34521684772335 0.967175140976906 1.10894299764186 1.13032773276791 1.59214576357044 1.23212332464755 1.77770036202855 1.24625980923884 1.91385221434757 1.21027949871495 1.3004360422492 1.21390589210205 1.27377532492392 1.1939925418701
1.56936637568288 1.73741338890977 1.9555212573614 1.3879066829104 1.61435703071766 1.73870081664063 1.88446993217804 1.9428051514551 0 1.41959101636894 1.87617504317313 1.25692663039081 1.12641394580714 1.82922847149894 1.76451633940451 1.57213488104753 1.60328786470927 1.56995615223423 1.02562392549589 1.95985850412399 1.01668156147934 1.083455581218 1.07082544150762 1.31246983772144 1.85083775199018 1.24695459008217 1.56482488196343 1.79111493448727 1.65555115533061 1.59325765538961
1.00434074783698 1.29534032987431 1.70356200286187 1.92235428839922 1.77888907352462 1.8775389699731 1.83502619084902 1.39697050489485 1.41959101636894 0 1.95938152773306 1.15318307513371 1.68184317275882 1.75400037225336 1.5818780104164 1.10660970839672 1.25896799680777 1.59193338244222 1.01554050063714 1.81997540732846 1.34937686170451 1.9628027852159 0.972079206490889 1.68072856147774 1.3405125963036 1.90711188246496 1.56028274376877 1.90749190934002 1.80776240490377 1.58640235825442
1.16415338637307 1.09733111294918 1.77714983047917 1.40054055443034 1.72772731888108 1.33603444159962 1.59828454977833 1.4952486876864 1.87617504317313 1.95938152773306 0 1.76230181753635 1.82767790206708 1.75406638579443 1.74919195240363 1.27828385680914 1.18546858429909 1.73716450971551 1.89297875622287 1.85064247716218 1.2297860418912 1.89018805627711 1.86219181516208 1.86121063772589 1.73621350270696 1.21009519393556 1.93583241570741 1.22299538226798 1.53269529226236 1.55370335443877
1.67075537401251 0.977540661580861 1.71483658766374 1.03478102944791 1.3146030229982 1.89211175404489 1.56486628903076 1.23334865760989 1.25692663039081 1.15318307513371 1.76230181753635 0 1.39290163107216 1.53571643540636 1.68425278784707 1.69266230403446 1.86277013528161 1.66324584139511 1.24021575576626 1.46650858642533 1.95774828130379 1.89613454905339 1.91322559537366 1.68562551937066 1.35682730353437 1.38797528180294 1.30417806329206 1.67299368558452 1.43388698785566 0.986637287307531
1.26038220454939 1.05424586078152 1.71243072487414 1.49278366635554 1.54485115921125 1.27696837228723 1.51842397381552 1.00675154384226 1.12641394580714 1.68184317275882 1.82767790206708 1.39290163107216 0 1.85715385037474 1.43128392333165 1.93203967134468 1.90493745310232 1.2123873885721 1.31541235488839 1.91362538305111 1.30642505805008 1.94811514904723 1.01108062430285 1.48372813616879 1.23964869859628 1.38124083424918 1.36676335916854 1.55452624126337 1.5245838414412 1.2632762324065
1.92400469467975 1.31816862756386 1.94985518557951 1.69779801391996 1.19454664131626 1.74456970882602 1.58471301221289 1.38961497787386 1.82922847149894 1.75400037225336 1.75406638579443 1.53571643540636 1.85715385037474 0 1.33021087828092 1.16952980658971 1.75310707837343 1.46861216449179 1.82559011038393 1.41421302803792 1.8410494455602 1.24911722261459 1.32894288678654 1.57231448730454 1.80772173707373 1.10760779725388 1.60916040698066 1.51094053452834 1.49124245904386 1.38545982982032
1.27349061286077 1.73238547006622 1.85364873288199 1.54137603985146 1.17654674570076 1.25123671093024 1.72528819483705 1.93903299584053 1.76451633940451 1.5818780104164 1.74919195240363 1.68425278784707 1.43128392333165 1.33021087828092 0 1.95057905418798 1.85253258654848 1.59768002084456 1.861707637785 1.84037206950597 1.19168453128077 1.12593321246095 0.967917851405218 1.39374559791759 1.46039299038239 1.04066642699763 1.76432036608458 1.72980509931222 1.40213087014854 1.16253964882344
1.66419835924171 1.28203041199595 1.16667299740948 1.10219298535958 1.03568921913393 1.55580775695853 1.09024304826744 1.92767792707309 1.57213488104753 1.10660970839672 1.27828385680914 1.69266230403446 1.93203967134468 1.16952980658971 1.95057905418798 0 1.48259650124237 1.08731749164872 1.40362947969697 1.23484282474965 1.73743475414813 1.00168690318242 1.12513036164455 1.38862156262621 1.09730522264726 1.39412803552113 1.44636403489858 1.88611867581494 1.93365289852954 1.2939159066882
1.62443368672393 1.50767584703863 1.79246458481066 1.79512051912025 1.55047340248711 1.02672215015627 1.68834634311497 1.34521684772335 1.60328786470927 1.25896799680777 1.18546858429909 1.86277013528161 1.90493745310232 1.75310707837343 1.85253258654848 1.48259650124237 0 1.21180522162467 1.1070763785392 1.78828765871003 1.05616534990259 1.07220993563533 1.00127809750848 1.75707581243478 1.89460550923832 1.56485431245528 1.72307986952364 1.45703782071359 1.24468576721847 1.51654847688042
1.65083031752147 1.32390190241858 0.991798324976116 1.32220998476259 1.89368849992752 1.27910365071148 1.28943502088077 0.967175140976906 1.56995615223423 1.59193338244222 1.73716450971551 1.66324584139511 1.2123873885721 1.46861216449179 1.59768002084456 1.08731749164872 1.21180522162467 0 1.24202216137201 1.68180424626917 1.94751294818707 1.49225356546231 1.23785382928327 1.23178064683452 1.82413646788336 1.7718243941199 1.87163635459729 1.88160485308617 1.23820510972291 1.2273409133777
1.02162346127443 1.6104508463759 1.1695718022529 1.33674883632921 1.71100292215124 1.6299959695898 1.7969696552027 1.10894299764186 1.02562392549589 1.01554050063714 1.89297875622287 1.24021575576626 1.31541235488839 1.82559011038393 1.861707637785 1.40362947969697 1.1070763785392 1.24202216137201 0 1.38064866932109 1.15015649166889 1.35533859697171 1.04033530829474 1.43668711255305 1.57006589090452 1.14379407698289 1.31175877316855 1.7440266860649 1.35385030438192 1.85679950192571
1.61552887223661 1.92245534271933 1.94732190598734 1.44524030294269 1.95268924487755 1.58175391587429 1.78670071740635 1.13032773276791 1.95985850412399 1.81997540732846 1.85064247716218 1.46650858642533 1.91362538305111 1.41421302803792 1.84037206950597 1.23484282474965 1.78828765871003 1.68180424626917 1.38064866932109 0 1.37569192075171 1.11409591184929 1.00298184016719 1.09090468753129 1.46481552091427 1.94273418630473 1.94849686603993 1.79628346301615 1.70605828100815 0.978854594519362
1.10565811442211 1.85394017933868 1.45894657401368 1.20718569098972 1.54063203837723 1.11203567124903 1.92041918914765 1.59214576357044 1.01668156147934 1.34937686170451 1.2297860418912 1.95774828130379 1.30642505805008 1.8410494455602 1.19168453128077 1.73743475414813 1.05616534990259 1.94751294818707 1.15015649166889 1.37569192075171 0 1.37244693189859 1.78972395206802 1.59349190350622 1.50465099955909 1.95388951548375 1.40058733709157 1.28596769971773 1.16048083128408 1.27162528294139
1.82163296663202 1.18677928065881 1.64404233777896 1.45638849074021 1.08312787557952 1.83140516257845 1.88795027486049 1.23212332464755 1.083455581218 1.9628027852159 1.89018805627711 1.89613454905339 1.94811514904723 1.24911722261459 1.12593321246095 1.00168690318242 1.07220993563533 1.49225356546231 1.35533859697171 1.11409591184929 1.37244693189859 0 1.13008861592971 1.90420775488019 1.33107917010784 1.81146759097464 1.16121438448317 1.85560036543757 1.96212037000805 1.44471482071094
1.8710600649938 1.9114933074452 1.92311700386927 1.66534857265651 1.40582987596281 1.23027392011136 1.45569913601503 1.77770036202855 1.07082544150762 0.972079206490889 1.86219181516208 1.91322559537366 1.01108062430285 1.32894288678654 0.967917851405218 1.12513036164455 1.00127809750848 1.23785382928327 1.04033530829474 1.00298184016719 1.78972395206802 1.13008861592971 0 1.33756548073143 1.46653254819103 1.526813052129 1.60224775900133 1.39158717799 1.28806021483615 1.35044382652268
1.72451257053763 1.9093948288355 1.31291085202247 1.21108076232485 1.41382173402235 1.28469136659987 1.8382406430319 1.24625980923884 1.31246983772144 1.68072856147774 1.86121063772589 1.68562551937066 1.48372813616879 1.57231448730454 1.39374559791759 1.38862156262621 1.75707581243478 1.23178064683452 1.43668711255305 1.09090468753129 1.59349190350622 1.90420775488019 1.33756548073143 0 1.11162657942623 1.34843992604874 1.51727732247673 1.16511944099329 1.40918210754171 1.9540681540966
0.974455885821953 1.22455132310279 1.32017343631014 1.47452930081636 0.971547848777846 1.20420780754648 0.973636000650004 1.91385221434757 1.85083775199018 1.3405125963036 1.73621350270696 1.35682730353437 1.23964869859628 1.80772173707373 1.46039299038239 1.09730522264726 1.89460550923832 1.82413646788336 1.57006589090452 1.46481552091427 1.50465099955909 1.33107917010784 1.46653254819103 1.11162657942623 0 1.37931065424345 1.66488999105059 1.09668642748147 1.65841208631173 1.12537231156603
1.45124211953953 1.92735191597603 1.87978654750623 1.66427968046628 1.04388664825819 1.09821880841628 1.36584981787018 1.21027949871495 1.24695459008217 1.90711188246496 1.21009519393556 1.38797528180294 1.38124083424918 1.10760779725388 1.04066642699763 1.39412803552113 1.56485431245528 1.7718243941199 1.14379407698289 1.94273418630473 1.95388951548375 1.81146759097464 1.526813052129 1.34843992604874 1.37931065424345 0 1.41220077779144 1.6843368310947 1.66210037283599 1.41628225403838
1.00319609767757 1.34482945688069 1.27314225398004 1.86643389705569 0.971858811797574 1.20075281709433 1.06908471090719 1.3004360422492 1.56482488196343 1.56028274376877 1.93583241570741 1.30417806329206 1.36676335916854 1.60916040698066 1.76432036608458 1.44636403489858 1.72307986952364 1.87163635459729 1.31175877316855 1.94849686603993 1.40058733709157 1.16121438448317 1.60224775900133 1.51727732247673 1.66488999105059 1.41220077779144 0 1.19080118695274 1.24236460169777 1.35552542447113
1.42183917644434 0.993306318996474 1.1591292291414 1.91006749123335 1.17666696780361 1.59352106112055 1.64929047646001 1.21390589210205 1.79111493448727 1.90749190934002 1.22299538226798 1.67299368558452 1.55452624126337 1.51094053452834 1.72980509931222 1.88611867581494 1.45703782071359 1.88160485308617 1.7440266860649 1.79628346301615 1.28596769971773 1.85560036543757 1.39158717799 1.16511944099329 1.09668642748147 1.6843368310947 1.19080118695274 0 1.28069694153965 1.18333755177446
1.71377014112659 1.11086357897148 1.14501309324987 1.77003553439863 1.36388485319912 1.06075177388266 1.58935095230117 1.27377532492392 1.65555115533061 1.80776240490377 1.53269529226236 1.43388698785566 1.5245838414412 1.49124245904386 1.40213087014854 1.93365289852954 1.24468576721847 1.23820510972291 1.35385030438192 1.70605828100815 1.16048083128408 1.96212037000805 1.28806021483615 1.40918210754171 1.65841208631173 1.66210037283599 1.24236460169777 1.28069694153965 0 1.58126388327219
1.19197165220976 1.21558743203059 0.968467311467975 1.72718908800744 1.3928566002287 0.973504207795486 1.76269657048397 1.1939925418701 1.59325765538961 1.58640235825442 1.55370335443877 0.986637287307531 1.2632762324065 1.38545982982032 1.16253964882344 1.2939159066882 1.51654847688042 1.2273409133777 1.85679950192571 0.978854594519362 1.27162528294139 1.44471482071094 1.35044382652268 1.9540681540966 1.12537231156603 1.41628225403838 1.35552542447113 1.18333755177446 1.58126388327219 0
