0 1.25773945171386 1.18968625017442 1.88127417373471 1.01541668572463 1.28263255441561 1.50434366962872 1.27857005409896 1.19173250813037 1.83466759230942 1.67954868893139 1.39857276179828 1.28094837325625 1.8681038392242 1.11729520605877 1.29255074611865 1.85540731577203 0.972559943795204 1.36175553593785 1.02597315027378 1.73163998522796 1.46379739721306 0.98815824626945 1.44110732432455 0.969742237590253 1.44607100985013 1.75626853853464 0.965565604623407 1.23461051774211 1.50765230599791
1.25773945171386 0 1.77526766736992 1.07063584122807 0.988264071987942 1.90335158887319 1.34280651132576 1.61361508979462 1.82178642856888 1.43617169116624 1.31138412514701 1.39889606111683 1.5389224968385 1.12925930251367 1.47516795201227 1.7169220787473 1.59897480905056 1.90411253157072 1.70512038748711 1.054709718097 1.76433566771448 1.39188918005675 1.56458872649819 1.70069842599332 1.92305970913731 1.50746887316927 1.2542483615689 1.62881004624069 1.31997140031308 1.910672707716
1.18968625017442 1.77526766736992 0 1.50584611692466 1.13011979055591 1.05087056523189 1.84127496066503 1.00543042016216 1.30049536726438 1.60094597307034 1.09031836083159 1.89967470197007 1.28968629590236 1.00329419528134 1.37106982595287 1.19820464402437 1.04217005497776 1.23808744340204 0.992849402828142 1.70650423015468 1.04910048213787 1.45176478498615 1.49099499359727 1.86656910344027 1.34197531151585 1.68036716501229 0.983790193218738 1.08823523088358 1.83821588288993 1.72832182794809
1.88127417373471 1.07063584122807 1.50584611692466 0 1.0078190411441 1.0418079867959 1.84398828702979 1.72372633172199 1.25354748219252 1.24616175540723 1.40749042551033 1.54299508803524 1.86928199068643 1.49584341421723 1.27001187740825 1.532369667897 1.8760444119107 1.03104070411064 1.3135958018247 0.982437319587916 1.08694181474857 1.38482807576656 1.27214757585898 1.32228552782908 1.46919283480383 1.57815329870209 1.27467561280355 1.27259215363301 1.92248850339092 1.34640934458002
1.01541668572463 0.988264071987942 1.13011979055591 1.0078190411441 0 1.39404945867136 1.10996150155552 1.14630606560968 1.05154532357119 1.87571959663182 1.34799980837852 1.3073680724483 1.27338811941445 1.73474361561239 1.2042535750661 1.00424662791193 1.62596876686439 1.79994713934138 1.94089424540289 1.36104459012859 1.69140265672468 1.4173371817451 1.80480098677799 1.32271316763945 0.958388087106869 1.6570105953142 1.46033184113912 1.39920988376252 1.90998243819922 1.60843842802569
1.28263255441561 1.90335158887319 1.05087056523189 1.0418079867959 1.39404945867136 0 1.6938809545245 1.43314945185557 1.40353469108231 1.15016172803007 1.73464538459666 1.21671634935774 1.82971225865185 1.20572869805619 1.16716271708719 1.56189592694864 1.74453186569735 1.74118809937499 1.83812175993808 1.92102169408463 1.36385749769397 1.75052445218898 1.79441723064519 1.51252875477076 1.0633250863757 1.74131339741871 1.47001005709171 1.55235910392366 1.44549960899167 1.45177119062282
1.50434366962872 1.34280651132576 1.84127496066503 1.84398828702979 1.10996150155552 1.6938809545245 0 1.44506772700697 1.90022987662815 1.58571231295355 1.67232317687012 1.65501986257732 1.89184165536426 1.29708520811982 1.92555281030945 0.958974379347637 1.10781286191195 1.40827455255203 1.55321735981852 1.53555347328074 1.03788425470702 1.50121404859237 1.52937129209749 1.03589176363312 1.43386566010304 1.83614059584215 0.95447937049903 1.38305460801348 1.57404275052249 1.40882292273454
1.27857005409896 1.61361508979462 1.00543042016216 1.72372633172199 1.14630606560968 1.43314945185557 1.44506772700697 0 1.35495892562903 1.09487998299301 1.02254390204325 1.24982489366084 1.51037696190178 1.1210042827297 1.36423281463794 1.08714496926405 1.55150188761763 1.36632269318216 1.44185691303574 1.90414380398579 1.23859775229357 1.28988723224029 1.41616969322786 1.323537271237 1.65346174640581 1.69082778925076 1.72432090574875 1.74220398860052 1.56750555546023 1.78923635510728
1.19173250813037 1.82178642856888 1.30049536726438 1.25354748219252 1.05154532357119 1.40353469108231 1.90022987662815 1.35495892562903 0 1.36869723512791 1.5390921276994 1.72372344485484 1.84215625142679 0.963774284115061 0.994227164657786 1.4292774272617 0.965541429352015 1.01764972880483 1.18062830111012 1.21414862480015 1.79254238842987 1.90851163584739 0.976886503398418 1.6344310620334 1.50057252589613 1.20561002893373 1.90933630871587 1.4322505549062 1.41673427796923 1.85706931585446
1.83466759230942 1.43617169116624 1.60094597307034 1.24616175540723 1.87571959663182 1.15016172803007 1.58571231295355 1.09487998299301 1.36869723512791 0 1.30734570068307 1.70493510831147 1.72159653459676 1.70763946790248 1.06989381718449 1.62220568419434 1.10994478384964 1.18878785497509 1.78951758006588 1.44345217361115 1.36110458173789 1.6367748810444 1.06258810777217 1.88888226193376 1.02651629829779 1.27129257563502 1.80498897307552 1.77462771045975 1.47317939437926 1.83554322784767
1.67954868893139 1.31138412514701 1.09031836083159 1.40749042551033 1.34799980837852 1.73464538459666 1.67232317687012 1.02254390204325 1.5390921276994 1.30734570068307 0 1.2394539124798 1.51300909649581 1.47935605375096 1.17310334811918 1.273565298412 1.00797832966782 1.24126331601292 1.42006841138937 1.3291370223742 1.07367824553512 1.35882001160644 1.27863156981766 1.38738391245715 0.943562215426937 1.13667521183379 1.03596638771705 1.3255046242848 1.13839519326575 1.06327392323874
1.39857276179828 1.39889606111683 1.89967470197007 1.54299508803524 1.3073680724483 1.21671634935774 1.65501986257732 1.24982489366084 1.72372344485484 1.70493510831147 1.2394539124798 0 1.09350823727436 1.89630250376649 1.47914483421482 1.89198018773459 1.35447239666246 0.974122225772589 1.67394357174635 1.33774267532863 1.18570286058821 1.35880406736396 1.40371223841794 1.43727689818479 1.77807051525451 1.67291633109562 1.14394632261246 1.10344733856618 1.0074793882668 1.71202402189374
1.28094837325625 1.5389224968385 1.28968629590236 1.86928199068643 1.27338811941445 1.82971225865185 1.89184165536426 1.51037696190178 1.84215625142679 1.72159653459676 1.51300909649581 1.09350823727436 0 1.37316177785397 1.02816814556718 1.23231305018999 1.32106891903095 1.00858843699098 1.42049609171227 1.84829439595342 1.20461164508015 1.57643511309288 1.84637960558757 1.91205250751227 1.9222017894499 1.17147783283144 1.03599121142179 1.79991588229313 0.949159983545542 1.73331737867557
1.8681038392242 1.12925930251367 1.00329419528134 1.49584341421723 1.73474361561239 1.20572869805619 1.29708520811982 1.1210042827297 0.963774284115061 1.70763946790248 1.47935605375096 1.89630250376649 1.37316177785397 0 1.77530213375576 1.37304984265938 1.37646315060556 1.30466189654544 1.94242601958103 1.46200246666558 1.8667235118337 1.90648518386297 1.63711305963807 1.4229103946127 1.5620459059719 1.83873243979178 0.987344252876937 1.24138340330683 1.12748634186573 1.58431069087237
1.11729520605877 1.47516795201227 1.37106982595287 1.27001187740825 1.2042535750661 1.16716271708719 1.92555281030945 1.36423281463794 0.994227164657786 1.06989381718449 1.17310334811918 1.47914483421482 1.02816814556718 1.77530213375576 0 1.84642478823662 1.10814467119053 1.70530581241474 1.88235681806691 1.15771765215322 1.9293268523179 1.52269683079794 1.61405852879398 1.56877338560298 1.61947466712445 1.76511783711612 1.69420234346762 1.35133139253594 1.54167917068116 1.25561262876727
1.29255074611865 1.7169220787473 1.19820464402437 1.532369667897 1.00424662791193 1.56189592694864 0.958974379347637 1.08714496926405 1.4292774272617 1.62220568419434 1.273565298412 1.89198018773459 1.23231305018999 1.37304984265938 1.84642478823662 0 1.38274906110018 1.54981411853805 1.36666056537069 1.16571253282018 1.66238551773131 1.9275618318934 1.93039961066097 1.51138562033884 1.71425770968199 1.29076972883195 1.25667090946808 1.89737338433042 1.47613099007867 1.04324896982871
1.85540731577203 1.59897480905056 1.04217005497776 1.8760444119107 1.62596876686439 1.74453186569735 1.10781286191195 1.55150188761763 0.965541429352015 1.10994478384964 1.00797832966782 1.35447239666246 1.32106891903095 1.37646315060556 1.10814467119053 1.38274906110018 0 1.57009948091581 1.09738021646626 1.37587464204989 1.02144573279656 1.24044865812175 1.40484157670289 1.30172669026069 1.77973095118068 0.95927440864034 1.19225558429025 1.74250305118039 1.68551452551037 1.41872226633132
0.972559943795204 1.90411253157072 1.23808744340204 1.03104070411064 1.79994713934138 1.74118809937499 1.40827455255203 1.36632269318216 1.01764972880483 1.18878785497509 1.24126331601292 0.974122225772589 1.00858843699098 1.30466189654544 1.70530581241474 1.54981411853805 1.57009948091581 0 1.30795988021418 1.85375231248327 1.54671897576191 1.57185425795615 1.19224989158101 1.446396749001 1.32890472700819 1.72941043553874 1.5363422294613 1.93812554841861 1.47716270620003 1.10180847090669
1.36175553593785 1.70512038748711 0.992849402828142 1.3135958018247 1.94089424540289 1.83812175993808 1.55321735981852 1.44185691303574 1.18062830111012 1.78951758006588 1.42006841138937 1.67394357174635 1.42049609171227 1.94242601958103 1.88235681806691 1.36666056537069 1.09738021646626 1.30795988021418 0 1.22025828319602 1.13322151894681 1.06324260868132 1.88529807701707 1.15043523930945 1.78426252142526 1.62040148698725 1.80790563649498 1.00169175467454 1.41160784498788 1.67450722469948
1.02597315027378 1.054709718097 1.70650423015468 0.982437319587916 1.36104459012859 1.92102169408463 1.53555347328074 1.90414380398579 1.21414862480015 1.44345217361115 1.3291370223742 1.33774267532863 1.84829439595342 1.46200246666558 1.15771765215322 1.16571253282018 1.37587464204989 1.85375231248327 1.22025828319602 0 1.43488803994842 1.58594261854887 1.72336464514956 1.38445218931884 1.44330966495909 1.78252159873955 1.53376008500345 1.61093458905816 1.51569503243081 1.54381335922517
1.73163998522796 1.76433566771448 1.04910048213787 1.08694181474857 1.69140265672468 1.36385749769397 1.03788425470702 1.23859775229357 1.79254238842987 1.36110458173789 1.07367824553512 1.18570286058821 1.20461164508015 1.8667235118337 1.9293268523179 1.66238551773131 1.02144573279656 1.54671897576191 1.13322151894681 1.43488803994842 0 1.73870105016977 1.55655586719513 1.22738948115148 1.12998747243546 1.25414307392202 1.05019768956117 1.57585795246996 1.51453133998439 0.944197554141283
1.46379739721306 1.39188918005675 1.45176478498615 1.38482807576656 1.4173371817451 1.75052445218898 1.50121404859237 1.28988723224029 1.90851163584739 1.6367748810444 1.35882001160644 1.35880406736396 1.57643511309288 1.90648518386297 1.52269683079794 1.9275618318934 1.24044865812175 1.57185425795615 1.06324260868132 1.58594261854887 1.73870105016977 0 1.62381964200176 1.5623618485406 1.59225172852166 1.32622181274928 1.20638694637455 1.41496915160678 1.356699725613 1.35107887280174
0.98815824626945 1.56458872649819 1.49099499359727 1.27214757585898 1.80480098677799 1.79441723064519 1.52937129209749 1.41616969322786 0.976886503398418 1.06258810777217 1.27863156981766 1.40371223841794 1.84637960558757 1.63711305963807 1.61405852879398 1.93039961066097 1.40484157670289 1.19224989158101 1.88529807701707 1.72336464514956 1.55655586719513 1.62381964200176 0 1.26875741500407 1.65701461723074 1.59460228332318 1.23463120241649 1.92224541469477 1.14232246135361 1.77720056893304
1.44110732432455 1.70069842599332 1.86656910344027 1.32228552782908 1.32271316763945 1.51252875477076 1.03589176363312 1.323537271237 1.6344310620334 1.88888226193376 1.38738391245715 1.43727689818479 1.91205250751227 1.4229103946127 1.56877338560298 1.51138562033884 1.30172669026069 1.446396749001 1.15043523930945 1.38445218931884 1.22738948115148 1.5623618485406 1.26875741500407 0 1.50944738509133 1.02291193720885 1.53850574814714 1.26399443205446 1.79350343928672 1.39880722062662
0.969742237590253 1.92305970913731 1.34197531151585 1.46919283480383 0.958388087106869 1.0633250863757 1.43386566010304 1.65346174640581 1.50057252589613 1.02651629829779 0.943562215426937 1.77807051525451 1.9222017894499 1.5620459059719 1.61947466712445 1.71425770968199 1.77973095118068 1.32890472700819 1.78426252142526 1.44330966495909 1.12998747243546 1.59225172852166 1.65701461723074 1.50944738509133 0 1.75929965381511 1.84895531320944 1.14162263530307 1.8263821657747 1.41994757810608
1.44607100985013 1.50746887316927 1.68036716501229 1.57815329870209 1.6570105953142 1.74131339741871 1.83614059584215 1.69082778925076 1.20561002893373 1.27129257563502 1.13667521183379 1.67291633109562 1.17147783283144 1.83873243979178 1.76511783711612 1.29076972883195 0.95927440864034 1.72941043553874 1.62040148698725 1.78252159873955 1.25414307392202 1.32622181274928 1.59460228332318 1.02291193720885 1.75929965381511 0 1.35801878524944 1.57376135722734 1.48803199478425 0.997955854982138
1.75626853853464 1.2542483615689 0.983790193218738 1.27467561280355 1.46033184113912 1.47001005709171 0.95447937049903 1.72432090574875 1.90933630871587 1.80498897307552 1.03596638771705 1.14394632261246 1.03599121142179 0.987344252876937 1.69420234346762 1.25667090946808 1.19225558429025 1.5363422294613 1.80790563649498 1.53376008500345 1.05019768956117 1.20638694637455 1.23463120241649 1.53850574814714 1.84895531320944 1.35801878524944 0 1.56433882354759 1.56006821407937 1.52587288827635
0.965565604623407 1.62881004624069 1.08823523088358 1.27259215363301 1.39920988376252 1.55235910392366 1.38305460801348 1.74220398860052 1.4322505549062 1.77462771045975 1.3255046242848 1.10344733856618 1.79991588229313 1.24138340330683 1.35133139253594 1.89737338433042 1.74250305118039 1.93812554841861 1.00169175467454 1.61093458905816 1.57585795246996 1.41496915160678 1.92224541469477 1.26399443205446 1.14162263530307 1.57376135722734 1.56433882354759 0 1.70963758789003 1.11668872018345
1.23461051774211 1.31997140031308 1.83821588288993 1.92248850339092 1.90998243819922 1.44549960899167 1.57404275052249 1.56750555546023 1.41673427796923 1.47317939437926 1.13839519326575 1.0074793882668 0.949159983545542 1.12748634186573 1.54167917068116 1.47613099007867 1.68551452551037 1.47716270620003 1.41160784498788 1.51569503243081 1.51453133998439 1.356699725613 1.14232246135361 1.79350343928672 1.8263821657747 1.48803199478425 1.56006821407937 1.70963758789003 0 1.32281731534749
1.50765230599791 1.910672707716 1.72832182794809 1.34640934458002 1.60843842802569 1.45177119062282 1.40882292273454 1.78923635510728 1.85706931585446 1.83554322784767 1.06327392323874 1.71202402189374 1.73331737867557 1.58431069087237 1.25561262876727 1.04324896982871 1.41872226633132 1.10180847090669 1.67450722469948 1.54381335922517 0.944197554141283 1.35107887280174 1.77720056893304 1.39880722062662 1.41994757810608 0.997955854982138 1.52587288827635 1.11668872018345 1.32281731534749 0
