0 1.29904722003266 1.57668433641084 1.72027271450497 1.35419808584265 1.69565102178603 1.62352393101901 1.35852779587731 1.22899661795236 1.66270057111979 1.10515713412315 1.67110631731339 1.64317970210686 1.04843213921413 1.33579798345454 1.06885590893216 1.13781071361154 1.73856103839353 1.43422565981746 1.77768041961826 1.33107018633746 1.44720261543989 1.22075287438929 1.33158550318331 1.59834253485315 1.34121222305112 1.3409561549779 0.884123704629019 1.04915136797354 1.7629913459532
1.29904722003266 0 1.39137745462358 1.20160343893804 1.140248935204 0.877900422317907 1.55862147151493 1.56162488926202 1.27914412599057 1.70201525930315 1.58690108032897 1.46493955305777 1.32705412711948 1.56987297767773 1.40781401586719 1.64503313670866 0.958716236520559 1.25565943215042 1.84493455430493 1.07524112612009 1.73022040980868 1.40910698170774 1.55437694909051 1.49974733055569 1.36145054385997 1.79886983032338 1.45112457103096 1.38689183071256 1.42350816307589 1.44724093913101
1.57668433641084 1.39137745462358 0 1.84347411408089 1.67349174758419 0.922713294625282 1.26230769930407 1.17855375586078 1.73317251214758 1.45622404920869 1.67619874235243 1.56027441029437 1.27476653526537 1.57861186144873 1.29057849338278 1.74088230868801 1.32403641287237 1.09328768239357 1.46770196803845 1.36546971974894 0.93934422521852 1.05701739341021 1.71357884537429 1.42491908441298 1.16144250403158 1.5436192266643 0.891634786967188 1.10829873546027 1.43642218504101 1.34304642071947
1.72027271450497 1.20160343893804 1.84347411408089 0 1.22549936664291 0.920760819455609 1.0566561226733 1.45496604358777 1.73605844797567 1.5092027017381 1.27981937373988 1.28912209742703 1.51995167718269 1.80540068168193 1.49233716120943 0.852482572197914 1.01781066786498 1.73743585380726 1.6820025248453 1.35756360064261 1.16607468761504 0.898266089614481 1.33584087342024 1.03975113807246 1.21470956364647 0.939953728811815 1.72688190499321 1.7427734429948 1.84554921975359 1.18255737470463
1.35419808584265 1.140248935204 1.67349174758419 1.22549936664291 0 1.49005645979196 1.85025629238226 1.78603723901324 0.948544763959944 0.979663003701717 1.57514005899429 1.40479997103103 0.912985883187503 1.22444560145959 1.22762402519584 1.33096142532304 0.855328291188926 0.859307734528556 1.74467173195444 1.15334923937917 1.56384731014259 1.33542159222998 1.07474793028086 1.07995907054283 1.50261119077913 1.09158014762215 1.68372581084259 1.41510920319706 0.945957660209388 1.50383125757799
1.69565102178603 0.877900422317907 0.922713294625282 0.920760819455609 1.49005645979196 0 1.44540744973347 1.32674355967902 1.08517438685521 1.00206475844607 1.24125833227299 1.28625007602386 1.0916830713395 1.78812811686657 1.43349404749461 1.61412759707309 1.82310467865318 1.14629806112498 1.45636842609383 1.49781937850639 1.82884372142144 1.20707433368079 0.87149388063699 1.54780791979283 1.73940330697224 1.45161743485369 1.79663729341701 1.80990606173873 1.07049660454504 1.72930358536541
1.62352393101901 1.55862147151493 1.26230769930407 1.0566561226733 1.85025629238226 1.44540744973347 0 1.21628051297739 1.41432598233223 1.05369787476957 0.905930720502511 1.09569175518118 1.20392927806824 1.7050472276751 1.20266266376711 1.1672156881541 1.70987440668978 1.75054136407562 1.80206343578175 1.62942383694462 1.65133618703112 1.31314609129913 1.06216615065932 1.46254009730183 1.14515046705492 1.37422830192372 1.71135684219189 1.1607615891844 1.39935640711337 1.64451033202931
1.35852779587731 1.56162488926202 1.17855375586078 1.45496604358777 1.78603723901324 1.32674355967902 1.21628051297739 0 1.1688587712124 1.55669204774313 1.25220630154945 1.54346895031631 1.36879329266958 0.981358446646482 1.13808242348023 0.885617428924888 1.56198917981237 1.75260469201021 1.19640363613144 1.58517145598307 1.74920103908516 1.40226070978679 1.03783512394875 0.921786745078862 1.5151284118183 1.72903224010952 1.51593467360362 1.62116425135173 1.28417147672735 1.37116648908705
1.22899661795236 1.27914412599057 1.73317251214758 1.73605844797567 0.948544763959944 1.08517438685521 1.41432598233223 1.1688587712124 0 1.23035370721482 1.10553041519597 1.01748631522059 1.83313743816689 1.24888652469963 1.85017617302947 1.67364485003054 1.57348938682117 1.7683550065849 1.09588476154022 1.26830624556169 1.17467419756576 1.49461597553454 1.82481928123161 1.08290190552361 1.44823758327402 1.15495284181088 1.78395772865042 1.31249678158201 1.12257414986379 1.76307983486913
1.66270057111979 1.70201525930315 1.45622404920869 1.5092027017381 0.979663003701717 1.00206475844607 1.05369787476957 1.55669204774313 1.23035370721482 0 0.92429642053321 1.28426982602105 1.11242540250532 0.952328162267804 1.30178875010461 1.0904426581692 0.876401118468493 0.989027367904782 1.24674157937989 1.41949284658767 1.36638258513995 1.08273456431925 1.45632327347994 1.43183387629688 1.01313071232289 1.4011320467107 0.903648421168327 1.69547617365606 1.26402213727124 0.928468910045922
1.10515713412315 1.58690108032897 1.67619874235243 1.27981937373988 1.57514005899429 1.24125833227299 0.905930720502511 1.25220630154945 1.10553041519597 0.92429642053321 0 1.0655140967574 1.42414495721459 1.52347517455928 0.943117884919047 1.84585904399864 0.953430213034153 1.24233136069961 1.43292140169069 1.08032943913713 1.79737331415527 1.08632396045141 1.00540164671838 1.12446737778373 1.01446945173666 1.32343199290335 0.917665796587244 1.09585043601692 1.147514217766 1.41946422727779
1.67110631731339 1.46493955305777 1.56027441029437 1.28912209742703 1.40479997103103 1.28625007602386 1.09569175518118 1.54346895031631 1.01748631522059 1.28426982602105 1.0655140967574 0 1.15642260550521 1.84414684819058 1.73442213167436 1.44090411113575 1.69257327867672 1.19045712728985 1.20174508052878 1.02024713344872 1.02801746735349 1.24417292769067 1.81689150747843 1.4996298039332 1.48981950362213 1.75727200671099 1.83972185151652 1.65972766466439 1.32219690643251 1.74726290861145
1.64317970210686 1.32705412711948 1.27476653526537 1.51995167718269 0.912985883187503 1.0916830713395 1.20392927806824 1.36879329266958 1.83313743816689 1.11242540250532 1.42414495721459 1.15642260550521 0 0.951830013887957 1.75533375213854 0.974717300385237 1.53810440190136 1.05778948357329 0.920696745626628 1.13416808145121 1.37024865020066 1.054710626835 1.40785358147696 1.27035686164163 1.32029248098843 0.874934064922854 1.13110569142736 1.45920407702215 1.50629360810854 1.63361308723688
1.04843213921413 1.56987297767773 1.57861186144873 1.80540068168193 1.22444560145959 1.78812811686657 1.7050472276751 0.981358446646482 1.24888652469963 0.952328162267804 1.52347517455928 1.84414684819058 0.951830013887957 0 1.50936368270777 1.65468580182642 1.62500376394019 1.66805709479377 0.861456563929096 1.20673157670535 1.8317219640594 1.6331434994936 1.04713214794174 1.23110191547312 1.01753050112166 1.56613662303425 1.82999911648221 1.69566365447827 1.28023728751577 1.73316524224356
1.33579798345454 1.40781401586719 1.29057849338278 1.49233716120943 1.22762402519584 1.43349404749461 1.20266266376711 1.13808242348023 1.85017617302947 1.30178875010461 0.943117884919047 1.73442213167436 1.75533375213854 1.50936368270777 0 1.70554633182473 1.7681021571625 0.937102909665555 1.21427662437782 1.5788024882786 1.6754174225498 1.13802650757134 1.10471667489037 1.82455251831561 0.889894395135343 1.29817023314536 1.81633558683097 1.5068592405878 1.03814165689982 1.04135989397764
1.06885590893216 1.64503313670866 1.74088230868801 0.852482572197914 1.33096142532304 1.61412759707309 1.1672156881541 0.885617428924888 1.67364485003054 1.0904426581692 1.84585904399864 1.44090411113575 0.974717300385237 1.65468580182642 1.70554633182473 0 1.03691738308407 1.81821126793511 1.63032742845826 1.4354500004556 1.43665145244449 1.19207116006874 1.49448923487216 0.953688075300306 1.69093841663562 0.862976612756029 1.41057390347123 1.69913534075022 1.2815816749353 1.61769810761325
1.13781071361154 0.958716236520559 1.32403641287237 1.01781066786498 0.855328291188926 1.82310467865318 1.70987440668978 1.56198917981237 1.57348938682117 0.876401118468493 0.953430213034153 1.69257327867672 1.53810440190136 1.62500376394019 1.7681021571625 1.03691738308407 0 0.985068122157827 1.67324388981797 1.29364071483724 0.931146513670683 1.40388716268353 1.63890845607966 1.43832253897563 1.51035472308286 1.57706278911792 1.68436660640873 1.56896488834172 0.859846609644592 1.30591518408619
1.73856103839353 1.25565943215042 1.09328768239357 1.73743585380726 0.859307734528556 1.14629806112498 1.75054136407562 1.75260469201021 1.7683550065849 0.989027367904782 1.24233136069961 1.19045712728985 1.05778948357329 1.66805709479377 0.937102909665555 1.81821126793511 0.985068122157827 0 1.27965147700161 1.7094197422266 1.13477865979075 1.41740293730982 1.62088841246441 1.73707007593475 1.55126383365132 1.27056861575693 1.58085199887864 1.44375176797621 1.80104200472124 1.4344214501325
1.43422565981746 1.84493455430493 1.46770196803845 1.6820025248453 1.74467173195444 1.45636842609383 1.80206343578175 1.19640363613144 1.09588476154022 1.24674157937989 1.43292140169069 1.20174508052878 0.920696745626628 0.861456563929096 1.21427662437782 1.63032742845826 1.67324388981797 1.27965147700161 0 1.68005306995474 1.63085694098845 1.73919453029521 1.62110464624129 0.899185792542994 0.962116906885058 1.72062551323324 1.51603205548599 1.4499451238662 1.31273669563234 1.57830725540407
1.77768041961826 1.07524112612009 1.36546971974894 1.35756360064261 1.15334923937917 1.49781937850639 1.62942383694462 1.58517145598307 1.26830624556169 1.41949284658767 1.08032943913713 1.02024713344872 1.13416808145121 1.20673157670535 1.5788024882786 1.4354500004556 1.29364071483724 1.7094197422266 1.68005306995474 0 1.59866288793273 1.76232893345878 1.1334624318406 1.48573682806455 1.65579041349702 1.62842873879708 1.66040932293981 1.32548088463955 1.26696865656413 1.18180090049282
1.33107018633746 1.73022040980868 0.93934422521852 1.16607468761504 1.56384731014259 1.82884372142144 1.65133618703112 1.74920103908516 1.17467419756576 1.36638258513995 1.79737331415527 1.02801746735349 1.37024865020066 1.8317219640594 1.6754174225498 1.43665145244449 0.931146513670683 1.13477865979075 1.63085694098845 1.59866288793273 0 1.79057334363461 1.1270463434048 1.21900351834483 0.935683254618198 1.72468814649619 1.45589892100543 1.50940911774524 1.0483475914225 1.71335151535459
1.44720261543989 1.40910698170774 1.05701739341021 0.898266089614481 1.33542159222998 1.20707433368079 1.31314609129913 1.40226070978679 1.49461597553454 1.08273456431925 1.08632396045141 1.24417292769067 1.054710626835 1.6331434994936 1.13802650757134 1.19207116006874 1.40388716268353 1.41740293730982 1.73919453029521 1.76232893345878 1.79057334363461 0 1.80005002673715 1.69227895652875 1.55712467664853 1.27031353674829 1.11090427218005 1.29608932253905 1.83694939687848 0.950285047758371
1.22075287438929 1.55437694909051 1.71357884537429 1.33584087342024 1.07474793028086 0.87149388063699 1.06216615065932 1.03783512394875 1.82481928123161 1.45632327347994 1.00540164671838 1.81689150747843 1.40785358147696 1.04713214794174 1.10471667489037 1.49448923487216 1.63890845607966 1.62088841246441 1.62110464624129 1.1334624318406 1.1270463434048 1.80005002673715 0 1.15748099703342 1.16596816852689 1.16641063173302 1.17299264995381 1.59570893039927 1.80346191418357 1.19991022627801
1.33158550318331 1.49974733055569 1.42491908441298 1.03975113807246 1.07995907054283 1.54780791979283 1.46254009730183 0.921786745078862 1.08290190552361 1.43183387629688 1.12446737778373 1.4996298039332 1.27035686164163 1.23110191547312 1.82455251831561 0.953688075300306 1.43832253897563 1.73707007593475 0.899185792542994 1.48573682806455 1.21900351834483 1.69227895652875 1.15748099703342 0 0.953942746156827 1.53552424022928 0.89558878634125 1.65812029340304 1.7016866048798 0.872726546600461
1.59834253485315 1.36145054385997 1.16144250403158 1.21470956364647 1.50261119077913 1.73940330697224 1.14515046705492 1.5151284118183 1.44823758327402 1.01313071232289 1.01446945173666 1.48981950362213 1.32029248098843 1.01753050112166 0.889894395135343 1.69093841663562 1.51035472308286 1.55126383365132 0.962116906885058 1.65579041349702 0.935683254618198 1.55712467664853 1.16596816852689 0.953942746156827 0 1.73595570772886 1.73028431925923 0.969995496794581 1.30838538776152 1.29767295555212
1.34121222305112 1.79886983032338 1.5436192266643 0.939953728811815 1.09158014762215 1.45161743485369 1.37422830192372 1.72903224010952 1.15495284181088 1.4011320467107 1.32343199290335 1.75727200671099 0.874934064922854 1.56613662303425 1.29817023314536 0.862976612756029 1.57706278911792 1.27056861575693 1.72062551323324 1.62842873879708 1.72468814649619 1.27031353674829 1.16641063173302 1.53552424022928 1.73595570772886 0 1.54966339585371 1.60745327174664 1.66210051253438 1.13162101106718
1.3409561549779 1.45112457103096 0.891634786967188 1.72688190499321 1.68372581084259 1.79663729341701 1.71135684219189 1.51593467360362 1.78395772865042 0.903648421168327 0.917665796587244 1.83972185151652 1.13110569142736 1.82999911648221 1.81633558683097 1.41057390347123 1.68436660640873 1.58085199887864 1.51603205548599 1.66040932293981 1.45589892100543 1.11090427218005 1.17299264995381 0.89558878634125 1.73028431925923 1.54966339585371 0 1.49444887274876 1.27618437120691 0.878993867896497
0.884123704629019 1.38689183071256 1.10829873546027 1.7427734429948 1.41510920319706 1.80990606173873 1.1607615891844 1.62116425135173 1.31249678158201 1.69547617365606 1.09585043601692 1.65972766466439 1.45920407702215 1.69566365447827 1.5068592405878 1.69913534075022 1.56896488834172 1.44375176797621 1.4499451238662 1.32548088463955 1.50940911774524 1.29608932253905 1.59570893039927 1.65812029340304 0.969995496794581 1.60745327174664 1.49444887274876 0 1.06014770595357 1.47765535255894
1.04915136797354 1.42350816307589 1.43642218504101 1.84554921975359 0.945957660209388 1.07049660454504 1.39935640711337 1.28417147672735 1.12257414986379 1.26402213727124 1.147514217766 1.32219690643251 1.50629360810854 1.28023728751577 1.03814165689982 1.2815816749353 0.859846609644592 1.80104200472124 1.31273669563234 1.26696865656413 1.0483475914225 1.83694939687848 1.80346191418357 1.7016866048798 1.30838538776152 1.66210051253438 1.27618437120691 1.06014770595357 0 1.33355285646394
1.7629913459532 1.44724093913101 1.34304642071947 1.18255737470463 1.50383125757799 1.72930358536541 1.64451033202931 1.37116648908705 1.76307983486913 0.928468910045922 1.41946422727779 1.74726290861145 1.63361308723688 1.73316524224356 1.04135989397764 1.61769810761325 1.30591518408619 1.4344214501325 1.57830725540407 1.18180090049282 1.71335151535459 0.950285047758371 1.19991022627801 0.872726546600461 1.29767295555212 1.13162101106718 0.878993867896497 1.47765535255894 1.33355285646394 0
