0 1.31131508108228 1.47795557859354 1.77766773919575 1.77526272065006 1.01452336972579 1.02438767487183 1.704731578473 1.24888050323352 1.36124458466657 1.39675451256335 1.51244841795415 1.1687609537039 1.1587843853049 1.37618862325326 1.73385611758567 1.4303176633548 1.89108977280557 1.00715334899724 0.980057744309306 1.65257611009292 1.7559751435183 1.18990784394555 1.24050209694542 1.04567981720902 1.10276768915355 1.77835727366619 1.90525985718705 1.62177632469684 1.77190887532197
1.31131508108228 0 1.55181306088343 1.47435332462192 1.38949827174656 1.17383163794875 1.93244712171145 1.68982413364574 1.31439686333761 1.87447736458853 1.44686844642274 0.947551427641883 1.87230014242232 1.03566443780437 1.48079361580312 1.37655067350715 1.80063543119468 1.31732906308025 1.26902068918571 1.08567548403516 1.26538270781748 1.11734075262211 1.6750409048982 1.78294024174102 0.959805993828923 1.73956163204275 1.81981323240325 1.49446085374802 1.23913795431145 1.17881697556004
1.47795557859354 1.55181306088343 0 1.25121193029918 1.37173966225237 1.31198970833793 1.93631199444644 1.50555451912805 1.31834876257926 1.09211750444956 1.58706257352605 1.13919468666427 1.91234287037514 1.61164066730998 1.44604978198186 1.8612792273052 1.03173852269538 1.4796249885112 1.86460961657576 1.2518515996635 1.42251877300441 1.62546512507834 1.64018685603514 1.62339461687952 1.84102917439304 1.63331225188449 1.65929371281527 1.75824552751146 1.77865800959989 1.58715819311328
1.77766773919575 1.47435332462192 1.25121193029918 0 1.38518968736753 1.14848413784057 1.1565054114908 1.81173398485407 1.86299991980195 1.10980737744831 1.1400913593825 1.76012542517856 1.31552108959295 1.12704312661663 1.13322209566832 1.79155880026519 1.54336227755994 1.59124622866511 1.09674153197557 1.02389670955017 1.73604697547853 1.72397195082158 1.16543547227047 1.37727894261479 1.13189959898591 1.82816542964429 1.85089358827099 0.957462430931628 1.08331243577413 1.50866058911197
1.77526272065006 1.38949827174656 1.37173966225237 1.38518968736753 0 1.3994319208432 1.31808600528166 1.48222032841295 1.18156828102656 1.81635593017563 1.36969702551141 1.71157334162854 1.6623384966515 1.13354710675776 1.05664022662677 1.1681958520785 1.88290286529809 1.27979140239768 1.27013773820363 1.04948031017557 1.54419310344383 1.09977500815876 1.86868670023978 0.949792234692723 1.27312768436968 1.09436294389889 1.77051350241527 1.69328745407984 1.15821698703803 1.64746707770973
1.01452336972579 1.17383163794875 1.31198970833793 1.14848413784057 1.3994319208432 0 1.30387231102213 0.987871139775962 1.81725187553093 1.03640870936215 1.75725698075257 1.29562131804414 0.957097710343078 1.22488307533786 1.27809463837184 1.04038375429809 1.2786828065291 1.07385416328907 1.24366023298353 1.27249804534949 1.73269849037752 1.80683858157136 1.58744248282164 1.60094920056872 1.25016164197586 1.59374635573477 1.60532421595417 1.77140592853539 1.45552188134752 1.91895633772947
1.02438767487183 1.93244712171145 1.93631199444644 1.1565054114908 1.31808600528166 1.30387231102213 0 1.14142404589802 1.8441144307144 1.65542955556884 1.38200546544977 1.24779550614767 1.19528385670856 1.01919939788058 1.59908268577419 1.67036422272213 1.88239042181522 1.68533003376797 1.81019000988454 1.2286935672164 1.70879102195613 1.47075425344519 1.45368266035803 1.733724756632 1.89487989339978 1.00659870961681 1.65863964846358 1.87255454412661 0.966315428726375 1.13960339175537
1.704731578473 1.68982413364574 1.50555451912805 1.81173398485407 1.48222032841295 0.987871139775962 1.14142404589802 0 1.37707599205896 1.37719123577699 1.26975197135471 1.86884559271857 1.80076943500899 1.87452545203269 0.951054974691942 1.66932084294967 1.71845831139944 0.991360212210566 1.09239548584446 1.69897742010653 1.127872930374 0.994029125198722 1.71424418548122 1.65178631106392 1.43959502247162 1.1737157762982 1.63904477516189 1.51186326984316 1.26365681132302 1.06511123036034
1.24888050323352 1.31439686333761 1.31834876257926 1.86299991980195 1.18156828102656 1.81725187553093 1.8441144307144 1.37707599205896 0 1.85010333266109 1.67490133456886 0.986739937681705 0.944062381982803 1.83053021738306 1.49386917147785 1.606977612013 1.11216086382046 0.978791740257293 1.61760226148181 1.54138991166838 1.61971136345528 1.05614865105599 1.17913940316066 1.25596783333458 1.3971293317154 0.969853740883991 1.36317296535708 1.58119324734434 0.994113395689055 1.11604615184478
1.36124458466657 1.87447736458853 1.09211750444956 1.10980737744831 1.81635593017563 1.03640870936215 1.65542955556884 1.37719123577699 1.85010333266109 0 1.00050355424173 1.65805673203431 1.88015343039297 1.08620204799809 1.5357368150726 0.941372456494719 1.90618992061354 1.77726160921156 1.8470198775176 1.91398802842014 1.45427859760821 1.30590010806918 1.22173182573169 0.966659352881834 0.960356891853735 1.41042199078947 1.15422256407328 1.21696184785105 1.76331945415586 1.18675137241371
1.39675451256335 1.44686844642274 1.58706257352605 1.1400913593825 1.36969702551141 1.75725698075257 1.38200546544977 1.26975197135471 1.67490133456886 1.00050355424173 0 1.68675085692666 1.46809439663775 0.982669096440077 1.15759526262991 1.72019916912541 1.38148537045345 1.31349448626861 1.08777191676199 0.972467433894053 1.55644868756644 1.39085790188983 1.02593905688263 1.5030999283772 0.987692396854982 1.20824914053082 1.69513010256924 1.85029645031318 1.82182677579112 1.17520766844973
1.51244841795415 0.947551427641883 1.13919468666427 1.76012542517856 1.71157334162854 1.29562131804414 1.24779550614767 1.86884559271857 0.986739937681705 1.65805673203431 1.68675085692666 0 1.55388183612376 1.82325329445302 1.02820413629524 1.91342253889889 1.46408940525725 1.60410834383219 1.62790599907748 1.88295023539104 1.65375771280378 1.30616503278725 1.18158417614177 1.03190507553518 1.90735742147081 1.57406531926244 1.74525809870102 1.4758055859711 1.92778821731918 1.93203960894607
1.1687609537039 1.87230014242232 1.91234287037514 1.31552108959295 1.6623384966515 0.957097710343078 1.19528385670856 1.80076943500899 0.944062381982803 1.88015343039297 1.46809439663775 1.55388183612376 0 1.34558503120206 1.76072515174747 1.02568860678002 1.37024704553187 1.65870164940134 1.00809592544101 1.21324897301383 1.90198363363743 1.56245643272996 1.39469447522424 1.04345480073243 1.16641066782176 1.50746510317549 1.66226934129372 1.1633830787614 1.13699453952722 1.45718937623315
1.1587843853049 1.03566443780437 1.61164066730998 1.12704312661663 1.13354710675776 1.22488307533786 1.01919939788058 1.87452545203269 1.83053021738306 1.08620204799809 0.982669096440077 1.82325329445302 1.34558503120206 0 1.0819595453795 1.47224469156936 1.80157021270134 1.67970170034096 1.76835300843231 1.66099800798111 1.07320254063234 1.41883535822853 1.80465246434323 1.859322426375 1.45396268833429 1.42926105903462 1.05973272025585 1.85403739451431 1.30056472448632 1.33893395587802
1.37618862325326 1.48079361580312 1.44604978198186 1.13322209566832 1.05664022662677 1.27809463837184 1.59908268577419 0.951054974691942 1.49386917147785 1.5357368150726 1.15759526262991 1.02820413629524 1.76072515174747 1.0819595453795 0 0.957630189601332 1.34932123497128 1.88797947252169 1.61579856299795 1.00791336246766 1.48503953870386 1.07149846293032 1.8655890263617 1.2550977380015 1.32260758103803 1.07665556599386 1.46545310597867 1.21443548449315 0.962511088233441 1.67615456739441
1.73385611758567 1.37655067350715 1.8612792273052 1.79155880026519 1.1681958520785 1.04038375429809 1.67036422272213 1.66932084294967 1.606977612013 0.941372456494719 1.72019916912541 1.91342253889889 1.02568860678002 1.47224469156936 0.957630189601332 0 1.91729620657861 1.18135470058769 1.23585581104271 1.73634607344866 1.16817034292035 1.45124204200692 1.77514005359262 1.71625676797703 1.64266280014999 1.71565123368055 1.57845939556137 1.61926339496858 1.9031396782957 1.70764513639733
1.4303176633548 1.80063543119468 1.03173852269538 1.54336227755994 1.88290286529809 1.2786828065291 1.88239042181522 1.71845831139944 1.11216086382046 1.90618992061354 1.38148537045345 1.46408940525725 1.37024704553187 1.80157021270134 1.34932123497128 1.91729620657861 0 1.28868345264345 1.11901006195694 1.08321416121908 1.59385423013009 1.93329506972805 1.84552713437006 1.47556943725795 1.08427333692089 0.96672398573719 0.991802440257743 1.07522855047137 1.25046130013652 1.73260271898471
1.89108977280557 1.31732906308025 1.4796249885112 1.59124622866511 1.27979140239768 1.07385416328907 1.68533003376797 0.991360212210566 0.978791740257293 1.77726160921156 1.31349448626861 1.60410834383219 1.65870164940134 1.67970170034096 1.88797947252169 1.18135470058769 1.28868345264345 0 1.05598247493617 1.18852118775249 1.19175293459557 1.29019158449955 1.83008530247025 1.03814008156769 1.14670186722651 1.12793065840378 1.47939043515362 1.56036770623177 1.00987178925425 1.84595877164975
1.00715334899724 1.26902068918571 1.86460961657576 1.09674153197557 1.27013773820363 1.24366023298353 1.81019000988454 1.09239548584446 1.61760226148181 1.8470198775176 1.08777191676199 1.62790599907748 1.00809592544101 1.76835300843231 1.61579856299795 1.23585581104271 1.11901006195694 1.05598247493617 0 1.16394478315488 1.71064705355093 1.87258671456948 1.36570133804344 1.84102769824676 1.46250955900177 1.49183217389509 1.07512394641526 1.02999309636652 1.83889405196533 1.72866248036735
0.980057744309306 1.08567548403516 1.2518515996635 1.02389670955017 1.04948031017557 1.27249804534949 1.2286935672164 1.69897742010653 1.54138991166838 1.91398802842014 0.972467433894053 1.88295023539104 1.21324897301383 1.66099800798111 1.00791336246766 1.73634607344866 1.08321416121908 1.18852118775249 1.16394478315488 0 1.04990232666023 1.39069481310435 1.59001674619503 1.21698622126132 1.41483326791786 1.23717802553438 1.89934702310711 1.62971986294724 1.89397315122187 1.24309183610603
1.65257611009292 1.26538270781748 1.42251877300441 1.73604697547853 1.54419310344383 1.73269849037752 1.70879102195613 1.127872930374 1.61971136345528 1.45427859760821 1.55644868756644 1.65375771280378 1.90198363363743 1.07320254063234 1.48503953870386 1.16817034292035 1.59385423013009 1.19175293459557 1.71064705355093 1.04990232666023 0 1.25935326633044 1.19544614339247 1.91428817948326 1.48174130404368 1.00659552263096 1.86709318170324 1.67252079513855 0.960245043737814 1.22056659078225
1.7559751435183 1.11734075262211 1.62546512507834 1.72397195082158 1.09977500815876 1.80683858157136 1.47075425344519 0.994029125198722 1.05614865105599 1.30590010806918 1.39085790188983 1.30616503278725 1.56245643272996 1.41883535822853 1.07149846293032 1.45124204200692 1.93329506972805 1.29019158449955 1.87258671456948 1.39069481310435 1.25935326633044 0 0.962503978749737 1.24317992199212 1.77849819883704 0.980626672971994 1.72177543328144 1.27629954391159 1.39024950424209 1.62749555590563
1.18990784394555 1.6750409048982 1.64018685603514 1.16543547227047 1.86868670023978 1.58744248282164 1.45368266035803 1.71424418548122 1.17913940316066 1.22173182573169 1.02593905688263 1.18158417614177 1.39469447522424 1.80465246434323 1.8655890263617 1.77514005359262 1.84552713437006 1.83008530247025 1.36570133804344 1.59001674619503 1.19544614339247 0.962503978749737 0 1.44793908717111 1.12091135978699 1.57860939996317 1.77779275039211 1.14278215984814 1.60644123866223 1.9202640701551
1.24050209694542 1.78294024174102 1.62339461687952 1.37727894261479 0.949792234692723 1.60094920056872 1.733724756632 1.65178631106392 1.25596783333458 0.966659352881834 1.5030999283772 1.03190507553518 1.04345480073243 1.859322426375 1.2550977380015 1.71625676797703 1.47556943725795 1.03814008156769 1.84102769824676 1.21698622126132 1.91428817948326 1.24317992199212 1.44793908717111 0 1.05706923012622 1.44167995406315 1.58109252736904 1.51265096664429 1.7758543251548 1.79410766903311
1.04567981720902 0.959805993828923 1.84102917439304 1.13189959898591 1.27312768436968 1.25016164197586 1.89487989339978 1.43959502247162 1.3971293317154 0.960356891853735 0.987692396854982 1.90735742147081 1.16641066782176 1.45396268833429 1.32260758103803 1.64266280014999 1.08427333692089 1.14670186722651 1.46250955900177 1.41483326791786 1.48174130404368 1.77849819883704 1.12091135978699 1.05706923012622 0 1.5235876920633 1.3158096363768 1.30151790077798 1.70341701153666 1.6885628993623
1.10276768915355 1.73956163204275 1.63331225188449 1.82816542964429 1.09436294389889 1.59374635573477 1.00659870961681 1.1737157762982 0.969853740883991 1.41042199078947 1.20824914053082 1.57406531926244 1.50746510317549 1.42926105903462 1.07665556599386 1.71565123368055 0.96672398573719 1.12793065840378 1.49183217389509 1.23717802553438 1.00659552263096 0.980626672971994 1.57860939996317 1.44167995406315 1.5235876920633 0 1.03856598795392 1.22688572201878 1.90700112213381 1.4686603450682
1.77835727366619 1.81981323240325 1.65929371281527 1.85089358827099 1.77051350241527 1.60532421595417 1.65863964846358 1.63904477516189 1.36317296535708 1.15422256407328 1.69513010256924 1.74525809870102 1.66226934129372 1.05973272025585 1.46545310597867 1.57845939556137 0.991802440257743 1.47939043515362 1.07512394641526 1.89934702310711 1.86709318170324 1.72177543328144 1.77779275039211 1.58109252736904 1.3158096363768 1.03856598795392 0 1.56959189614281 1.44435328361578 1.25690966215916
1.90525985718705 1.49446085374802 1.75824552751146 0.957462430931628 1.69328745407984 1.77140592853539 1.87255454412661 1.51186326984316 1.58119324734434 1.21696184785105 1.85029645031318 1.4758055859711 1.1633830787614 1.85403739451431 1.21443548449315 1.61926339496858 1.07522855047137 1.56036770623177 1.02999309636652 1.62971986294724 1.67252079513855 1.27629954391159 1.14278215984814 1.51265096664429 1.30151790077798 1.22688572201878 1.56959189614281 0 1.72691982146353 1.61454995139502
1.62177632469684 1.23913795431145 1.77865800959989 1.08331243577413 1.15821698703803 1.45552188134752 0.966315428726375 1.26365681132302 0.994113395689055 1.76331945415586 1.82182677579112 1.92778821731918 1.13699453952722 1.30056472448632 0.962511088233441 1.9031396782957 1.25046130013652 1.00987178925425 1.83889405196533 1.89397315122187 0.960245043737814 1.39024950424209 1.60644123866223 1.7758543251548 1.70341701153666 1.90700112213381 1.44435328361578 1.72691982146353 0 1.25786468642764
1.77190887532197 1.17881697556004 1.58715819311328 1.50866058911197 1.64746707770973 1.91895633772947 1.13960339175537 1.06511123036034 1.11604615184478 1.18675137241371 1.17520766844973 1.93203960894607 1.45718937623315 1.33893395587802 1.67615456739441 1.70764513639733 1.73260271898471 1.84595877164975 1.72866248036735 1.24309183610603 1.22056659078225 1.62749555590563 1.9202640701551 1.79410766903311 1.6885628993623 1.4686603450682 1.25690966215916 1.61454995139502 1.25786468642764 0
