0 1.52257537539117 1.71164893778041 1.45323463482782 1.73111378750764 1.4847206082195 1.69615849968977 1.67899001576006 0.97827605297789 1.42949374788441 1.69732271065004 1.27409073966555 1.89110154053196 1.88865533238277 1.74420540384017 1.27975082607009 1.6560475397855 1.34953636908904 1.45887619303539 1.84418346150778 1.06955132889561 1.60082725784741 1.16822358733043 1.59556881058961 1.32289687730372 1.15598180261441 1.32911670790054 1.35046591889113 1.54477116861381 1.02173579507507
1.52257537539117 0 1.08320638653822 1.45931028132327 1.10979816550389 1.4014106518589 1.62455697287805 1.50926142814569 1.16242074407637 1.62523829634301 0.970673600677401 1.78018889157102 1.77374054561369 1.32276483136229 1.14715978479944 1.43514655693434 1.05872684950009 1.4706250494346 1.60821377136745 0.991089729126543 1.74359480547719 1.63536721351556 1.89990620361641 1.225216235267 0.981294319499284 1.1539633157663 1.08575303014368 1.50914476392791 1.89614528487436 0.91772224381566
1.71164893778041 1.08320638653822 0 1.50322824157774 1.07977276784368 1.17301249410957 1.28884973819368 1.76569008291699 1.04632430407219 1.43019661889412 1.72962074773386 1.19417010224424 1.53095139446668 1.61753733898513 1.49688114901073 1.12630798039027 1.79566066456027 1.69141377368942 1.3109122661408 1.0066480175592 0.994515118654817 0.989658528706059 1.61612454149872 1.20991734974086 1.06858611828648 1.28915924276225 1.44439963856712 1.35615376429632 1.07334396359511 1.86474843323231
1.45323463482782 1.45931028132327 1.50322824157774 0 1.27742621768266 1.08539404347539 1.49931186204776 1.83937891549431 1.46304251230322 1.60293298191391 1.07117357687093 1.50148051814176 1.14597886055708 1.36419934383593 1.27610645722598 1.19132432783954 1.82099068746902 1.6083518920932 1.7440856511239 1.38820728333667 1.22820508596487 1.28269662824459 1.70359506155364 1.15768000413664 1.21365580777638 1.14378600358032 1.62824742216617 1.49420144897886 1.39111430593766 1.39004922658205
1.73111378750764 1.10979816550389 1.07977276784368 1.27742621768266 0 1.89390912232921 1.54225890315138 0.920355607289821 1.48606561054476 1.18858870747499 1.64218240394257 1.61559548252262 1.17032249947079 1.10858179582283 1.08957138564438 0.946850124048069 1.03304095985368 1.08393793250434 1.77048932528123 1.25993985310197 0.981828895863146 1.19811112084426 1.25150547362864 1.71160312835127 1.27320108329877 1.63116239150986 1.79555251915008 1.02789652091451 1.36469405679964 1.13599373609759
1.4847206082195 1.4014106518589 1.17301249410957 1.08539404347539 1.89390912232921 0 1.73004930117168 1.02373736235313 1.5413129250519 1.34490656852722 1.02198602538556 1.76007874822244 1.60020270152017 1.73654042836279 1.59051483334042 1.12968480563723 1.08998354710639 1.51213866192847 1.64068168704398 1.07764393021353 1.38933965563774 1.80257667810656 1.75397994206287 1.47432165103965 1.3720355888363 0.95269807940349 1.73207270354033 1.33085417118855 1.34319797554053 1.33833050681278
1.69615849968977 1.62455697287805 1.28884973819368 1.49931186204776 1.54225890315138 1.73004930117168 0 0.933695001760498 1.52582192188129 0.961399883031845 1.73950007581152 1.40341287408955 1.43474822677672 1.53590737748891 1.01145502226427 1.43061580625363 1.72380195301957 1.23782805609517 1.26593943987973 1.80472886376083 1.06228803819977 1.82736809225753 0.910351416794583 1.40656972490251 1.72657470894046 1.47786488407291 1.13733190041967 1.79397453274578 1.76452820026316 1.60164091130719
1.67899001576006 1.50926142814569 1.76569008291699 1.83937891549431 0.920355607289821 1.02373736235313 0.933695001760498 0 1.15787169616669 1.51613877108321 1.23329111910425 1.07792406436056 1.23975315550342 1.08731621340849 1.50934982881881 1.863915882539 1.00856790668331 1.81416453793645 1.11480385693721 1.64235789584927 1.31910575227812 1.54833270260133 1.02356739062816 1.43268847279251 0.989298306405544 1.2394908410497 1.70896387821995 0.957023984286934 1.84656217228621 1.21081543620676
0.97827605297789 1.16242074407637 1.04632430407219 1.46304251230322 1.48606561054476 1.5413129250519 1.52582192188129 1.15787169616669 0 1.63135994970798 1.56989212334156 1.0575134663377 1.69903099047951 0.910379279404879 1.86429556552321 1.63353233831003 1.33760404749773 1.70088117290288 1.3333279506769 1.12765799695626 1.40775934606791 1.31180238327943 1.29736614832655 1.87559155537747 1.39736713608727 1.72279317840002 0.946308923186734 0.936828622594476 1.58279642276466 1.3715075654909
1.42949374788441 1.62523829634301 1.43019661889412 1.60293298191391 1.18858870747499 1.34490656852722 0.961399883031845 1.51613877108321 1.63135994970798 0 1.67500826460309 1.00833514006808 1.61839412199333 1.61582349869423 1.49834462138824 1.79510547802784 1.61438701045699 1.22522023017518 1.59131101239473 1.65409574401565 1.57595465076156 1.35210921941325 1.76774946274236 1.17498564813286 1.6455397431273 1.02698295400478 0.988864487968385 1.25548677286133 1.54384237364866 1.76582229346968
1.69732271065004 0.970673600677401 1.72962074773386 1.07117357687093 1.64218240394257 1.02198602538556 1.73950007581152 1.23329111910425 1.56989212334156 1.67500826460309 0 1.70140317850746 1.79876027954742 1.13422793801874 1.52592349168845 1.55430427892134 1.54846073919907 1.8048758842051 1.27064295182936 1.56328048906289 1.26332225045189 1.64035420073196 1.30307534267195 1.04695122735575 1.72043405892327 1.4630089988932 1.29911744617857 1.28840685589239 1.85091157048009 1.04632081952877
1.27409073966555 1.78018889157102 1.19417010224424 1.50148051814176 1.61559548252262 1.76007874822244 1.40341287408955 1.07792406436056 1.0575134663377 1.00833514006808 1.70140317850746 0 1.0513401213102 1.47475570859388 1.08988431608304 1.27093054191209 1.57287386478856 1.8939932261128 1.12422848632559 1.73267419706099 0.976483424659818 1.27439335081726 1.58601274108514 1.0639406403061 1.2601816484239 1.53676870395429 1.15456921141595 1.30775509122759 1.3217876534909 1.41449356731027
1.89110154053196 1.77374054561369 1.53095139446668 1.14597886055708 1.17032249947079 1.60020270152017 1.43474822677672 1.23975315550342 1.69903099047951 1.61839412199333 1.79876027954742 1.0513401213102 0 1.02542786160484 1.72901467606425 1.29217471694574 1.27147500822321 1.21059011504985 1.87720664218068 1.55964680039324 1.20155695430003 1.08465677755885 1.8866042883601 1.64149896521121 0.983336276840419 1.69303392339498 1.45241093775257 0.949743229197338 1.61926291137934 1.07785126357339
1.88865533238277 1.32276483136229 1.61753733898513 1.36419934383593 1.10858179582283 1.73654042836279 1.53590737748891 1.08731621340849 0.910379279404879 1.61582349869423 1.13422793801874 1.47475570859388 1.02542786160484 0 1.49124885932542 1.78298311401159 1.26784862508066 1.36491908901371 1.79311024374329 1.68345918739215 1.76015197159722 1.43672098591924 1.6242616509553 1.35653312806971 1.74175083753653 1.56657374557108 1.77036231500097 1.17216539033689 1.62675476376899 1.81467465101741
1.74420540384017 1.14715978479944 1.49688114901073 1.27610645722598 1.08957138564438 1.59051483334042 1.01145502226427 1.50934982881881 1.86429556552321 1.49834462138824 1.52592349168845 1.08988431608304 1.72901467606425 1.49124885932542 0 1.57956961682066 1.77022068877704 1.61732955393381 1.79611916258 0.950059371301904 1.48293912084773 1.20629339246079 1.00051576760598 1.75073264236562 0.988469336880371 1.62909476459026 1.124537933385 1.24851518170908 0.918816315243021 1.48624911648221
1.27975082607009 1.43514655693434 1.12630798039027 1.19132432783954 0.946850124048069 1.12968480563723 1.43061580625363 1.863915882539 1.63353233831003 1.79510547802784 1.55430427892134 1.27093054191209 1.29217471694574 1.78298311401159 1.57956961682066 0 1.39485928672366 1.1021349625662 1.04155338928103 0.908922779140994 1.75505685782991 1.45080172596499 1.28283378947526 1.65644949814305 0.940875723492354 1.81734039192088 1.86384510598145 1.54139176430181 1.05947224865668 1.59171207575127
1.6560475397855 1.05872684950009 1.79566066456027 1.82099068746902 1.03304095985368 1.08998354710639 1.72380195301957 1.00856790668331 1.33760404749773 1.61438701045699 1.54846073919907 1.57287386478856 1.27147500822321 1.26784862508066 1.77022068877704 1.39485928672366 0 1.66397786629386 1.31955466396175 1.13243252504617 1.87213802104816 1.61899072304368 1.32007376896217 1.68401523609646 1.70288526033983 1.29114524205215 1.36482235323638 1.16792862000875 1.71787829394452 1.55986177711748
1.34953636908904 1.4706250494346 1.69141377368942 1.6083518920932 1.08393793250434 1.51213866192847 1.23782805609517 1.81416453793645 1.70088117290288 1.22522023017518 1.8048758842051 1.8939932261128 1.21059011504985 1.36491908901371 1.61732955393381 1.1021349625662 1.66397786629386 0 1.58971345727332 1.64025509962812 1.01965450518765 1.24342854367569 1.37288652011193 1.03786970535293 1.59470974630676 1.2962214408908 1.03903187951073 1.86763728130609 1.25187001237646 1.89287812635303
1.45887619303539 1.60821377136745 1.3109122661408 1.7440856511239 1.77048932528123 1.64068168704398 1.26593943987973 1.11480385693721 1.3333279506769 1.59131101239473 1.27064295182936 1.12422848632559 1.87720664218068 1.79311024374329 1.79611916258 1.04155338928103 1.31955466396175 1.58971345727332 0 1.5089040347375 1.46021877997555 1.12071739672683 1.79382087779231 1.44987599481829 1.74906344828196 1.09551482927054 1.47568956785835 1.55282703530975 1.20838430966251 1.118726486573
1.84418346150778 0.991089729126543 1.0066480175592 1.38820728333667 1.25993985310197 1.07764393021353 1.80472886376083 1.64235789584927 1.12765799695626 1.65409574401565 1.56328048906289 1.73267419706099 1.55964680039324 1.68345918739215 0.950059371301904 0.908922779140994 1.13243252504617 1.64025509962812 1.5089040347375 0 1.01092192181386 1.05762697383761 1.88944991026074 1.87765904702246 1.36319415969774 1.45383530319668 1.39259896427393 1.08441435964778 1.12265466502868 1.04125245520845
1.06955132889561 1.74359480547719 0.994515118654817 1.22820508596487 0.981828895863146 1.38933965563774 1.06228803819977 1.31910575227812 1.40775934606791 1.57595465076156 1.26332225045189 0.976483424659818 1.20155695430003 1.76015197159722 1.48293912084773 1.75505685782991 1.87213802104816 1.01965450518765 1.46021877997555 1.01092192181386 0 1.77575402753428 1.28656298713759 1.7893382110633 1.43734181160107 1.14974972815253 1.31757701747119 1.45359769882634 1.33506388752721 1.17380692414008
1.60082725784741 1.63536721351556 0.989658528706059 1.28269662824459 1.19811112084426 1.80257667810656 1.82736809225753 1.54833270260133 1.31180238327943 1.35210921941325 1.64035420073196 1.27439335081726 1.08465677755885 1.43672098591924 1.20629339246079 1.45080172596499 1.61899072304368 1.24342854367569 1.12071739672683 1.05762697383761 1.77575402753428 0 1.18214449286461 1.21861115004867 1.65243362775072 1.69479242409579 1.6509005217813 1.87761538242921 1.86610655020922 1.49489894835278
1.16822358733043 1.89990620361641 1.61612454149872 1.70359506155364 1.25150547362864 1.75397994206287 0.910351416794583 1.02356739062816 1.29736614832655 1.76774946274236 1.30307534267195 1.58601274108514 1.8866042883601 1.6242616509553 1.00051576760598 1.28283378947526 1.32007376896217 1.37288652011193 1.79382087779231 1.88944991026074 1.28656298713759 1.18214449286461 0 1.89480535150506 1.54858022276312 1.71842022100464 1.24011841160245 1.87269629933871 1.68673554621637 1.3267270072829
1.59556881058961 1.225216235267 1.20991734974086 1.15768000413664 1.71160312835127 1.47432165103965 1.40656972490251 1.43268847279251 1.87559155537747 1.17498564813286 1.04695122735575 1.0639406403061 1.64149896521121 1.35653312806971 1.75073264236562 1.65644949814305 1.68401523609646 1.03786970535293 1.44987599481829 1.87765904702246 1.7893382110633 1.21861115004867 1.89480535150506 0 1.07479654322378 1.34631599788554 1.28642061701976 1.58998755156063 1.1372128338553 1.3049133499153
1.32289687730372 0.981294319499284 1.06858611828648 1.21365580777638 1.27320108329877 1.3720355888363 1.72657470894046 0.989298306405544 1.39736713608727 1.6455397431273 1.72043405892327 1.2601816484239 0.983336276840419 1.74175083753653 0.988469336880371 0.940875723492354 1.70288526033983 1.59470974630676 1.74906344828196 1.36319415969774 1.43734181160107 1.65243362775072 1.54858022276312 1.07479654322378 0 1.38861705479212 0.959586750715971 1.58628952340223 1.8454224425368 1.1225584410131
1.15598180261441 1.1539633157663 1.28915924276225 1.14378600358032 1.63116239150986 0.95269807940349 1.47786488407291 1.2394908410497 1.72279317840002 1.02698295400478 1.4630089988932 1.53676870395429 1.69303392339498 1.56657374557108 1.62909476459026 1.81734039192088 1.29114524205215 1.2962214408908 1.09551482927054 1.45383530319668 1.14974972815253 1.69479242409579 1.71842022100464 1.34631599788554 1.38861705479212 0 1.62987941736355 1.42481717304327 1.22515945206396 1.18836513604037
1.32911670790054 1.08575303014368 1.44439963856712 1.62824742216617 1.79555251915008 1.73207270354033 1.13733190041967 1.70896387821995 0.946308923186734 0.988864487968385 1.29911744617857 1.15456921141595 1.45241093775257 1.77036231500097 1.124537933385 1.86384510598145 1.36482235323638 1.03903187951073 1.47568956785835 1.39259896427393 1.31757701747119 1.6509005217813 1.24011841160245 1.28642061701976 0.959586750715971 1.62987941736355 0 1.33949203486554 1.70493463869207 1.79368273005821
1.35046591889113 1.50914476392791 1.35615376429632 1.49420144897886 1.02789652091451 1.33085417118855 1.79397453274578 0.957023984286934 0.936828622594476 1.25548677286133 1.28840685589239 1.30775509122759 0.949743229197338 1.17216539033689 1.24851518170908 1.54139176430181 1.16792862000875 1.86763728130609 1.55282703530975 1.08441435964778 1.45359769882634 1.87761538242921 1.87269629933871 1.58998755156063 1.58628952340223 1.42481717304327 1.33949203486554 0 1.62907955073752 1.72714519198053
1.54477116861381 1.89614528487436 1.07334396359511 1.39111430593766 1.36469405679964 1.34319797554053 1.76452820026316 1.84656217228621 1.58279642276466 1.54384237364866 1.85091157048009 1.3217876534909 1.61926291137934 1.62675476376899 0.918816315243021 1.05947224865668 1.71787829394452 1.25187001237646 1.20838430966251 1.12265466502868 1.33506388752721 1.86610655020922 1.68673554621637 1.1372128338553 1.8454224425368 1.22515945206396 1.70493463869207 1.62907955073752 0 1.80515833431855
1.02173579507507 0.91772224381566 1.86474843323231 1.39004922658205 1.13599373609759 1.33833050681278 1.60164091130719 1.21081543620676 1.3715075654909 1.76582229346968 1.04632081952877 1.41449356731027 1.07785126357339 1.81467465101741 1.48624911648221 1.59171207575127 1.55986177711748 1.89287812635303 1.118726486573 1.04125245520845 1.17380692414008 1.49489894835278 1.3267270072829 1.3049133499153 1.1225584410131 1.18836513604037 1.79368273005821 1.72714519198053 1.80515833431855 0
