0 1.76468074670993 1.82452493929304 1.26076858304441 1.89072219678201 1.36968008126132 1.88965262076817 1.20440645795316 1.25306379189715 1.71569446939975 1.05759475170635 1.5701778428629 1.66009584767744 1.74612468690611 1.08494668919593 1.89294151985087 1.41737899230793 0.951013209763914 1.78841440752149 1.64922419539653 1.24136057076976 1.89962486270815 1.32558629615232 1.91531197912991 1.17611450166442 1.22920053685084 1.30797695158981 1.59384776628576 1.29246595082805 1.56627144105732
1.76468074670993 0 1.11316533363424 1.12234439491294 0.956854999065399 1.33886880264618 1.61197471898049 1.06986585538834 1.51884909067303 1.1287560693454 1.44823526008986 1.2266790419817 1.18633318273351 1.22930550761521 1.50572971627116 1.74282261868939 1.50538808456622 1.34375846013427 1.87413828726858 1.41802711901255 1.72163079935126 1.65831407229416 1.43202321254648 1.6510506644845 1.11671997397207 1.39779918524437 1.90660483692773 1.51642539794557 1.85283587826416 1.60155680635944
1.82452493929304 1.11316533363424 0 1.76564720529132 1.90237578842789 1.34035021904856 1.6683331921231 0.959711318602785 1.68763191159815 1.88471580832265 1.34498427878134 1.54930392419919 1.35586545034312 1.30424508196302 1.54495334625244 1.30751680233516 1.66076379432343 1.29117223038338 1.67428516317159 1.46231857873499 1.12099083908834 1.70141868409701 1.57332099671476 1.28227229649201 1.66017683246173 1.07434045011178 1.10703738871962 1.81068016286008 1.82520016445778 1.10121049056761
1.26076858304441 1.12234439491294 1.76564720529132 0 1.91457038978115 1.65289387991652 1.08468543947674 1.7629341117572 1.53937487350777 0.98405232373625 1.89924004673958 1.50006624846719 1.53279627603479 1.88725217641331 1.47079560556449 1.30338870012201 1.79853435535915 1.21547190472484 1.11644838633947 1.30528403539211 1.23611472034827 1.3579508732073 1.23864034656435 1.1487541210372 1.51892222184688 1.91551758861169 1.68471864564344 1.12537281098776 1.32140374253504 1.24272420816123
1.89072219678201 0.956854999065399 1.90237578842789 1.91457038978115 0 1.58564201765694 1.45013901754282 1.59718501195312 1.58667012420483 1.21411337447353 1.10153284692205 1.45918238675222 1.07284614560194 1.11373330163769 1.30669941194355 1.41148341540247 1.27447753422894 1.53363313898444 0.975816407473758 1.11021702247672 0.994217741070315 1.17178833996877 1.47684972733259 1.45531693263911 1.70567867532372 1.83774335030466 1.61394589720294 1.67920720600523 1.88187071424909 1.3968333855737
1.36968008126132 1.33886880264618 1.34035021904856 1.65289387991652 1.58564201765694 0 1.64846741268411 1.1787737517152 1.36118093365803 1.16117386473343 1.41799195366912 1.37298291339539 1.61516910442151 1.36064858664759 1.17202193452977 1.89689603680745 1.25356869050302 1.77758753322996 1.93173511442728 1.5199168799445 1.08466993481852 1.8487019832246 1.13909339625388 1.23071362660266 1.53073349734768 1.66504741995595 1.57936633448116 1.32592218089849 1.26094281719998 1.07446702336892
1.88965262076817 1.61197471898049 1.6683331921231 1.08468543947674 1.45013901754282 1.64846741268411 0 1.78733162418939 1.30447752517648 1.28866281616502 1.2284193278756 1.40069481823593 1.58152918890119 1.81828873441555 1.07763628591783 1.14756572130136 1.88566040969454 1.73594363103621 1.58378862310201 1.31018047383986 1.93910475424491 1.67892284714617 1.3640702306293 1.59161440958269 1.70125456550159 1.80455201398581 1.92827008268796 1.73108429717831 1.39640814438462 1.8278049940709
1.20440645795316 1.06986585538834 0.959711318602785 1.7629341117572 1.59718501195312 1.1787737517152 1.78733162418939 0 1.20490237954073 1.66761483298615 1.91131264972501 1.06138735404238 1.05292328796349 1.30375137156807 0.975353286834434 0.969522959785536 0.987431533169001 1.83587772143073 0.961753240320832 1.30690327123739 1.89239858393557 1.84182550548576 1.11671363329515 1.32302722567692 1.28006156207994 1.94422389264219 1.01791951968335 1.42512587271631 1.19787216023542 1.8030975733418
1.25306379189715 1.51884909067303 1.68763191159815 1.53937487350777 1.58667012420483 1.36118093365803 1.30447752517648 1.20490237954073 0 1.32151633943431 1.35047163371928 1.1762809031643 1.02053204621188 1.30291317729279 1.72615328920074 1.17016519978642 1.48189133265987 1.83400361193344 1.41893578832969 1.2499582786113 1.31200437736697 1.03560436237603 1.34659367217682 1.37365301512182 1.56923488690518 1.07686430192553 1.50595093285665 1.29562181024812 1.43672040733509 1.65566640533507
1.71569446939975 1.1287560693454 1.88471580832265 0.98405232373625 1.21411337447353 1.16117386473343 1.28866281616502 1.66761483298615 1.32151633943431 0 1.91663379757665 1.44349859212525 1.76190981664695 1.61168153584003 1.51891637663357 1.56199203408323 1.30091553577222 1.84597489843145 1.64665412390605 1.24569788388908 1.24590299837291 1.02431027498096 1.53615167550743 1.47401257650927 1.8733794495929 1.06797684798948 1.83422731887549 1.64572079642676 1.12576847872697 1.24226522585377
1.05759475170635 1.44823526008986 1.34498427878134 1.89924004673958 1.10153284692205 1.41799195366912 1.2284193278756 1.91131264972501 1.35047163371928 1.91663379757665 0 1.89399469015189 1.43321998580359 1.36123476573266 1.19620065041818 1.47719660424627 1.85580063285306 1.46031958656386 1.38346729311161 0.977105466416106 1.28791037411429 1.09353392524645 1.07787692453712 1.09082873747684 1.40621576551348 1.65742750489153 1.85085755679756 1.25401531322859 1.2395414065104 1.90022489242256
1.5701778428629 1.2266790419817 1.54930392419919 1.50006624846719 1.45918238675222 1.37298291339539 1.40069481823593 1.06138735404238 1.1762809031643 1.44349859212525 1.89399469015189 0 1.77409318462014 1.69434810220264 1.36262220377102 1.06878148950636 1.7134940715041 1.25416284194216 1.700853764778 1.80971557158045 1.83261208795011 1.34929300355725 1.29325115215033 1.79800012125634 1.2685796644073 1.36205764766783 1.35404446325265 1.58599491999485 1.36442304356024 1.61106821801513
1.66009584767744 1.18633318273351 1.35586545034312 1.53279627603479 1.07284614560194 1.61516910442151 1.58152918890119 1.05292328796349 1.02053204621188 1.76190981664695 1.43321998580359 1.77409318462014 0 1.14979866053909 1.02260643593036 1.84085514070466 1.02198900957592 1.45904797455296 1.79009436024353 1.83639161870815 1.81033391458914 1.58957305946387 1.87729039555416 1.75004868162796 1.63732674322091 1.18826549244113 1.69488322595134 1.43122360156849 1.62909038900398 1.43938964325935
1.74612468690611 1.22930550761521 1.30424508196302 1.88725217641331 1.11373330163769 1.36064858664759 1.81828873441555 1.30375137156807 1.30291317729279 1.61168153584003 1.36123476573266 1.69434810220264 1.14979866053909 0 1.55721502308734 1.60340396990068 1.2818414720241 1.90250171651132 0.980031320126727 1.47056743898429 1.19208075571805 1.83285279897973 1.45649472856894 0.99942347058095 1.79786727600731 1.33757549035363 1.72298647020943 0.954274867894128 1.24536050530151 1.65450142906047
1.08494668919593 1.50572971627116 1.54495334625244 1.47079560556449 1.30669941194355 1.17202193452977 1.07763628591783 0.975353286834434 1.72615328920074 1.51891637663357 1.19620065041818 1.36262220377102 1.02260643593036 1.55721502308734 0 1.5472809355706 1.05777522129938 1.61747263278812 1.29108575428836 1.86900946055539 1.44855260942131 1.43166945548728 1.33643029723316 1.80364924110472 1.72780740191229 1.92189598479308 1.52505750977434 1.71916020638309 1.19589808187447 1.09458621474914
1.89294151985087 1.74282261868939 1.30751680233516 1.30338870012201 1.41148341540247 1.89689603680745 1.14756572130136 0.969522959785536 1.17016519978642 1.56199203408323 1.47719660424627 1.06878148950636 1.84085514070466 1.60340396990068 1.5472809355706 0 1.82228401349857 1.03095029504038 1.25885515566915 1.75366526702419 1.45261829602532 1.55735172680579 1.08891992433928 1.85757330316119 1.74668784136884 1.75783394323662 1.87768918136135 1.59750208677724 1.41464541573077 1.55555493244901
1.41737899230793 1.50538808456622 1.66076379432343 1.79853435535915 1.27447753422894 1.25356869050302 1.88566040969454 0.987431533169001 1.48189133265987 1.30091553577222 1.85580063285306 1.7134940715041 1.02198900957592 1.2818414720241 1.05777522129938 1.82228401349857 0 1.21113547845744 0.989882300142199 1.38256991910748 1.27751934435219 1.40055110608228 1.19119278714061 1.26405151560903 1.17224100232124 1.45671569765545 1.06273240898736 1.77442382299341 1.46042090211995 1.60920110135339
0.951013209763914 1.34375846013427 1.29117223038338 1.21547190472484 1.53363313898444 1.77758753322996 1.73594363103621 1.83587772143073 1.83400361193344 1.84597489843145 1.46031958656386 1.25416284194216 1.45904797455296 1.90250171651132 1.61747263278812 1.03095029504038 1.21113547845744 0 1.17178668617271 1.78846915182658 1.06241477839649 0.967757556354627 1.8582666493021 1.93692902033217 1.3498429635074 1.09360041772015 0.963606120320037 1.58075322047807 1.90623418218456 1.607354181353
1.78841440752149 1.87413828726858 1.67428516317159 1.11644838633947 0.975816407473758 1.93173511442728 1.58378862310201 0.961753240320832 1.41893578832969 1.64665412390605 1.38346729311161 1.700853764778 1.79009436024353 0.980031320126727 1.29108575428836 1.25885515566915 0.989882300142199 1.17178668617271 0 1.15742651489563 1.90487267705612 1.56785978190601 1.17101809033193 1.31071997992694 1.88761498266831 0.982470652321354 1.65133174695075 1.27669443003833 1.05502753308974 1.34636739944108
1.64922419539653 1.41802711901255 1.46231857873499 1.30528403539211 1.11021702247672 1.5199168799445 1.31018047383986 1.30690327123739 1.2499582786113 1.24569788388908 0.977105466416106 1.80971557158045 1.83639161870815 1.47056743898429 1.86900946055539 1.75366526702419 1.38256991910748 1.78846915182658 1.15742651489563 0 1.62456422275864 1.27516613760963 1.17568568163551 0.975157066714019 1.62093344819732 1.94421617570333 1.9239948655013 1.20203741593286 1.57031568535604 1.09793142345734
1.24136057076976 1.72163079935126 1.12099083908834 1.23611472034827 0.994217741070315 1.08466993481852 1.93910475424491 1.89239858393557 1.31200437736697 1.24590299837291 1.28791037411429 1.83261208795011 1.81033391458914 1.19208075571805 1.44855260942131 1.45261829602532 1.27751934435219 1.06241477839649 1.90487267705612 1.62456422275864 0 1.77388034155592 1.66405056510121 1.26919238828123 1.72018834506162 1.78874700027518 1.85413223295473 1.55989074637182 1.93084367504343 1.21703806100413
1.89962486270815 1.65831407229416 1.70141868409701 1.3579508732073 1.17178833996877 1.8487019832246 1.67892284714617 1.84182550548576 1.03560436237603 1.02431027498096 1.09353392524645 1.34929300355725 1.58957305946387 1.83285279897973 1.43166945548728 1.55735172680579 1.40055110608228 0.967757556354627 1.56785978190601 1.27516613760963 1.77388034155592 0 1.55131869367324 1.25573509489186 0.968758009606972 1.54648551833816 1.46431602840312 1.70388476504013 1.90417170594446 1.18393458705395
1.32558629615232 1.43202321254648 1.57332099671476 1.23864034656435 1.47684972733259 1.13909339625388 1.3640702306293 1.11671363329515 1.34659367217682 1.53615167550743 1.07787692453712 1.29325115215033 1.87729039555416 1.45649472856894 1.33643029723316 1.08891992433928 1.19119278714061 1.8582666493021 1.17101809033193 1.17568568163551 1.66405056510121 1.55131869367324 0 1.92100344714709 1.67044716072269 1.7851055059582 1.03559350967407 1.92433340381831 1.14390920801088 1.38369822688401
1.91531197912991 1.6510506644845 1.28227229649201 1.1487541210372 1.45531693263911 1.23071362660266 1.59161440958269 1.32302722567692 1.37365301512182 1.47401257650927 1.09082873747684 1.79800012125634 1.75004868162796 0.99942347058095 1.80364924110472 1.85757330316119 1.26405151560903 1.93692902033217 1.31071997992694 0.975157066714019 1.26919238828123 1.25573509489186 1.92100344714709 0 1.7290327004157 1.39723795722239 1.65026319539174 1.15019046375528 1.17158115655184 1.55075689312071
1.17611450166442 1.11671997397207 1.66017683246173 1.51892222184688 1.70567867532372 1.53073349734768 1.70125456550159 1.28006156207994 1.56923488690518 1.8733794495929 1.40621576551348 1.2685796644073 1.63732674322091 1.79786727600731 1.72780740191229 1.74668784136884 1.17224100232124 1.3498429635074 1.88761498266831 1.62093344819732 1.72018834506162 0.968758009606972 1.67044716072269 1.7290327004157 0 1.31419877498411 1.90758498874493 1.55205106991343 1.5848513240926 1.16060047619976
1.22920053685084 1.39779918524437 1.07434045011178 1.91551758861169 1.83774335030466 1.66504741995595 1.80455201398581 1.94422389264219 1.07686430192553 1.06797684798948 1.65742750489153 1.36205764766783 1.18826549244113 1.33757549035363 1.92189598479308 1.75783394323662 1.45671569765545 1.09360041772015 0.982470652321354 1.94421617570333 1.78874700027518 1.54648551833816 1.7851055059582 1.39723795722239 1.31419877498411 0 1.31529467110522 1.87242469121702 1.28722873982042 1.85536764212884
1.30797695158981 1.90660483692773 1.10703738871962 1.68471864564344 1.61394589720294 1.57936633448116 1.92827008268796 1.01791951968335 1.50595093285665 1.83422731887549 1.85085755679756 1.35404446325265 1.69488322595134 1.72298647020943 1.52505750977434 1.87768918136135 1.06273240898736 0.963606120320037 1.65133174695075 1.9239948655013 1.85413223295473 1.46431602840312 1.03559350967407 1.65026319539174 1.90758498874493 1.31529467110522 0 1.25465685361996 1.49104565894231 1.89215631014667
1.59384776628576 1.51642539794557 1.81068016286008 1.12537281098776 1.67920720600523 1.32592218089849 1.73108429717831 1.42512587271631 1.29562181024812 1.64572079642676 1.25401531322859 1.58599491999485 1.43122360156849 0.954274867894128 1.71916020638309 1.59750208677724 1.77442382299341 1.58075322047807 1.27669443003833 1.20203741593286 1.55989074637182 1.70388476504013 1.92433340381831 1.15019046375528 1.55205106991343 1.87242469121702 1.25465685361996 0 1.33731199568138 1.86377921327949
1.29246595082805 1.85283587826416 1.82520016445778 1.32140374253504 1.88187071424909 1.26094281719998 1.39640814438462 1.19787216023542 1.43672040733509 1.12576847872697 1.2395414065104 1.36442304356024 1.62909038900398 1.24536050530151 1.19589808187447 1.41464541573077 1.46042090211995 1.90623418218456 1.05502753308974 1.57031568535604 1.93084367504343 1.90417170594446 1.14390920801088 1.17158115655184 1.5848513240926 1.28722873982042 1.49104565894231 1.33731199568138 0 1.22340327850543
1.56627144105732 1.60155680635944 1.10121049056761 1.24272420816123 1.3968333855737 1.07446702336892 1.8278049940709 1.8030975733418 1.65566640533507 1.24226522585377 1.90022489242256 1.61106821801513 1.43938964325935 1.65450142906047 1.09458621474914 1.55555493244901 1.60920110135339 1.607354181353 1.34636739944108 1.09793142345734 1.21703806100413 1.18393458705395 1.38369822688401 1.55075689312071 1.16060047619976 1.85536764212884 1.89215631014667 1.86377921327949 1.22340327850543 0
