0 1.29039273364469 1.78092134045437 1.65265167062171 1.1836011800915 1.89407477644272 1.00728191435337 1.85549468710087 1.35961696947925 1.67560331476852 1.86976352403872 1.58241029689088 1.10532814473845 1.81163439597003 1.39013814693317 1.87431977572851 0.948937521316111 1.05573660833761 1.30564593081363 1.69369352213107 1.85498471790925 1.26373599376529 1.38747471664101 1.39020159002393 1.32530127745122 1.37946189101785 1.03864012379199 1.44399845413864 1.7771141754929 1.06397116929293
1.29039273364469 0 1.90656927437522 1.53635510173626 1.28591628326103 1.05502763530239 0.957531163236126 1.60316844796762 0.953063728520647 1.08943814365193 1.35041862376966 1.71668226225302 1.12305142660625 1.87494883290492 1.5841534093488 1.40381165756844 1.40282365679741 1.26338225184008 1.85027992841788 1.70077486522496 1.7123711805325 0.983804505784065 1.6438551901374 1.40574601083063 1.56193966767751 1.77249945793301 0.961950742639601 1.53674341458827 1.92215054179542 1.53357373829931
1.78092134045437 1.90656927437522 0 1.4593214886263 1.24822549265809 1.2841831012629 1.39576663495973 1.47150587849319 1.17194369062781 1.94151990464889 1.37104190560058 1.01850107195787 1.15634446381591 1.12590602785349 1.17943339934573 1.09583504754119 1.43470531282946 1.65236618602648 1.37421008595265 0.963365462142974 1.86171154421754 1.27360476134345 1.36851894040592 1.50987031892873 1.34920148341917 1.66253525647335 1.87429637042806 1.24356409651227 1.50284356530756 1.37674967222847
1.65265167062171 1.53635510173626 1.4593214886263 0 1.11104059591889 1.6829276594799 1.31376718566753 1.04485192894936 1.8566037544515 1.81104846065864 1.13554018223658 1.55921629397199 1.43240910791792 1.4524677277077 1.21095470199361 0.987929319962859 1.69343620655127 1.33451541559771 1.34237341326661 1.84180434024893 1.07509716670029 1.06069262209348 1.65190942329355 1.46697939978912 1.66519549163058 1.14475589292124 1.92338833585382 1.50960683031008 1.76844838005491 1.92227505682968
1.1836011800915 1.28591628326103 1.24822549265809 1.11104059591889 0 1.28876245464198 1.3343084640801 1.41841458110139 1.69123246334493 1.25716898450628 0.988320035627112 1.48830265621655 0.962630129419267 1.00489953253418 1.35723077505827 0.987164770485833 1.23586080921814 1.72087341500446 1.87028731452301 1.77241525403224 1.55606238450855 1.36910435697064 1.58820260083303 1.08243693993427 1.73875251039863 1.00576979969628 1.06196048972197 1.29225305025466 1.93497327715158 1.35341936629266
1.89407477644272 1.05502763530239 1.2841831012629 1.6829276594799 1.28876245464198 0 0.976622074609622 1.46075077285059 1.75877020554617 1.7421485001687 1.25116440909915 0.950093040242791 1.289901324315 1.53674852731638 1.15331158437766 1.28701107646339 0.954936559312046 1.84842545213178 1.61525577888824 1.93845253787003 1.84724280703813 1.45247086393647 1.84705635625869 1.78336283471435 0.973391418112442 1.92039424926043 0.960971230408177 1.18050628318451 1.20381261059083 1.44019319256768
1.00728191435337 0.957531163236126 1.39576663495973 1.31376718566753 1.3343084640801 0.976622074609622 0 1.48020669654943 1.18408468505368 1.0859410436824 1.24474151153117 1.79321043076925 1.5802567768842 1.6675323266536 1.76101905456744 1.90973403956741 1.93155863392167 1.73634756077081 1.63577006175183 1.02966202073731 1.54170712549239 1.43069584830664 1.62579331779853 1.94518721173517 1.01722117699683 1.27323755645193 1.24679829739034 1.82162666833028 1.75074775284156 0.989399541867897
1.85549468710087 1.60316844796762 1.47150587849319 1.04485192894936 1.41841458110139 1.46075077285059 1.48020669654943 0 1.45850803563371 1.36423071217723 1.03729160339572 1.65564147033729 1.85379369510338 1.41718533681706 1.1191929616034 1.42714226688258 1.10685266624205 1.59990598354489 0.974871538812295 1.89735597930849 1.74847788596526 1.90365993999876 1.59394667693414 1.91352179995738 1.2245683260262 1.60593008203432 1.83082800800912 1.54715379350819 1.41967323003337 0.990165619645268
1.35961696947925 0.953063728520647 1.17194369062781 1.8566037544515 1.69123246334493 1.75877020554617 1.18408468505368 1.45850803563371 0 1.50061251292937 0.968196277273819 1.85577782732435 1.82766339159571 1.64693432906643 1.76341417431831 1.19389332202263 1.01826910208911 1.75524914148264 1.35896281152964 1.384954234818 1.00279036839493 1.42310446733609 1.61039965855889 1.15118087432347 1.59897029260173 0.964384817751125 1.55986973806284 1.31098691001534 1.65388599666767 1.71970944479108
1.67560331476852 1.08943814365193 1.94151990464889 1.81104846065864 1.25716898450628 1.7421485001687 1.0859410436824 1.36423071217723 1.50061251292937 0 1.78007014608011 1.69702657987364 1.70373873226345 1.85840679449029 1.08283695951104 1.20055172638968 1.00988094857894 1.45030362904072 1.85101616987959 1.69069671072066 1.35805024974979 0.955597680294886 1.08088249503635 1.73933499096893 1.53574056387879 1.54558246769011 1.60275178682059 1.80004139523953 1.17602976062335 1.0369308469817
1.86976352403872 1.35041862376966 1.37104190560058 1.13554018223658 0.988320035627112 1.25116440909915 1.24474151153117 1.03729160339572 0.968196277273819 1.78007014608011 0 1.55417038802989 1.60912219877355 1.0339347817935 1.44794916035607 1.23828456737101 1.33952223765664 1.45932829193771 1.93544488656335 1.62324046948925 1.39502621581778 1.33438049815595 1.2803167894017 1.3728178893216 0.979711169376969 1.045511551667 1.82060669711791 1.79951191064902 1.32252589147538 1.03878914727829
1.58241029689088 1.71668226225302 1.01850107195787 1.55921629397199 1.48830265621655 0.950093040242791 1.79321043076925 1.65564147033729 1.85577782732435 1.69702657987364 1.55417038802989 0 1.68410882912576 1.84619120508432 1.15834406181239 1.32528349943459 0.979403400560841 1.17984643066302 0.94853332452476 1.26393256196752 1.30798118584789 1.17974056000821 1.61923303408548 1.40406888746656 1.04284093761817 1.18246044777334 1.05282452190295 1.08243508241139 1.48974148766138 1.53942051785998
1.10532814473845 1.12305142660625 1.15634446381591 1.43240910791792 0.962630129419267 1.289901324315 1.5802567768842 1.85379369510338 1.82766339159571 1.70373873226345 1.60912219877355 1.68410882912576 0 1.90403610258363 1.08597475732677 1.58929750719108 1.74267653701827 1.68192015518434 1.45703019667417 1.4620898400899 1.87115281121805 1.4419657511171 1.77826138888486 1.55055539752357 1.63437843509018 1.29318499495275 1.85764593421482 1.8524823426269 1.52912716730498 1.75100821629167
1.81163439597003 1.87494883290492 1.12590602785349 1.4524677277077 1.00489953253418 1.53674852731638 1.6675323266536 1.41718533681706 1.64693432906643 1.85840679449029 1.0339347817935 1.84619120508432 1.90403610258363 0 1.84259944362566 1.69193218788132 1.33847243036143 1.24495130195282 1.64069652045146 1.22464529890567 1.51558790239505 1.16486296174116 0.959475985961035 1.4806589409709 0.994789598276839 1.34886864130385 1.28055151831359 1.24343196046539 1.02898725960404 1.07985230255872
1.39013814693317 1.5841534093488 1.17943339934573 1.21095470199361 1.35723077505827 1.15331158437766 1.76101905456744 1.1191929616034 1.76341417431831 1.08283695951104 1.44794916035607 1.15834406181239 1.08597475732677 1.84259944362566 0 1.06178825092502 1.56612116168253 1.06369788921438 1.20970153505914 1.32582102552988 1.17107653454877 1.31280768243596 1.74353373120539 1.35912701394409 1.82584880851209 1.73744223546237 1.61571436515078 1.79968291916884 1.09053360903636 1.46599694457836
1.87431977572851 1.40381165756844 1.09583504754119 0.987929319962859 0.987164770485833 1.28701107646339 1.90973403956741 1.42714226688258 1.19389332202263 1.20055172638968 1.23828456737101 1.32528349943459 1.58929750719108 1.69193218788132 1.06178825092502 0 1.04367439402267 1.32476939284243 1.03449882753193 1.26977676805109 1.73066906468011 1.86397449998185 1.45741309318691 1.44454579753801 1.88670889358036 1.45370378694497 1.00052353693172 1.2854911768809 1.43556930148043 1.86096513853408
0.948937521316111 1.40282365679741 1.43470531282946 1.69343620655127 1.23586080921814 0.954936559312046 1.93155863392167 1.10685266624205 1.01826910208911 1.00988094857894 1.33952223765664 0.979403400560841 1.74267653701827 1.33847243036143 1.56612116168253 1.04367439402267 0 1.00432829651982 1.26459808391519 1.12163025513291 1.22061774437316 1.83597086695954 1.29558567097411 1.83521688310429 1.47152966284193 1.67948805168271 1.8178695475217 1.87995316484012 1.52893672720529 1.08440599404275
1.05573660833761 1.26338225184008 1.65236618602648 1.33451541559771 1.72087341500446 1.84842545213178 1.73634756077081 1.59990598354489 1.75524914148264 1.45030362904072 1.45932829193771 1.17984643066302 1.68192015518434 1.24495130195282 1.06369788921438 1.32476939284243 1.00432829651982 0 1.14119985769503 1.13553105294704 1.39582886709832 1.64360753633082 1.46022262633778 1.1077886428684 1.7999561431352 1.00451035704464 1.33889112831093 1.62194014526904 1.02096788049676 1.06752235349268
1.30564593081363 1.85027992841788 1.37421008595265 1.34237341326661 1.87028731452301 1.61525577888824 1.63577006175183 0.974871538812295 1.35896281152964 1.85101616987959 1.93544488656335 0.94853332452476 1.45703019667417 1.64069652045146 1.20970153505914 1.03449882753193 1.26459808391519 1.14119985769503 0 1.37340193754062 1.06322848168202 1.89433073299006 1.0343523635529 1.89196616271511 1.49097780673765 1.13084189593792 1.46196505241096 1.78216226631775 1.79268374154344 1.00964413303882
1.69369352213107 1.70077486522496 0.963365462142974 1.84180434024893 1.77241525403224 1.93845253787003 1.02966202073731 1.89735597930849 1.384954234818 1.69069671072066 1.62324046948925 1.26393256196752 1.4620898400899 1.22464529890567 1.32582102552988 1.26977676805109 1.12163025513291 1.13553105294704 1.37340193754062 0 1.40258008195087 1.55359958461486 1.69088997342624 1.51514973212034 1.39711925410666 1.28144786180928 1.02862461050972 0.981969632674009 1.63443964207545 1.57682680012658
1.85498471790925 1.7123711805325 1.86171154421754 1.07509716670029 1.55606238450855 1.84724280703813 1.54170712549239 1.74847788596526 1.00279036839493 1.35805024974979 1.39502621581778 1.30798118584789 1.87115281121805 1.51558790239505 1.17107653454877 1.73066906468011 1.22061774437316 1.39582886709832 1.06322848168202 1.40258008195087 0 1.68416603794321 1.22935220040381 1.64093780447729 1.33791455230676 1.38118777261116 1.77111619501375 1.15535691846162 1.57858703006059 1.60901821264997
1.26373599376529 0.983804505784065 1.27360476134345 1.06069262209348 1.36910435697064 1.45247086393647 1.43069584830664 1.90365993999876 1.42310446733609 0.955597680294886 1.33438049815595 1.17974056000821 1.4419657511171 1.16486296174116 1.31280768243596 1.86397449998185 1.83597086695954 1.64360753633082 1.89433073299006 1.55359958461486 1.68416603794321 0 1.8895478900522 1.81205398729071 1.05056997644715 1.15480508492328 1.27475375891663 1.89734553103335 1.35164233879186 1.89288925472647
1.38747471664101 1.6438551901374 1.36851894040592 1.65190942329355 1.58820260083303 1.84705635625869 1.62579331779853 1.59394667693414 1.61039965855889 1.08088249503635 1.2803167894017 1.61923303408548 1.77826138888486 0.959475985961035 1.74353373120539 1.45741309318691 1.29558567097411 1.46022262633778 1.0343523635529 1.69088997342624 1.22935220040381 1.8895478900522 0 1.52493629045784 1.46360461460426 1.09426061506383 1.8032114605885 0.998634439427406 1.02502528042533 1.23783377581276
1.39020159002393 1.40574601083063 1.50987031892873 1.46697939978912 1.08243693993427 1.78336283471435 1.94518721173517 1.91352179995738 1.15118087432347 1.73933499096893 1.3728178893216 1.40406888746656 1.55055539752357 1.4806589409709 1.35912701394409 1.44454579753801 1.83521688310429 1.1077886428684 1.89196616271511 1.51514973212034 1.64093780447729 1.81205398729071 1.52493629045784 0 1.47908763983287 1.04905640985817 1.10971176042221 1.39357938966714 1.20182058680803 1.18131863069721
1.32530127745122 1.56193966767751 1.34920148341917 1.66519549163058 1.73875251039863 0.973391418112442 1.01722117699683 1.2245683260262 1.59897029260173 1.53574056387879 0.979711169376969 1.04284093761817 1.63437843509018 0.994789598276839 1.82584880851209 1.88670889358036 1.47152966284193 1.7999561431352 1.49097780673765 1.39711925410666 1.33791455230676 1.05056997644715 1.46360461460426 1.47908763983287 0 1.35149579285644 1.11304447287694 1.51192459906451 1.16222291626036 1.22291053878143
1.37946189101785 1.77249945793301 1.66253525647335 1.14475589292124 1.00576979969628 1.92039424926043 1.27323755645193 1.60593008203432 0.964384817751125 1.54558246769011 1.045511551667 1.18246044777334 1.29318499495275 1.34886864130385 1.73744223546237 1.45370378694497 1.67948805168271 1.00451035704464 1.13084189593792 1.28144786180928 1.38118777261116 1.15480508492328 1.09426061506383 1.04905640985817 1.35149579285644 0 1.6231935848482 1.45853460743092 1.09600044554099 1.11105636134744
1.03864012379199 0.961950742639601 1.87429637042806 1.92338833585382 1.06196048972197 0.960971230408177 1.24679829739034 1.83082800800912 1.55986973806284 1.60275178682059 1.82060669711791 1.05282452190295 1.85764593421482 1.28055151831359 1.61571436515078 1.00052353693172 1.8178695475217 1.33889112831093 1.46196505241096 1.02862461050972 1.77111619501375 1.27475375891663 1.8032114605885 1.10971176042221 1.11304447287694 1.6231935848482 0 1.78526779939421 1.27845057984814 1.7145600959193
1.44399845413864 1.53674341458827 1.24356409651227 1.50960683031008 1.29225305025466 1.18050628318451 1.82162666833028 1.54715379350819 1.31098691001534 1.80004139523953 1.79951191064902 1.08243508241139 1.8524823426269 1.24343196046539 1.79968291916884 1.2854911768809 1.87995316484012 1.62194014526904 1.78216226631775 0.981969632674009 1.15535691846162 1.89734553103335 0.998634439427406 1.39357938966714 1.51192459906451 1.45853460743092 1.78526779939421 0 1.08646066882648 1.34720271523111
1.7771141754929 1.92215054179542 1.50284356530756 1.76844838005491 1.93497327715158 1.20381261059083 1.75074775284156 1.41967323003337 1.65388599666767 1.17602976062335 1.32252589147538 1.48974148766138 1.52912716730498 1.02898725960404 1.09053360903636 1.43556930148043 1.52893672720529 1.02096788049676 1.79268374154344 1.63443964207545 1.57858703006059 1.35164233879186 1.02502528042533 1.20182058680803 1.16222291626036 1.09600044554099 1.27845057984814 1.08646066882648 0 1.73014650028199
1.06397116929293 1.53357373829931 1.37674967222847 1.92227505682968 1.35341936629266 1.44019319256768 0.989399541867897 0.990165619645268 1.71970944479108 1.0369308469817 1.03878914727829 1.53942051785998 1.75100821629167 1.07985230255872 1.46599694457836 1.86096513853408 1.08440599404275 1.06752235349268 1.00964413303882 1.57682680012658 1.60901821264997 1.89288925472647 1.23783377581276 1.18131863069721 1.22291053878143 1.11105636134744 1.7145600959193 1.34720271523111 1.73014650028199 0
