0 1.28015833464451 1.32010530144908 1.16908127116039 1.59383686934598 1.81533996248618 0.995638863649219 1.97653888794594 1.94466146710329 1.85984835331328 1.17608078289777 1.69050435465761 1.42499042185955 1.57434845529497 1.85208905721083 1.98079084441997 1.88867013854906 1.30218937038444 1.63285196828656 1.4487294643186 1.78888941765763 1.73324616905302 0.995470753638074 1.29569059284404 1.15281507442705 1.79355504317209 1.94830841990188 1.44112923159264 1.80745157250203 1.87209178856574
1.28015833464451 0 1.21304533910006 0.998716216767207 0.993197031784803 1.72481201542541 1.05828866269439 1.48998396517709 1.5489688757807 1.22609821916558 1.22236443054862 0.983049899572507 1.10442690574564 1.17741770995781 1.46853803726844 1.44204923626967 1.85881293634884 1.07282803510316 1.40032652276568 1.92979270848446 1.89263964327984 1.48331163451076 1.13877819152549 1.27962171891704 1.8758129584603 1.48436486767605 1.12004802539013 1.40419853618369 1.53365547396243 1.33441383135505
1.32010530144908 1.21304533910006 0 1.29815428284928 1.71814736654051 1.2702667939011 1.28069742908701 1.4805844866205 1.33726838929579 1.96793923480436 1.59161685756408 1.57339620240964 1.0724221940618 1.46061205514707 1.93344677588902 1.8755947239697 1.91151964664459 1.62248639017344 1.2138351330068 1.31714523630217 1.39930187398568 1.75786799262278 1.70143044833094 1.39233605260961 1.42567680613138 1.54404145246372 1.8125899604056 1.97518259007484 1.02266123145819 1.96375188231468
1.16908127116039 0.998716216767207 1.29815428284928 0 1.24052732810378 1.10514265927486 1.3674289942719 1.04058756376617 1.35063561727293 1.22695711487904 1.85833453736268 1.80293961497955 1.1729809709359 1.04759724321775 1.15008114255033 1.05444215680473 1.84041664330289 1.88491172040813 1.93958373297937 1.93276751949452 1.38136166706681 1.18571828305721 1.40957333450206 1.51201398135163 1.26611484098248 1.48598859435879 1.54720450402237 1.17454597889446 1.12807069835253 1.68722937488928
1.59383686934598 0.993197031784803 1.71814736654051 1.24052732810378 0 1.24268544465303 1.14199982397258 1.95965777640231 1.67059109942056 1.66344247478992 1.63797199446708 1.67830639751628 1.79969106800854 1.50648515974171 1.39684537379071 1.56434889161028 1.11723660561256 1.15758711798117 1.49940888304263 1.22626276896335 1.02006160304882 1.10393411223777 1.57449618796818 1.39671781798825 1.22153097321279 1.57866851449944 1.82231417228468 1.94882399612106 1.293578740675 1.09380590403453
1.81533996248618 1.72481201542541 1.2702667939011 1.10514265927486 1.24268544465303 0 1.84540109662339 1.28538990323432 1.31757174734958 1.05399981793016 1.33183278283104 1.17774958838709 1.21701324218884 1.43644210929051 1.5303835675586 1.01613841834478 1.34845197573304 1.51103820069693 1.30383914965205 1.8448968983721 0.984520946862176 1.81601227633655 1.81998056499287 1.41691250447184 1.49130082223564 1.59202350513078 1.28097576438449 1.20450650481507 1.67799454857595 1.93323940294795
0.995638863649219 1.05828866269439 1.28069742908701 1.3674289942719 1.14199982397258 1.84540109662339 0 1.37776069692336 1.35535677941516 1.73884244123474 1.71962493704632 1.96604576963 1.15178791829385 1.16964469617233 1.33335408288985 0.985151980770752 1.46719841985032 1.67177155334502 1.93514913483523 1.15528118982911 1.1533414684236 1.57947052828968 1.14337892481126 1.45808826899156 1.47469807812013 1.43089729896747 1.17378473537974 1.27949185390025 1.15300458087586 1.79288541339338
1.97653888794594 1.48998396517709 1.4805844866205 1.04058756376617 1.95965777640231 1.28538990323432 1.37776069692336 0 1.13455165736377 1.68487859726883 1.45738766877912 1.48787479219027 1.02170369029045 1.59021097538061 1.7022542716004 1.39682335825637 1.78732511145063 1.66588823031634 1.1521539571695 1.23421532008797 1.51951010059565 1.90251062856987 1.97987415548414 1.01201630500145 1.03916940186173 1.68093155324459 1.0206288874615 1.33163857180625 1.63755134539679 1.39115475257859
1.94466146710329 1.5489688757807 1.33726838929579 1.35063561727293 1.67059109942056 1.31757174734958 1.35535677941516 1.13455165736377 0 1.68685404979624 1.59429828589782 1.78551049088128 1.62385601783171 1.47727178456262 1.92588387057185 1.31321573397145 1.64410083880648 1.23448655195534 1.18218814511783 1.17439859197475 1.34602243755944 1.70839620777406 1.55962913716212 1.10785821382888 1.16799448430538 1.88983405404724 1.78341070166789 1.69446803396568 1.18847459740937 1.28374501573853
1.85984835331328 1.22609821916558 1.96793923480436 1.22695711487904 1.66344247478992 1.05399981793016 1.73884244123474 1.68487859726883 1.68685404979624 0 1.70753818098456 1.35360373416916 1.8699096578639 1.61668994836509 1.54907048260793 1.34136096155271 1.86622227425687 1.70984290377237 1.20135891670361 1.09261864214204 1.29473988804966 1.03238651552238 1.96844103257172 1.78135986649431 1.09857943258248 1.31984895141795 1.04367405106314 1.64439068618231 1.89399409107864 1.60052386205643
1.17608078289777 1.22236443054862 1.59161685756408 1.85833453736268 1.63797199446708 1.33183278283104 1.71962493704632 1.45738766877912 1.59429828589782 1.70753818098456 0 1.95327415876091 1.41773166600615 1.06961521413177 1.46067557204515 1.5888751540333 1.80113107198849 1.25840067770332 1.58937757206149 1.60390095529146 1.14546855841763 1.81862907763571 1.82358892355114 1.21945817046799 1.75923196831718 1.25019446853548 1.60365482605994 1.95841945917346 1.42488980316557 1.52160893706605
1.69050435465761 0.983049899572507 1.57339620240964 1.80293961497955 1.67830639751628 1.17774958838709 1.96604576963 1.48787479219027 1.78551049088128 1.35360373416916 1.95327415876091 0 1.02349282614887 1.30767701100558 1.16630328493193 1.08689641975798 1.79686502041295 1.6394425642211 1.77212240733206 1.09787424374372 1.85679513122886 1.68194599496201 1.63547644740902 0.993975237943232 1.64998925896361 1.29257683944888 1.742530714022 1.60445498256013 1.61206686659716 1.65417525009252
1.42499042185955 1.10442690574564 1.0724221940618 1.1729809709359 1.79969106800854 1.21701324218884 1.15178791829385 1.02170369029045 1.62385601783171 1.8699096578639 1.41773166600615 1.02349282614887 0 1.94422986917198 1.74578713416122 1.92775727319531 1.38967183721252 0.996451512211934 1.4860533059109 1.51572525780648 1.03759171743877 1.77906099520624 1.92598615633324 1.47289019450545 1.12400396494195 1.71431786357425 1.7458773246035 1.08605535910465 1.79479298950173 1.17720844596624
1.57434845529497 1.17741770995781 1.46061205514707 1.04759724321775 1.50648515974171 1.43644210929051 1.16964469617233 1.59021097538061 1.47727178456262 1.61668994836509 1.06961521413177 1.30767701100558 1.94422986917198 0 1.65569569170475 1.72133429534733 1.77668542251922 1.90973816625774 1.83505327533931 1.38874574424699 1.26819744356908 1.84224571147934 1.97873367741704 1.03477267897688 1.21510714315809 1.84432222833857 1.7240686728619 1.09592833253555 1.95950638200156 1.4949729165528
1.85208905721083 1.46853803726844 1.93344677588902 1.15008114255033 1.39684537379071 1.5303835675586 1.33335408288985 1.7022542716004 1.92588387057185 1.54907048260793 1.46067557204515 1.16630328493193 1.74578713416122 1.65569569170475 0 1.6850945870392 1.40406805719249 1.31714287470095 1.88674115389585 1.5093467370607 1.83148692618124 1.30919410311617 1.81478494545445 1.62462565978058 1.76051784493029 1.61870502820238 1.42578197759576 1.10419800388627 1.38669660338201 1.60225069196895
1.98079084441997 1.44204923626967 1.8755947239697 1.05444215680473 1.56434889161028 1.01613841834478 0.985151980770752 1.39682335825637 1.31321573397145 1.34136096155271 1.5888751540333 1.08689641975798 1.92775727319531 1.72133429534733 1.6850945870392 0 1.84863956784829 1.31391677469946 1.00007966556586 1.8159123188816 1.95315219345503 1.48012443911284 1.77417417475954 1.13560356595553 1.87453621858731 1.48353467648849 1.83263450907543 1.90381133533083 1.93686016486026 1.8311092776712
1.88867013854906 1.85881293634884 1.91151964664459 1.84041664330289 1.11723660561256 1.34845197573304 1.46719841985032 1.78732511145063 1.64410083880648 1.86622227425687 1.80113107198849 1.79686502041295 1.38967183721252 1.77668542251922 1.40406805719249 1.84863956784829 0 0.987366012996063 1.61179073154926 1.93053795723245 1.11565236700699 1.2719360338524 1.18096566828899 1.77515005483292 1.30622291192412 1.51184443524107 1.03632353176363 1.33544045477174 1.86201921035536 1.93605753988959
1.30218937038444 1.07282803510316 1.62248639017344 1.88491172040813 1.15758711798117 1.51103820069693 1.67177155334502 1.66588823031634 1.23448655195534 1.70984290377237 1.25840067770332 1.6394425642211 0.996451512211934 1.90973816625774 1.31714287470095 1.31391677469946 0.987366012996063 0 0.988376114983112 1.01191305089742 1.12283493741415 1.03478668211028 1.18851023493335 1.88624378223903 1.92981850751676 1.36598873045295 1.65586376399733 1.39203988504596 1.07608814351261 1.65155674424022
1.63285196828656 1.40032652276568 1.2138351330068 1.93958373297937 1.49940888304263 1.30383914965205 1.93514913483523 1.1521539571695 1.18218814511783 1.20135891670361 1.58937757206149 1.77212240733206 1.4860533059109 1.83505327533931 1.88674115389585 1.00007966556586 1.61179073154926 0.988376114983112 0 1.6845533635933 1.73190428107046 1.16496646078303 1.87670388468541 1.8472870781552 1.81790272030048 1.9268264665734 1.61667702184059 1.72642328660004 1.16394776990637 1.05514016794041
1.4487294643186 1.92979270848446 1.31714523630217 1.93276751949452 1.22626276896335 1.8448968983721 1.15528118982911 1.23421532008797 1.17439859197475 1.09261864214204 1.60390095529146 1.09787424374372 1.51572525780648 1.38874574424699 1.5093467370607 1.8159123188816 1.93053795723245 1.01191305089742 1.6845533635933 0 1.36798472516239 1.62899950379506 1.7732258355245 1.49725538282655 1.74177110777237 1.65771626401693 1.92044890997931 1.20324708311819 1.55283689917997 1.55850843153894
1.78888941765763 1.89263964327984 1.39930187398568 1.38136166706681 1.02006160304882 0.984520946862176 1.1533414684236 1.51951010059565 1.34602243755944 1.29473988804966 1.14546855841763 1.85679513122886 1.03759171743877 1.26819744356908 1.83148692618124 1.95315219345503 1.11565236700699 1.12283493741415 1.73190428107046 1.36798472516239 0 1.11823636805639 1.05891026416793 1.65619342820719 1.70273706759326 1.53971102507785 1.84514293796383 1.92103537125513 1.69415342784487 1.78199958032928
1.73324616905302 1.48331163451076 1.75786799262278 1.18571828305721 1.10393411223777 1.81601227633655 1.57947052828968 1.90251062856987 1.70839620777406 1.03238651552238 1.81862907763571 1.68194599496201 1.77906099520624 1.84224571147934 1.30919410311617 1.48012443911284 1.2719360338524 1.03478668211028 1.16496646078303 1.62899950379506 1.11823636805639 0 1.29542338126339 1.50250116502866 1.11771677760407 1.41407638811506 1.17932185577229 1.00651402072981 1.60753570590168 1.2086439144332
0.995470753638074 1.13877819152549 1.70143044833094 1.40957333450206 1.57449618796818 1.81998056499287 1.14337892481126 1.97987415548414 1.55962913716212 1.96844103257172 1.82358892355114 1.63547644740902 1.92598615633324 1.97873367741704 1.81478494545445 1.77417417475954 1.18096566828899 1.18851023493335 1.87670388468541 1.7732258355245 1.05891026416793 1.29542338126339 0 1.30271227355115 1.87227226421237 1.10550745436922 1.00506589864381 1.28926154295914 1.33479269384407 0.992450948338956
1.29569059284404 1.27962171891704 1.39233605260961 1.51201398135163 1.39671781798825 1.41691250447184 1.45808826899156 1.01201630500145 1.10785821382888 1.78135986649431 1.21945817046799 0.993975237943232 1.47289019450545 1.03477267897688 1.62462565978058 1.13560356595553 1.77515005483292 1.88624378223903 1.8472870781552 1.49725538282655 1.65619342820719 1.50250116502866 1.30271227355115 0 1.07186270179227 1.538772552507 1.81710317870602 1.05346989980899 1.8154241591692 1.57842311053537
1.15281507442705 1.8758129584603 1.42567680613138 1.26611484098248 1.22153097321279 1.49130082223564 1.47469807812013 1.03916940186173 1.16799448430538 1.09857943258248 1.75923196831718 1.64998925896361 1.12400396494195 1.21510714315809 1.76051784493029 1.87453621858731 1.30622291192412 1.92981850751676 1.81790272030048 1.74177110777237 1.70273706759326 1.11771677760407 1.87227226421237 1.07186270179227 0 1.75654721911997 0.99567763088271 1.64994468609802 1.60348077281378 1.35160778905265
1.79355504317209 1.48436486767605 1.54404145246372 1.48598859435879 1.57866851449944 1.59202350513078 1.43089729896747 1.68093155324459 1.88983405404724 1.31984895141795 1.25019446853548 1.29257683944888 1.71431786357425 1.84432222833857 1.61870502820238 1.48353467648849 1.51184443524107 1.36598873045295 1.9268264665734 1.65771626401693 1.53971102507785 1.41407638811506 1.10550745436922 1.538772552507 1.75654721911997 0 1.62843550555408 1.02315753139555 1.60694661107846 1.25464774970897
1.94830841990188 1.12004802539013 1.8125899604056 1.54720450402237 1.82231417228468 1.28097576438449 1.17378473537974 1.0206288874615 1.78341070166789 1.04367405106314 1.60365482605994 1.742530714022 1.7458773246035 1.7240686728619 1.42578197759576 1.83263450907543 1.03632353176363 1.65586376399733 1.61667702184059 1.92044890997931 1.84514293796383 1.17932185577229 1.00506589864381 1.81710317870602 0.99567763088271 1.62843550555408 0 1.24228701158427 1.47764465492219 1.69004470366053
1.44112923159264 1.40419853618369 1.97518259007484 1.17454597889446 1.94882399612106 1.20450650481507 1.27949185390025 1.33163857180625 1.69446803396568 1.64439068618231 1.95841945917346 1.60445498256013 1.08605535910465 1.09592833253555 1.10419800388627 1.90381133533083 1.33544045477174 1.39203988504596 1.72642328660004 1.20324708311819 1.92103537125513 1.00651402072981 1.28926154295914 1.05346989980899 1.64994468609802 1.02315753139555 1.24228701158427 0 1.28340063150972 1.00613229419105
1.80745157250203 1.53365547396243 1.02266123145819 1.12807069835253 1.293578740675 1.67799454857595 1.15300458087586 1.63755134539679 1.18847459740937 1.89399409107864 1.42488980316557 1.61206686659716 1.79479298950173 1.95950638200156 1.38669660338201 1.93686016486026 1.86201921035536 1.07608814351261 1.16394776990637 1.55283689917997 1.69415342784487 1.60753570590168 1.33479269384407 1.8154241591692 1.60348077281378 1.60694661107846 1.47764465492219 1.28340063150972 0 1.00132596772164
1.87209178856574 1.33441383135505 1.96375188231468 1.68722937488928 1.09380590403453 1.93323940294795 1.79288541339338 1.39115475257859 1.28374501573853 1.60052386205643 1.52160893706605 1.65417525009252 1.17720844596624 1.4949729165528 1.60225069196895 1.8311092776712 1.93605753988959 1.65155674424022 1.05514016794041 1.55850843153894 1.78199958032928 1.2086439144332 0.992450948338956 1.57842311053537 1.35160778905265 1.25464774970897 1.69004470366053 1.00613229419105 1.00132596772164 0
