0 1.05408203951083 1.68947235844098 1.19919988885522 1.13695460837334 1.61475724470802 1.23595100734383 1.34184318804182 1.48762244172394 1.9202783878427 1.60483917780221 1.55608713510446 1.02875421079807 1.01840435620397 1.7290221916046 1.62577704200521 1.64107711054385 1.20792444306426 1.90133864362724 1.34170744149014 1.22662036959082 1.48498982284218 1.73623534524813 1.09707786678337 1.328330691671 1.42303784540854 1.08691717055626 1.90159319480881 1.65573713602498 1.63668374484405
1.05408203951083 0 1.33451580419205 1.60426858393475 1.09658643603325 1.88612152263522 1.49275633203797 1.56623681099154 1.96893105353229 1.66561203449965 1.17792509612627 0.978854627115652 1.3802113502752 1.50630294764414 1.8526011693757 1.47016297932714 1.20620942604728 1.34597766422667 1.787486435147 1.57681988365948 1.04530151560903 1.86588319344446 1.09404108533636 1.74948316952214 1.05598229775205 1.36330475145951 1.51178683317266 1.78971114824526 1.65468879579566 1.28178370068781
1.68947235844098 1.33451580419205 0 1.80763494875282 1.68279969296418 1.10061709699221 1.5736135665793 1.21066887839697 1.70025987550616 1.19083905941807 1.93644487019628 1.23610918712802 1.43963536294177 1.073869750835 1.11783440737054 1.96828740998171 1.2475462788716 1.73700282908976 1.87500915117562 1.18610022380017 1.9480854969006 1.86294110259041 1.00247068074532 1.77792454930022 1.33764396980405 1.6779944638256 1.49939431180246 1.05104929767549 1.36843827203847 1.61131766508333
1.19919988885522 1.60426858393475 1.80763494875282 0 1.91500204335898 1.96536667039618 1.881231285166 1.95558869233355 1.52474345988594 1.71718619484454 1.30966833676212 1.02924109622836 1.30506217782386 1.47984427283518 1.84722227696329 1.22477718465962 1.31539368256927 1.37665711250156 1.55007077404298 1.02148231188767 1.72266019298695 1.76572607643902 1.41587935946882 1.70313675748184 1.04364621732384 1.68527787271887 1.05713444831781 1.38916319422424 1.35342141101137 1.52724228706211
1.13695460837334 1.09658643603325 1.68279969296418 1.91500204335898 0 1.81270041968673 1.33735603117384 1.09640799905173 1.60338488104753 1.89202785748057 1.26650429982692 1.95242882263847 1.253891274333 1.0512550608255 1.32476213946939 1.13581913011149 1.54269668529741 1.47890293411911 1.96514340140857 1.61807882762514 1.86823436594568 0.998177789151669 0.977657928364351 1.27321437955834 1.07873172080144 1.63870897423476 1.92566971271299 1.05263520940207 1.45668055932038 1.92997315758839
1.61475724470802 1.88612152263522 1.10061709699221 1.96536667039618 1.81270041968673 0 1.47850477509201 1.45592435449362 1.04941024142317 1.4980571239721 1.88032796629705 1.81701662903652 1.43293556873687 1.09916982147843 1.04129670467228 1.88902828004211 1.51686475332826 1.01022799382918 1.14056960702874 1.00890572788194 1.71148389205337 1.33097776630893 1.00249227974564 1.14763146685436 1.66028125421144 1.78501612693071 1.72603919473477 1.09766022837721 1.18538076477125 1.860315826023
1.23595100734383 1.49275633203797 1.5736135665793 1.881231285166 1.33735603117384 1.47850477509201 0 1.32516078115441 1.42943200073205 1.56125941616483 1.45741712790914 1.13513628905639 1.53042227984406 1.92247998458333 1.24970853468403 1.84058290044777 1.78572013159283 1.74017411679961 1.51372113311663 1.18115124874748 1.82618615473621 1.28960403893143 1.37236811104231 1.66646027914248 1.706634611357 1.96945804194547 1.12813122849911 1.56116110924631 1.88789195893332 1.52002999815159
1.34184318804182 1.56623681099154 1.21066887839697 1.95558869233355 1.09640799905173 1.45592435449362 1.32516078115441 0 1.73531730892137 1.44668927416205 1.10232934961095 1.9660148981493 1.82235623383895 1.81378562864847 1.41985548404045 0.984533466398716 1.21383893070742 1.32604434946552 1.40537393349223 1.83727689576335 1.52072597877122 1.18777505704202 1.9625017803628 1.13360482826829 1.32619867776521 1.82914026267827 1.7388011533767 1.03653673315421 1.69055537716486 1.1917809844017
1.48762244172394 1.96893105353229 1.70025987550616 1.52474345988594 1.60338488104753 1.04941024142317 1.42943200073205 1.73531730892137 0 1.07777613028884 1.89300165139139 1.22775841644034 1.84789561340585 1.32257738290355 1.13070157333277 1.69118176982738 1.57598600769415 1.32656850200146 1.77360142231919 1.1590922952164 1.42234507901594 1.14896359900013 1.39435306820087 1.01281491713598 1.48238368122838 1.47396368067712 1.23192270449363 1.01590880216099 1.45701315067708 1.30294442386366
1.9202783878427 1.66561203449965 1.19083905941807 1.71718619484454 1.89202785748057 1.4980571239721 1.56125941616483 1.44668927416205 1.07777613028884 0 1.50255427369848 1.95710960868746 1.17727895011194 1.86051252740435 1.51200198777951 1.87846492370591 1.40814853343181 1.80030851066113 1.57692826283164 1.9023695748765 1.1521604442969 1.93593622324988 1.0435341631528 1.04790854291059 1.02908674138598 1.00849897461012 1.59371387725696 1.80322406557389 1.39768656669185 1.64266813686118
1.60483917780221 1.17792509612627 1.93644487019628 1.30966833676212 1.26650429982692 1.88032796629705 1.45741712790914 1.10232934961095 1.89300165139139 1.50255427369848 0 1.1548273533117 1.30868010432459 1.82526186830364 1.4679341390729 1.85292925243266 1.11205470794812 0.99723526625894 1.55036579142325 1.30221632635221 1.65449931891635 1.14462996390648 1.57968048518524 1.78881082590669 1.39163936674595 1.79247694206424 1.30710283177905 1.46409591822885 1.36140530230477 1.78034986159764
1.55608713510446 0.978854627115652 1.23610918712802 1.02924109622836 1.95242882263847 1.81701662903652 1.13513628905639 1.9660148981493 1.22775841644034 1.95710960868746 1.1548273533117 0 1.47175399935804 1.07312194490805 1.87987290881574 1.38817339017987 1.55587297631428 1.54834682471119 1.43063830235042 1.68746670056134 1.4366245912388 1.83961408468895 1.94461594638415 1.77658083592542 1.0035203373991 1.74583222833462 1.67164895427413 1.54881156492047 1.50978618930094 1.04982547811233
1.02875421079807 1.3802113502752 1.43963536294177 1.30506217782386 1.253891274333 1.43293556873687 1.53042227984406 1.82235623383895 1.84789561340585 1.17727895011194 1.30868010432459 1.47175399935804 0 1.00698275491595 1.95162644633092 1.39383411640301 1.56306830933318 1.94838171848096 1.05115156644024 1.32809356600046 1.88326769974083 1.27725719311275 1.44137441460043 1.92899486725219 1.13190127606504 1.92618599743582 1.91230582678691 1.34164291643538 1.45495962817222 1.95385737740435
1.01840435620397 1.50630294764414 1.073869750835 1.47984427283518 1.0512550608255 1.09916982147843 1.92247998458333 1.81378562864847 1.32257738290355 1.86051252740435 1.82526186830364 1.07312194490805 1.00698275491595 0 1.76694929134101 1.67689413414337 1.5959090096876 1.90847190422937 1.09778451290913 1.51500517246313 0.991309175733477 1.70784300658852 1.17550897598267 1.8003698780667 1.48376496508718 1.39875625423156 1.09591359831393 1.57632401958108 1.33824297832325 1.64420014433563
1.7290221916046 1.8526011693757 1.11783440737054 1.84722227696329 1.32476213946939 1.04129670467228 1.24970853468403 1.41985548404045 1.13070157333277 1.51200198777951 1.4679341390729 1.87987290881574 1.95162644633092 1.76694929134101 0 1.06247056485154 1.6071659734007 1.62635800149292 1.6141381196212 1.54705990361981 1.07977428426966 1.7257993882522 1.65691007045098 1.49469670956023 1.24955008551478 1.42148335999809 1.11848418647423 1.54206641810015 1.69115995964967 1.23119945568033
1.62577704200521 1.47016297932714 1.96828740998171 1.22477718465962 1.13581913011149 1.88902828004211 1.84058290044777 0.984533466398716 1.69118176982738 1.87846492370591 1.85292925243266 1.38817339017987 1.39383411640301 1.67689413414337 1.06247056485154 0 1.75585228437558 1.43241293635219 1.18489217036404 1.29292582720518 1.76018216297962 1.64906729175709 1.4120627141092 1.03769396292046 1.74234879040159 1.87610660702921 1.63252665265463 1.88022977509536 1.75527280382812 1.40994644444436
1.64107711054385 1.20620942604728 1.2475462788716 1.31539368256927 1.54269668529741 1.51686475332826 1.78572013159283 1.21383893070742 1.57598600769415 1.40814853343181 1.11205470794812 1.55587297631428 1.56306830933318 1.5959090096876 1.6071659734007 1.75585228437558 0 1.33307252358645 1.43306848616339 1.27840309287421 1.75825392152183 1.92858312604949 1.71821729489602 1.57282701181248 1.15543671138585 1.31445710291155 1.11958016408607 1.66681847604923 1.03163862344809 1.5795391772408
1.20792444306426 1.34597766422667 1.73700282908976 1.37665711250156 1.47890293411911 1.01022799382918 1.74017411679961 1.32604434946552 1.32656850200146 1.80030851066113 0.99723526625894 1.54834682471119 1.94838171848096 1.90847190422937 1.62635800149292 1.43241293635219 1.33307252358645 0 1.51073864079081 1.28604043996893 1.42447601188906 1.38252801261842 1.80456234165467 1.38374017365277 1.55130084976554 1.66969093796797 1.87272015796043 1.55996085843071 1.4910116228275 1.93305942742154
1.90133864362724 1.787486435147 1.87500915117562 1.55007077404298 1.96514340140857 1.14056960702874 1.51372113311663 1.40537393349223 1.77360142231919 1.57692826283164 1.55036579142325 1.43063830235042 1.05115156644024 1.09778451290913 1.6141381196212 1.18489217036404 1.43306848616339 1.51073864079081 0 1.45801866194233 1.778067212319 1.06901194644161 0.987485473044217 1.84074342460372 1.6572029790841 1.62463602423668 1.84228790318593 1.89623296074569 1.73541770060547 1.77632210892625
1.34170744149014 1.57681988365948 1.18610022380017 1.02148231188767 1.61807882762514 1.00890572788194 1.18115124874748 1.83727689576335 1.1590922952164 1.9023695748765 1.30221632635221 1.68746670056134 1.32809356600046 1.51500517246313 1.54705990361981 1.29292582720518 1.27840309287421 1.28604043996893 1.45801866194233 0 1.23159969085827 1.51162379910238 0.998099509626627 1.87061906722374 1.05272230342962 1.51859615114518 1.08419155189767 1.8040613415651 1.81948722945526 1.00627817609347
1.22662036959082 1.04530151560903 1.9480854969006 1.72266019298695 1.86823436594568 1.71148389205337 1.82618615473621 1.52072597877122 1.42234507901594 1.1521604442969 1.65449931891635 1.4366245912388 1.88326769974083 0.991309175733477 1.07977428426966 1.76018216297962 1.75825392152183 1.42447601188906 1.778067212319 1.23159969085827 0 1.78103858348913 1.09972776006907 1.52884765667841 1.47231951914728 1.65960385790095 1.46609010407701 1.25855468888767 1.82255123765208 1.57752338401042
1.48498982284218 1.86588319344446 1.86294110259041 1.76572607643902 0.998177789151669 1.33097776630893 1.28960403893143 1.18777505704202 1.14896359900013 1.93593622324988 1.14462996390648 1.83961408468895 1.27725719311275 1.70784300658852 1.7257993882522 1.64906729175709 1.92858312604949 1.38252801261842 1.06901194644161 1.51162379910238 1.78103858348913 0 1.14108852948993 1.89809131226502 1.38945700763725 1.18298361729831 1.09594056941569 1.82120252796449 1.06304897111841 1.2643285158556
1.73623534524813 1.09404108533636 1.00247068074532 1.41587935946882 0.977657928364351 1.00249227974564 1.37236811104231 1.9625017803628 1.39435306820087 1.0435341631528 1.57968048518524 1.94461594638415 1.44137441460043 1.17550897598267 1.65691007045098 1.4120627141092 1.71821729489602 1.80456234165467 0.987485473044217 0.998099509626627 1.09972776006907 1.14108852948993 0 1.90628526196815 1.4961088495329 1.3173165593762 1.75742089818232 1.57848207559437 1.52938706800342 1.62180338683538
1.09707786678337 1.74948316952214 1.77792454930022 1.70313675748184 1.27321437955834 1.14763146685436 1.66646027914248 1.13360482826829 1.01281491713598 1.04790854291059 1.78881082590669 1.77658083592542 1.92899486725219 1.8003698780667 1.49469670956023 1.03769396292046 1.57282701181248 1.38374017365277 1.84074342460372 1.87061906722374 1.52884765667841 1.89809131226502 1.90628526196815 0 1.36160039016977 1.18962285295129 1.7533805530984 1.19463791837916 1.11015844787471 1.01173616223969
1.328330691671 1.05598229775205 1.33764396980405 1.04364621732384 1.07873172080144 1.66028125421144 1.706634611357 1.32619867776521 1.48238368122838 1.02908674138598 1.39163936674595 1.0035203373991 1.13190127606504 1.48376496508718 1.24955008551478 1.74234879040159 1.15543671138585 1.55130084976554 1.6572029790841 1.05272230342962 1.47231951914728 1.38945700763725 1.4961088495329 1.36160039016977 0 1.61350199813023 1.53629604098387 1.78913254733197 1.43791125249118 1.94281053473242
1.42303784540854 1.36330475145951 1.6779944638256 1.68527787271887 1.63870897423476 1.78501612693071 1.96945804194547 1.82914026267827 1.47396368067712 1.00849897461012 1.79247694206424 1.74583222833462 1.92618599743582 1.39875625423156 1.42148335999809 1.87610660702921 1.31445710291155 1.66969093796797 1.62463602423668 1.51859615114518 1.65960385790095 1.18298361729831 1.3173165593762 1.18962285295129 1.61350199813023 0 1.18702028295957 1.93056032666937 1.15043328958564 1.58939982694574
1.08691717055626 1.51178683317266 1.49939431180246 1.05713444831781 1.92566971271299 1.72603919473477 1.12813122849911 1.7388011533767 1.23192270449363 1.59371387725696 1.30710283177905 1.67164895427413 1.91230582678691 1.09591359831393 1.11848418647423 1.63252665265463 1.11958016408607 1.87272015796043 1.84228790318593 1.08419155189767 1.46609010407701 1.09594056941569 1.75742089818232 1.7533805530984 1.53629604098387 1.18702028295957 0 1.13081564474851 1.92250770656392 1.43693634821102
1.90159319480881 1.78971114824526 1.05104929767549 1.38916319422424 1.05263520940207 1.09766022837721 1.56116110924631 1.03653673315421 1.01590880216099 1.80322406557389 1.46409591822885 1.54881156492047 1.34164291643538 1.57632401958108 1.54206641810015 1.88022977509536 1.66681847604923 1.55996085843071 1.89623296074569 1.8040613415651 1.25855468888767 1.82120252796449 1.57848207559437 1.19463791837916 1.78913254733197 1.93056032666937 1.13081564474851 0 1.31701823603362 1.83949811151251
1.65573713602498 1.65468879579566 1.36843827203847 1.35342141101137 1.45668055932038 1.18538076477125 1.88789195893332 1.69055537716486 1.45701315067708 1.39768656669185 1.36140530230477 1.50978618930094 1.45495962817222 1.33824297832325 1.69115995964967 1.75527280382812 1.03163862344809 1.4910116228275 1.73541770060547 1.81948722945526 1.82255123765208 1.06304897111841 1.52938706800342 1.11015844787471 1.43791125249118 1.15043328958564 1.92250770656392 1.31701823603362 0 1.29371554683894
1.63668374484405 1.28178370068781 1.61131766508333 1.52724228706211 1.92997315758839 1.860315826023 1.52002999815159 1.1917809844017 1.30294442386366 1.64266813686118 1.78034986159764 1.04982547811233 1.95385737740435 1.64420014433563 1.23119945568033 1.40994644444436 1.5795391772408 1.93305942742154 1.77632210892625 1.00627817609347 1.57752338401042 1.2643285158556 1.62180338683538 1.01173616223969 1.94281053473242 1.58939982694574 1.43693634821102 1.83949811151251 1.29371554683894 0
