0 1.68785383179784 0.997843916295096 1.37580091273412 1.28326785610989 1.08632263704203 1.72451225924306 1.27081730589271 1.26030024467036 1.78766688052565 1.07668641349301 1.20348322042264 1.53640048624948 1.636273707496 1.70946783595718 1.02559936535545 1.20688314083964 1.36211473424919 1.76419883337803 1.37718785298057 1.2978573362343 1.59647289593704 1.12556730909273 1.79308369522914 1.23251312226057 1.61387910903431 1.06754714180715 1.54237661371008 1.3635617797263 1.85865199775435
1.68785383179784 0 1.00367642310448 1.90483572846279 1.1575355194509 1.11844446999021 1.78369693271816 1.13187258248217 1.29047315218486 1.12265963060781 1.1722831944935 1.62348618009128 1.80877561378293 1.87310437159613 1.56531866150908 1.38765951804817 1.24786303844303 1.93559368420392 1.34347599651664 1.05035171518102 1.67316001933068 1.93541343859397 1.39765577623621 1.74990459019318 1.14286869694479 1.73006523377262 1.27435346483253 1.23571350844577 1.84108509658836 1.25886621349491
0.997843916295096 1.00367642310448 0 1.91990328300744 1.27680500037968 1.41961987060495 1.70298577146605 1.50783807854168 1.07625446375459 1.68736257473938 1.33794498234056 1.62705170083791 1.5398255425971 1.47927106707357 1.70214550965466 1.89634567615576 1.54339474881999 1.83292708918452 1.59398322529159 1.74698988394812 1.03703723521903 1.53765213023871 1.80194318597205 1.8478244417347 1.67357663693838 1.63562446064316 1.38757608714513 1.35884615010582 1.87981392908841 1.57351369759999
1.37580091273412 1.90483572846279 1.91990328300744 0 1.49764218577184 1.08839493920095 1.35173175507225 1.51659768028185 1.39023526571691 1.11713219783269 1.66808089264669 1.32287233765237 1.81569804088213 1.72504893084988 1.88808924891055 1.4790010037832 1.4103249264881 1.60903977253474 1.35277371737175 1.2474706612993 1.92131535545923 1.94392374856398 1.34673285763711 1.31800471525639 1.45072632096708 1.58965894090943 1.61475733341649 1.19857466011308 0.990177067928016 1.6027968574781
1.28326785610989 1.1575355194509 1.27680500037968 1.49764218577184 0 1.83083625487052 1.2671658094041 1.7005492397584 0.972519442904741 1.84478840650991 0.997901635011658 1.8577142697759 1.78046586271375 1.70040642074309 1.88313582376577 1.27206629165448 1.47331511019729 1.51442870125175 1.49122732016258 1.61596583435312 1.2159959692508 1.93925042357296 0.999985853675753 1.26382764987648 1.94068931229413 1.49217791366391 1.00874551991001 1.2563567457255 0.966010558186099 1.14071478461847
1.08632263704203 1.11844446999021 1.41961987060495 1.08839493920095 1.83083625487052 0 1.4478536513634 1.00900843646377 1.12027565506287 1.1042059273459 1.06802720064297 1.01997674047016 1.58757350035012 1.11184134474024 1.7265107659623 1.70989493303932 1.21185647440143 1.59966046037152 1.3687978098169 1.66308277123608 1.1292491639033 1.19409740134142 1.94972581160255 1.92172723822296 1.90919585106894 1.72806272492744 1.96353922318667 1.7561503436882 1.9036507953424 1.95155404531397
1.72451225924306 1.78369693271816 1.70298577146605 1.35173175507225 1.2671658094041 1.4478536513634 0 1.57019764068536 1.4598278903868 1.92543427390046 1.55250461120158 1.8593367699068 0.98460870445706 1.95889981579967 1.80774810840376 1.1479358531069 1.73048033425584 1.9585588760674 1.8946243817918 1.65667644911446 1.00376317859627 1.2235421387013 1.72174199437723 1.05261192284524 1.5658788473811 1.29229396115988 1.44790928112343 1.5286539637018 1.17057637381367 1.64641070691869
1.27081730589271 1.13187258248217 1.50783807854168 1.51659768028185 1.7005492397584 1.00900843646377 1.57019764068536 0 1.61170031153597 1.76918889582157 1.81387790036388 1.94453181140125 1.19906599540263 1.87818730273284 1.02814649650827 1.00848073605448 1.75346166850068 1.95030810125172 1.73502774327062 1.67631572228856 1.52727752784267 1.83450641902164 1.30134839541279 1.14982217061333 1.38333514449187 1.09993510809727 1.52390036755241 1.90544475149363 1.07408978510648 1.15559470630251
1.26030024467036 1.29047315218486 1.07625446375459 1.39023526571691 0.972519442904741 1.12027565506287 1.4598278903868 1.61170031153597 0 1.95049173943698 1.20661089383066 1.91766190947965 1.89597745263018 1.1598160895519 1.50794735061936 1.8612306213472 1.14889516797848 1.9263217097614 1.17436470161192 1.89933234266937 1.61007407633588 1.33457791479304 1.96320760273375 1.624724190915 1.79357704217546 1.86815383262001 0.99224705551751 1.4100699252449 1.12048546387814 1.61254722462036
1.78766688052565 1.12265963060781 1.68736257473938 1.11713219783269 1.84478840650991 1.1042059273459 1.92543427390046 1.76918889582157 1.95049173943698 0 1.87077152216807 1.16913303546607 1.50593315507285 1.01173051260412 1.37731165532023 1.20203006081283 1.31840644800104 1.22652104333974 1.89556940132752 1.29053830588236 1.76129230391234 1.75269311782904 1.29751246725209 1.93440520018339 1.40379899810068 1.39206553483382 1.91917073144577 1.397061399417 1.52974033728242 1.45233551319689
1.07668641349301 1.1722831944935 1.33794498234056 1.66808089264669 0.997901635011658 1.06802720064297 1.55250461120158 1.81387790036388 1.20661089383066 1.87077152216807 0 1.36798498523422 1.12179697141983 0.980606793193147 1.33773163193837 1.64725249144249 1.55791972600855 1.08864351431839 1.40024891961366 1.95987654081546 1.65527385543101 1.08188024139963 1.73705857549794 1.81934569822624 1.50685834465548 0.971305718412623 1.63312165532261 1.41855532256886 1.95544596901163 1.30599209666252
1.20348322042264 1.62348618009128 1.62705170083791 1.32287233765237 1.8577142697759 1.01997674047016 1.8593367699068 1.94453181140125 1.91766190947965 1.16913303546607 1.36798498523422 0 1.40200485289097 1.24883763003163 1.76352241192944 1.33127533178777 1.91363705205731 1.82077905465849 1.42185234162025 1.27369668451138 1.93196860747412 1.31598730478436 1.12843982945196 1.40021221735515 1.23250622279011 0.966547806514427 1.57403615978546 1.63933044113219 1.57607689336874 1.63629906624556
1.53640048624948 1.80877561378293 1.5398255425971 1.81569804088213 1.78046586271375 1.58757350035012 0.98460870445706 1.19906599540263 1.89597745263018 1.50593315507285 1.12179697141983 1.40200485289097 0 1.85529666510411 1.41968240775168 1.40270702913404 1.05187618406489 1.53826536098495 1.03898696997203 1.53067660331726 0.987975494470447 1.03302926244214 1.9417387645226 1.7313710686285 1.7279971067328 0.998765894444659 1.54537075199187 1.38164127245545 1.45299362787046 1.85213717422448
1.636273707496 1.87310437159613 1.47927106707357 1.72504893084988 1.70040642074309 1.11184134474024 1.95889981579967 1.87818730273284 1.1598160895519 1.01173051260412 0.980606793193147 1.24883763003163 1.85529666510411 0 1.82724554417655 1.90072275884449 1.64775225776248 1.26396308233961 1.64543540403247 1.61776947998442 1.32420212985016 1.75635409518145 1.57869674055837 1.52711583022028 1.16911089327186 1.41478125704452 1.93375209043734 1.13735740911216 1.38680483307689 1.28633928368799
1.70946783595718 1.56531866150908 1.70214550965466 1.88808924891055 1.88313582376577 1.7265107659623 1.80774810840376 1.02814649650827 1.50794735061936 1.37731165532023 1.33773163193837 1.76352241192944 1.41968240775168 1.82724554417655 0 1.08404982532375 1.90200330805965 1.21431133174337 1.41744239535183 1.96371713955887 1.82853423012421 1.02365062362514 1.92257661977783 1.6383922919631 1.18275268026628 1.17862434219569 1.90839466662146 1.00438131135888 1.70884292130359 1.95656339474954
1.02559936535545 1.38765951804817 1.89634567615576 1.4790010037832 1.27206629165448 1.70989493303932 1.1479358531069 1.00848073605448 1.8612306213472 1.20203006081283 1.64725249144249 1.33127533178777 1.40270702913404 1.90072275884449 1.08404982532375 0 1.74828733527102 1.2906592162326 1.79483190109022 1.73086745105684 1.83444151747972 1.0724730018992 1.18481951532885 1.71409062785096 1.87353168870322 1.37395112379454 1.61604351061396 1.63642105436884 1.9038465579506 1.912147088442
1.20688314083964 1.24786303844303 1.54339474881999 1.4103249264881 1.47331511019729 1.21185647440143 1.73048033425584 1.75346166850068 1.14889516797848 1.31840644800104 1.55791972600855 1.91363705205731 1.05187618406489 1.64775225776248 1.90200330805965 1.74828733527102 0 1.87605736264959 1.12549825292081 1.80635788966902 1.1422351221554 1.40654771705158 1.28340300242417 1.84921896387823 1.80053696874529 1.39370104647242 1.7437633543741 1.93482653191313 0.969114775303751 1.88566056499258
1.36211473424919 1.93559368420392 1.83292708918452 1.60903977253474 1.51442870125175 1.59966046037152 1.9585588760674 1.95030810125172 1.9263217097614 1.22652104333974 1.08864351431839 1.82077905465849 1.53826536098495 1.26396308233961 1.21431133174337 1.2906592162326 1.87605736264959 0 1.05872217519209 1.6675301946234 1.80099600111134 1.01820243382826 1.22703310940415 1.65008729905821 1.04896834213287 1.20155117940158 1.35458739986643 1.02836244180799 1.24425187264569 1.89886642806232
1.76419883337803 1.34347599651664 1.59398322529159 1.35277371737175 1.49122732016258 1.3687978098169 1.8946243817918 1.73502774327062 1.17436470161192 1.89556940132752 1.40024891961366 1.42185234162025 1.03898696997203 1.64543540403247 1.41744239535183 1.79483190109022 1.12549825292081 1.05872217519209 0 1.6412739274092 1.15195490606129 1.42496359813958 1.91064567957073 1.13808203139342 1.78425921336748 1.73732104757801 1.64680150896311 1.44604557845742 1.207053612452 1.51709017343819
1.37718785298057 1.05035171518102 1.74698988394812 1.2474706612993 1.61596583435312 1.66308277123608 1.65667644911446 1.67631572228856 1.89933234266937 1.29053830588236 1.95987654081546 1.27369668451138 1.53067660331726 1.61776947998442 1.96371713955887 1.73086745105684 1.80635788966902 1.6675301946234 1.6412739274092 0 1.51455881004222 1.91782752471045 1.83819075371139 1.85821093246341 1.07285839808173 1.78455864824355 1.67513603181578 1.1013491677586 1.09116080030799 1.00836955779232
1.2978573362343 1.67316001933068 1.03703723521903 1.92131535545923 1.2159959692508 1.1292491639033 1.00376317859627 1.52727752784267 1.61007407633588 1.76129230391234 1.65527385543101 1.93196860747412 0.987975494470447 1.32420212985016 1.82853423012421 1.83444151747972 1.1422351221554 1.80099600111134 1.15195490606129 1.51455881004222 0 1.13720980542712 1.9403216864448 1.24070551176555 1.53290388267487 1.08515634667128 1.49150280072354 1.13212553109042 1.43593177502044 1.1298278067261
1.59647289593704 1.93541343859397 1.53765213023871 1.94392374856398 1.93925042357296 1.19409740134142 1.2235421387013 1.83450641902164 1.33457791479304 1.75269311782904 1.08188024139963 1.31598730478436 1.03302926244214 1.75635409518145 1.02365062362514 1.0724730018992 1.40654771705158 1.01820243382826 1.42496359813958 1.91782752471045 1.13720980542712 0 1.0491283335723 1.24038173491135 1.9215610481333 1.6830306830816 1.36334257875569 1.11208450864069 1.01474413811229 1.95377978705801
1.12556730909273 1.39765577623621 1.80194318597205 1.34673285763711 0.999985853675753 1.94972581160255 1.72174199437723 1.30134839541279 1.96320760273375 1.29751246725209 1.73705857549794 1.12843982945196 1.9417387645226 1.57869674055837 1.92257661977783 1.18481951532885 1.28340300242417 1.22703310940415 1.91064567957073 1.83819075371139 1.9403216864448 1.0491283335723 0 0.998697426868603 0.996900313301012 1.76277472218499 0.970960547216237 1.81659384351224 1.68891381728463 1.71113291243091
1.79308369522914 1.74990459019318 1.8478244417347 1.31800471525639 1.26382764987648 1.92172723822296 1.05261192284524 1.14982217061333 1.624724190915 1.93440520018339 1.81934569822624 1.40021221735515 1.7313710686285 1.52711583022028 1.6383922919631 1.71409062785096 1.84921896387823 1.65008729905821 1.13808203139342 1.85821093246341 1.24070551176555 1.24038173491135 0.998697426868603 0 1.40329275163822 1.48550177481957 1.34430708223954 1.40362431434914 1.16982423770241 1.0092181651853
1.23251312226057 1.14286869694479 1.67357663693838 1.45072632096708 1.94068931229413 1.90919585106894 1.5658788473811 1.38333514449187 1.79357704217546 1.40379899810068 1.50685834465548 1.23250622279011 1.7279971067328 1.16911089327186 1.18275268026628 1.87353168870322 1.80053696874529 1.04896834213287 1.78425921336748 1.07285839808173 1.53290388267487 1.9215610481333 0.996900313301012 1.40329275163822 0 1.79994577215984 1.37348197749816 1.352162824478 1.90945798810571 1.91153294499964
1.61387910903431 1.73006523377262 1.63562446064316 1.58965894090943 1.49217791366391 1.72806272492744 1.29229396115988 1.09993510809727 1.86815383262001 1.39206553483382 0.971305718412623 0.966547806514427 0.998765894444659 1.41478125704452 1.17862434219569 1.37395112379454 1.39370104647242 1.20155117940158 1.73732104757801 1.78455864824355 1.08515634667128 1.6830306830816 1.76277472218499 1.48550177481957 1.79994577215984 0 0.984893497778103 1.91272823628969 1.75199354020879 1.60208603763022
1.06754714180715 1.27435346483253 1.38757608714513 1.61475733341649 1.00874551991001 1.96353922318667 1.44790928112343 1.52390036755241 0.99224705551751 1.91917073144577 1.63312165532261 1.57403615978546 1.54537075199187 1.93375209043734 1.90839466662146 1.61604351061396 1.7437633543741 1.35458739986643 1.64680150896311 1.67513603181578 1.49150280072354 1.36334257875569 0.970960547216237 1.34430708223954 1.37348197749816 0.984893497778103 0 1.31570699065924 1.50326677993871 1.56309739523567
1.54237661371008 1.23571350844577 1.35884615010582 1.19857466011308 1.2563567457255 1.7561503436882 1.5286539637018 1.90544475149363 1.4100699252449 1.397061399417 1.41855532256886 1.63933044113219 1.38164127245545 1.13735740911216 1.00438131135888 1.63642105436884 1.93482653191313 1.02836244180799 1.44604557845742 1.1013491677586 1.13212553109042 1.11208450864069 1.81659384351224 1.40362431434914 1.352162824478 1.91272823628969 1.31570699065924 0 1.25926070520654 1.60777736804448
1.3635617797263 1.84108509658836 1.87981392908841 0.990177067928016 0.966010558186099 1.9036507953424 1.17057637381367 1.07408978510648 1.12048546387814 1.52974033728242 1.95544596901163 1.57607689336874 1.45299362787046 1.38680483307689 1.70884292130359 1.9038465579506 0.969114775303751 1.24425187264569 1.207053612452 1.09116080030799 1.43593177502044 1.01474413811229 1.68891381728463 1.16982423770241 1.90945798810571 1.75199354020879 1.50326677993871 1.25926070520654 0 1.8472041725181
1.85865199775435 1.25886621349491 1.57351369759999 1.6027968574781 1.14071478461847 1.95155404531397 1.64641070691869 1.15559470630251 1.61254722462036 1.45233551319689 1.30599209666252 1.63629906624556 1.85213717422448 1.28633928368799 1.95656339474954 1.912147088442 1.88566056499258 1.89886642806232 1.51709017343819 1.00836955779232 1.1298278067261 1.95377978705801 1.71113291243091 1.0092181651853 1.91153294499964 1.60208603763022 1.56309739523567 1.60777736804448 1.8472041725181 0
