0 0.904223500750959 1.74942990136333 1.43147714273073 0.992294056108221 1.17996638920158 1.7255251375027 1.51736971572973 1.09923362848349 1.42682321113534 1.10421717423014 1.71462741470896 1.48852250538766 1.83336929720826 1.20909717329778 1.76801643939689 1.83107924624346 0.951896192505956 1.41376048559323 1.17119303438812 1.22808589739725 1.63442236417904 1.69987345929258 1.21281780744903 1.73738437262364 1.67071363539435 1.31961043993942 1.85610635508783 1.1714467164129 1.86681592743844
0.904223500750959 0 1.26908719330095 1.41245910222642 1.29739219648764 1.05944654392079 0.963197982637212 1.6351757121738 1.47444531228393 1.50178484595381 1.46068260702305 1.26517458842136 1.36337562813424 1.15578046650626 0.947487897472456 1.4981819819659 1.64964664611034 1.21610358962789 1.83812949480489 1.57441105274484 1.59470801451243 0.97493822989054 1.38065013894811 1.26873400923796 1.4623210337013 0.914814671268687 1.83557473844849 1.57103570294566 1.80630194139667 1.16690121148713
1.74942990136333 1.26908719330095 0 1.73655639425851 1.33124053780921 1.56330823269673 1.30517925042659 1.16372041241266 1.33375390106812 1.59565794025548 1.22022434347309 1.64909424935468 1.84200869360939 1.22632948053069 1.65744884987362 1.71660907496698 1.12043387186714 0.902073545614257 1.22904619085602 1.18943248339929 1.71293218294159 1.04171378654428 1.48354331660084 0.986795341130346 1.25812120735645 1.75653199944645 0.922002966748551 1.13506517582573 1.62009019218385 1.54288397240452
1.43147714273073 1.41245910222642 1.73655639425851 0 1.00174563773908 1.74575335346162 1.57878727628849 1.45260531338863 1.3750203025993 1.29411896201782 1.58756207022816 1.27923797583207 0.985750290099531 1.79975966317579 1.15955354366452 1.60727580660023 1.30651188781485 1.8683913142886 1.83503375202417 1.29861052916385 1.68420658749528 1.80238451436162 1.66103462921456 1.58783064293675 1.51727174944244 1.47308899601921 0.989443473517895 1.58315196237527 1.23739331052639 0.92664575506933
0.992294056108221 1.29739219648764 1.33124053780921 1.00174563773908 0 1.32163408049382 0.986516396282241 1.6424468473997 1.57069113687612 1.60754461819306 1.65556675731204 1.00545720639639 1.04703943384811 1.22424389212392 1.84144784114324 1.15974265546538 1.54591087042354 1.43463035789318 1.4556706470903 1.82201570365578 1.27634793892503 1.38987741759047 1.53364803502336 1.35758413583972 1.10454501840286 0.975738167762756 1.81328104948625 1.7959757768549 1.37167026591487 0.921789730666205
1.17996638920158 1.05944654392079 1.56330823269673 1.74575335346162 1.32163408049382 0 1.74708683812059 1.35502063203603 1.02115657553077 1.10324024711736 1.31499082734808 1.7745522109326 1.64874668163247 1.5745813769754 1.37963951518759 1.756502000615 1.34777371166274 1.48403223417699 1.25404544919729 1.77679698518477 1.55557801411487 1.32118515274487 1.38684336468577 1.51150922686793 1.53969565499574 1.10395933850668 1.6286967843771 1.21765730180778 1.52010363875888 0.918737452011555
1.7255251375027 0.963197982637212 1.30517925042659 1.57878727628849 0.986516396282241 1.74708683812059 0 1.55118413665332 1.58016279363073 1.56753595126793 1.41329218680039 1.70380424731411 1.23982825549319 1.75517383683473 1.5097328259144 1.6292834635824 1.44902746612206 1.32132556475699 0.874931512167677 1.65209389408119 1.18890685657971 1.36590458732098 1.00062146922573 1.11496920953505 1.83549777814187 1.22393376962282 1.35823894641362 0.970753439934924 1.30277485703118 1.10199347836897
1.51736971572973 1.6351757121738 1.16372041241266 1.45260531338863 1.6424468473997 1.35502063203603 1.55118413665332 0 1.66008730302565 1.00845317658968 1.75027944426984 1.65002935496159 1.02255706232972 1.86228179442696 1.27367243450135 1.39137005060911 1.09427107404917 1.32879357459024 0.994573113508523 1.38556154817343 1.75670578354038 1.70570173626766 1.32240818999708 1.56408909475431 0.979763275943696 1.5678952508606 1.07144160359167 1.25733237643726 1.10048623848706 1.62455285107717
1.09923362848349 1.47444531228393 1.33375390106812 1.3750203025993 1.57069113687612 1.02115657553077 1.58016279363073 1.66008730302565 0 1.77936460496858 1.50729912356474 0.934926709858701 1.41259687324055 1.77095199725591 1.28170281439088 1.77963515021838 1.67150747496635 1.20164147717878 1.32676869933493 1.10540918214247 1.5018660009373 1.65918573411182 0.967325364006683 1.4690195613075 1.02469871100038 1.83246337855235 1.50776163977571 1.73939793999307 1.0624672928825 1.56943810358644
1.42682321113534 1.50178484595381 1.59565794025548 1.29411896201782 1.60754461819306 1.10324024711736 1.56753595126793 1.00845317658968 1.77936460496858 0 1.00554861966521 1.72483791597188 1.30079845315777 0.9569597824011 1.12743207649328 1.2490526556503 0.893410267308354 1.33388669532724 1.5748752085492 1.27085708058439 1.27636960963719 1.33100576349534 1.24229525006376 1.41405549272895 1.25950447819196 1.53602853859775 1.36044585192576 1.80686680856161 1.56891015358269 1.36192077817395
1.10421717423014 1.46068260702305 1.22022434347309 1.58756207022816 1.65556675731204 1.31499082734808 1.41329218680039 1.75027944426984 1.50729912356474 1.00554861966521 0 1.34393578302115 1.46702890004963 1.36291939276271 1.32930908980779 1.71271338895895 1.512749256799 1.01271009608172 1.2157526074443 1.27169923717156 1.18949354602955 1.28870052215643 1.50169196911156 1.04881831933744 1.31297685555182 1.39253645855933 1.76280327979475 1.54899530811235 1.12125794193707 1.54877642821521
1.71462741470896 1.26517458842136 1.64909424935468 1.27923797583207 1.00545720639639 1.7745522109326 1.70380424731411 1.65002935496159 0.934926709858701 1.72483791597188 1.34393578302115 0 1.53653934551403 1.36919086589478 1.84444188908674 1.79810488317162 1.62042133067735 1.50985230482183 1.31675508874469 1.73008972709067 1.64393848576583 1.67347515001893 1.5219767827075 1.77557259518653 1.79845232120715 1.16498011630028 0.955002956325188 1.0860651624389 0.961057468317449 1.83427538559772
1.48852250538766 1.36337562813424 1.84200869360939 0.985750290099531 1.04703943384811 1.64874668163247 1.23982825549319 1.02255706232972 1.41259687324055 1.30079845315777 1.46702890004963 1.53653934551403 0 1.6313427449204 1.68348738970235 1.3154146487359 1.80619359086268 1.50839721062221 1.06274434109218 1.59127952973358 1.51416499959305 1.45797539898194 0.896963827079162 1.75621299422346 1.71923801931553 1.45938284229487 1.80989501229487 1.34620345872827 0.873288803733885 1.6154872640036
1.83336929720826 1.15578046650626 1.22632948053069 1.79975966317579 1.22424389212392 1.5745813769754 1.75517383683473 1.86228179442696 1.77095199725591 0.9569597824011 1.36291939276271 1.36919086589478 1.6313427449204 0 1.5049559592735 1.50549058825709 1.66103178495541 1.1411892476026 1.56461019976996 1.281618000241 1.57825837214477 1.76816252549179 1.86115212528966 1.01500668772496 0.918327526887879 1.44133230554871 0.876744055422023 0.872676403727382 1.15211861836724 1.04308718256652
1.20909717329778 0.947487897472456 1.65744884987362 1.15955354366452 1.84144784114324 1.37963951518759 1.5097328259144 1.27367243450135 1.28170281439088 1.12743207649328 1.32930908980779 1.84444188908674 1.68348738970235 1.5049559592735 0 1.32805993943475 1.53513503167778 1.27734255208634 1.4119384624064 1.55797938699834 1.03557351185009 1.85380892199464 1.80558752734214 1.2662489740178 1.15879399771802 1.60457130754367 0.897976087639108 1.72828363790177 1.14608349581249 1.61479421914555
1.76801643939689 1.4981819819659 1.71660907496698 1.60727580660023 1.15974265546538 1.756502000615 1.6292834635824 1.39137005060911 1.77963515021838 1.2490526556503 1.71271338895895 1.79810488317162 1.3154146487359 1.50549058825709 1.32805993943475 0 1.58534442074597 1.76500685606152 0.940366888651624 1.28959816531278 1.59937618090771 1.06433535041288 1.68526056641713 1.67230346635915 1.70582096301951 1.52092972584069 1.22872248780914 1.23625968699344 1.20287252450362 1.14174209302291
1.83107924624346 1.64964664611034 1.12043387186714 1.30651188781485 1.54591087042354 1.34777371166274 1.44902746612206 1.09427107404917 1.67150747496635 0.893410267308354 1.512749256799 1.62042133067735 1.80619359086268 1.66103178495541 1.53513503167778 1.58534442074597 0 1.06804897240363 0.929015184985474 1.02230880828574 1.45386712788604 1.29510803497396 1.59318720200099 1.07575260708109 1.59211874497123 0.981723280856386 1.73482156428508 1.20379227283411 1.38374726870097 1.40777884516865
0.951896192505956 1.21610358962789 0.902073545614257 1.8683913142886 1.43463035789318 1.48403223417699 1.32132556475699 1.32879357459024 1.20164147717878 1.33388669532724 1.01271009608172 1.50985230482183 1.50839721062221 1.1411892476026 1.27734255208634 1.76500685606152 1.06804897240363 0 1.32573505421169 1.37391308275983 1.73830855637789 1.16058332659304 1.52168485708535 1.1022486621514 1.36233464442194 1.58601699071005 1.58408651454374 1.29989250306971 0.964841268956661 1.44638133049011
1.41376048559323 1.83812949480489 1.22904619085602 1.83503375202417 1.4556706470903 1.25404544919729 0.874931512167677 0.994573113508523 1.32676869933493 1.5748752085492 1.2157526074443 1.31675508874469 1.06274434109218 1.56461019976996 1.4119384624064 0.940366888651624 0.929015184985474 1.32573505421169 0 0.884295469149947 1.61816664924845 1.75929058436304 1.40174122340977 1.52595335245132 1.23606988578103 1.55041341413744 1.81925480789505 1.60327960830182 1.28937619924545 1.32765231910162
1.17119303438812 1.57441105274484 1.18943248339929 1.29861052916385 1.82201570365578 1.77679698518477 1.65209389408119 1.38556154817343 1.10540918214247 1.27085708058439 1.27169923717156 1.73008972709067 1.59127952973358 1.281618000241 1.55797938699834 1.28959816531278 1.02230880828574 1.37391308275983 0.884295469149947 0 0.981607339112088 1.61811288166791 1.39773037703708 1.69243139168248 1.83474356308579 1.7229172536172 1.74419278791174 1.73246513865888 1.84259198023938 1.42795434314758
1.22808589739725 1.59470801451243 1.71293218294159 1.68420658749528 1.27634793892503 1.55557801411487 1.18890685657971 1.75670578354038 1.5018660009373 1.27636960963719 1.18949354602955 1.64393848576583 1.51416499959305 1.57825837214477 1.03557351185009 1.59937618090771 1.45386712788604 1.73830855637789 1.61816664924845 0.981607339112088 0 1.10249105654657 1.85482134623453 1.77988563408144 1.50644578947686 1.71932295314036 1.85729820560664 1.79940399643965 1.16097628092393 0.96021701185964
1.63442236417904 0.97493822989054 1.04171378654428 1.80238451436162 1.38987741759047 1.32118515274487 1.36590458732098 1.70570173626766 1.65918573411182 1.33100576349534 1.28870052215643 1.67347515001893 1.45797539898194 1.76816252549179 1.85380892199464 1.06433535041288 1.29510803497396 1.16058332659304 1.75929058436304 1.61811288166791 1.10249105654657 0 0.965797811048105 1.13521238113753 1.09424958587624 1.32311033830047 1.3953944738023 1.45242935651913 1.40726210549474 1.11451110290363
1.69987345929258 1.38065013894811 1.48354331660084 1.66103462921456 1.53364803502336 1.38684336468577 1.00062146922573 1.32240818999708 0.967325364006683 1.24229525006376 1.50169196911156 1.5219767827075 0.896963827079162 1.86115212528966 1.80558752734214 1.68526056641713 1.59318720200099 1.52168485708535 1.40174122340977 1.39773037703708 1.85482134623453 0.965797811048105 0 1.38084621774033 1.70209656935185 1.63179158605635 1.41623259009793 1.05667830025777 1.57473831949756 1.27661061822437
1.21281780744903 1.26873400923796 0.986795341130346 1.58783064293675 1.35758413583972 1.51150922686793 1.11496920953505 1.56408909475431 1.4690195613075 1.41405549272895 1.04881831933744 1.77557259518653 1.75621299422346 1.01500668772496 1.2662489740178 1.67230346635915 1.07575260708109 1.1022486621514 1.52595335245132 1.69243139168248 1.77988563408144 1.13521238113753 1.38084621774033 0 1.02751777390949 1.63735544751398 1.6268557079602 1.32592598721385 0.975019205827266 1.26124121481553
1.73738437262364 1.4623210337013 1.25812120735645 1.51727174944244 1.10454501840286 1.53969565499574 1.83549777814187 0.979763275943696 1.02469871100038 1.25950447819196 1.31297685555182 1.79845232120715 1.71923801931553 0.918327526887879 1.15879399771802 1.70582096301951 1.59211874497123 1.36233464442194 1.23606988578103 1.83474356308579 1.50644578947686 1.09424958587624 1.70209656935185 1.02751777390949 0 1.61802817997523 1.1917434472125 1.20722989342175 1.59147011255845 0.901543808868155
1.67071363539435 0.914814671268687 1.75653199944645 1.47308899601921 0.975738167762756 1.10395933850668 1.22393376962282 1.5678952508606 1.83246337855235 1.53602853859775 1.39253645855933 1.16498011630028 1.45938284229487 1.44133230554871 1.60457130754367 1.52092972584069 0.981723280856386 1.58601699071005 1.55041341413744 1.7229172536172 1.71932295314036 1.32311033830047 1.63179158605635 1.63735544751398 1.61802817997523 0 1.2598597058095 1.54333685711026 1.80547844432294 0.937980493763462
1.31961043993942 1.83557473844849 0.922002966748551 0.989443473517895 1.81328104948625 1.6286967843771 1.35823894641362 1.07144160359167 1.50776163977571 1.36044585192576 1.76280327979475 0.955002956325188 1.80989501229487 0.876744055422023 0.897976087639108 1.22872248780914 1.73482156428508 1.58408651454374 1.81925480789505 1.74419278791174 1.85729820560664 1.3953944738023 1.41623259009793 1.6268557079602 1.1917434472125 1.2598597058095 0 1.51077283872291 1.19204731611535 1.56791278603487
1.85610635508783 1.57103570294566 1.13506517582573 1.58315196237527 1.7959757768549 1.21765730180778 0.970753439934924 1.25733237643726 1.73939793999307 1.80686680856161 1.54899530811235 1.0860651624389 1.34620345872827 0.872676403727382 1.72828363790177 1.23625968699344 1.20379227283411 1.29989250306971 1.60327960830182 1.73246513865888 1.79940399643965 1.45242935651913 1.05667830025777 1.32592598721385 1.20722989342175 1.54333685711026 1.51077283872291 0 1.58345747948624 0.917769270483404
1.1714467164129 1.80630194139667 1.62009019218385 1.23739331052639 1.37167026591487 1.52010363875888 1.30277485703118 1.10048623848706 1.0624672928825 1.56891015358269 1.12125794193707 0.961057468317449 0.873288803733885 1.15211861836724 1.14608349581249 1.20287252450362 1.38374726870097 0.964841268956661 1.28937619924545 1.84259198023938 1.16097628092393 1.40726210549474 1.57473831949756 0.975019205827266 1.59147011255845 1.80547844432294 1.19204731611535 1.58345747948624 0 1.66251080320217
1.86681592743844 1.16690121148713 1.54288397240452 0.92664575506933 0.921789730666205 0.918737452011555 1.10199347836897 1.62455285107717 1.56943810358644 1.36192077817395 1.54877642821521 1.83427538559772 1.6154872640036 1.04308718256652 1.61479421914555 1.14174209302291 1.40777884516865 1.44638133049011 1.32765231910162 1.42795434314758 0.96021701185964 1.11451110290363 1.27661061822437 1.26124121481553 0.901543808868155 0.937980493763462 1.56791278603487 0.917769270483404 1.66251080320217 0
