0 1.0110749 1.0011308 1.0095364 0.7565787 0.7640195 1.0199828 0.69855326 0.70160514 0.7574018 0.7629125 1.0242808 0.99545324 0.69425094 0.69097745 0.75056994 0.7494826 1.0130024 1.0080011 0.74975425 0.7456892 0.7640195 1.014548 0.76374257 0.9939465 1.0313674 1.0219333 0.99999183 0.7687426 0.7623596
1.0110749 0 0.25785428 0.2679349 0.9698763 0.98237044 0.7802575 0.9775687 0.9790429 0.98645765 0.99056727 0.6623838 0.7799746 0.97609735 0.9709704 1.0045581 1.0053219 0.7830931 0.77546155 0.98237044 0.9779369 1.01146 0.77940893 1.014548 0.77940893 0.76651627 0.3116366 0.28748423 0.98907024 0.9943229
1.0011308 0.25785428 0 0.25954857 0.97978103 1.0003713 0.7896558 1.0060863 1.0049399 0.99658537 1.0091523 0.6570817 0.7968549 1.0068517 0.9980974 1.0080011 1.0095364 0.7977235 0.7876524 1.0045581 0.9980974 1.0176488 0.7726547 1.0207624 0.76846397 0.77856135 0.31558636 0.29027697 0.99923354 1.0172604
1.0095364 0.2679349 0.25954857 0 0.9695119 1.0015109 0.7825251 1.0049399 1.0091523 0.9872032 0.9950763 0.66796726 0.78394586 1.0083846 1.0049399 0.9898184 0.98869646 0.7853693 0.7763057 1.0064689 0.99961257 1.0030329 0.7842303 1.0060863 0.77771467 0.77153486 0.31955704 0.29411557 1.0045581 1.001891
0.7565787 0.9698763 0.97978103 0.9695119 0 0.40785605 0.99658537 0.77181464 0.7629125 0.21363124 0.20952092 1.0122308 0.9857129 0.7522039 0.75411475 0.497012 0.49778837 1.0011308 0.9946995 0.40202212 0.39980343 0.5946704 1.002652 0.59422857 0.98832285 0.99961257 0.97867405 0.98832285 0.59444946 0.40407598
0.7640195 0.98237044 1.0003713 1.0015109 0.40785605 0 0.98125964 0.76540554 0.7618071 0.42264256 0.41756493 1.0345387 0.9753628 0.7563045 0.7554826 0.50972915 0.5132893 0.9842255 0.9801504 0.15018086 0.14786322 0.5946704 1.0118452 0.5926842 0.98832285 0.9977191 1.0168724 0.98645765 0.5904835 0.28704423
1.0199828 0.7802575 0.7896558 0.7825251 0.99658537 0.98125964 0 0.9943229 0.98348296 1.0199828 1.0126165 0.79483217 0.13734141 0.96226203 0.9680563 0.9827411 0.9853408 0.13998818 0.13854334 0.9842255 0.982 1.0045581 0.51886106 1.0041765 0.5083492 0.32078305 0.79339075 0.7751804 0.99357027 1.0037951
0.69855326 0.9775687 1.0060863 1.0049399 0.77181464 0.76540554 0.9943229 0 0.1361414 0.7876524 0.778279 1.0365276 1.0099207 0.22636956 0.2277231 0.76846397 0.77489936 1.0087683 1.0068517 0.7522039 0.74677104 0.7737762 0.9931942 0.77321523 1.0130024 1.0215429 1.0068517 1.0037951 0.7813905 0.75960124
0.70160514 0.9790429 1.0049399 1.0091523 0.7629125 0.7618071 0.98348296 0.1361414 0 0.7825251 0.7760242 1.0297868 1.0053219 0.21843298 0.21709608 0.7618071 0.76485085 0.99658537 0.9980974 0.75384146 0.74921095 0.77153486 0.98794943 0.7709756 1.0160967 1.0195932 1.01146 1.0034139 0.7734957 0.7618071
0.7574018 0.98645765 0.99658537 0.9872032 0.21363124 0.42264256 1.0199828 0.7876524 0.7825251 0 0.09883541 1.0203725 1.0130024 0.77884376 0.77856135 0.5142812 0.51646805 1.0223241 1.0176488 0.4207125 0.41878742 0.61142963 1.0266355 0.6121078 1.0049399 1.0234975 1.0080011 1.005704 0.60625017 0.4170416
0.7629125 0.99056727 1.0091523 0.9950763 0.20952092 0.41756493 1.0126165 0.778279 0.7760242 0.09883541 0 1.0325551 1.0037951 0.75960124 0.75822586 0.51886106 0.52166253 1.0110749 1.0080011 0.417914 0.41564786 0.61369276 1.0223241 0.61278665 1.000751 1.0195932 1.01069 1.0207624 0.6121078 0.4189622
1.0242808 0.6623838 0.6570817 0.66796726 1.0122308 1.0345387 0.79483217 1.0365276 1.0297868 1.0203725 1.0325551 0 0.79223955 1.0270288 1.030972 1.0401208 1.049788 0.80353975 0.79483217 1.0180373 1.0164845 1.0238891 0.8094014 1.0297868 0.7936788 0.79627645 0.6699191 0.6667499 1.0076177 1.0365276
0.99545324 0.7799746 0.7968549 0.78394586 0.9857129 0.9753628 0.13734141 1.0099207 1.0053219 1.0130024 1.0037951 0.79223955 0 0.9753628 0.97720057 0.98348296 0.9842255 0.06210155 0.061450038 0.9808897 0.97867405 0.9950763 0.50540066 0.99545324 0.5003172 0.31589106 0.79714435 0.77489936 0.9898184 1.0087683
0.69425094 0.97609735 1.0068517 1.0083846 0.7522039 0.7563045 0.96226203 0.22636956 0.21843298 0.77884376 0.75960124 1.0270288 0.9753628 0 0.0515304 0.7535683 0.75493515 0.9746289 0.97352946 0.7483968 0.74406934 0.76429653 0.9845971 0.76485085 0.9872032 1.0053219 1.0053219 1.001891 0.7557565 0.7522039
0.69097745 0.9709704 0.9980974 1.0049399 0.75411475 0.7554826 0.9680563 0.2277231 0.21709608 0.77856135 0.75822586 1.030972 0.97720057 0.0515304 0 0.7478545 0.7511142 0.9779369 0.97352946 0.74353015 0.7394986 0.7609791 0.9842255 0.7607034 0.990942 1.0099207 1.0030329 1.001891 0.7494826 0.7522039
0.75056994 1.0045581 1.0080011 0.9898184 0.497012 0.50972915 0.9827411 0.76846397 0.7618071 0.5142812 0.51886106 1.0401208 0.98348296 0.7535683 0.7478545 0 0.030304061 0.98683035 0.98051995 0.50148726 0.49643022 0.6028915 1.0207624 0.60222155 1.0022715 0.9950763 1.0180373 0.99885464 0.58982456 0.50363714
0.7494826 1.0053219 1.0095364 0.98869646 0.49778837 0.5132893 0.9853408 0.77489936 0.76485085 0.51646805 0.52166253 1.049788 0.9842255 0.75493515 0.7511142 0.030304061 0 0.98645765 0.9816297 0.5022683 0.49740008 0.60692376 1.0195932 0.60535306 1.0030329 0.99357027 1.018426 0.99847597 0.5962188 0.5044204
1.0130024 0.7830931 0.7977235 0.7853693 1.0011308 0.9842255 0.13998818 1.0087683 0.99658537 1.0223241 1.0110749 0.80353975 0.06210155 0.9746289 0.9779369 0.98683035 0.98645765 0 0.02801684 0.98348296 0.98051995 1.005704 0.50953186 1.0068517 0.50285465 0.31756908 0.80353975 0.78082377 0.9958304 1.01069
1.0080011 0.77546155 0.7876524 0.7763057 0.9946995 0.9801504 0.13854334 1.0068517 0.9980974 1.0176488 1.0080011 0.79483217 0.061450038 0.97352946 0.97352946 0.98051995 0.9816297 0.02801684 0 0.9816297 0.9790429 1.0080011 0.5083492 1.0087683 0.5003172 0.31619588 0.7945437 0.77405685 0.9977191 1.0103053
0.74975425 0.98237044 1.0045581 1.0064689 0.40202212 0.15018086 0.9842255 0.7522039 0.75384146 0.4207125 0.417914 1.0180373 0.9808897 0.7483968 0.74353015 0.50148726 0.5022683 0.98348296 0.9816297 0 0.017809795 0.5982144 1.0099207 0.5968834 0.9894442 0.98645765 1.0095364 0.9920673 0.58653843 0.28207538
0.7456892 0.9779369 0.9980974 0.99961257 0.39980343 0.14786322 0.982 0.74677104 0.74921095 0.41878742 0.41564786 1.0164845 0.97867405 0.74406934 0.7394986 0.49643022 0.49740008 0.98051995 0.9790429 0.017809795 0 0.5975486 1.0080011 0.59599745 0.98794943 0.9808897 1.0053219 0.98794943 0.5847917 0.28192973
0.7640195 1.01146 1.0176488 1.0030329 0.5946704 0.5946704 1.0045581 0.7737762 0.77153486 0.61142963 0.61369276 1.0238891 0.9950763 0.76429653 0.7609791 0.6028915 0.60692376 1.005704 1.0080011 0.5982144 0.5975486 0 1.0095364 0.015152031 0.99885464 1.0254573 1.0266355 1.0126165 0.29337585 0.6118817
1.014548 0.77940893 0.7726547 0.7842303 1.002652 1.0118452 0.51886106 0.9931942 0.98794943 1.0266355 1.0223241 0.8094014 0.50540066 0.9845971 0.9842255 1.0207624 1.0195932 0.50953186 0.5083492 1.0099207 1.0080011 1.0095364 0 1.0122308 0.42194015 0.5071684 0.79598737 0.77715075 0.99847597 1.0203725
0.76374257 1.014548 1.0207624 1.0060863 0.59422857 0.5926842 1.0041765 0.77321523 0.7709756 0.6121078 0.61278665 1.0297868 0.99545324 0.76485085 0.7607034 0.60222155 0.60535306 1.0068517 1.0087683 0.5968834 0.59599745 0.015152031 1.0122308 0 1.0022715 1.025065 1.0297868 1.0160967 0.29263687 0.6121078
0.9939465 0.77940893 0.76846397 0.77771467 0.98832285 0.98832285 0.5083492 1.0130024 1.0160967 1.0049399 1.000751 0.7936788 0.5003172 0.9872032 0.990942 1.0022715 1.0030329 0.50285465 0.5003172 0.9894442 0.98794943 0.99885464 0.42194015 1.0022715 0 0.50579315 0.7893693 0.7813905 1.0037951 0.99847597
1.0313674 0.76651627 0.77856135 0.77153486 0.99961257 0.9977191 0.32078305 1.0215429 1.0195932 1.0234975 1.0195932 0.79627645 0.31589106 1.0053219 1.0099207 0.9950763 0.99357027 0.31756908 0.31619588 0.98645765 0.9808897 1.0254573 0.5071684 1.025065 0.50579315 0 0.7885103 0.76985824 1.0254573 1.0080011
1.0219333 0.3116366 0.31558636 0.31955704 0.97867405 1.0168724 0.79339075 1.0068517 1.01146 1.0080011 1.01069 0.6699191 0.79714435 1.0053219 1.0030329 1.0180373 1.018426 0.80353975 0.7945437 1.0095364 1.0053219 1.0266355 0.79598737 1.0297868 0.7893693 0.7885103 0 0.3206297 1.0137748 1.0546688
0.99999183 0.28748423 0.29027697 0.29411557 0.98832285 0.98645765 0.7751804 1.0037951 1.0034139 1.005704 1.0207624 0.6667499 0.77489936 1.001891 1.001891 0.99885464 0.99847597 0.78082377 0.77405685 0.9920673 0.98794943 1.0126165 0.77715075 1.0160967 0.7813905 0.76985824 0.3206297 0 1.0076177 1.0049399
0.7687426 0.98907024 0.99923354 1.0045581 0.59444946 0.5904835 0.99357027 0.7813905 0.7734957 0.60625017 0.6121078 1.0076177 0.9898184 0.7557565 0.7494826 0.58982456 0.5962188 0.9958304 0.9977191 0.58653843 0.5847917 0.29337585 0.99847597 0.29263687 1.0037951 1.0254573 1.0137748 1.0076177 0 0.603562
0.7623596 0.9943229 1.0172604 1.001891 0.40407598 0.28704423 1.0037951 0.75960124 0.7618071 0.4170416 0.4189622 1.0365276 1.0087683 0.7522039 0.7522039 0.50363714 0.5044204 1.01069 1.0103053 0.28207538 0.28192973 0.6118817 1.0203725 0.6121078 0.99847597 1.0080011 1.0546688 1.0049399 0.603562 0
