0 0.7087749 0.8263631 0.8293787 0.71083605 0.70774645 0.9430302 0.9346385 1.0246727 1.0341415 0.69906104 0.71161044 0.70033205 0.94514287 0.9472615 0.90766084 0.90498227 0.7149754 0.70954716 0.697032 0.6982995 0.7170537 1.0110749 0.7141975 0.84187144 0.93324894 0.7175742 0.9349863 0.91949344 0.94092345
0.7087749 0 0.8105793 0.8088132 0.56967896 0.34747958 0.92840576 0.91541547 1.0130024 1.0034139 0.43539977 0.6623838 0.4268709 0.9287507 0.9123715 0.8956819 0.9013148 0.3433587 0.34193748 0.5720337 0.57289183 0.44042012 0.99056727 0.4443884 0.8017901 0.8940332 0.5889469 0.92017525 0.9218825 0.92359364
0.8263631 0.8105793 0 0.33518422 0.8257614 0.8111689 0.9046481 0.9405729 0.9898184 0.9857129 0.80295604 0.8188765 0.82305974 0.91915274 0.9167723 0.89601207 0.90231323 0.81738806 0.8041238 0.81382793 0.81828076 0.82276016 0.9977191 0.8242593 0.6364741 0.8887815 0.8508351 0.91813165 0.9096761 0.908332
0.8293787 0.8088132 0.33518422 0 0.8203678 0.80120784 0.8956819 0.9133848 1.0053219 0.97720057 0.8000446 0.8082254 0.8102846 0.9259958 0.9167723 0.8956819 0.90498227 0.811759 0.80705124 0.8147164 0.8120542 0.8212641 0.97426224 0.8212641 0.6353068 0.89667284 0.83972377 0.9013148 0.9073255 0.9133848
0.71083605 0.56967896 0.8257614 0.8203678 0 0.5793593 0.9266836 0.9287507 0.97573 0.9753628 0.58763224 0.6539662 0.58850837 0.9391723 0.93082345 0.91779155 0.9106857 0.58413774 0.5810934 0.31072804 0.3119397 0.59865856 1.0137748 0.6017752 0.82395923 0.89865875 0.49006033 0.91983426 0.9043141 0.9263396
0.70774645 0.34747958 0.8111689 0.80120784 0.5793593 0 0.9493862 0.9225665 0.99999183 0.9958304 0.43916187 0.6508636 0.4293485 0.95615417 0.931862 0.92085767 0.92393637 0.29693317 0.29827154 0.5761186 0.5769814 0.44420755 0.9980974 0.4474692 0.80705124 0.89932185 0.58938557 0.93116945 0.9287507 0.92909575
0.9430302 0.92840576 0.9046481 0.8956819 0.9266836 0.9493862 0 0.28367934 1.0246727 1.0003713 0.944438 0.944438 0.92840576 0.56967896 0.5666926 0.5166672 0.5111116 0.9476152 0.9349863 0.91643286 0.92085767 0.94267863 1.0049399 0.94514287 0.9266836 0.61391944 0.93324894 0.52166253 0.50992644 0.3842868
0.9346385 0.91541547 0.9405729 0.9133848 0.9287507 0.9225665 0.28367934 0 1.0034139 1.0015109 0.94867724 0.94127417 0.93255514 0.5698927 0.5632941 0.52226424 0.51886106 0.9287507 0.91439945 0.9249654 0.92771643 0.95151687 0.9950763 0.95472425 0.9259958 0.5968834 0.94549555 0.5232681 0.5103213 0.39487758
1.0246727 1.0130024 0.9898184 1.0053219 0.97573 0.99999183 1.0246727 1.0034139 0 0.25686774 1.0122308 0.99847597 1.000751 1.0341415 1.0373245 0.99357027 0.9943229 1.0060863 1.0022715 0.9816297 0.9801504 1.002652 0.6306556 1.01146 1.0083846 1.0080011 1.0242808 1.0238891 1.0083846 1.001891
1.0341415 1.0034139 0.9857129 0.97720057 0.9753628 0.9958304 1.0003713 1.0015109 0.25686774 0 0.9943229 1.0122308 0.99999183 1.0176488 1.0164845 0.9872032 0.9931942 0.9958304 0.99999183 0.9901927 0.98645765 0.98907024 0.6304238 0.9962078 0.99961257 0.9898184 1.0227151 1.002652 0.9980974 0.9939465
0.69906104 0.43539977 0.80295604 0.8000446 0.58763224 0.43916187 0.944438 0.94867724 1.0122308 0.9943229 0 0.66602045 0.24846429 0.93987226 0.92771643 0.8874743 0.8842163 0.4362938 0.43005788 0.5845737 0.5819619 0.2554606 0.9831119 0.2567269 0.8120542 0.8914027 0.6049049 0.92462224 0.9256522 0.9297863
0.71161044 0.6623838 0.8188765 0.8082254 0.6539662 0.6508636 0.944438 0.94127417 0.99847597 1.0122308 0.66602045 0 0.6580429 0.94373375 0.9349863 0.9106857 0.91949344 0.6599691 0.65516293 0.65253264 0.65253264 0.66748005 0.9727974 0.6689425 0.82455945 0.9130469 0.6745752 0.90264636 0.9249654 0.91983426
0.70033205 0.4268709 0.82305974 0.8102846 0.58850837 0.4293485 0.92840576 0.93255514 1.000751 0.99999183 0.24846429 0.6580429 0 0.9483231 0.928061 0.90498227 0.89932185 0.43183428 0.4293485 0.5845737 0.58174473 0.2072764 0.9831119 0.20780392 0.8284728 0.8970035 0.5962188 0.92154074 0.91473794 0.91779155
0.94514287 0.9287507 0.91915274 0.9259958 0.9391723 0.95615417 0.56967896 0.5698927 1.0341415 1.0176488 0.93987226 0.94373375 0.9483231 0 0.18711564 0.5475659 0.5554936 0.9360306 0.9370764 0.9353342 0.93082345 0.9626228 1.01146 0.9644296 0.92154074 0.6058015 0.9419761 0.5656289 0.5550743 0.56350607
0.9472615 0.9123715 0.9167723 0.9167723 0.93082345 0.931862 0.5666926 0.5632941 1.0373245 1.0164845 0.92771643 0.9349863 0.928061 0.18711564 0 0.5494359 0.5552839 0.91915274 0.9205164 0.92909575 0.9256522 0.94903165 0.99923354 0.95508146 0.9242792 0.59888077 0.92840576 0.56839764 0.5559132 0.56223524
0.90766084 0.8956819 0.89601207 0.8956819 0.91779155 0.92085767 0.5166672 0.52226424 0.99357027 0.9872032 0.8874743 0.9106857 0.90498227 0.5475659 0.5494359 0 0.078687124 0.91439945 0.9086678 0.9096761 0.9100125 0.9229087 1.0083846 0.928061 0.9036466 0.58697575 0.9297863 0.5254814 0.5134875 0.50953186
0.90498227 0.9013148 0.90231323 0.90498227 0.9106857 0.92393637 0.5111116 0.51886106 0.9943229 0.9931942 0.8842163 0.91949344 0.89932185 0.5554936 0.5552839 0.078687124 0 0.91439945 0.91203403 0.9086678 0.90799636 0.92359364 0.99847597 0.9242792 0.91169673 0.59092313 0.9304776 0.52387106 0.51012385 0.5113093
0.7149754 0.3433587 0.81738806 0.811759 0.58413774 0.29693317 0.9476152 0.9287507 1.0060863 0.9958304 0.4362938 0.6599691 0.43183428 0.9360306 0.91915274 0.91439945 0.91439945 0 0.08135736 0.5784937 0.5741809 0.43844384 1.01146 0.44330403 0.80295604 0.90264636 0.6046809 0.92840576 0.9370764 0.9222244
0.70954716 0.34193748 0.8041238 0.80705124 0.5810934 0.29827154 0.9349863 0.91439945 1.0022715 0.99999183 0.43005788 0.65516293 0.4293485 0.9370764 0.9205164 0.9086678 0.91203403 0.08135736 0 0.5765499 0.5756876 0.43826443 1.0076177 0.43952116 0.8000446 0.90098226 0.5984365 0.929441 0.9253087 0.91915274
0.697032 0.5720337 0.81382793 0.8147164 0.31072804 0.5761186 0.91643286 0.9249654 0.9816297 0.9901927 0.5845737 0.65253264 0.5845737 0.9353342 0.92909575 0.9096761 0.9086678 0.5784937 0.5765499 0 0.059823725 0.5997702 0.98645765 0.60222155 0.81679356 0.9130469 0.483363 0.9150766 0.9123715 0.903313
0.6982995 0.57289183 0.81828076 0.8120542 0.3119397 0.5769814 0.92085767 0.92771643 0.9801504 0.98645765 0.5819619 0.65253264 0.58174473 0.93082345 0.9256522 0.9100125 0.90799636 0.5741809 0.5756876 0.059823725 0 0.5948914 0.9842255 0.59444946 0.8188765 0.90900373 0.48622596 0.9188122 0.91439945 0.9106857
0.7170537 0.44042012 0.82276016 0.8212641 0.59865856 0.44420755 0.94267863 0.95151687 1.002652 0.98907024 0.2554606 0.66748005 0.2072764 0.9626228 0.94903165 0.9229087 0.92359364 0.43844384 0.43826443 0.5997702 0.5948914 0 0.99923354 0.050353087 0.83788776 0.9133848 0.6123341 0.944438 0.9360306 0.93151563
1.0110749 0.99056727 0.9977191 0.97426224 1.0137748 0.9980974 1.0049399 0.9950763 0.6306556 0.6304238 0.9831119 0.9727974 0.9831119 1.01146 0.99923354 1.0083846 0.99847597 1.01146 1.0076177 0.98645765 0.9842255 0.99923354 0 1.0103053 0.98757625 0.9857129 0.98794943 0.9943229 0.99545324 0.9845971
0.7141975 0.4443884 0.8242593 0.8212641 0.6017752 0.4474692 0.94514287 0.95472425 1.01146 0.9962078 0.2567269 0.6689425 0.20780392 0.9644296 0.95508146 0.928061 0.9242792 0.44330403 0.43952116 0.60222155 0.59444946 0.050353087 1.0103053 0 0.84156424 0.91575444 0.6103006 0.9391723 0.94092345 0.9395222
0.84187144 0.8017901 0.6364741 0.6353068 0.82395923 0.80705124 0.9266836 0.9259958 1.0083846 0.99961257 0.8120542 0.82455945 0.8284728 0.92154074 0.9242792 0.9036466 0.91169673 0.80295604 0.8000446 0.81679356 0.8188765 0.83788776 0.98757625 0.84156424 0 0.90031767 0.8406434 0.927372 0.9063204 0.910349
0.93324894 0.8940332 0.8887815 0.89667284 0.89865875 0.89932185 0.61391944 0.5968834 1.0080011 0.9898184 0.8914027 0.9130469 0.8970035 0.6058015 0.59888077 0.58697575 0.59092313 0.90264636 0.90098226 0.9130469 0.90900373 0.9133848 0.9857129 0.91575444 0.90031767 0 0.91949344 0.604457 0.58938557 0.59865856
0.7175742 0.5889469 0.8508351 0.83972377 0.49006033 0.58938557 0.93324894 0.94549555 1.0242808 1.0227151 0.6049049 0.6745752 0.5962188 0.9419761 0.92840576 0.9297863 0.9304776 0.6046809 0.5984365 0.483363 0.48622596 0.6123341 0.98794943 0.6103006 0.8406434 0.91949344 0 0.9335961 0.929441 0.9263396
0.9349863 0.92017525 0.91813165 0.9013148 0.91983426 0.93116945 0.52166253 0.5232681 1.0238891 1.002652 0.92462224 0.90264636 0.92154074 0.5656289 0.56839764 0.5254814 0.52387106 0.92840576 0.929441 0.9150766 0.9188122 0.944438 0.9943229 0.9391723 0.927372 0.604457 0.9335961 0 0.44402677 0.53195745
0.91949344 0.9218825 0.9096761 0.9073255 0.9043141 0.9287507 0.50992644 0.5103213 1.0083846 0.9980974 0.9256522 0.9249654 0.91473794 0.5550743 0.5559132 0.5134875 0.51012385 0.9370764 0.9253087 0.9123715 0.91439945 0.9360306 0.99545324 0.94092345 0.9063204 0.58938557 0.929441 0.44402677 0 0.50953186
0.94092345 0.92359364 0.908332 0.9133848 0.9263396 0.92909575 0.3842868 0.39487758 1.001891 0.9939465 0.9297863 0.91983426 0.91779155 0.56350607 0.56223524 0.50953186 0.5113093 0.9222244 0.91915274 0.903313 0.9106857 0.93151563 0.9845971 0.9395222 0.910349 0.59865856 0.9263396 0.53195745 0.50953186 0
