0 0.417914 0.41861266 0.43808508 0.4822209 0.44601783 0.44765082 0.43970087 0.4100987 0.40202212 0.44132015 0.9842255 0.44114006 0.48089057 0.48051092 0.9583042 0.9655158 0.47578144 0.47899425 0.86972773 0.86972773 0.41165528 0.9655158 0.4095806 0.95508146 0.8716434 0.9666036 0.44946945 0.4463804 0.44240162
0.417914 0 0.19472599 0.44874147 0.48718274 0.45881367 0.4617693 0.45293704 0.40854537 0.39946267 0.43826443 0.98907024 0.4398806 0.48967603 0.48051092 0.9872032 0.990942 0.48089057 0.48679987 0.8809723 0.8851922 0.18519306 0.98645765 0.1846812 0.9872032 0.8643263 0.99169195 0.45184028 0.46029004 0.44692463
0.41861266 0.19472599 0 0.44837776 0.48393473 0.46121424 0.4604748 0.45312 0.40699527 0.39997387 0.44222128 0.9790429 0.44656178 0.4846977 0.47956264 0.982 0.9860852 0.4822209 0.48527044 0.8832416 0.890091 0.17476916 0.9709704 0.17413822 0.982 0.86718106 0.982 0.4474692 0.45899805 0.44983372
0.43808508 0.44874147 0.44837776 0 0.4797522 0.3667981 0.3690847 0.36062655 0.43790576 0.43575725 0.17514798 0.97609735 0.17843913 0.48279172 0.47899425 0.9977191 0.99131685 0.4752159 0.48070073 0.8884545 0.8927168 0.4352211 0.9753628 0.43647274 0.9842255 0.86591095 0.98794943 0.34209526 0.35210282 0.19278383
0.4822209 0.48718274 0.48393473 0.4797522 0 0.496818 0.48871607 0.48165047 0.48108047 0.4720192 0.47918367 0.9615409 0.47899425 0.15841123 0.15385495 0.9706055 0.98051995 0.16113356 0.16088566 0.8774201 0.8800019 0.471269 0.9709704 0.46902296 0.982 0.85582674 0.9783054 0.48775735 0.49256322 0.47729164
0.44601783 0.45881367 0.46121424 0.3667981 0.496818 0 0.15397772 0.15103655 0.45202297 0.44728765 0.36761394 0.99131685 0.36630902 0.49740008 0.487949 1.0011308 1.0076177 0.4881407 0.49372122 0.89601207 0.8943626 0.44366533 0.98907024 0.44384602 0.99999183 0.87774235 0.9962078 0.3672875 0.38095567 0.36745068
0.44765082 0.4617693 0.4604748 0.3690847 0.48871607 0.15397772 0 0.15018086 0.45385224 0.44765082 0.3717065 0.98496884 0.36630902 0.48986816 0.48488855 0.9946995 0.98907024 0.48184055 0.4841254 0.8848668 0.8864954 0.44384602 0.990942 0.44222128 0.9842255 0.87967867 0.9958304 0.3700668 0.3768125 0.36892113
0.43970087 0.45293704 0.45312 0.36062655 0.48165047 0.15103655 0.15018086 0 0.4418607 0.43700978 0.3619216 0.9706055 0.35868815 0.48775735 0.47842628 0.97978103 0.9894442 0.47861555 0.47994182 0.8787099 0.8787099 0.43683073 0.97024083 0.43593606 0.9831119 0.8652767 0.98683035 0.36386842 0.36924827 0.36419335
0.4100987 0.40854537 0.40699527 0.43790576 0.48108047 0.45202297 0.45385224 0.4418607 0 0.1438548 0.43272406 0.99056727 0.43236804 0.4841254 0.47823706 0.9673296 0.97978103 0.48127043 0.4822209 0.8848668 0.88910866 0.39284873 0.9713354 0.39335543 0.98237044 0.8722831 0.9801504 0.43808508 0.44042012 0.44132015
0.40202212 0.39946267 0.39997387 0.43575725 0.4720192 0.44728765 0.44765082 0.43700978 0.1438548 0 0.43254602 0.9816297 0.43272406 0.47578144 0.471269 0.9590223 0.9709704 0.4769138 0.47578144 0.8812961 0.8838912 0.38746512 0.9575869 0.38780046 0.9783054 0.85896355 0.9666036 0.4330803 0.44042012 0.44042012
0.44132015 0.43826443 0.44222128 0.17514798 0.47918367 0.36761394 0.3717065 0.3619216 0.43272406 0.43254602 0 0.9695119 0.092926286 0.48146042 0.47785875 0.98645765 0.9727974 0.47597006 0.48032117 0.8940332 0.89865875 0.43397155 0.9827411 0.43432835 0.99169195 0.8790327 0.9695119 0.3447826 0.35691568 0.19136275
0.9842255 0.98907024 0.9790429 0.97609735 0.9615409 0.99131685 0.98496884 0.9706055 0.99056727 0.9816297 0.9695119 0 0.9827411 0.959741 0.9590223 0.5384899 0.5421895 0.9691478 0.97573 0.97720057 0.9808897 0.9680563 0.35146344 0.96334505 0.34684414 0.9924427 0.54013187 0.9827411 0.99357027 0.98683035
0.44114006 0.4398806 0.44656178 0.17843913 0.47899425 0.36630902 0.36630902 0.35868815 0.43236804 0.43272406 0.092926286 0.9827411 0 0.48165047 0.47653615 0.98907024 0.9779369 0.47672495 0.47994182 0.8943626 0.9019803 0.4362938 0.98683035 0.4355785 0.990942 0.8783872 0.98683035 0.34162202 0.35194293 0.19265454
0.48089057 0.48967603 0.4846977 0.48279172 0.15841123 0.49740008 0.48986816 0.48775735 0.4841254 0.47578144 0.48146042 0.959741 0.48165047 0 0.08459662 0.98348296 0.9842255 0.15213813 0.15128121 0.87324363 0.877098 0.4723946 0.9709704 0.471269 0.9746289 0.8643263 0.9857129 0.4958489 0.50168246 0.483363
0.48051092 0.48051092 0.47956264 0.47899425 0.15385495 0.487949 0.48488855 0.47842628 0.47823706 0.471269 0.47785875 0.9590223 0.47653615 0.08459662 0 0.9768326 0.97941184 0.1467679 0.14628159 0.8694089 0.87100434 0.46492255 0.9662408 0.46380812 0.9666036 0.85363877 0.98237044 0.48775735 0.4927561 0.47389796
0.9583042 0.9872032 0.982 0.9977191 0.9706055 1.0011308 0.9946995 0.97978103 0.9673296 0.9590223 0.98645765 0.5384899 0.98907024 0.98348296 0.9768326 0 0.07846504 0.9808897 0.9857129 0.9476152 0.95294064 0.9680563 0.5350124 0.96334505 0.5204606 0.94514287 0.2195042 0.9943229 0.9946995 0.98757625
0.9655158 0.990942 0.9860852 0.99131685 0.98051995 1.0076177 0.98907024 0.9894442 0.97978103 0.9709704 0.9727974 0.5421895 0.9779369 0.9842255 0.97941184 0.07846504 0 0.99131685 0.9943229 0.953297 0.95794547 0.9673296 0.5415716 0.9655158 0.5204606 0.9540103 0.22393931 0.99357027 1.0003713 0.9790429
0.47578144 0.48089057 0.4822209 0.4752159 0.16113356 0.4881407 0.48184055 0.47861555 0.48127043 0.4769138 0.47597006 0.9691478 0.47672495 0.15213813 0.1467679 0.9808897 0.99131685 0 0.039101817 0.8812961 0.8838912 0.4718316 0.98237044 0.47070688 0.98051995 0.87420535 0.9931942 0.4869913 0.4919849 0.46977088
0.47899425 0.48679987 0.48527044 0.48070073 0.16088566 0.49372122 0.4841254 0.47994182 0.4822209 0.47578144 0.48032117 0.97573 0.47994182 0.15128121 0.14628159 0.9857129 0.9943229 0.039101817 0 0.8812961 0.8838912 0.47352183 0.97867405 0.47258234 0.9801504 0.8738847 0.9969631 0.49006033 0.49623638 0.4723946
0.86972773 0.8809723 0.8832416 0.8884545 0.8774201 0.89601207 0.8848668 0.8787099 0.8848668 0.8812961 0.8940332 0.97720057 0.8943626 0.87324363 0.8694089 0.9476152 0.953297 0.8812961 0.8812961 0 0.029471537 0.8643263 0.9713354 0.8652767 0.9687838 0.26351684 0.9669665 0.8835664 0.8943626 0.89932185
0.86972773 0.8851922 0.890091 0.8927168 0.8800019 0.8943626 0.8864954 0.8787099 0.88910866 0.8838912 0.89865875 0.9808897 0.9019803 0.877098 0.87100434 0.95294064 0.95794547 0.8838912 0.8838912 0.029471537 0 0.8694089 0.9775687 0.8703658 0.9746289 0.26522398 0.9709704 0.88259256 0.8953518 0.9013148
0.41165528 0.18519306 0.17476916 0.4352211 0.471269 0.44366533 0.44384602 0.43683073 0.39284873 0.38746512 0.43397155 0.9680563 0.4362938 0.4723946 0.46492255 0.9680563 0.9673296 0.4718316 0.47352183 0.8643263 0.8694089 0 0.9658782 0.007941901 0.96010065 0.8545757 0.9651536 0.4458366 0.45019814 0.44330403
0.9655158 0.98645765 0.9709704 0.9753628 0.9709704 0.98907024 0.990942 0.97024083 0.9713354 0.9575869 0.9827411 0.35146344 0.98683035 0.9709704 0.9662408 0.5350124 0.5415716 0.98237044 0.97867405 0.9713354 0.9775687 0.9658782 0 0.96298385 0.31955704 0.98832285 0.5413658 1.0003713 1.0076177 0.9709704
0.4095806 0.1846812 0.17413822 0.43647274 0.46902296 0.44384602 0.44222128 0.43593606 0.39335543 0.38780046 0.43432835 0.96334505 0.4355785 0.471269 0.46380812 0.96334505 0.9655158 0.47070688 0.47258234 0.8652767 0.8703658 0.007941901 0.96298385 0 0.9565121 0.85520095 0.9637064 0.44475016 0.44874147 0.44366533
0.95508146 0.9872032 0.982 0.9842255 0.982 0.99999183 0.9842255 0.9831119 0.98237044 0.9783054 0.99169195 0.34684414 0.990942 0.9746289 0.9666036 0.5204606 0.5204606 0.98051995 0.9801504 0.9687838 0.9746289 0.96010065 0.31955704 0.9565121 0 0.9669665 0.530536 1.0003713 1.0141612 0.98907024
0.8716434 0.8643263 0.86718106 0.86591095 0.85582674 0.87774235 0.87967867 0.8652767 0.8722831 0.85896355 0.8790327 0.9924427 0.8783872 0.8643263 0.85363877 0.94514287 0.9540103 0.87420535 0.8738847 0.26351684 0.26522398 0.8545757 0.98832285 0.85520095 0.9669665 0 0.9604604 0.87420535 0.8809723 0.87806475
0.9666036 0.99169195 0.982 0.98794943 0.9783054 0.9962078 0.9958304 0.98683035 0.9801504 0.9666036 0.9695119 0.54013187 0.98683035 0.9857129 0.98237044 0.2195042 0.22393931 0.9931942 0.9969631 0.9669665 0.9709704 0.9651536 0.5413658 0.9637064 0.530536 0.9604604 0 1.000751 0.9980974 0.98757625
0.44946945 0.45184028 0.4474692 0.34209526 0.48775735 0.3672875 0.3700668 0.36386842 0.43808508 0.4330803 0.3447826 0.9827411 0.34162202 0.4958489 0.48775735 0.9943229 0.99357027 0.4869913 0.49006033 0.8835664 0.88259256 0.4458366 1.0003713 0.44475016 1.0003713 0.87420535 1.000751 0 0.20032158 0.34922987
0.4463804 0.46029004 0.45899805 0.35210282 0.49256322 0.38095567 0.3768125 0.36924827 0.44042012 0.44042012 0.35691568 0.99357027 0.35194293 0.50168246 0.4927561 0.9946995 1.0003713 0.4919849 0.49623638 0.8943626 0.8953518 0.45019814 1.0076177 0.44874147 1.0141612 0.8809723 0.9980974 0.20032158 0 0.35852686
0.44240162 0.44692463 0.44983372 0.19278383 0.47729164 0.36745068 0.36892113 0.36419335 0.44132015 0.44042012 0.19136275 0.98683035 0.19265454 0.483363 0.47389796 0.98757625 0.9790429 0.46977088 0.4723946 0.89932185 0.9013148 0.44330403 0.9709704 0.44366533 0.98907024 0.87806475 0.98757625 0.34922987 0.35852686 0
