0 0.9695119 0.9801504 0.9924427 0.9838541 0.97426224 0.9950763 0.990942 0.9838541 0.9746289 0.98832285 1.0015109 0.9827411 0.9727974 0.9977191 1.0095364 0.95615417 0.99734104 1.0003713 0.9593815 0.9568702 0.9669665 0.99923354 0.96841997 1.0068517 0.99923354 1.0223241 0.9924427 0.9775687 0.9779369
0.9695119 0 0.65492344 0.55110216 0.8953518 0.537056 0.64729947 0.88616943 0.8970035 0.5459075 0.5523542 1.0076177 0.64587855 0.63998693 0.6506254 0.65660155 0.30951837 0.9086678 0.92085767 0.3087633 0.30275005 0.8897634 0.9013148 0.88910866 0.9110226 1.0064689 0.99281836 0.65492344 0.65134007 0.8927168
0.9801504 0.65492344 0 0.65134007 0.8970035 0.6332101 0.63297755 0.88780093 0.8989902 0.6515784 0.65852404 0.98645765 0.624192 0.6269553 0.31741637 0.32339495 0.64280915 0.90799636 0.91983426 0.64564204 0.6418672 0.86877173 0.8838912 0.8726031 0.8881276 0.97352946 0.97352946 0.33315444 0.332531 0.8848668
0.9924427 0.55110216 0.65134007 0 0.90565103 0.28426346 0.6606927 0.88682157 0.8989902 0.28821814 0.28821814 1.015322 0.6582834 0.6631097 0.6599691 0.67163116 0.54570043 0.92017525 0.9249654 0.53256744 0.5339927 0.91203403 0.89865875 0.9106857 0.8904187 1.0030329 1.0034139 0.6413967 0.6461152 0.89304566
0.9838541 0.8953518 0.8970035 0.90565103 0 0.8953518 0.91203403 0.91203403 0.93116945 0.8963424 0.8963424 1.0045581 0.8927168 0.89304566 0.8937039 0.9086678 0.9019803 0.9266836 0.929441 0.91813165 0.9113596 0.27916783 0.8047084 0.27974844 0.8099901 0.98907024 0.9727974 0.903313 0.9130469 0.90766084
0.97426224 0.537056 0.6332101 0.28426346 0.8953518 0 0.63975227 0.86274505 0.8855178 0.23630708 0.2330254 1.0160967 0.6406915 0.65348804 0.65277135 0.6558819 0.5321607 0.8923881 0.89469224 0.5256829 0.52306724 0.89766514 0.8842163 0.895022 0.88259256 0.9924427 0.98683035 0.64328057 0.6367077 0.8851922
0.9950763 0.64729947 0.63297755 0.6606927 0.91203403 0.63975227 0 0.8897634 0.891731 0.64872307 0.65277135 0.9980974 0.19498533 0.19317186 0.6376432 0.6489606 0.6477737 0.91575444 0.91643286 0.6413967 0.6369415 0.91541547 0.9150766 0.9123715 0.8943626 0.9894442 0.98348296 0.62741685 0.62880313 0.89865875
0.990942 0.88616943 0.88780093 0.88682157 0.91203403 0.86274505 0.8897634 0 0.17413822 0.877098 0.88194406 0.9405729 0.88226825 0.8864954 0.8897634 0.8871479 0.8694089 0.31300145 0.31012297 0.86654574 0.8716434 0.8800019 0.8956819 0.8838912 0.9019803 0.94514287 0.959741 0.8751683 0.8783872 0.30755678
0.9838541 0.8970035 0.8989902 0.8989902 0.93116945 0.8855178 0.891731 0.17413822 0 0.89932185 0.8979962 0.96479154 0.88259256 0.8812961 0.8953518 0.90098226 0.8933747 0.3237028 0.3201698 0.8897634 0.8953518 0.9059856 0.91983426 0.90799636 0.9046481 0.94903165 0.97499573 0.891731 0.8897634 0.31695846
0.9746289 0.5459075 0.6515784 0.28821814 0.8963424 0.23630708 0.64872307 0.877098 0.89932185 0 0.16898443 1.0207624 0.65660155 0.6592462 0.66093403 0.6611755 0.5350124 0.9127091 0.9150766 0.52952236 0.530536 0.8973342 0.8910746 0.8963424 0.8904187 0.9898184 0.9853408 0.64872307 0.6532491 0.890091
0.98832285 0.5523542 0.65852404 0.28821814 0.8963424 0.2330254 0.65277135 0.88194406 0.8979962 0.16898443 0 1.0389212 0.6522939 0.6602102 0.6623838 0.66577744 0.5360335 0.9100125 0.91983426 0.53480834 0.5374654 0.90164745 0.8848668 0.90264636 0.8887815 0.99961257 0.99545324 0.65134007 0.65516293 0.8848668
1.0015109 1.0076177 0.98645765 1.015322 1.0045581 1.0160967 0.9980974 0.9405729 0.96479154 1.0207624 1.0389212 0 0.9860852 0.97426224 0.98051995 0.99357027 1.0045581 0.9775687 0.9764649 0.9901927 0.99885464 0.99847597 1.0080011 0.9969631 0.99545324 0.8406434 0.8455675 0.97573 1.0037951 0.96190137
0.9827411 0.64587855 0.624192 0.6582834 0.8927168 0.6406915 0.19498533 0.88226825 0.88259256 0.65660155 0.6522939 0.9860852 0 0.17086585 0.6315835 0.6348403 0.64351636 0.9096761 0.90264636 0.6413967 0.63554007 0.89469224 0.9059856 0.8933747 0.8812961 0.982 0.9706055 0.61278665 0.617328 0.8907466
0.9727974 0.63998693 0.6269553 0.6631097 0.89304566 0.65348804 0.19317186 0.8864954 0.8812961 0.6592462 0.6602102 0.97426224 0.17086585 0 0.64469653 0.64540553 0.6465887 0.91203403 0.90799636 0.6409265 0.6348403 0.90264636 0.9174517 0.89932185 0.87356406 0.9920673 0.98125964 0.6285719 0.63088745 0.8907466
0.9977191 0.6506254 0.31741637 0.6599691 0.8937039 0.65277135 0.6376432 0.8897634 0.8953518 0.66093403 0.6623838 0.98051995 0.6315835 0.64469653 0 0.17224857 0.6501494 0.91439945 0.9167723 0.64682555 0.64351636 0.86749893 0.8858435 0.8713238 0.8983274 0.97573 0.9779369 0.33113015 0.335497 0.88162
1.0095364 0.65660155 0.32339495 0.67163116 0.9086678 0.6558819 0.6489606 0.8871479 0.90098226 0.6611755 0.66577744 0.99357027 0.6348403 0.64540553 0.17224857 0 0.6563616 0.92462224 0.9346385 0.65564215 0.6532491 0.877098 0.88780093 0.88259256 0.90498227 0.9860852 0.9827411 0.335497 0.3372195 0.8933747
0.95615417 0.30951837 0.64280915 0.54570043 0.9019803 0.5321607 0.6477737 0.8694089 0.8933747 0.5350124 0.5360335 1.0045581 0.64351636 0.6465887 0.6501494 0.6563616 0 0.8956819 0.9133848 0.15717708 0.15496069 0.8907466 0.87645423 0.8973342 0.8884545 0.9845971 0.9980974 0.63251257 0.63554007 0.89601207
0.99734104 0.9086678 0.90799636 0.92017525 0.9266836 0.8923881 0.91575444 0.31300145 0.3237028 0.9127091 0.9100125 0.9775687 0.9096761 0.91203403 0.91439945 0.92462224 0.8956819 0 0.089763634 0.8970035 0.89667284 0.91169673 0.9150766 0.9130469 0.92017525 0.96298385 0.9894442 0.9184719 0.9174517 0.31467304
1.0003713 0.92085767 0.91983426 0.9249654 0.929441 0.89469224 0.91643286 0.31012297 0.3201698 0.9150766 0.91983426 0.9764649 0.90264636 0.90799636 0.9167723 0.9346385 0.9133848 0.089763634 0 0.9059856 0.9100125 0.91541547 0.91813165 0.91541547 0.9232511 0.9626228 0.990942 0.92909575 0.9249654 0.31756908
0.9593815 0.3087633 0.64564204 0.53256744 0.91813165 0.5256829 0.6413967 0.86654574 0.8897634 0.52952236 0.53480834 0.9901927 0.6413967 0.6409265 0.64682555 0.65564215 0.15717708 0.8970035 0.9059856 0 0.058741476 0.8943626 0.8812961 0.8963424 0.88910866 0.98237044 0.98794943 0.6343742 0.6348403 0.88910866
0.9568702 0.30275005 0.6418672 0.5339927 0.9113596 0.52306724 0.6369415 0.8716434 0.8953518 0.530536 0.5374654 0.99885464 0.63554007 0.6348403 0.64351636 0.6532491 0.15496069 0.89667284 0.9100125 0.058741476 0 0.8884545 0.8848668 0.8914027 0.8864954 0.9845971 0.99169195 0.6313514 0.6334428 0.89469224
0.9669665 0.8897634 0.86877173 0.91203403 0.27916783 0.89766514 0.91541547 0.8800019 0.9059856 0.8973342 0.90164745 0.99847597 0.89469224 0.90264636 0.86749893 0.877098 0.8907466 0.91169673 0.91541547 0.8943626 0.8884545 0 0.811759 0.018834526 0.7913773 0.9898184 0.9651536 0.88291705 0.8809723 0.88064873
0.99923354 0.9013148 0.8838912 0.89865875 0.8047084 0.8842163 0.9150766 0.8956819 0.91983426 0.8910746 0.8848668 1.0080011 0.9059856 0.9174517 0.8858435 0.88780093 0.87645423 0.9150766 0.91813165 0.8812961 0.8848668 0.811759 0 0.81294054 0.7307048 1.005704 0.98496884 0.8871479 0.8809723 0.90933985
0.96841997 0.88910866 0.8726031 0.9106857 0.27974844 0.895022 0.9123715 0.8838912 0.90799636 0.8963424 0.90264636 0.9969631 0.8933747 0.89932185 0.8713238 0.88259256 0.8973342 0.9130469 0.91541547 0.8963424 0.8914027 0.018834526 0.81294054 0 0.7916646 0.9950763 0.9727974 0.8923881 0.88682157 0.8858435
1.0068517 0.9110226 0.8881276 0.8904187 0.8099901 0.88259256 0.8943626 0.9019803 0.9046481 0.8904187 0.8887815 0.99545324 0.8812961 0.87356406 0.8983274 0.90498227 0.8884545 0.92017525 0.9232511 0.88910866 0.8864954 0.7913773 0.7307048 0.7916646 0 0.9698763 0.959741 0.8914027 0.88943595 0.890091
0.99923354 1.0064689 0.97352946 1.0030329 0.98907024 0.9924427 0.9894442 0.94514287 0.94903165 0.9898184 0.99961257 0.8406434 0.982 0.9920673 0.97573 0.9860852 0.9845971 0.96298385 0.9626228 0.98237044 0.9845971 0.9898184 1.005704 0.9950763 0.9698763 0 0.33144122 0.96841997 0.9857129 0.9483231
1.0223241 0.99281836 0.97352946 1.0034139 0.9727974 0.98683035 0.98348296 0.959741 0.97499573 0.9853408 0.99545324 0.8455675 0.9706055 0.98125964 0.9779369 0.9827411 0.9980974 0.9894442 0.990942 0.98794943 0.99169195 0.9651536 0.98496884 0.9727974 0.959741 0.33144122 0 0.9738958 1.0083846 0.9662408
0.9924427 0.65492344 0.33315444 0.6413967 0.903313 0.64328057 0.62741685 0.8751683 0.891731 0.64872307 0.65134007 0.97573 0.61278665 0.6285719 0.33113015 0.335497 0.63251257 0.9184719 0.92909575 0.6343742 0.6313514 0.88291705 0.8871479 0.8923881 0.8914027 0.96841997 0.9738958 0 0.32493562 0.8855178
0.9775687 0.65134007 0.332531 0.6461152 0.9130469 0.6367077 0.62880313 0.8783872 0.8897634 0.6532491 0.65516293 1.0037951 0.617328 0.63088745 0.335497 0.3372195 0.63554007 0.9174517 0.9249654 0.6348403 0.6334428 0.8809723 0.8809723 0.88682157 0.88943595 0.9857129 1.0083846 0.32493562 0 0.8783872
0.9779369 0.8927168 0.8848668 0.89304566 0.90766084 0.8851922 0.89865875 0.30755678 0.31695846 0.890091 0.8848668 0.96190137 0.8907466 0.8907466 0.88162 0.8933747 0.89601207 0.31467304 0.31756908 0.88910866 0.89469224 0.88064873 0.90933985 0.8858435 0.890091 0.9483231 0.9662408 0.8855178 0.8783872 0
