0 1.0195932 1.014548 0.9845971 1.001891 1.0246727 0.9980974 1.0227151 1.0195932 1.0223241 1.0157093 0.99658537 1.0349361 0.98832285 0.9816297 1.0172604 1.025065 0.9872032 0.98683035 0.9853408 0.9808897 1.0037951 1.0076177 1.0068517 0.9842255 1.0157093 1.0072346 1.0041765 0.9950763 1.0207624
1.0195932 0 0.86559373 0.85488826 0.8726031 0.22975801 0.405105 0.64824826 0.6376432 0.6465887 0.23057352 0.59954774 0.23534843 0.90766084 0.89469224 0.41843793 0.41443047 0.86179787 0.8729233 0.4130416 0.4087178 0.6350735 0.469958 0.6334428 0.6339084 0.4102715 0.62810963 0.8904187 0.8858435 0.8783872
1.014548 0.86559373 0 0.20754011 0.21977226 0.8694089 0.84495026 0.84587634 0.847732 0.85488826 0.8624292 0.8446418 0.86718106 0.8505242 0.85114604 0.85613984 0.85802114 0.8726031 0.8774201 0.84711295 0.84187144 0.85645306 0.8502134 0.85802114 0.828171 0.8649598 0.83849925 0.8790327 0.8927168 0.24042948
0.9845971 0.85488826 0.20754011 0 0.17275202 0.85645306 0.82907665 0.84928197 0.84125715 0.85363877 0.85770726 0.84095025 0.86559373 0.83972377 0.83788776 0.85959244 0.85833514 0.8495923 0.85520095 0.84402525 0.8381934 0.85488826 0.8530148 0.8545757 0.83240664 0.86337715 0.8357514 0.864643 0.8713238 0.23138992
1.001891 0.8726031 0.21977226 0.17275202 0 0.8803252 0.8611671 0.864643 0.86591095 0.87356406 0.8884545 0.863061 0.8996537 0.85645306 0.85582674 0.870685 0.8608519 0.8713238 0.87677604 0.8640098 0.8592779 0.87420535 0.8678169 0.8716434 0.84156424 0.88226825 0.86654574 0.86559373 0.8722831 0.24415912
1.0246727 0.22975801 0.8694089 0.85645306 0.8803252 0 0.40407598 0.64469653 0.6449328 0.64824826 0.16399023 0.59888077 0.16986184 0.90164745 0.88682157 0.41113606 0.41044435 0.8636934 0.8842163 0.41443047 0.40923536 0.6378772 0.47785875 0.6395176 0.6362405 0.41756493 0.6374092 0.88780093 0.8907466 0.8809723
0.9980974 0.405105 0.84495026 0.82907665 0.8611671 0.40407598 0 0.632745 0.62880313 0.64116156 0.41286817 0.58850837 0.417216 0.8716434 0.8643263 0.39521626 0.39166775 0.85207987 0.863061 0.12862524 0.12130119 0.6320479 0.4740861 0.6350735 0.62396216 0.35755974 0.62603307 0.8668633 0.87774235 0.8483516
1.0227151 0.64824826 0.84587634 0.84928197 0.864643 0.64469653 0.632745 0 0.12389187 0.12945665 0.6506254 0.62741685 0.6520554 0.8910746 0.8812961 0.65181684 0.6465887 0.86972773 0.8803252 0.63088745 0.62465185 0.5444594 0.63019204 0.5471509 0.35482633 0.65038735 0.3122429 0.8999856 0.8996537 0.86718106
1.0195932 0.6376432 0.847732 0.84125715 0.86591095 0.6449328 0.62880313 0.12389187 0 0.09224745 0.6470625 0.6276477 0.6506254 0.88064873 0.8722831 0.6465887 0.64469653 0.87484723 0.8800019 0.63019204 0.62465185 0.54985213 0.6285719 0.5494359 0.35322306 0.65038735 0.31360888 0.895022 0.88682157 0.870685
1.0223241 0.6465887 0.85488826 0.85363877 0.87356406 0.64824826 0.64116156 0.12945665 0.09224745 0 0.65038735 0.63998693 0.654684 0.8738847 0.86591095 0.65110177 0.6475366 0.88162 0.88682157 0.64116156 0.6350735 0.5618121 0.6320479 0.5607553 0.36224574 0.6568416 0.31756908 0.89932185 0.90098226 0.88291705
1.0157093 0.23057352 0.8624292 0.85770726 0.8884545 0.16399023 0.41286817 0.6506254 0.6470625 0.65038735 0 0.6058015 0.085941106 0.8956819 0.8884545 0.41861266 0.41651866 0.86179787 0.8790327 0.4166929 0.40975326 0.6313514 0.48089057 0.62810963 0.6367077 0.41739044 0.6395176 0.89601207 0.9019803 0.8832416
0.99658537 0.59954774 0.8446418 0.84095025 0.863061 0.59888077 0.58850837 0.62741685 0.6276477 0.63998693 0.6058015 0 0.60625017 0.8881276 0.87806475 0.6060258 0.6040094 0.88943595 0.890091 0.58982456 0.58544624 0.62075216 0.6002153 0.6182396 0.6318157 0.5951125 0.615281 0.8838912 0.903313 0.8480418
1.0349361 0.23534843 0.86718106 0.86559373 0.8996537 0.16986184 0.417216 0.6520554 0.6506254 0.654684 0.085941106 0.60625017 0 0.90498227 0.8927168 0.42634106 0.42475376 0.8694089 0.8835664 0.42194015 0.41529983 0.6439882 0.48603475 0.64116156 0.6406915 0.41843793 0.6421026 0.90231323 0.903313 0.8920595
0.98832285 0.90766084 0.8505242 0.83972377 0.85645306 0.90164745 0.8716434 0.8910746 0.88064873 0.8738847 0.8956819 0.8881276 0.90498227 0 0.08080027 0.90398026 0.8933747 0.71992075 0.72568804 0.88162 0.88291705 0.8803252 0.8956819 0.8812961 0.8812961 0.8943626 0.8774201 0.70774645 0.7141975 0.87484723
0.9816297 0.89469224 0.85114604 0.83788776 0.85582674 0.88682157 0.8643263 0.8812961 0.8722831 0.86591095 0.8884545 0.87806475 0.8927168 0.08080027 0 0.8914027 0.8835664 0.7173139 0.723061 0.87324363 0.8726031 0.8745262 0.8864954 0.87484723 0.87484723 0.8812961 0.8694089 0.70390224 0.71238565 0.86559373
1.0172604 0.41843793 0.85613984 0.85959244 0.870685 0.41113606 0.39521626 0.65181684 0.6465887 0.65110177 0.41861266 0.6060258 0.42634106 0.90398026 0.8914027 0 0.053138807 0.8754896 0.8884545 0.39640284 0.3926799 0.64163196 0.48507947 0.63998693 0.63834554 0.40476185 0.6311194 0.8842163 0.88780093 0.8694089
1.025065 0.41443047 0.85802114 0.85833514 0.8608519 0.41044435 0.39166775 0.6465887 0.64469653 0.6475366 0.41651866 0.6040094 0.42475376 0.8933747 0.8835664 0.053138807 0 0.8662283 0.88194406 0.39453906 0.3901521 0.6402217 0.4822209 0.63811135 0.6332101 0.4045903 0.6332101 0.8832416 0.8812961 0.86591095
0.9872032 0.86179787 0.8726031 0.8495923 0.8713238 0.8636934 0.85207987 0.86972773 0.87484723 0.88162 0.86179787 0.88943595 0.8694089 0.71992075 0.7173139 0.8754896 0.8662283 0 0.05528873 0.8567664 0.85488826 0.87806475 0.8602219 0.88162 0.864643 0.8729233 0.86654574 0.4744625 0.47899425 0.86813504
0.98683035 0.8729233 0.8774201 0.85520095 0.87677604 0.8842163 0.863061 0.8803252 0.8800019 0.88682157 0.8790327 0.890091 0.8835664 0.72568804 0.723061 0.8884545 0.88194406 0.05528873 0 0.8694089 0.8662283 0.8864954 0.8726031 0.8904187 0.8668633 0.8838912 0.87774235 0.4723946 0.4746508 0.877098
0.9853408 0.4130416 0.84711295 0.84402525 0.8640098 0.41443047 0.12862524 0.63088745 0.63019204 0.64116156 0.4166929 0.58982456 0.42194015 0.88162 0.87324363 0.39640284 0.39453906 0.8567664 0.8694089 0 0.049070854 0.6376432 0.47766966 0.63928306 0.62880313 0.36030313 0.6315835 0.8649598 0.8745262 0.8502134
0.9808897 0.4087178 0.84187144 0.8381934 0.8592779 0.40923536 0.12130119 0.62465185 0.62465185 0.6350735 0.40975326 0.58544624 0.41529983 0.88291705 0.8726031 0.3926799 0.3901521 0.85488826 0.8662283 0.049070854 0 0.6311194 0.47672495 0.6315835 0.62534213 0.35611138 0.62006605 0.86559373 0.86877173 0.847732
1.0037951 0.6350735 0.85645306 0.85488826 0.87420535 0.6378772 0.6320479 0.5444594 0.54985213 0.5618121 0.6313514 0.62075216 0.6439882 0.8803252 0.8745262 0.64163196 0.6402217 0.87806475 0.8864954 0.6376432 0.6311194 0 0.63975227 0.035633236 0.5419835 0.64729947 0.5504769 0.87806475 0.88780093 0.8611671
1.0076177 0.469958 0.8502134 0.8530148 0.8678169 0.47785875 0.4740861 0.63019204 0.6285719 0.6320479 0.48089057 0.6002153 0.48603475 0.8956819 0.8864954 0.48507947 0.4822209 0.8602219 0.8726031 0.47766966 0.47672495 0.63975227 0 0.6362405 0.627186 0.47258234 0.6269553 0.87967867 0.8907466 0.8726031
1.0068517 0.6334428 0.85802114 0.8545757 0.8716434 0.6395176 0.6350735 0.5471509 0.5494359 0.5607553 0.62810963 0.6182396 0.64116156 0.8812961 0.87484723 0.63998693 0.63811135 0.88162 0.8904187 0.63928306 0.6315835 0.035633236 0.6362405 0 0.5413658 0.64469653 0.5504769 0.87774235 0.88910866 0.86559373
0.9842255 0.6339084 0.828171 0.83240664 0.84156424 0.6362405 0.62396216 0.35482633 0.35322306 0.36224574 0.6367077 0.6318157 0.6406915 0.8812961 0.87484723 0.63834554 0.6332101 0.864643 0.8668633 0.62880313 0.62534213 0.5419835 0.627186 0.5413658 0 0.6283408 0.35595062 0.88682157 0.903313 0.8505242
1.0157093 0.4102715 0.8649598 0.86337715 0.88226825 0.41756493 0.35755974 0.65038735 0.65038735 0.6568416 0.41739044 0.5951125 0.41843793 0.8943626 0.8812961 0.40476185 0.4045903 0.8729233 0.8838912 0.36030313 0.35611138 0.64729947 0.47258234 0.64469653 0.6283408 0 0.63460726 0.8754896 0.87484723 0.8800019
1.0072346 0.62810963 0.83849925 0.8357514 0.86654574 0.6374092 0.62603307 0.3122429 0.31360888 0.31756908 0.6395176 0.615281 0.6421026 0.8774201 0.8694089 0.6311194 0.6332101 0.86654574 0.87774235 0.6315835 0.62006605 0.5504769 0.6269553 0.5504769 0.35595062 0.63460726 0 0.8871479 0.8953518 0.863061
1.0041765 0.8904187 0.8790327 0.864643 0.86559373 0.88780093 0.8668633 0.8999856 0.895022 0.89932185 0.89601207 0.8838912 0.90231323 0.70774645 0.70390224 0.8842163 0.8832416 0.4744625 0.4723946 0.8649598 0.86559373 0.87806475 0.87967867 0.87774235 0.88682157 0.8754896 0.8871479 0 0.3011048 0.86654574
0.9950763 0.8858435 0.8927168 0.8713238 0.8722831 0.8907466 0.87774235 0.8996537 0.88682157 0.90098226 0.9019803 0.903313 0.903313 0.7141975 0.71238565 0.88780093 0.8812961 0.47899425 0.4746508 0.8745262 0.86877173 0.88780093 0.8907466 0.88910866 0.903313 0.87484723 0.8953518 0.3011048 0 0.8745262
1.0207624 0.8783872 0.24042948 0.23138992 0.24415912 0.8809723 0.8483516 0.86718106 0.870685 0.88291705 0.8832416 0.8480418 0.8920595 0.87484723 0.86559373 0.8694089 0.86591095 0.86813504 0.877098 0.8502134 0.847732 0.8611671 0.8726031 0.86559373 0.8505242 0.8800019 0.863061 0.86654574 0.8745262 0
