0 0.86397372333 0.87544380333 0.85267644333 1.01051727333 1.00706547333 1.02018977333 1.02331167333 0.84339033333 0.85704963333 0.85579752333 0.98668177333 0.86523957333 0.86460637333 1.00248757333 1.01051727333 1.00744827333 0.85298797333 0.84801897333 0.99228852333 0.98817282333 1.00210747333 0.98296701333 1.00134757333 1.00286807333 1.02723207333 0.98705422333 0.54712551333 0.55357767333 1.01785697333
0.86397372333 0 0.22737193333 0.35574397333 1.01785697333 1.01824537333 1.03196397333 1.02959437333 0.35190024333 0.34855311333 0.34601287333 1.00020914333 0.22063698333 0.22211347333 1.00783117333 1.00706547333 1.03434127333 0.35078287333 0.34966715333 1.01437137333 1.01282737333 1.03672597333 0.99153857333 1.03752257333 0.98482207333 1.01746897333 0.99604981333 0.87160091333 0.87160091333 1.02057937333
0.87544380333 0.22737193333 0 0.35285934333 1.00020914333 1.00058840333 1.03712417333 1.03275557333 0.34585439333 0.34490423333 0.33938544333 1.01090187333 0.19286333333 0.19519294333 0.98966681333 0.99116384333 1.01863387333 0.34632994333 0.34601287333 1.02057937333 1.01902257333 1.01863387333 0.99454307333 1.01941147333 1.01090187333 1.01090187333 1.00630057333 0.87192037333 0.87192037333 1.02683917333
0.85267644333 0.35574397333 0.35285934333 0 0.99680437333 1.00591847333 1.03117327333 1.02487737333 0.16658049333 0.16334343333 0.16608158333 0.99379077333 0.34284967333 0.34934867333 0.99642697333 0.99341493333 1.01553147333 0.16421357333 0.16334343333 1.00936487333 1.00286807333 1.01630587333 0.99116384333 1.01708107333 0.99266387333 1.00783117333 0.98333767333 0.87448127333 0.86334162333 1.01553147333
1.01051727333 1.01785697333 1.00020914333 0.99680437333 0 0.08586513833 0.66177207333 0.66104797333 0.98074697333 0.97890197333 0.97559230333 0.49335267333 0.99567287333 1.00134757333 0.12720647333 0.12827274333 0.12590532333 0.99004077333 0.98593737333 0.64884483333 0.64742212333 0.12661477333 0.64011417333 0.12661477333 0.65336792333 0.38005807333 0.38321595333 1.00859767333 0.98854600333 0.65647847333
1.00706547333 1.01824537333 1.00058840333 1.00591847333 0.08586513833 0 0.66032462333 0.65839907333 0.98593737333 0.98779977333 0.98222627333 0.48510345333 0.99416684333 1.00134757333 0.12720647333 0.12827274333 0.12649647333 0.99191342333 0.98817282333 0.64011417333 0.63894211333 0.12696973333 0.64434887333 0.12696973333 0.64765907333 0.37823587333 0.38121994333 1.00248757333 0.98593737333 0.65552001333
1.02018977333 1.03196397333 1.03712417333 1.03117327333 0.66177207333 0.66032462333 0 0.07507518333 1.01475777333 1.02174907333 1.01051727333 0.63102037333 1.02959437333 1.02801877333 0.66273857333 0.66443293333 0.66322227333 1.03077817333 1.02292067333 0.51269721333 0.51408407333 0.66177207333 0.46924584333 0.66201357333 0.45867314333 0.64199327333 0.63870792333 1.03394457333 1.01553147333 0.26539339333
1.02331167333 1.02959437333 1.03275557333 1.02487737333 0.66104797333 0.65839907333 0.07507518333 0 1.00515467333 1.01514457333 1.01013297333 0.63777187333 1.02526927333 1.02292067333 0.66104797333 0.66540282333 0.66128927333 1.01785697333 1.01128657333 0.51249932333 0.51309322333 0.66032462333 0.47317891333 0.66056567333 0.45885734333 0.64340572333 0.63730427333 1.04593827333 1.01591857333 0.26767434333
0.84339033333 0.35190024333 0.34585439333 0.16658049333 0.98074697333 0.98593737333 1.01475777333 1.00515467333 0 0.09318336333 0.09510920733 0.98556541333 0.33750259333 0.34080069333 0.97559230333 0.97632657333 1.00401047333 0.07364083333 0.07286962333 1.00210747333 0.99680437333 1.00058840333 0.97853347333 1.00134757333 0.99416684333 0.99416684333 0.96611237333 0.86587327333 0.85548483333 1.00630057333
0.85704963333 0.34855311333 0.34490423333 0.16334343333 0.97890197333 0.98779977333 1.02174907333 1.01514457333 0.09318336333 0 0.04519679333 0.99379077333 0.33609357333 0.33891429333 0.97302823333 0.97412603333 1.00020914333 0.09092398333 0.09013481333 1.01051727333 1.00515467333 0.99718194333 0.97742917333 0.99793761333 0.98482207333 0.99831567333 0.97193197333 0.86936830333 0.85329960333 1.00401047333
0.85579752333 0.34601287333 0.33938544333 0.16608158333 0.97559230333 0.98222627333 1.01051727333 1.01013297333 0.09510920733 0.04519679333 0 0.98966681333 0.33453107333 0.33781607333 0.96502617333 0.96865287333 0.99379077333 0.09329651333 0.09295712333 1.00401047333 0.99945121333 0.99041497333 0.97302823333 0.99116384333 0.97375994333 0.99228852333 0.97047287333 0.87128157333 0.86050367333 0.99718194333
0.98668177333 1.00020914333 1.01090187333 0.99379077333 0.49335267333 0.48510345333 0.63102037333 0.63777187333 0.98556541333 0.99379077333 0.98966681333 0 0.99567287333 0.99379077333 0.49238877333 0.49354561333 0.49123375333 0.99491947333 0.99191342333 0.63894211333 0.63753807333 0.48873727333 0.63730427333 0.48854557333 0.62870620333 0.47959082333 0.48376911333 1.00974887333 1.00020914333 0.63218007333
0.86523957333 0.22063698333 0.19286333333 0.34284967333 0.99567287333 0.99416684333 1.02959437333 1.02526927333 0.33750259333 0.33609357333 0.33453107333 0.99567287333 0 0.04689675033 0.98779977333 0.98593737333 1.01205657333 0.33593717333 0.33593717333 0.99041497333 0.98668177333 1.01090187333 0.97047287333 1.01167147333 0.97853347333 0.99379077333 0.97853347333 0.86682487333 0.86050367333 1.00706547333
0.86460637333 0.22211347333 0.19519294333 0.34934867333 1.00134757333 1.00134757333 1.02801877333 1.02292067333 0.34080069333 0.33891429333 0.33781607333 0.99379077333 0.04689675033 0 0.99529607333 0.99228852333 1.02370277333 0.34001412333 0.33969970333 0.99604981333 0.99266387333 1.01785697333 0.97522547333 1.01863387333 0.98779977333 0.99755967333 0.97559230333 0.86492287333 0.86271007333 1.01514457333
1.00248757333 1.00783117333 0.98966681333 0.99642697333 0.12720647333 0.12720647333 0.66273857333 0.66104797333 0.97559230333 0.97302823333 0.96502617333 0.49238877333 0.98779977333 0.99529607333 0 0.03246411133 0.11837938333 0.98333767333 0.97963947333 0.64884483333 0.64694850333 0.11884754333 0.64482077333 0.11884754333 0.64505697333 0.38705655333 0.38521730333 1.01090187333 0.98482207333 0.65743817333
1.01051727333 1.00706547333 0.99116384333 0.99341493333 0.12827274333 0.12827274333 0.66443293333 0.66540282333 0.97632657333 0.97412603333 0.96865287333 0.49354561333 0.98593737333 0.99228852333 0.03246411133 0 0.12084051733 0.98482207333 0.98148627333 0.65432362333 0.65241341333 0.12154518333 0.64813317333 0.12154518333 0.65217497333 0.38722397333 0.38505031333 1.01128657333 0.99191342333 0.66080677333
1.00744827333 1.03434127333 1.01863387333 1.01553147333 0.12590532333 0.12649647333 0.66322227333 0.66128927333 1.00401047333 1.00020914333 0.99379077333 0.49123375333 1.01205657333 1.02370277333 0.11837938333 0.12084051733 0 1.00859767333 1.00439167333 0.64979480333 0.64837027333 0.02436938833 0.64789604333 0.02436938833 0.65217497333 0.38371580333 0.38304942333 1.00477307333 0.99454307333 0.65815877333
0.85298797333 0.35078287333 0.34632994333 0.16421357333 0.99004077333 0.99191342333 1.03077817333 1.01785697333 0.07364083333 0.09092398333 0.09329651333 0.99491947333 0.33593717333 0.34001412333 0.98333767333 0.98482207333 1.00859767333 0 0.01015725333 1.01128657333 1.00553647333 1.00668287333 0.98668177333 1.00744827333 0.99869397333 1.00515467333 0.98037760333 0.87512277333 0.87128157333 1.01902257333
0.84801897333 0.34966715333 0.34601287333 0.16334343333 0.98593737333 0.98817282333 1.02292067333 1.01128657333 0.07286962333 0.09013481333 0.09295712333 0.99191342333 0.33593717333 0.33969970333 0.97963947333 0.98148627333 1.00439167333 0.01015725333 0 1.01051727333 1.00515467333 1.00286807333 0.98074697333 1.00362947333 0.99153857333 0.99718194333 0.97302823333 0.87351987333 0.86873161333 1.01282737333
0.99228852333 1.01437137333 1.02057937333 1.00936487333 0.64884483333 0.64011417333 0.51269721333 0.51249932333 1.00210747333 1.01051727333 1.00401047333 0.63894211333 0.99041497333 0.99604981333 0.64884483333 0.65432362333 0.64979480333 1.01128657333 1.01051727333 0 0.00662070212999996 0.64860754333 0.49625177333 0.64884483333 0.49335267333 0.64387714333 0.64671177333 1.00821427333 0.97302823333 0.50442947333
0.98817282333 1.01282737333 1.01902257333 1.00286807333 0.64742212333 0.63894211333 0.51408407333 0.51309322333 0.99680437333 1.00515467333 0.99945121333 0.63753807333 0.98668177333 0.99266387333 0.64694850333 0.65241341333 0.64837027333 1.00553647333 1.00515467333 0.00662070212999996 0 0.64671177333 0.49663917333 0.64694850333 0.49373857333 0.64246377333 0.64505697333 1.00439167333 0.97120207333 0.50403802333
1.00210747333 1.03672597333 1.01863387333 1.01630587333 0.12661477333 0.12696973333 0.66177207333 0.66032462333 1.00058840333 0.99718194333 0.99041497333 0.48873727333 1.01090187333 1.01785697333 0.11884754333 0.12154518333 0.02436938833 1.00668287333 1.00286807333 0.64860754333 0.64671177333 0 0.64694850333 0.000796599999999961 0.64955717333 0.38371580333 0.38088779333 1.00058840333 0.99228852333 0.65480197333
0.98296701333 0.99153857333 0.99454307333 0.99116384333 0.64011417333 0.64434887333 0.46924584333 0.47317891333 0.97853347333 0.97742917333 0.97302823333 0.63730427333 0.97047287333 0.97522547333 0.64482077333 0.64813317333 0.64789604333 0.98668177333 0.98074697333 0.49625177333 0.49663917333 0.64694850333 0 0.64718527333 0.45885734333 0.63310914333 0.62134873333 0.99831567333 0.98296701333 0.47224057333
1.00134757333 1.03752257333 1.01941147333 1.01708107333 0.12661477333 0.12696973333 0.66201357333 0.66056567333 1.00134757333 0.99793761333 0.99116384333 0.48854557333 1.01167147333 1.01863387333 0.11884754333 0.12154518333 0.02436938833 1.00744827333 1.00362947333 0.64884483333 0.64694850333 0.000796599999999961 0.64718527333 0 0.64955717333 0.38388247333 0.38105385333 0.99983011333 0.99153857333 0.65528057333
1.00286807333 0.98482207333 1.01090187333 0.99266387333 0.65336792333 0.64765907333 0.45867314333 0.45885734333 0.99416684333 0.98482207333 0.97375994333 0.62870620333 0.97853347333 0.98779977333 0.64505697333 0.65217497333 0.65217497333 0.99869397333 0.99153857333 0.49335267333 0.49373857333 0.64955717333 0.45885734333 0.64955717333 0 0.63450497333 0.63357412333 1.00898117333 0.99303927333 0.44933804333
1.02723207333 1.01746897333 1.01090187333 1.00783117333 0.38005807333 0.37823587333 0.64199327333 0.64340572333 0.99416684333 0.99831567333 0.99228852333 0.47959082333 0.99379077333 0.99755967333 0.38705655333 0.38722397333 0.38371580333 1.00515467333 0.99718194333 0.64387714333 0.64246377333 0.38371580333 0.63310914333 0.38388247333 0.63450497333 0 0.34807615333 1.01824537333 0.99831567333 0.64222853333
0.98705422333 0.99604981333 1.00630057333 0.98333767333 0.38321595333 0.38121994333 0.63870792333 0.63730427333 0.96611237333 0.97193197333 0.97047287333 0.48376911333 0.97853347333 0.97559230333 0.38521730333 0.38505031333 0.38304942333 0.98037760333 0.97302823333 0.64671177333 0.64505697333 0.38088779333 0.62134873333 0.38105385333 0.63357412333 0.34807615333 0 0.99153857333 0.98222627333 0.65074597333
0.54712551333 0.87160091333 0.87192037333 0.87448127333 1.00859767333 1.00248757333 1.03394457333 1.04593827333 0.86587327333 0.86936830333 0.87128157333 1.00974887333 0.86682487333 0.86492287333 1.01090187333 1.01128657333 1.00477307333 0.87512277333 0.87351987333 1.00821427333 1.00439167333 1.00058840333 0.99831567333 0.99983011333 1.00898117333 1.01824537333 0.99153857333 0 0.26567812333 1.04232007333
0.55357767333 0.87160091333 0.87192037333 0.86334162333 0.98854600333 0.98593737333 1.01553147333 1.01591857333 0.85548483333 0.85329960333 0.86050367333 1.00020914333 0.86050367333 0.86271007333 0.98482207333 0.99191342333 0.99454307333 0.87128157333 0.86873161333 0.97302823333 0.97120207333 0.99228852333 0.98296701333 0.99153857333 0.99303927333 0.99831567333 0.98222627333 0.26567812333 0 1.03156857333
1.01785697333 1.02057937333 1.02683917333 1.01553147333 0.65647847333 0.65552001333 0.26539339333 0.26767434333 1.00630057333 1.00401047333 0.99718194333 0.63218007333 1.00706547333 1.01514457333 0.65743817333 0.66080677333 0.65815877333 1.01902257333 1.01282737333 0.50442947333 0.50403802333 0.65480197333 0.47224057333 0.65528057333 0.44933804333 0.64222853333 0.65074597333 1.04232007333 1.03156857333 0
