0 0.7862246 0.9901927 0.9695119 0.78082377 0.7693002 0.70160514 0.71006244 0.76707226 0.77209455 0.78195757 0.776869 0.77041674 0.7593259 0.7587757 0.7890828 0.79223955 0.76429653 0.76346576 0.79917336 0.79888314 0.79223955 0.77884376 0.7893693 0.51806253 0.5321607 0.7779968 0.6965256 0.76790696 0.77405685
0.7862246 0 1.0068517 0.98869646 0.76651627 0.7579511 0.7709756 0.7765873 0.76429653 0.77209455 0.24415912 0.47333384 0.2426374 0.7916646 0.790803 0.78167397 0.77405685 0.77856135 0.77489936 0.77153486 0.7723746 0.19433716 0.45807657 0.192396 0.76429653 0.7734957 0.756853 0.7579511 0.7836615 0.7693002
0.9901927 1.0068517 0 0.1818722 0.96841997 0.9615409 1.0041765 1.005704 0.990942 0.98348296 1.0199828 1.0095364 0.9939465 0.97024083 0.9753628 0.97499573 0.9790429 0.98683035 0.9801504 1.0003713 0.9980974 0.99999183 1.001891 0.99545324 0.97609735 0.9939465 0.99169195 1.0282096 0.97573 0.98125964
0.9695119 0.98869646 0.1818722 0 0.96479154 0.9608204 0.98683035 0.99056727 0.98348296 0.9808897 1.0110749 0.99658537 0.98496884 0.9738958 0.9808897 0.97316337 0.97941184 0.9894442 0.9838541 0.9827411 0.9853408 0.98237044 0.97426224 0.98237044 0.95866317 0.97573 0.99357027 0.98832285 0.9779369 0.9827411
0.78082377 0.76651627 0.96841997 0.96479154 0 0.19278383 0.75960124 0.77181464 0.7129029 0.70774645 0.79109013 0.76374257 0.782809 0.6599691 0.66504896 0.71212715 0.7126442 0.7113522 0.7062064 0.71601385 0.7157541 0.7765873 0.77856135 0.7706961 0.75960124 0.76429653 0.71316165 0.76429653 0.65564215 0.71783453
0.7693002 0.7579511 0.9615409 0.9608204 0.19278383 0 0.7473126 0.7519313 0.7031358 0.6965256 0.7751804 0.7631891 0.7623596 0.64045656 0.64872307 0.7018601 0.70441365 0.6982995 0.6924865 0.6982995 0.69956917 0.75822586 0.76512814 0.7524766 0.75520885 0.76346576 0.6962725 0.74893945 0.6418672 0.71238565
0.70160514 0.7709756 1.0041765 0.98683035 0.75960124 0.7473126 0 0.14095297 0.7593259 0.76651627 0.78879654 0.78082377 0.78110707 0.76042765 0.7623596 0.7757428 0.77209455 0.76985824 0.76346576 0.76790696 0.76457363 0.78394586 0.7579511 0.782809 0.6795078 0.7013504 0.7598766 0.26053867 0.76374257 0.7676286
0.71006244 0.7765873 1.005704 0.99056727 0.77181464 0.7519313 0.14095297 0 0.77153486 0.78508437 0.7945437 0.78394586 0.7890828 0.7607034 0.76485085 0.78195757 0.7760242 0.7746184 0.7676286 0.7723746 0.7712552 0.79917336 0.7774327 0.79888314 0.6867182 0.714716 0.7676286 0.27051222 0.7629125 0.77321523
0.76707226 0.76429653 0.990942 0.98348296 0.7129029 0.7031358 0.7593259 0.77153486 0 0.123302296 0.78195757 0.75767636 0.7609791 0.7087749 0.714716 0.7098048 0.70697606 0.41564786 0.41582194 0.70774645 0.70543754 0.7673504 0.77489936 0.7620833 0.7475835 0.7667942 0.33081922 0.76623845 0.70595 0.70543754
0.77209455 0.77209455 0.98348296 0.9808897 0.70774645 0.6965256 0.76651627 0.78508437 0.123302296 0 0.7799746 0.76429653 0.7609791 0.7031358 0.7152349 0.70390224 0.70109564 0.41582194 0.41443047 0.7051815 0.70288044 0.7712552 0.7656831 0.7659607 0.7397667 0.7681854 0.33081922 0.7743376 0.6998234 0.69349426
0.78195757 0.24415912 1.0199828 1.0110749 0.79109013 0.7751804 0.78879654 0.7945437 0.78195757 0.7799746 0 0.48051092 0.087288015 0.79888314 0.8041238 0.80353975 0.79859304 0.7799746 0.776869 0.7825251 0.78110707 0.24679483 0.4647367 0.24402064 0.7681854 0.77181464 0.7695792 0.7799746 0.799754 0.78793824
0.776869 0.47333384 1.0095364 0.99658537 0.76374257 0.7631891 0.78082377 0.78394586 0.75767636 0.76429653 0.48051092 0 0.47937313 0.77209455 0.7737762 0.7802575 0.78082377 0.77153486 0.7676286 0.78195757 0.78082377 0.4769138 0.48527044 0.4731459 0.7681854 0.7676286 0.7585007 0.77321523 0.76623845 0.7760242
0.77041674 0.2426374 0.9939465 0.98496884 0.782809 0.7623596 0.78110707 0.7890828 0.7609791 0.7609791 0.087288015 0.47937313 0 0.7945437 0.7956984 0.7836615 0.7760242 0.7723746 0.7681854 0.7743376 0.7723746 0.24402064 0.45955148 0.24098085 0.761255 0.7693002 0.7590508 0.7687426 0.7867954 0.7659607
0.7593259 0.7916646 0.97024083 0.9738958 0.6599691 0.64045656 0.76042765 0.7607034 0.7087749 0.7031358 0.79888314 0.77209455 0.7945437 0 0.08269604 0.72148925 0.718095 0.70033205 0.69425094 0.7098048 0.71032023 0.78708094 0.7885103 0.78650993 0.7473126 0.7709756 0.69779223 0.76042765 0.22124824 0.71316165
0.7587757 0.790803 0.9753628 0.9808897 0.66504896 0.64872307 0.7623596 0.76485085 0.714716 0.7152349 0.8041238 0.7737762 0.7956984 0.08269604 0 0.7175742 0.71316165 0.70364666 0.6982995 0.71186876 0.71342045 0.7956984 0.79223955 0.7936788 0.7397667 0.7673504 0.70748955 0.75822586 0.21829918 0.71445674
0.7890828 0.78167397 0.97499573 0.97316337 0.71212715 0.7018601 0.7757428 0.78195757 0.7098048 0.70390224 0.80353975 0.7802575 0.7836615 0.72148925 0.7175742 0 0.061124492 0.71601385 0.7113522 0.36892113 0.3702306 0.7913773 0.78394586 0.78736657 0.75603044 0.7799746 0.72700495 0.7867954 0.71835554 0.22097966
0.79223955 0.77405685 0.9790429 0.97941184 0.7126442 0.70441365 0.77209455 0.7760242 0.70697606 0.70109564 0.79859304 0.78082377 0.7760242 0.718095 0.71316165 0.061124492 0 0.71186876 0.7080034 0.36826724 0.3700668 0.7876524 0.7791263 0.78508437 0.7656831 0.7822413 0.71783453 0.78650993 0.7165336 0.22313097
0.76429653 0.77856135 0.98683035 0.9894442 0.7113522 0.6982995 0.76985824 0.7746184 0.41564786 0.41582194 0.7799746 0.77153486 0.7723746 0.70033205 0.70364666 0.71601385 0.71186876 0 0.027394261 0.6993151 0.6993151 0.7659607 0.78508437 0.7620833 0.7421839 0.7629125 0.4161702 0.7751804 0.7031358 0.69804585
0.76346576 0.77489936 0.9801504 0.9838541 0.7062064 0.6924865 0.76346576 0.7676286 0.41582194 0.41443047 0.776869 0.7676286 0.7681854 0.69425094 0.6982995 0.7113522 0.7080034 0.027394261 0 0.6955138 0.6950084 0.76457363 0.7779968 0.7609791 0.7362889 0.7593259 0.41512588 0.7693002 0.69855326 0.69425094
0.79917336 0.77153486 1.0003713 0.9827411 0.71601385 0.6982995 0.76790696 0.7723746 0.70774645 0.7051815 0.7825251 0.78195757 0.7743376 0.7098048 0.71186876 0.36892113 0.36826724 0.6993151 0.6955138 0 0.022638248 0.7830931 0.7712552 0.7799746 0.7779968 0.7928149 0.7241107 0.7822413 0.6967787 0.35804313
0.79888314 0.7723746 0.9980974 0.9853408 0.7157541 0.69956917 0.76457363 0.7712552 0.70543754 0.70288044 0.78110707 0.78082377 0.7723746 0.71032023 0.71342045 0.3702306 0.3700668 0.6993151 0.6950084 0.022638248 0 0.7825251 0.77041674 0.7799746 0.7765873 0.79425526 0.7220128 0.78110707 0.6955138 0.35868815
0.79223955 0.19433716 0.99999183 0.98237044 0.7765873 0.75822586 0.78394586 0.79917336 0.7673504 0.7712552 0.24679483 0.4769138 0.24402064 0.78708094 0.7956984 0.7913773 0.7876524 0.7659607 0.76457363 0.7830931 0.7825251 0 0.4628807 0.0074367486 0.7712552 0.78167397 0.7607034 0.78337723 0.7836615 0.78195757
0.77884376 0.45807657 1.001891 0.97426224 0.77856135 0.76512814 0.7579511 0.7774327 0.77489936 0.7656831 0.4647367 0.48527044 0.45955148 0.7885103 0.79223955 0.78394586 0.7791263 0.78508437 0.7779968 0.7712552 0.77041674 0.4628807 0 0.46139923 0.7751804 0.7763057 0.77489936 0.77771467 0.77489936 0.7802575
0.7893693 0.192396 0.99545324 0.98237044 0.7706961 0.7524766 0.782809 0.79888314 0.7620833 0.7659607 0.24402064 0.4731459 0.24098085 0.78650993 0.7936788 0.78736657 0.78508437 0.7620833 0.7609791 0.7799746 0.7799746 0.0074367486 0.46139923 0 0.7681854 0.77884376 0.7565787 0.7802575 0.78082377 0.7779968
0.51806253 0.76429653 0.97609735 0.95866317 0.75960124 0.75520885 0.6795078 0.6867182 0.7475835 0.7397667 0.7681854 0.7681854 0.761255 0.7473126 0.7397667 0.75603044 0.7656831 0.7421839 0.7362889 0.7779968 0.7765873 0.7712552 0.7751804 0.7681854 0 0.42722434 0.7478545 0.6795078 0.7456892 0.75603044
0.5321607 0.7734957 0.9939465 0.97573 0.76429653 0.76346576 0.7013504 0.714716 0.7667942 0.7681854 0.77181464 0.7676286 0.7693002 0.7709756 0.7673504 0.7799746 0.7822413 0.7629125 0.7593259 0.7928149 0.79425526 0.78167397 0.7763057 0.77884376 0.42722434 0 0.7601521 0.7049255 0.75712734 0.7723746
0.7779968 0.756853 0.99169195 0.99357027 0.71316165 0.6962725 0.7598766 0.7676286 0.33081922 0.33081922 0.7695792 0.7585007 0.7590508 0.69779223 0.70748955 0.72700495 0.71783453 0.4161702 0.41512588 0.7241107 0.7220128 0.7607034 0.77489936 0.7565787 0.7478545 0.7601521 0 0.75466156 0.70466954 0.7149754
0.6965256 0.7579511 1.0282096 0.98832285 0.76429653 0.74893945 0.26053867 0.27051222 0.76623845 0.7743376 0.7799746 0.77321523 0.7687426 0.76042765 0.75822586 0.7867954 0.78650993 0.7751804 0.7693002 0.7822413 0.78110707 0.78337723 0.77771467 0.7802575 0.6795078 0.7049255 0.75466156 0 0.7593259 0.77489936
0.76790696 0.7836615 0.97573 0.9779369 0.65564215 0.6418672 0.76374257 0.7629125 0.70595 0.6998234 0.799754 0.76623845 0.7867954 0.22124824 0.21829918 0.71835554 0.7165336 0.7031358 0.69855326 0.6967787 0.6955138 0.7836615 0.77489936 0.78082377 0.7456892 0.75712734 0.70466954 0.7593259 0 0.7067194
0.77405685 0.7693002 0.98125964 0.9827411 0.71783453 0.71238565 0.7676286 0.77321523 0.70543754 0.69349426 0.78793824 0.7760242 0.7659607 0.71316165 0.71445674 0.22097966 0.22313097 0.69804585 0.69425094 0.35804313 0.35868815 0.78195757 0.7802575 0.7779968 0.75603044 0.7723746 0.7149754 0.77489936 0.7067194 0
