0 0.990942 1.0068517 0.99923354 1.0095364 0.99734104 0.9962078 1.0068517 0.6777777 1.0041765 0.67040783 0.66918653 0.6696748 0.99885464 0.9857129 0.9962078 0.990942 0.9931942 1.0133885 1.0199828 1.0254573 1.0122308 0.9801504 1.0091523 1.0041765 1.0149349 1.014548 1.0266355 1.01069 0.98794943
0.990942 0 0.9950763 0.7760242 0.77771467 0.7601521 0.75302225 0.7667942 0.99169195 1.0289978 0.98869646 1.0095364 0.9860852 0.7629125 0.75520885 1.0103053 1.0083846 1.0126165 1.0045581 0.77041674 0.7690214 0.99131685 0.7640195 0.9958304 0.78736657 0.7746184 0.7640195 0.7656831 0.78167397 0.22488347
1.0068517 0.9950763 0 1.0053219 1.0103053 1.0003713 1.0022715 1.0087683 0.9768326 0.39538565 0.9662408 0.98832285 0.9709704 0.99885464 0.98645765 0.39032033 0.3914992 0.39234236 0.19485565 0.990942 0.9853408 0.19693321 0.99169195 0.19524476 0.9768326 1.0278157 1.0076177 0.99847597 0.99169195 1.001891
0.99923354 0.7760242 1.0053219 0 0.6348403 0.620981 0.15091425 0.15311868 1.0176488 1.032159 1.0053219 0.9977191 1.0091523 0.22299634 0.21669547 1.0110749 1.0053219 1.0126165 1.014548 0.6164175 0.62534213 1.0234975 0.5446661 1.0195932 0.62396216 0.37929565 0.4731459 0.46902296 0.6235028 0.79425526
1.0095364 0.77771467 1.0103053 0.6348403 0 0.12898144 0.6311194 0.62810963 1.01069 1.0469556 1.0053219 1.0060863 0.99923354 0.6313514 0.6184676 1.0365276 1.0195932 1.0337447 1.0164845 0.42917123 0.43005788 1.0168724 0.60849774 1.0137748 0.5142812 0.6276477 0.6157354 0.6232732 0.32047635 0.7813905
0.99734104 0.7601521 1.0003713 0.620981 0.12898144 0 0.62006605 0.61256033 1.000751 1.0345387 0.9950763 0.99847597 0.9931942 0.6184676 0.60423315 1.0219333 1.0087683 1.0238891 0.99734104 0.42106307 0.42404935 0.9950763 0.5971051 0.9939465 0.5067752 0.61256033 0.6073731 0.6031149 0.3143688 0.76485085
0.9962078 0.75302225 1.0022715 0.15091425 0.6311194 0.62006605 0 0.1218892 1.0141612 1.0301816 1.002652 1.014548 1.0011308 0.2158949 0.21018235 1.0095364 1.0045581 1.01069 1.0068517 0.6121078 0.61778367 1.0164845 0.5346044 1.0133885 0.6186958 0.36990303 0.46977088 0.4621396 0.6150539 0.7690214
1.0068517 0.7667942 1.0087683 0.15311868 0.62810963 0.61256033 0.1218892 0 1.0258498 1.0301816 1.0172604 1.0215429 1.0160967 0.21629508 0.20886007 1.0122308 1.0110749 1.0133885 1.0149349 0.61256033 0.6155082 1.0219333 0.5356249 1.0188149 0.6198375 0.37780476 0.46325153 0.46084443 0.61369276 0.77771467
0.6777777 0.99169195 0.9768326 1.0176488 1.01069 1.000751 1.0141612 1.0258498 0 0.99734104 0.11754884 0.6011063 0.115796365 1.0087683 1.0103053 0.98794943 0.98869646 0.9969631 0.9838541 1.0176488 1.0199828 0.98757625 0.98757625 0.9872032 1.0160967 1.032159 1.0293922 1.0305767 1.0015109 0.9980974
1.0041765 1.0289978 0.39538565 1.032159 1.0469556 1.0345387 1.0301816 1.0301816 0.99734104 0 0.98125964 0.9779369 0.9946995 1.0141612 1.0099207 0.10859594 0.10375721 0.108711526 0.3970817 1.0172604 1.0130024 0.40014434 1.0195932 0.39827126 1.0037951 1.0274222 1.0246727 1.01146 1.0274222 1.032159
0.67040783 0.98869646 0.9662408 1.0053219 1.0053219 0.9950763 1.002652 1.0172604 0.11754884 0.98125964 0 0.6033384 0.09644342 1.002652 0.99847597 0.9673296 0.9695119 0.9779369 0.97720057 1.0083846 1.0099207 0.9775687 0.98125964 0.97499573 1.0064689 1.0219333 1.0141612 1.0080011 1.0064689 0.99281836
0.66918653 1.0095364 0.98832285 0.9977191 1.0060863 0.99847597 1.014548 1.0215429 0.6011063 0.9779369 0.6033384 0 0.6060258 1.0133885 1.0095364 0.97316337 0.9662408 0.97316337 0.9962078 1.0049399 1.0137748 0.99545324 0.9808897 0.9920673 0.9962078 1.0060863 1.0160967 1.0091523 0.99545324 0.9939465
0.6696748 0.9860852 0.9709704 1.0091523 0.99923354 0.9931942 1.0011308 1.0160967 0.115796365 0.9946995 0.09644342 0.6060258 0 1.0068517 0.99999183 0.98125964 0.9827411 0.99357027 0.9727974 1.0034139 1.0064689 0.9801504 0.9838541 0.9753628 0.99847597 1.0289978 1.0137748 1.018426 1.0003713 0.9931942
0.99885464 0.7629125 0.99885464 0.22299634 0.6313514 0.6184676 0.2158949 0.21629508 1.0087683 1.0141612 1.002652 1.0133885 1.0068517 0 0.073375024 0.98907024 0.98683035 0.99847597 0.99281836 0.6182396 0.6216679 0.9958304 0.5393104 0.99281836 0.61482686 0.37962735 0.4752159 0.46251008 0.62511194 0.76985824
0.9857129 0.75520885 0.98645765 0.21669547 0.6184676 0.60423315 0.21018235 0.20886007 1.0103053 1.0099207 0.99847597 1.0095364 0.99999183 0.073375024 0 0.9842255 0.97978103 0.98683035 0.98757625 0.6093986 0.6141462 0.98757625 0.5279034 0.98683035 0.60894805 0.3749967 0.46659726 0.45312 0.6121078 0.76346576
0.9962078 1.0103053 0.39032033 1.0110749 1.0365276 1.0219333 1.0095364 1.0122308 0.98794943 0.10859594 0.9673296 0.97316337 0.98125964 0.98907024 0.9842255 0 0.07062313 0.07525209 0.39133066 1.0015109 0.9980974 0.39640284 1.0072346 0.39606363 0.99923354 1.0231062 1.01069 1.0003713 1.0080011 1.0188149
0.990942 1.0083846 0.3914992 1.0053219 1.0195932 1.0087683 1.0045581 1.0110749 0.98869646 0.10375721 0.9695119 0.9662408 0.9827411 0.98683035 0.97978103 0.07062313 0 0.061884318 0.38813597 1.002652 0.9969631 0.39318648 1.0076177 0.3930176 0.99734104 1.0172604 1.005704 0.99169195 0.9977191 1.018426
0.9931942 1.0126165 0.39234236 1.0126165 1.0337447 1.0238891 1.01069 1.0133885 0.9969631 0.108711526 0.9779369 0.97316337 0.99357027 0.99847597 0.98683035 0.07525209 0.061884318 0 0.39217365 1.0049399 0.99999183 0.3979312 1.0130024 0.39844134 1.0099207 1.0246727 1.0060863 0.9980974 1.0083846 1.0234975
1.0133885 1.0045581 0.19485565 1.014548 1.0164845 0.99734104 1.0068517 1.0149349 0.9838541 0.3970817 0.97720057 0.9962078 0.9727974 0.99281836 0.98757625 0.39133066 0.38813597 0.39217365 0 0.9950763 0.9943229 0.060040366 0.9727974 0.059174187 0.9931942 1.0238891 1.014548 0.98869646 1.0003713 1.0049399
1.0199828 0.77041674 0.990942 0.6164175 0.42917123 0.42106307 0.6121078 0.61256033 1.0176488 1.0172604 1.0083846 1.0049399 1.0034139 0.6182396 0.6093986 1.0015109 1.002652 1.0049399 0.9950763 0 0.05625821 0.990942 0.59888077 0.9920673 0.52226424 0.62304366 0.6193806 0.6075979 0.42528248 0.77771467
1.0254573 0.7690214 0.9853408 0.62534213 0.43005788 0.42404935 0.61778367 0.6155082 1.0199828 1.0130024 1.0099207 1.0137748 1.0064689 0.6216679 0.6141462 0.9980974 0.9969631 0.99999183 0.9943229 0.05625821 0 0.98869646 0.6049049 0.99131685 0.5220636 0.624192 0.620981 0.61278665 0.42775482 0.7774327
1.0122308 0.99131685 0.19693321 1.0234975 1.0168724 0.9950763 1.0164845 1.0219333 0.98757625 0.40014434 0.9775687 0.99545324 0.9801504 0.9958304 0.98757625 0.39640284 0.39318648 0.3979312 0.060040366 0.990942 0.98869646 0 0.97573 0.025115883 0.98683035 1.0289978 1.0172604 0.9898184 0.99999183 1.0003713
0.9801504 0.7640195 0.99169195 0.5446661 0.60849774 0.5971051 0.5346044 0.5356249 0.98757625 1.0195932 0.98125964 0.9808897 0.9838541 0.5393104 0.5279034 1.0072346 1.0076177 1.0130024 0.9727974 0.59888077 0.6049049 0.97573 0 0.9783054 0.6019983 0.5384899 0.54116 0.5421895 0.6150539 0.776869
1.0091523 0.9958304 0.19524476 1.0195932 1.0137748 0.9939465 1.0133885 1.0188149 0.9872032 0.39827126 0.97499573 0.9920673 0.9753628 0.99281836 0.98683035 0.39606363 0.3930176 0.39844134 0.059174187 0.9920673 0.99131685 0.025115883 0.9783054 0 0.9872032 1.0397208 1.0180373 0.9872032 1.0011308 1.000751
1.0041765 0.78736657 0.9768326 0.62396216 0.5142812 0.5067752 0.6186958 0.6198375 1.0160967 1.0037951 1.0064689 0.9962078 0.99847597 0.61482686 0.60894805 0.99923354 0.99734104 1.0099207 0.9931942 0.52226424 0.5220636 0.98683035 0.6019983 0.9872032 0 0.62465185 0.615281 0.60894805 0.5111116 0.7893693
1.0149349 0.7746184 1.0278157 0.37929565 0.6276477 0.61256033 0.36990303 0.37780476 1.032159 1.0274222 1.0219333 1.0060863 1.0289978 0.37962735 0.3749967 1.0231062 1.0172604 1.0246727 1.0238891 0.62304366 0.624192 1.0289978 0.5384899 1.0397208 0.62465185 0 0.46436512 0.46399376 0.610075 0.77940893
1.014548 0.7640195 1.0076177 0.4731459 0.6157354 0.6073731 0.46977088 0.46325153 1.0293922 1.0246727 1.0141612 1.0160967 1.0137748 0.4752159 0.46659726 1.01069 1.005704 1.0060863 1.014548 0.6193806 0.620981 1.0172604 0.54116 1.0180373 0.615281 0.46436512 0 0.3650064 0.6184676 0.76846397
1.0266355 0.7656831 0.99847597 0.46902296 0.6232732 0.6031149 0.4621396 0.46084443 1.0305767 1.01146 1.0080011 1.0091523 1.018426 0.46251008 0.45312 1.0003713 0.99169195 0.9980974 0.98869646 0.6075979 0.61278665 0.9898184 0.5421895 0.9872032 0.60894805 0.46399376 0.3650064 0 0.6123341 0.77181464
1.01069 0.78167397 0.99169195 0.6235028 0.32047635 0.3143688 0.6150539 0.61369276 1.0015109 1.0274222 1.0064689 0.99545324 1.0003713 0.62511194 0.6121078 1.0080011 0.9977191 1.0083846 1.0003713 0.42528248 0.42775482 0.99999183 0.6150539 1.0011308 0.5111116 0.610075 0.6184676 0.6123341 0 0.77771467
0.98794943 0.22488347 1.001891 0.79425526 0.7813905 0.76485085 0.7690214 0.77771467 0.9980974 1.032159 0.99281836 0.9939465 0.9931942 0.76985824 0.76346576 1.0188149 1.018426 1.0234975 1.0049399 0.77771467 0.7774327 1.0003713 0.776869 1.000751 0.7893693 0.77940893 0.76846397 0.77181464 0.77771467 0
