0 0.5220636 0.5204606 0.5220636 0.3274073 0.65540254 0.65348804 0.520861 0.5194605 0.57010657 0.5709624 0.3305084 0.33081922 0.32539845 0.32324106 0.5709624 0.5739659 0.6575622 0.6542054 0.3306638 0.32895625 0.33299854 0.52628785 0.33237523 1.0130024 0.32047635 0.5616006 1.0433295 1.0325551 0.32725257
0.5220636 0 0.11813391 0.11801686 0.520861 0.6334428 0.63251257 0.08493251 0.08504452 0.5660542 0.56477904 0.5220636 0.5202605 0.515871 0.515871 0.56096655 0.5643545 0.6336756 0.6320479 0.5232681 0.5190608 0.52186304 0.20110568 0.5212617 0.9827411 0.51886106 0.5548647 0.99545324 0.9946995 0.51447976
0.5204606 0.11813391 0 0.0543205 0.5206608 0.6350735 0.6369415 0.1188366 0.119774535 0.5735361 0.5698927 0.51626897 0.5166672 0.51607 0.51547325 0.56882447 0.5698927 0.6421026 0.63857985 0.5206608 0.51607 0.520861 0.20019098 0.5204606 0.98907024 0.5168664 0.5618121 0.99658537 0.99357027 0.5170656
0.5220636 0.11801686 0.0543205 0 0.52106136 0.6362405 0.63811135 0.11989186 0.12036134 0.57010657 0.56647974 0.5140827 0.5170656 0.5170656 0.5156721 0.56584156 0.56903803 0.64233804 0.63928306 0.52186304 0.51626897 0.5186613 0.20084423 0.5184617 0.9924427 0.5150757 0.55801463 1.002652 1.0034139 0.5140827
0.3274073 0.520861 0.5206608 0.52106136 0 0.6542054 0.6506254 0.52226424 0.5202605 0.56117785 0.56350607 0.2806202 0.27974844 0.036052816 0.035318706 0.56223524 0.56477904 0.65660155 0.65564215 0.27989367 0.27713925 0.1342254 0.52186304 0.13398623 1.0254573 0.27482754 0.5523542 1.0393208 1.033348 0.12767617
0.65540254 0.6334428 0.6350735 0.6362405 0.6542054 0 0.028951678 0.6320479 0.6315835 0.64872307 0.64801097 0.64257354 0.654684 0.654684 0.654684 0.6477737 0.65181684 0.12389187 0.12212453 0.65372705 0.6532491 0.65134007 0.63928306 0.6520554 0.982 0.63251257 0.64564204 0.99545324 1.0064689 0.65852404
0.65348804 0.63251257 0.6369415 0.63811135 0.6506254 0.028951678 0 0.63228023 0.63251257 0.64872307 0.6477737 0.6395176 0.6522939 0.65038735 0.65038735 0.6477737 0.6515784 0.122948766 0.12118365 0.6522939 0.6508636 0.64635193 0.6395176 0.64729947 0.9827411 0.6348403 0.64280915 0.9969631 1.0072346 0.65372705
0.520861 0.08493251 0.1188366 0.11989186 0.52226424 0.6320479 0.63228023 0 0.02687584 0.56839764 0.5656289 0.5250785 0.520861 0.5168664 0.5156721 0.5630822 0.5669055 0.6339084 0.63019204 0.5264896 0.52166253 0.5214621 0.20032158 0.520861 0.97499573 0.5200604 0.55948913 0.98794943 0.9857129 0.51547325
0.5194605 0.08504452 0.119774535 0.12036134 0.5202605 0.6315835 0.63251257 0.02687584 0 0.56733155 0.5649914 0.5256829 0.5202605 0.5150757 0.5142812 0.5613892 0.56477904 0.63251257 0.6294973 0.5258845 0.52106136 0.5190608 0.19992983 0.5182621 0.98348296 0.5212617 0.556543 0.99658537 0.9958304 0.51447976
0.57010657 0.5660542 0.5735361 0.57010657 0.56117785 0.64872307 0.64872307 0.56839764 0.56733155 0 0.026461361 0.56967896 0.58065945 0.56096655 0.56096655 0.09269994 0.09371904 0.65564215 0.6508636 0.5847917 0.58239657 0.5607553 0.56711847 0.5607553 1.0072346 0.5778452 0.11428086 1.0297868 1.033348 0.5628704
0.5709624 0.56477904 0.5698927 0.56647974 0.56350607 0.64801097 0.6477737 0.5656289 0.5649914 0.026461361 0 0.5709624 0.58131045 0.56350607 0.5628704 0.09089162 0.091795236 0.65348804 0.6494359 0.5847917 0.58239657 0.5624469 0.56733155 0.5624469 1.0022715 0.5784937 0.11230365 1.0278157 1.032159 0.5643545
0.3305084 0.5220636 0.51626897 0.5140827 0.2806202 0.64257354 0.6395176 0.5250785 0.5256829 0.56967896 0.5709624 0 0.20215245 0.27641606 0.27757347 0.5656289 0.56541634 0.6444604 0.64045656 0.2033318 0.20071353 0.27757347 0.5254814 0.27699456 1.000751 0.19550428 0.5626586 1.0246727 1.030972 0.27627152
0.33081922 0.5202605 0.5166672 0.5170656 0.27974844 0.654684 0.6522939 0.520861 0.5202605 0.58065945 0.58131045 0.20215245 0 0.2784427 0.27800795 0.57806134 0.5791428 0.65444463 0.6506254 0.03092906 0.028224481 0.28207538 0.5214621 0.28149295 1.0015109 0.1661087 0.56839764 1.0345387 1.0262426 0.28192973
0.32539845 0.515871 0.51607 0.5170656 0.036052816 0.654684 0.65038735 0.5168664 0.5150757 0.56096655 0.56350607 0.27641606 0.2784427 0 0.026150651 0.56202364 0.5649914 0.65492344 0.6532491 0.27786312 0.27482754 0.13147967 0.5186613 0.13124138 1.0254573 0.27194792 0.55089366 1.032159 1.030972 0.12436386
0.32324106 0.515871 0.51547325 0.5156721 0.035318706 0.654684 0.65038735 0.5156721 0.5142812 0.56096655 0.5628704 0.27757347 0.27800795 0.026150651 0 0.56223524 0.56520385 0.65181684 0.65110177 0.27771828 0.2746833 0.130289 0.5156721 0.12981327 1.025065 0.27223536 0.55110216 1.0345387 1.0325551 0.12389187
0.5709624 0.56096655 0.56882447 0.56584156 0.56223524 0.6477737 0.6477737 0.5630822 0.5613892 0.09269994 0.09089162 0.5656289 0.57806134 0.56202364 0.56223524 0 0.016991017 0.65348804 0.64967364 0.58239657 0.5791428 0.55801463 0.56393015 0.5578042 0.9950763 0.5724627 0.114513814 1.019204 1.0262426 0.56054413
0.5739659 0.5643545 0.5698927 0.56903803 0.56477904 0.65181684 0.6515784 0.5669055 0.56477904 0.09371904 0.091795236 0.56541634 0.5791428 0.5649914 0.56520385 0.016991017 0 0.65492344 0.6506254 0.5837021 0.5808764 0.5618121 0.56541634 0.5613892 0.9950763 0.57439595 0.11556301 1.0231062 1.0262426 0.5637181
0.6575622 0.6336756 0.6421026 0.64233804 0.65660155 0.12389187 0.122948766 0.6339084 0.63251257 0.65564215 0.65348804 0.6444604 0.65444463 0.65492344 0.65181684 0.65348804 0.65492344 0 0.010979982 0.65564215 0.65492344 0.6494359 0.64351636 0.64991146 0.9842255 0.6334428 0.64682555 0.9943229 1.0045581 0.6616586
0.6542054 0.6320479 0.63857985 0.63928306 0.65564215 0.12212453 0.12118365 0.63019204 0.6294973 0.6508636 0.6494359 0.64045656 0.6506254 0.6532491 0.65110177 0.64967364 0.6506254 0.010979982 0 0.65134007 0.65110177 0.64729947 0.64116156 0.64729947 0.9790429 0.63088745 0.6442242 0.9901927 0.99847597 0.6592462
0.3306638 0.5232681 0.5206608 0.52186304 0.27989367 0.65372705 0.6522939 0.5264896 0.5258845 0.5847917 0.5847917 0.2033318 0.03092906 0.27786312 0.27771828 0.58239657 0.5837021 0.65564215 0.65134007 0 0.009358142 0.28397134 0.5250785 0.2830957 0.9943229 0.16660804 0.5724627 1.0289978 1.0231062 0.28236675
0.32895625 0.5190608 0.51607 0.51626897 0.27713925 0.6532491 0.6508636 0.52166253 0.52106136 0.58239657 0.58239657 0.20071353 0.028224481 0.27482754 0.2746833 0.5791428 0.5808764 0.65492344 0.65110177 0.009358142 0 0.28178412 0.5198604 0.280911 0.9943229 0.1637414 0.5698927 1.0282096 1.0238891 0.28003892
0.33299854 0.52186304 0.520861 0.5186613 0.1342254 0.65134007 0.64635193 0.5214621 0.5190608 0.5607553 0.5624469 0.27757347 0.28207538 0.13147967 0.130289 0.55801463 0.5618121 0.6494359 0.64729947 0.28397134 0.28178412 0 0.52226424 0.0029056212 1.0421246 0.27771828 0.54860425 1.0567118 1.0518178 0.094966486
0.52628785 0.20110568 0.20019098 0.20084423 0.52186304 0.63928306 0.6395176 0.20032158 0.19992983 0.56711847 0.56733155 0.5254814 0.5214621 0.5186613 0.5156721 0.56393015 0.56541634 0.64351636 0.64116156 0.5250785 0.5198604 0.52226424 0 0.5214621 0.9845971 0.5198604 0.560333 0.9980974 0.9946995 0.5194605
0.33237523 0.5212617 0.5204606 0.5184617 0.13398623 0.6520554 0.64729947 0.520861 0.5182621 0.5607553 0.5624469 0.27699456 0.28149295 0.13124138 0.12981327 0.5578042 0.5613892 0.64991146 0.64729947 0.2830957 0.280911 0.0029056212 0.5214621 0 1.0409217 0.2768499 0.5488121 1.0554852 1.0501935 0.09473953
1.0130024 0.9827411 0.98907024 0.9924427 1.0254573 0.982 0.9827411 0.97499573 0.98348296 1.0072346 1.0022715 1.000751 1.0015109 1.0254573 1.025065 0.9950763 0.9950763 0.9842255 0.9790429 0.9943229 0.9943229 1.0421246 0.9845971 1.0409217 0 0.99923354 0.98757625 0.18493709 0.18801454 1.0219333
0.32047635 0.51886106 0.5168664 0.5150757 0.27482754 0.63251257 0.6348403 0.5200604 0.5212617 0.5778452 0.5784937 0.19550428 0.1661087 0.27194792 0.27223536 0.5724627 0.57439595 0.6334428 0.63088745 0.16660804 0.1637414 0.27771828 0.5198604 0.2768499 0.99923354 0 0.56839764 1.0293922 1.0270288 0.2739625
0.5616006 0.5548647 0.5618121 0.55801463 0.5523542 0.64564204 0.64280915 0.55948913 0.556543 0.11428086 0.11230365 0.5626586 0.56839764 0.55089366 0.55110216 0.114513814 0.11556301 0.64682555 0.6442242 0.5724627 0.5698927 0.54860425 0.560333 0.5488121 0.98757625 0.56839764 0 1.014548 1.0199828 0.5531901
1.0433295 0.99545324 0.99658537 1.002652 1.0393208 0.99545324 0.9969631 0.98794943 0.99658537 1.0297868 1.0278157 1.0246727 1.0345387 1.032159 1.0345387 1.019204 1.0231062 0.9943229 0.9901927 1.0289978 1.0282096 1.0567118 0.9980974 1.0554852 0.18493709 1.0293922 1.014548 0 0.10674893 1.0421246
1.0325551 0.9946995 0.99357027 1.0034139 1.033348 1.0064689 1.0072346 0.9857129 0.9958304 1.033348 1.032159 1.030972 1.0262426 1.030972 1.0325551 1.0262426 1.0262426 1.0045581 0.99847597 1.0231062 1.0238891 1.0518178 0.9946995 1.0501935 0.18801454 1.0270288 1.0199828 0.10674893 0 1.0373245
0.32725257 0.51447976 0.5170656 0.5140827 0.12767617 0.65852404 0.65372705 0.51547325 0.51447976 0.5628704 0.5643545 0.27627152 0.28192973 0.12436386 0.12389187 0.56054413 0.5637181 0.6616586 0.6592462 0.28236675 0.28003892 0.094966486 0.5194605 0.09473953 1.0219333 0.2739625 0.5531901 1.0421246 1.0373245 0
