0 1.15565176634118 1.50328881875612 1.22511208802462 0.977604810614139 1.27112905704416 1.72823642916046 1.61301564169116 1.06538473814726 1.45149044832215 1.29976374632679 1.50248464592732 1.75508208665997 1.17012424068525 1.61843062425032 1.27725012367591 1.38511759461835 1.80238358443603 1.44233434530906 1.31958965701051 1.75085323047824 1.48625693563372 0.978053370025009 1.01978705939837 1.89784595486708 1.61693830695003 1.13678521895781 1.15335388667881 1.62557594408281 1.32751852064393
1.15565176634118 0 1.77050224645063 1.63761511351913 1.82074766955338 1.11710174009204 1.49983090348542 1.72446199995466 1.53518081386574 1.2319380401168 1.00653908820823 1.18982516718097 1.83193060196936 1.39583708625287 0.922122037736699 1.39806749601848 1.09521976602264 1.65085537871346 1.31175439269282 1.7680628632661 1.83535098470747 1.4252526552882 1.8537413298618 1.74694789201021 0.982024049619213 0.901037719333544 1.53295099572279 0.951993491500616 1.7393591622822 1.8111964862328
1.50328881875612 1.77050224645063 0 1.41195521643385 1.6163076327648 1.4693841219414 1.23142189485952 1.77620484796353 1.44750016997568 1.33863509516232 1.30979706416838 1.75074893608689 1.07322062505409 0.940794078400359 1.65643868967891 1.78276716312394 1.47665261221118 1.82313092751428 1.79672338161618 1.51080084708519 0.956578017678112 1.3464312159922 1.4390803494025 1.10374388168566 0.95194987533614 1.64725998532958 1.1765619427897 1.71293778764084 1.83977172407322 0.999412568518892
1.22511208802462 1.63761511351913 1.41195521643385 0 1.47849651472643 1.24495308031328 1.72122068027966 1.46414528810419 1.73279307805933 1.29106485447846 0.998388110892847 1.33476312155835 1.87657225434668 1.75936328317039 1.88507845485583 1.6041842000559 1.40603518043645 1.28926846222021 0.911228293785825 1.52677515265532 1.20492688426748 1.24229957722127 1.7305997016374 1.46785204508342 1.87830091291107 1.28902467247099 1.06918230908923 1.02090192376636 0.964912026422098 1.5884821168147
0.977604810614139 1.82074766955338 1.6163076327648 1.47849651472643 0 1.67358041903935 1.01156065077521 1.34262661216781 1.21062600193545 1.85309696686454 1.29124742536806 1.50976016256027 1.68616075091995 1.81097817327827 1.24987284792587 1.62884318130091 1.19694803468883 1.26447483361699 1.60881882719696 1.3801384891849 1.60011058626696 1.41063384199515 1.41610070620663 1.87320087640546 0.932282360037789 1.64868960995227 1.31841695075855 1.1432008058764 1.68329352349974 1.2645392564591
1.27112905704416 1.11710174009204 1.4693841219414 1.24495308031328 1.67358041903935 0 1.47137416293845 1.24982085637748 1.40056736208498 1.14426832529716 1.72295187064447 1.05692431237549 1.66792978579178 1.36501502478495 1.19518555002287 1.11586994188838 1.36125354049727 1.34591650799848 1.12305858335458 1.78973260847852 1.27380216214806 1.6279870942235 1.54002504888922 1.76476318668574 1.73586906702258 1.73320492077619 1.63004991458729 1.81232981174253 1.53118425002322 1.4332972727716
1.72823642916046 1.49983090348542 1.23142189485952 1.72122068027966 1.01156065077521 1.47137416293845 0 1.68162523116916 1.4402505622711 1.84098239359446 1.20632239617407 1.29600678710267 0.980834619840607 1.2441934181843 1.29252245905809 1.13654497917742 1.27173007279634 1.60320001933724 1.49245187221095 0.971972928615287 1.19213579199277 1.12124987272546 1.34793108515441 1.38790602609515 0.995585228782147 1.12787351221777 1.82130014174618 1.57212717924267 1.63290836219676 1.59921703557484
1.61301564169116 1.72446199995466 1.77620484796353 1.46414528810419 1.34262661216781 1.24982085637748 1.68162523116916 0 1.18700306955725 1.53511198423803 1.82310032797977 1.83683456107974 1.05318980989978 1.28592378715985 1.341460427735 1.63615109305829 1.71824918081984 1.20177168771625 1.47125994041562 1.0877655192744 1.41263828729279 1.79292167793028 1.81170710898004 0.933672002749518 1.26357920677401 1.1167008925695 1.27074068342336 1.25723769585602 0.94258941244334 1.44114206149243
1.06538473814726 1.53518081386574 1.44750016997568 1.73279307805933 1.21062600193545 1.40056736208498 1.4402505622711 1.18700306955725 0 1.29708942910656 1.7490865199361 1.75452296016738 1.40096373879351 1.18059644731693 1.54699026979506 1.35889466688968 1.4581097252667 1.62204372184351 1.60869594570249 1.89744303002954 1.14520999859087 1.43363364809193 1.62479686760344 1.55372476577759 1.49551976355724 1.7677199030295 1.7106020890642 1.47332515777089 1.40764516405761 0.979234455153346
1.45149044832215 1.2319380401168 1.33863509516232 1.29106485447846 1.85309696686454 1.14426832529716 1.84098239359446 1.53511198423803 1.29708942910656 0 1.57474041171372 1.25304896896705 1.74606567784213 1.00337395747192 1.27553802262992 1.53770700260065 1.3897196399048 1.67634122702293 1.13427555630915 1.76198253966868 1.78529970254749 1.77201148006134 1.10129329911433 1.87326895748265 1.66311968397349 1.57758611650206 1.35271832346916 1.2325677650515 1.37162499804981 1.30320316646248
1.29976374632679 1.00653908820823 1.30979706416838 0.998388110892847 1.29124742536806 1.72295187064447 1.20632239617407 1.82310032797977 1.7490865199361 1.57474041171372 0 1.29191736038774 1.43206443195231 1.24346139025874 1.1317844488658 1.45357229514048 1.69792365771718 1.01540052541532 1.51201807218604 1.59567648451775 1.21689447411336 1.4195535229519 0.998190489597619 1.88847635057755 1.84575172304176 1.50501896906644 1.68049457622692 1.10523540200666 1.58654043660499 1.39315216639079
1.50248464592732 1.18982516718097 1.75074893608689 1.33476312155835 1.50976016256027 1.05692431237549 1.29600678710267 1.83683456107974 1.75452296016738 1.25304896896705 1.29191736038774 0 1.5967349850107 1.43758895201609 1.36867847945541 0.978987746173516 1.86485134484246 1.09649949148297 1.51082738977857 1.22187375719659 1.89597861445509 1.60359484446235 1.40321963303722 1.14166790200397 1.713359934045 1.3587203992065 1.71631021890789 1.59372364194132 1.30107224173844 1.04466192820109
1.75508208665997 1.83193060196936 1.07322062505409 1.87657225434668 1.68616075091995 1.66792978579178 0.980834619840607 1.05318980989978 1.40096373879351 1.74606567784213 1.43206443195231 1.5967349850107 0 1.04748357529752 1.07397416466847 0.997449317481369 1.0926386420615 1.87477792287245 1.56102574197575 1.08582802745514 1.70505380653776 1.51390223903582 1.39799387403764 1.65350347338244 1.37131352373399 1.45578229310922 1.12913192412816 1.60206768941134 0.911660227924585 1.72848220891319
1.17012424068525 1.39583708625287 0.940794078400359 1.75936328317039 1.81097817327827 1.36501502478495 1.2441934181843 1.28592378715985 1.18059644731693 1.00337395747192 1.24346139025874 1.43758895201609 1.04748357529752 0 1.09355626371689 1.26541720353998 1.86476705293171 1.66055859508924 1.51898548007011 1.38955999584869 1.08921191003174 0.926633839029819 1.56821285700426 1.38983036926948 1.12971094297245 0.939299482852221 1.22273378074169 1.42771227634512 1.22846679808572 1.47075401293114
1.61843062425032 0.922122037736699 1.65643868967891 1.88507845485583 1.24987284792587 1.19518555002287 1.29252245905809 1.341460427735 1.54699026979506 1.27553802262992 1.1317844488658 1.36867847945541 1.07397416466847 1.09355626371689 0 1.21089164237492 1.16484432155266 0.992032393347472 1.53260029992089 1.147484814981 1.04208797612227 1.46541427308694 1.03528415411711 1.17481831228361 1.80193064454943 1.34803215251304 1.59757460886613 1.0677139183972 1.58730875654146 1.50854310765862
1.27725012367591 1.39806749601848 1.78276716312394 1.6041842000559 1.62884318130091 1.11586994188838 1.13654497917742 1.63615109305829 1.35889466688968 1.53770700260065 1.45357229514048 0.978987746173516 0.997449317481369 1.26541720353998 1.21089164237492 0 0.908856382127851 1.32643326022662 1.4259762854781 1.59297410654835 1.18659163801931 1.14963876805268 1.33122237259522 1.67120692902245 1.36887946072966 1.82126431609504 1.42515545384958 1.41954850498587 1.55493928794749 1.17359334998764
1.38511759461835 1.09521976602264 1.47665261221118 1.40603518043645 1.19694803468883 1.36125354049727 1.27173007279634 1.71824918081984 1.4581097252667 1.3897196399048 1.69792365771718 1.86485134484246 1.0926386420615 1.86476705293171 1.16484432155266 0.908856382127851 0 1.14721677312627 1.39152739406563 1.66743199178018 1.59112330200151 1.50929269613698 1.33053467911668 1.64212600979954 1.82044635154307 1.65672456705943 1.06502313818783 0.937127360375598 1.82525317836553 1.58247916470282
1.80238358443603 1.65085537871346 1.82313092751428 1.28926846222021 1.26447483361699 1.34591650799848 1.60320001933724 1.20177168771625 1.62204372184351 1.67634122702293 1.01540052541532 1.09649949148297 1.87477792287245 1.66055859508924 0.992032393347472 1.32643326022662 1.14721677312627 0 1.57589113549329 1.02950555388816 1.05639602430165 1.61185260349885 1.80138727743179 1.61693505290896 1.74461683980189 1.68575848150067 1.43055108259432 1.61317206942476 1.50799374049529 0.967100173700601
1.44233434530906 1.31175439269282 1.79672338161618 0.911228293785825 1.60881882719696 1.12305858335458 1.49245187221095 1.47125994041562 1.60869594570249 1.13427555630915 1.51201807218604 1.51082738977857 1.56102574197575 1.51898548007011 1.53260029992089 1.4259762854781 1.39152739406563 1.57589113549329 0 1.37749005015939 1.11836563702673 1.88086977275088 1.66907781455666 1.73562772176228 1.32035687519237 1.7770714587532 1.5187975782901 1.25647858344018 1.40265645086765 0.991773530142382
1.31958965701051 1.7680628632661 1.51080084708519 1.52677515265532 1.3801384891849 1.78973260847852 0.971972928615287 1.0877655192744 1.89744303002954 1.76198253966868 1.59567648451775 1.22187375719659 1.08582802745514 1.38955999584869 1.147484814981 1.59297410654835 1.66743199178018 1.02950555388816 1.37749005015939 0 0.989196241134778 1.85097819101065 1.61296508670785 1.38155855401419 1.2365207830444 1.28508344129659 1.71853614156134 1.02313323551789 1.5565919992514 1.20330717018805
1.75085323047824 1.83535098470747 0.956578017678112 1.20492688426748 1.60011058626696 1.27380216214806 1.19213579199277 1.41263828729279 1.14520999859087 1.78529970254749 1.21689447411336 1.89597861445509 1.70505380653776 1.08921191003174 1.04208797612227 1.18659163801931 1.59112330200151 1.05639602430165 1.11836563702673 0.989196241134778 0 1.10687335720286 0.929357401793823 1.52917406056076 1.7461842764169 1.04647989757359 1.77644108445384 1.40686758770607 1.42302424041554 1.25238090846688
1.48625693563372 1.4252526552882 1.3464312159922 1.24229957722127 1.41063384199515 1.6279870942235 1.12124987272546 1.79292167793028 1.43363364809193 1.77201148006134 1.4195535229519 1.60359484446235 1.51390223903582 0.926633839029819 1.46541427308694 1.14963876805268 1.50929269613698 1.61185260349885 1.88086977275088 1.85097819101065 1.10687335720286 0 0.943386908154935 0.968792705563828 1.11032264120877 1.02397471969016 1.85006465273909 1.09605487273075 0.915447433944792 1.26996071031317
0.978053370025009 1.8537413298618 1.4390803494025 1.7305997016374 1.41610070620663 1.54002504888922 1.34793108515441 1.81170710898004 1.62479686760344 1.10129329911433 0.998190489597619 1.40321963303722 1.39799387403764 1.56821285700426 1.03528415411711 1.33122237259522 1.33053467911668 1.80138727743179 1.66907781455666 1.61296508670785 0.929357401793823 0.943386908154935 0 1.39787882310338 0.961254816967994 1.08859595563263 1.14504766347818 1.46063032792881 1.36822317051701 1.33891959465109
1.01978705939837 1.74694789201021 1.10374388168566 1.46785204508342 1.87320087640546 1.76476318668574 1.38790602609515 0.933672002749518 1.55372476577759 1.87326895748265 1.88847635057755 1.14166790200397 1.65350347338244 1.38983036926948 1.17481831228361 1.67120692902245 1.64212600979954 1.61693505290896 1.73562772176228 1.38155855401419 1.52917406056076 0.968792705563828 1.39787882310338 0 1.27438629604876 1.88993606064469 1.64706721203402 1.04356630891562 1.60225623799488 1.61810864834115
1.89784595486708 0.982024049619213 0.95194987533614 1.87830091291107 0.932282360037789 1.73586906702258 0.995585228782147 1.26357920677401 1.49551976355724 1.66311968397349 1.84575172304176 1.713359934045 1.37131352373399 1.12971094297245 1.80193064454943 1.36887946072966 1.82044635154307 1.74461683980189 1.32035687519237 1.2365207830444 1.7461842764169 1.11032264120877 0.961254816967994 1.27438629604876 0 0.940016097854823 1.47192968567833 1.53256360371597 0.928015423705801 0.976052719634026
1.61693830695003 0.901037719333544 1.64725998532958 1.28902467247099 1.64868960995227 1.73320492077619 1.12787351221777 1.1167008925695 1.7677199030295 1.57758611650206 1.50501896906644 1.3587203992065 1.45578229310922 0.939299482852221 1.34803215251304 1.82126431609504 1.65672456705943 1.68575848150067 1.7770714587532 1.28508344129659 1.04647989757359 1.02397471969016 1.08859595563263 1.88993606064469 0.940016097854823 0 1.49566356698051 1.6506485233549 1.34202629025094 1.58147179265507
1.13678521895781 1.53295099572279 1.1765619427897 1.06918230908923 1.31841695075855 1.63004991458729 1.82130014174618 1.27074068342336 1.7106020890642 1.35271832346916 1.68049457622692 1.71631021890789 1.12913192412816 1.22273378074169 1.59757460886613 1.42515545384958 1.06502313818783 1.43055108259432 1.5187975782901 1.71853614156134 1.77644108445384 1.85006465273909 1.14504766347818 1.64706721203402 1.47192968567833 1.49566356698051 0 1.57978807436302 1.06596079398878 1.78608310059644
1.15335388667881 0.951993491500616 1.71293778764084 1.02090192376636 1.1432008058764 1.81232981174253 1.57212717924267 1.25723769585602 1.47332515777089 1.2325677650515 1.10523540200666 1.59372364194132 1.60206768941134 1.42771227634512 1.0677139183972 1.41954850498587 0.937127360375598 1.61317206942476 1.25647858344018 1.02313323551789 1.40686758770607 1.09605487273075 1.46063032792881 1.04356630891562 1.53256360371597 1.6506485233549 1.57978807436302 0 1.75186895369552 1.5554062963929
1.62557594408281 1.7393591622822 1.83977172407322 0.964912026422098 1.68329352349974 1.53118425002322 1.63290836219676 0.94258941244334 1.40764516405761 1.37162499804981 1.58654043660499 1.30107224173844 0.911660227924585 1.22846679808572 1.58730875654146 1.55493928794749 1.82525317836553 1.50799374049529 1.40265645086765 1.5565919992514 1.42302424041554 0.915447433944792 1.36822317051701 1.60225623799488 0.928015423705801 1.34202629025094 1.06596079398878 1.75186895369552 0 1.17698463820852
1.32751852064393 1.8111964862328 0.999412568518892 1.5884821168147 1.2645392564591 1.4332972727716 1.59921703557484 1.44114206149243 0.979234455153346 1.30320316646248 1.39315216639079 1.04466192820109 1.72848220891319 1.47075401293114 1.50854310765862 1.17359334998764 1.58247916470282 0.967100173700601 0.991773530142382 1.20330717018805 1.25238090846688 1.26996071031317 1.33891959465109 1.61810864834115 0.976052719634026 1.58147179265507 1.78608310059644 1.5554062963929 1.17698463820852 0
