0 1.57471342175268 1.43989123706706 1.73588780849241 1.0591985641513 1.08108944958076 1.59098816569895 1.06617406453006 1.6699870377779 1.29111927328631 1.36786270607263 1.02229940425605 1.69985737162642 1.76530874078162 1.57708863774315 1.19537458242849 1.44854205637239 1.53061575395986 1.11466861865483 1.17936019878834 1.79436453734525 0.907732754014432 1.40421392163262 1.09429887775332 1.11672965646721 1.16393757727928 1.04446751950309 1.76796832238324 1.56927662994713 1.50710476143286
1.57471342175268 0 1.51043600728735 1.08689891267568 1.5316048534587 1.20264069293626 1.17352337669581 0.923030849080533 1.28246068418957 1.01032506464981 1.01962502184324 1.37327194027603 1.52312575397082 1.51620841934346 1.087921153754 1.27662696526386 1.08759635663591 1.7455032535363 1.21988962823525 1.87768095498905 1.81137197837234 1.80846212524921 0.903790225740522 1.2436208431609 1.84015484154224 1.86028497316875 1.41601437097415 1.18439278169535 1.81729948078282 1.41160499048419
1.43989123706706 1.51043600728735 0 1.20982840028591 1.84953567059711 1.20817866874859 1.49964621313848 0.931524349143729 1.80134541820735 1.17810762790032 1.87264583585784 1.19011532585137 1.72221935214475 1.70728849712759 1.65167906833813 1.65026768203825 1.49176201154478 0.986361171817407 1.42599564418197 1.667466070503 0.98140956601128 1.54407119122334 1.04025109414943 1.44920247420669 1.60868646111339 1.39494860940613 1.60968946712092 1.19868840510026 1.87857129634358 1.55665370379575
1.73588780849241 1.08689891267568 1.20982840028591 0 1.33679106086493 1.20536834723316 1.10891216271557 1.712725777179 1.05399024463259 1.73913570330478 1.18820553086698 1.37128873541951 1.87822856800631 1.80947592086159 1.72421618620865 1.61556429672055 0.927767541026697 1.50167454360053 1.07615968841128 1.78475116402842 1.06414620950818 1.74678325187415 1.65090479911305 1.54287647781894 1.85778528871015 1.37897126143798 1.86478998023085 1.36443934799172 1.0615535362158 1.41251566191204
1.0591985641513 1.5316048534587 1.84953567059711 1.33679106086493 0 1.23960165935569 1.88225374813192 1.68354273820296 1.38827122678049 1.33641883451492 1.35136445728131 1.23175930022262 1.77349025080912 1.0118762969505 1.79101832443848 1.00485094031319 1.86842018389143 0.943822097498924 1.83207177324221 1.2590050897561 1.71283611701801 1.01515570073389 1.85783426766284 1.6652048274409 1.26528421975672 1.78467199346051 1.60843264125288 0.918263701489195 1.87001209636219 1.68381243967451
1.08108944958076 1.20264069293626 1.20817866874859 1.20536834723316 1.23960165935569 0 1.7338711952325 1.2696761242114 1.85462972032838 1.72373429802246 1.64361771871336 1.50556715903804 1.38549882709049 1.43482006993145 1.52801029710099 1.56217428832315 1.04464090848342 1.73663317947648 1.38234722591005 1.08206068421714 1.18278198828921 1.04110544035211 1.01516911201179 1.23725751671009 1.86051211995073 1.23998725111596 1.45937374047935 1.44375561457127 1.71367253107019 1.30419544968754
1.59098816569895 1.17352337669581 1.49964621313848 1.10891216271557 1.88225374813192 1.7338711952325 0 1.08230995247141 1.63557998253964 1.40498254704289 1.293590672547 1.03436227352358 1.75026197033003 1.29811741644517 1.03144934284501 1.60912228841335 1.66340097389184 1.37272492144257 1.26796436170116 0.900368963833898 1.07334696315229 1.06530313775875 1.66653058747761 1.16126347496174 1.27667113626376 1.75903370813467 1.58354524290189 1.25995192863047 1.09909058385529 1.14779498358257
1.06617406453006 0.923030849080533 0.931524349143729 1.712725777179 1.68354273820296 1.2696761242114 1.08230995247141 0 1.33131540683098 0.965071374550462 0.94112148671411 1.54555651871487 1.12695540837012 1.32318747439422 1.14308788953349 1.07963937241584 1.010642811656 1.55221070558764 1.85210534068756 1.61245731590316 1.49367175181396 1.10922309593298 1.4594982995186 1.84044395806268 0.966335079399869 1.3412596504204 1.41338621661998 1.50714813824743 1.6570459487848 1.18740893155336
1.6699870377779 1.28246068418957 1.80134541820735 1.05399024463259 1.38827122678049 1.85462972032838 1.63557998253964 1.33131540683098 0 1.470323208021 0.96160601801239 0.992524571483955 1.60376175353304 1.47904917644337 1.40705544990487 0.927296795416623 1.79801323567517 0.905844769440591 1.40791103732772 1.37980603100732 1.29677443928085 1.78028618870303 1.17947689117864 1.70448233396746 1.18248906824738 1.78080331045203 1.20621497929096 1.63123787543736 1.33076454792172 1.42693003918976
1.29111927328631 1.01032506464981 1.17810762790032 1.73913570330478 1.33641883451492 1.72373429802246 1.40498254704289 0.965071374550462 1.470323208021 0 1.56505161244422 1.58186008688062 1.13280217070132 0.945459879934788 1.11172417807393 1.3563212971203 1.71020833798684 1.44457611069083 1.6153338602744 1.74373031686991 1.70760032115504 1.50540624000132 1.26323962700553 1.56931521371007 1.2087835452985 1.46509292745031 1.02273043082096 1.61426629056223 1.04928179620765 0.986781107028946
1.36786270607263 1.01962502184324 1.87264583585784 1.18820553086698 1.35136445728131 1.64361771871336 1.293590672547 0.94112148671411 0.96160601801239 1.56505161244422 0 1.32537876791321 0.899363334989175 0.991217776667327 0.923458989011124 1.36498223850504 1.67046945239417 1.28371441550553 1.37651714100502 1.83631883468479 1.09178395359777 1.12308176327497 0.983180702896789 1.40336997644044 0.96075347950682 1.32308532716706 1.65790535882115 1.17264062562026 1.06356633966789 1.60847699036822
1.02229940425605 1.37327194027603 1.19011532585137 1.37128873541951 1.23175930022262 1.50556715903804 1.03436227352358 1.54555651871487 0.992524571483955 1.58186008688062 1.32537876791321 0 1.81689316336997 0.916033648885787 1.4683530558832 1.38421424943954 0.989842529641464 1.54632230103016 1.63473657891154 1.60017018509097 1.44818725809455 1.70598944975063 1.54122865805402 1.78028264152817 1.37538825022057 1.87744852015749 1.57791190198623 1.87860366050154 1.37068709428422 1.18224928365089
1.69985737162642 1.52312575397082 1.72221935214475 1.87822856800631 1.77349025080912 1.38549882709049 1.75026197033003 1.12695540837012 1.60376175353304 1.13280217070132 0.899363334989175 1.81689316336997 0 1.55670675239526 0.948291884269565 1.55911730462685 1.31670979503542 1.55187187762931 1.65106869651936 1.64648534846492 1.15251988079399 1.83348662010394 1.24348916206509 1.06348352413625 1.48374288994819 1.84881871426478 1.33441608957946 1.32908802386373 1.48385560512543 1.04569702828303
1.76530874078162 1.51620841934346 1.70728849712759 1.80947592086159 1.0118762969505 1.43482006993145 1.29811741644517 1.32318747439422 1.47904917644337 0.945459879934788 0.991217776667327 0.916033648885787 1.55670675239526 0 1.15764785534702 1.67649794463068 1.45778297120705 1.69630624470301 0.924097824143246 1.51280189468525 1.12591955461539 1.54045676952228 0.946037061978132 1.83674540836364 1.1673183022067 1.39385891682468 1.47856736392714 1.27278358628973 1.84484819858335 1.7135807655286
1.57708863774315 1.087921153754 1.65167906833813 1.72421618620865 1.79101832443848 1.52801029710099 1.03144934284501 1.14308788953349 1.40705544990487 1.11172417807393 0.923458989011124 1.4683530558832 0.948291884269565 1.15764785534702 0 1.21907265367918 1.73570199403912 1.70069478824735 1.40215068333782 1.23812826978974 1.64554753503762 1.51315097138286 1.02072368026711 1.26693866308779 1.17562007834204 1.10268584825099 1.14368377020583 1.56913587101735 0.920317633775994 1.16995294881053
1.19537458242849 1.27662696526386 1.65026768203825 1.61556429672055 1.00485094031319 1.56217428832315 1.60912228841335 1.07963937241584 0.927296795416623 1.3563212971203 1.36498223850504 1.38421424943954 1.55911730462685 1.67649794463068 1.21907265367918 0 1.56573023996316 1.26742472895421 1.10089588165283 1.87725553987548 1.07064408343285 1.22395039326511 1.71097173262388 1.41694396687672 1.49807403585874 1.03048210311681 1.80201837047935 1.65874894056469 1.50721532129683 1.79090032121167
1.44854205637239 1.08759635663591 1.49176201154478 0.927767541026697 1.86842018389143 1.04464090848342 1.66340097389184 1.010642811656 1.79801323567517 1.71020833798684 1.67046945239417 0.989842529641464 1.31670979503542 1.45778297120705 1.73570199403912 1.56573023996316 0 1.81974805146456 0.898879074724391 1.49431366240606 0.989164484431967 1.2928755695466 1.24558128393255 1.74670496070758 1.31781363091432 1.81253789761104 1.09368275129236 1.63842122722417 1.68715482926928 1.21634430810809
1.53061575395986 1.7455032535363 0.986361171817407 1.50167454360053 0.943822097498924 1.73663317947648 1.37272492144257 1.55221070558764 0.905844769440591 1.44457611069083 1.28371441550553 1.54632230103016 1.55187187762931 1.69630624470301 1.70069478824735 1.26742472895421 1.81974805146456 0 1.65991061297245 1.05010242480785 1.49432667996734 1.4056465937756 1.19468572339974 1.37551651173271 1.8218883657828 1.281208074186 1.32236198126338 1.80557590234093 1.54842021362856 1.74921854003333
1.11466861865483 1.21988962823525 1.42599564418197 1.07615968841128 1.83207177324221 1.38234722591005 1.26796436170116 1.85210534068756 1.40791103732772 1.6153338602744 1.37651714100502 1.63473657891154 1.65106869651936 0.924097824143246 1.40215068333782 1.10089588165283 0.898879074724391 1.65991061297245 0 0.927700323052704 1.22569962497801 1.50730237504467 1.23085948638618 1.1278473441489 1.04712015553378 1.65429582470097 1.33142215502448 1.26902471762151 0.999043788993731 1.83429847145453
1.17936019878834 1.87768095498905 1.667466070503 1.78475116402842 1.2590050897561 1.08206068421714 0.900368963833898 1.61245731590316 1.37980603100732 1.74373031686991 1.83631883468479 1.60017018509097 1.64648534846492 1.51280189468525 1.23812826978974 1.87725553987548 1.49431366240606 1.05010242480785 0.927700323052704 0 1.16831779596396 1.21006289031357 1.51175862783566 1.34850022452883 1.52084891544655 1.80654660006985 1.4100184715353 1.05910357018001 1.37144998158328 1.42327387281694
1.79436453734525 1.81137197837234 0.98140956601128 1.06414620950818 1.71283611701801 1.18278198828921 1.07334696315229 1.49367175181396 1.29677443928085 1.70760032115504 1.09178395359777 1.44818725809455 1.15251988079399 1.12591955461539 1.64554753503762 1.07064408343285 0.989164484431967 1.49432667996734 1.22569962497801 1.16831779596396 0 1.64464414631948 1.66087701288052 1.60822340240702 0.919192343018949 1.5334700231906 1.838351176586 1.16963177383877 1.53998636011966 1.51277536316775
0.907732754014432 1.80846212524921 1.54407119122334 1.74678325187415 1.01515570073389 1.04110544035211 1.06530313775875 1.10922309593298 1.78028618870303 1.50540624000132 1.12308176327497 1.70598944975063 1.83348662010394 1.54045676952228 1.51315097138286 1.22395039326511 1.2928755695466 1.4056465937756 1.50730237504467 1.21006289031357 1.64464414631948 0 1.81882598763332 1.76131631247699 1.85514837759547 1.23668292956427 1.55889485729858 1.42334362119436 1.08418656815775 1.37730237655342
1.40421392163262 0.903790225740522 1.04025109414943 1.65090479911305 1.85783426766284 1.01516911201179 1.66653058747761 1.4594982995186 1.17947689117864 1.26323962700553 0.983180702896789 1.54122865805402 1.24348916206509 0.946037061978132 1.02072368026711 1.71097173262388 1.24558128393255 1.19468572339974 1.23085948638618 1.51175862783566 1.66087701288052 1.81882598763332 0 1.29205999034457 1.36094922316261 1.27434973837808 1.42854924523272 1.67451136815362 1.87209257762879 1.60434568440542
1.09429887775332 1.2436208431609 1.44920247420669 1.54287647781894 1.6652048274409 1.23725751671009 1.16126347496174 1.84044395806268 1.70448233396746 1.56931521371007 1.40336997644044 1.78028264152817 1.06348352413625 1.83674540836364 1.26693866308779 1.41694396687672 1.74670496070758 1.37551651173271 1.1278473441489 1.34850022452883 1.60822340240702 1.76131631247699 1.29205999034457 0 1.74699435941875 1.27174990694039 0.959089464740828 1.64280682848766 1.55965677648783 1.55378973949701
1.11672965646721 1.84015484154224 1.60868646111339 1.85778528871015 1.26528421975672 1.86051211995073 1.27667113626376 0.966335079399869 1.18248906824738 1.2087835452985 0.96075347950682 1.37538825022057 1.48374288994819 1.1673183022067 1.17562007834204 1.49807403585874 1.31781363091432 1.8218883657828 1.04712015553378 1.52084891544655 0.919192343018949 1.85514837759547 1.36094922316261 1.74699435941875 0 1.53321606502868 1.18758307327516 1.69702529208735 1.18427119078115 1.40430572722107
1.16393757727928 1.86028497316875 1.39494860940613 1.37897126143798 1.78467199346051 1.23998725111596 1.75903370813467 1.3412596504204 1.78080331045203 1.46509292745031 1.32308532716706 1.87744852015749 1.84881871426478 1.39385891682468 1.10268584825099 1.03048210311681 1.81253789761104 1.281208074186 1.65429582470097 1.80654660006985 1.5334700231906 1.23668292956427 1.27434973837808 1.27174990694039 1.53321606502868 0 1.42125116405077 1.81011842447333 1.46196928620338 1.14330774988048
1.04446751950309 1.41601437097415 1.60968946712092 1.86478998023085 1.60843264125288 1.45937374047935 1.58354524290189 1.41338621661998 1.20621497929096 1.02273043082096 1.65790535882115 1.57791190198623 1.33441608957946 1.47856736392714 1.14368377020583 1.80201837047935 1.09368275129236 1.32236198126338 1.33142215502448 1.4100184715353 1.838351176586 1.55889485729858 1.42854924523272 0.959089464740828 1.18758307327516 1.42125116405077 0 1.1430224836804 1.00443744077347 1.81876232894138
1.76796832238324 1.18439278169535 1.19868840510026 1.36443934799172 0.918263701489195 1.44375561457127 1.25995192863047 1.50714813824743 1.63123787543736 1.61426629056223 1.17264062562026 1.87860366050154 1.32908802386373 1.27278358628973 1.56913587101735 1.65874894056469 1.63842122722417 1.80557590234093 1.26902471762151 1.05910357018001 1.16963177383877 1.42334362119436 1.67451136815362 1.64280682848766 1.69702529208735 1.81011842447333 1.1430224836804 0 1.74768576957285 1.85003252513707
1.56927662994713 1.81729948078282 1.87857129634358 1.0615535362158 1.87001209636219 1.71367253107019 1.09909058385529 1.6570459487848 1.33076454792172 1.04928179620765 1.06356633966789 1.37068709428422 1.48385560512543 1.84484819858335 0.920317633775994 1.50721532129683 1.68715482926928 1.54842021362856 0.999043788993731 1.37144998158328 1.53998636011966 1.08418656815775 1.87209257762879 1.55965677648783 1.18427119078115 1.46196928620338 1.00443744077347 1.74768576957285 0 1.78878514072858
1.50710476143286 1.41160499048419 1.55665370379575 1.41251566191204 1.68381243967451 1.30419544968754 1.14779498358257 1.18740893155336 1.42693003918976 0.986781107028946 1.60847699036822 1.18224928365089 1.04569702828303 1.7135807655286 1.16995294881053 1.79090032121167 1.21634430810809 1.74921854003333 1.83429847145453 1.42327387281694 1.51277536316775 1.37730237655342 1.60434568440542 1.55378973949701 1.40430572722107 1.14330774988048 1.81876232894138 1.85003252513707 1.78878514072858 0
