0 1.62279998371378 1.16016075038351 1.03335401951335 1.64888753183186 1.14605340687558 1.10695355013013 1.40940316370688 1.73966679628938 1.14031649543904 1.58938543102704 1.38798011746258 1.1509399805218 1.24919735314324 1.7542325926479 1.2255980882328 1.62935571186244 1.62610609503463 1.4271270071622 1.48116048169322 0.981548723764718 1.19511573039927 1.31830320623703 1.28201132523827 1.63036838849075 1.62662464356981 1.03316062432714 0.999640229158103 1.75601917319 1.15279964380898
1.62279998371378 0 1.27939719380811 1.46493318909779 1.4757557711564 1.74072697665542 1.62085276190192 1.44723013276234 1.25880409916863 1.37018363107927 1.59494729922153 1.5754389599897 1.20524706109427 1.37148610828444 1.29458180814981 1.36061894427985 1.16941313934512 1.41988008981571 1.15959716425277 1.30034687952138 1.76457395520993 0.998975933063775 0.936461727134883 1.79129604669288 1.54184244154021 1.22530497494154 1.05234997882508 1.06536883325316 1.02248908788897 0.965450331103057
1.16016075038351 1.27939719380811 0 1.73422782169655 1.20700988941826 1.80446594231762 1.53496948513202 1.89970245677978 1.58555252430961 1.62319777859375 0.94155635824427 1.8287105015479 1.1124522597529 1.52952126273885 1.12490868731402 1.46903347130865 1.78370332112536 1.22178004635498 1.33876386005431 1.66063093696721 1.60610451130196 1.32491986593232 0.963562256190926 1.80454439227469 1.07389753870666 1.13390325848013 1.18635286297649 1.04268972598948 1.48756246129051 1.04598259693012
1.03335401951335 1.46493318909779 1.73422782169655 0 1.90705343289301 1.36138071794994 1.56846329336986 1.51330148102716 0.993593599414453 1.54702589474618 1.43761877226643 0.931702087400481 1.43860250432044 1.44956939737312 1.51935110241175 1.58202006551437 1.3650703469757 1.59153131046332 1.35664931451902 1.78915336704813 1.43443354545161 1.00498720654286 1.11234218487516 1.05846218788065 1.62852072808892 1.44641081336886 1.56434162450023 1.14127990812995 1.66328048659489 1.19942523143254
1.64888753183186 1.4757557711564 1.20700988941826 1.90705343289301 0 1.58176217088476 1.52746624313295 1.37163670221344 1.24872372555546 1.69563840259798 0.931930918712169 1.82744819670916 1.81973770563491 1.33642148273066 1.66002215468325 1.65432287449948 1.66980034369044 1.05975163402036 1.35584886744618 1.77709455345757 1.7015599377919 1.6255291083362 1.71384002291597 1.48288320587017 1.02830897970125 1.01210966729559 1.27817989164032 1.70572295901366 1.49685230501927 0.923883085837588
1.14605340687558 1.74072697665542 1.80446594231762 1.36138071794994 1.58176217088476 0 0.948239212855697 1.60504865343682 1.39210437610745 1.6917009986937 1.40625910949893 1.11516737588681 1.26465081819333 1.57397719309665 1.3402962598484 1.26671865954995 1.82300932798535 1.70313397655264 1.43517096526921 1.48939265683293 1.01486314996146 0.97020767419599 0.977965963771567 1.52717732591555 1.72728947270662 1.42012690356933 1.67736991937272 1.38309939182363 1.04741201992147 1.663306749193
1.10695355013013 1.62085276190192 1.53496948513202 1.56846329336986 1.52746624313295 0.948239212855697 0 1.68183606094681 1.12857193173841 1.35691409464926 1.48719680961221 1.87275524809957 1.47596462722868 1.73061674996279 1.92230610409752 1.3297108525876 1.00596441794187 1.88002487597987 1.32475476525724 1.10866355895996 1.34603930916637 1.11434423644096 1.45063841994852 1.81717011914589 1.13633504090831 1.26131489058025 1.85597709333524 1.34971236088313 1.66985874529928 1.2670289343223
1.40940316370688 1.44723013276234 1.89970245677978 1.51330148102716 1.37163670221344 1.60504865343682 1.68183606094681 0 1.24335062410682 1.30658651702106 1.78232703451067 1.72254063026048 0.956403729040176 1.87683246121742 1.14323577587493 1.53151433495805 1.52951679006219 1.41447046538815 1.80095795704983 1.70257378718816 1.71625561476685 1.04105941252783 1.74440050241537 1.02820927719586 1.33294699480757 1.73341318056919 1.49652472720481 1.85800512810238 1.23143165535294 1.61946777510457
1.73966679628938 1.25880409916863 1.58555252430961 0.993593599414453 1.24872372555546 1.39210437610745 1.12857193173841 1.24335062410682 0 0.946112751960754 1.7297114438843 1.34053734526969 1.05525986244902 1.8711179853417 1.16112946742214 1.62017743545584 1.31523006502539 1.56161287450232 1.45931363967247 1.43196084629744 1.03371676150709 1.31288345833309 1.47467184020206 1.57500366866589 1.20974191045389 0.98092671460472 1.03700267942622 1.2667421202641 1.12004174781032 1.03180517652072
1.14031649543904 1.37018363107927 1.62319777859375 1.54702589474618 1.69563840259798 1.6917009986937 1.35691409464926 1.30658651702106 0.946112751960754 0 1.75694129359908 1.3672189458739 1.0127269574441 1.78421060694382 0.979528734926134 1.8170177701395 1.20663277804852 1.85626319772564 1.09778302488849 0.994733016937971 1.65431179641746 1.76976493746042 1.71688242047094 1.67786210938357 1.7752759498544 0.932121506193653 1.78374756802805 1.69230710947886 1.11157461954281 1.82710228348151
1.58938543102704 1.59494729922153 0.94155635824427 1.43761877226643 0.931930918712169 1.40625910949893 1.48719680961221 1.78232703451067 1.7297114438843 1.75694129359908 0 1.16592488670722 1.01000774232671 1.5797242699191 0.948905162047595 1.07748382491991 1.7976042330265 1.76914468850009 1.25662299315445 1.91005249856971 1.22933006263338 1.25248377444223 1.24593266053125 1.15137218032032 1.61272630072199 1.27214269479737 1.05118930386379 1.59730345453136 1.66379752964713 1.62129922700115
1.38798011746258 1.5754389599897 1.8287105015479 0.931702087400481 1.82744819670916 1.11516737588681 1.87275524809957 1.72254063026048 1.34053734526969 1.3672189458739 1.16592488670722 0 1.89709508884698 1.42857770225964 1.63399711553939 1.71349550108425 1.35933869564906 1.82835243735462 1.88986960379407 0.9344383450225 1.13505574222654 1.46589892474003 1.02771231113002 1.1805509745609 0.959359804168344 1.77554070414044 1.92084628483281 1.30116177606396 1.53481545182876 1.13188361842185
1.1509399805218 1.20524706109427 1.1124522597529 1.43860250432044 1.81973770563491 1.26465081819333 1.47596462722868 0.956403729040176 1.05525986244902 1.0127269574441 1.01000774232671 1.89709508884698 0 1.09414494177327 0.923983696382493 1.69743083929643 1.03286120505072 1.63976730313152 1.42123457905836 1.10972230369225 1.04007515870035 1.51444306550547 1.72247299761511 1.02369134011678 0.990529140457511 1.0552311653737 1.24102833122015 1.73929465189576 1.42277920781635 1.29810530506074
1.24919735314324 1.37148610828444 1.52952126273885 1.44956939737312 1.33642148273066 1.57397719309665 1.73061674996279 1.87683246121742 1.8711179853417 1.78421060694382 1.5797242699191 1.42857770225964 1.09414494177327 0 1.38958164164796 1.15595077164471 1.86577032273635 1.20755058573559 1.22841542190872 1.6515516329091 1.09732512175106 1.47471658699214 1.15864074532874 1.84449242497794 1.45517108310014 1.21922605624422 1.55489746225066 1.82796120061539 1.45707024470903 1.30453148833476
1.7542325926479 1.29458180814981 1.12490868731402 1.51935110241175 1.66002215468325 1.3402962598484 1.92230610409752 1.14323577587493 1.16112946742214 0.979528734926134 0.948905162047595 1.63399711553939 0.923983696382493 1.38958164164796 0 1.10210622265004 1.01663478720002 1.49279198911972 1.59178398130462 1.41181167215109 1.47707100631669 1.57461748481728 1.19128634897061 1.34721434069797 1.13463814067654 1.46338445995934 1.55007341271266 1.20238897507079 1.90411367127672 1.77231337944977
1.2255980882328 1.36061894427985 1.46903347130865 1.58202006551437 1.65432287449948 1.26671865954995 1.3297108525876 1.53151433495805 1.62017743545584 1.8170177701395 1.07748382491991 1.71349550108425 1.69743083929643 1.15595077164471 1.10210622265004 0 1.28520579473116 1.0412413070444 1.87207972351462 0.922852325020358 0.932501889998093 0.939379892777652 1.07368874130771 1.64455070276745 1.26036590826698 1.245726817986 1.43996794801205 1.80085458536632 1.27838829252869 1.25347357941791
1.62935571186244 1.16941313934512 1.78370332112536 1.3650703469757 1.66980034369044 1.82300932798535 1.00596441794187 1.52951679006219 1.31523006502539 1.20663277804852 1.7976042330265 1.35933869564906 1.03286120505072 1.86577032273635 1.01663478720002 1.28520579473116 0 1.33276393217966 1.43731631478295 1.89850627467968 1.08768547163345 1.09787482395768 1.11866414919496 1.57471152348444 1.18201767047867 1.73789194761775 1.74082450428978 1.82947937236167 1.23859205539338 1.02394305705093
1.62610609503463 1.41988008981571 1.22178004635498 1.59153131046332 1.05975163402036 1.70313397655264 1.88002487597987 1.41447046538815 1.56161287450232 1.85626319772564 1.76914468850009 1.82835243735462 1.63976730313152 1.20755058573559 1.49279198911972 1.0412413070444 1.33276393217966 0 1.86948051769286 1.64541008975357 1.79159356909804 1.78329460718669 1.40085524716415 1.12103772140108 1.11010082089342 1.88604605919681 1.00847686058842 1.71970025426708 1.72890973859467 1.56255708471872
1.4271270071622 1.15959716425277 1.33876386005431 1.35664931451902 1.35584886744618 1.43517096526921 1.32475476525724 1.80095795704983 1.45931363967247 1.09778302488849 1.25662299315445 1.88986960379407 1.42123457905836 1.22841542190872 1.59178398130462 1.87207972351462 1.43731631478295 1.86948051769286 0 1.03365231701173 1.09896036796272 1.53959399228916 1.67262569023296 1.32006406364962 1.03344052261673 1.32245118217543 1.3345163424965 1.11016842187382 1.19451139983721 1.20495144813322
1.48116048169322 1.30034687952138 1.66063093696721 1.78915336704813 1.77709455345757 1.48939265683293 1.10866355895996 1.70257378718816 1.43196084629744 0.994733016937971 1.91005249856971 0.9344383450225 1.10972230369225 1.6515516329091 1.41181167215109 0.922852325020358 1.89850627467968 1.64541008975357 1.03365231701173 0 1.67432577675208 1.0474559024442 1.89517998788506 1.80228234850802 0.929590959334746 1.53904465446249 1.35308792069554 1.72359617403708 1.7689881536644 1.74029935034923
0.981548723764718 1.76457395520993 1.60610451130196 1.43443354545161 1.7015599377919 1.01486314996146 1.34603930916637 1.71625561476685 1.03371676150709 1.65431179641746 1.22933006263338 1.13505574222654 1.04007515870035 1.09732512175106 1.47707100631669 0.932501889998093 1.08768547163345 1.79159356909804 1.09896036796272 1.67432577675208 0 1.82315959711559 0.972226852085441 0.9999967624899 1.17058794153854 1.37114992947318 1.23307817988098 1.16740751639009 1.77439525397494 1.45247758016922
1.19511573039927 0.998975933063775 1.32491986593232 1.00498720654286 1.6255291083362 0.97020767419599 1.11434423644096 1.04105941252783 1.31288345833309 1.76976493746042 1.25248377444223 1.46589892474003 1.51444306550547 1.47471658699214 1.57461748481728 0.939379892777652 1.09787482395768 1.78329460718669 1.53959399228916 1.0474559024442 1.82315959711559 0 0.936128996079788 1.74299992155284 1.63638051855378 1.10128035838716 1.40726455138065 1.81241276394576 1.66676769522019 1.4208725139033
1.31830320623703 0.936461727134883 0.963562256190926 1.11234218487516 1.71384002291597 0.977965963771567 1.45063841994852 1.74440050241537 1.47467184020206 1.71688242047094 1.24593266053125 1.02771231113002 1.72247299761511 1.15864074532874 1.19128634897061 1.07368874130771 1.11866414919496 1.40085524716415 1.67262569023296 1.89517998788506 0.972226852085441 0.936128996079788 0 1.04984382190742 0.965589028550312 1.09429836063646 1.66126384795643 1.01689819665626 1.24451958877034 1.26448651589453
1.28201132523827 1.79129604669288 1.80454439227469 1.05846218788065 1.48288320587017 1.52717732591555 1.81717011914589 1.02820927719586 1.57500366866589 1.67786210938357 1.15137218032032 1.1805509745609 1.02369134011678 1.84449242497794 1.34721434069797 1.64455070276745 1.57471152348444 1.12103772140108 1.32006406364962 1.80228234850802 0.9999967624899 1.74299992155284 1.04984382190742 0 0.967265053186566 1.48753312695771 1.91488395840861 1.44710193178616 1.36438226955943 1.7563553659711
1.63036838849075 1.54184244154021 1.07389753870666 1.62852072808892 1.02830897970125 1.72728947270662 1.13633504090831 1.33294699480757 1.20974191045389 1.7752759498544 1.61272630072199 0.959359804168344 0.990529140457511 1.45517108310014 1.13463814067654 1.26036590826698 1.18201767047867 1.11010082089342 1.03344052261673 0.929590959334746 1.17058794153854 1.63638051855378 0.965589028550312 0.967265053186566 0 1.28008913295344 1.11102188029326 1.01538897817954 1.91534666111693 1.52664577448741
1.62662464356981 1.22530497494154 1.13390325848013 1.44641081336886 1.01210966729559 1.42012690356933 1.26131489058025 1.73341318056919 0.98092671460472 0.932121506193653 1.27214269479737 1.77554070414044 1.0552311653737 1.21922605624422 1.46338445995934 1.245726817986 1.73789194761775 1.88604605919681 1.32245118217543 1.53904465446249 1.37114992947318 1.10128035838716 1.09429836063646 1.48753312695771 1.28008913295344 0 1.61019043438137 1.36964070075192 1.82426456385292 1.12031582347117
1.03316062432714 1.05234997882508 1.18635286297649 1.56434162450023 1.27817989164032 1.67736991937272 1.85597709333524 1.49652472720481 1.03700267942622 1.78374756802805 1.05118930386379 1.92084628483281 1.24102833122015 1.55489746225066 1.55007341271266 1.43996794801205 1.74082450428978 1.00847686058842 1.3345163424965 1.35308792069554 1.23307817988098 1.40726455138065 1.66126384795643 1.91488395840861 1.11102188029326 1.61019043438137 0 1.07739828922786 1.29082550806925 1.12413675314747
0.999640229158103 1.06536883325316 1.04268972598948 1.14127990812995 1.70572295901366 1.38309939182363 1.34971236088313 1.85800512810238 1.2667421202641 1.69230710947886 1.59730345453136 1.30116177606396 1.73929465189576 1.82796120061539 1.20238897507079 1.80085458536632 1.82947937236167 1.71970025426708 1.11016842187382 1.72359617403708 1.16740751639009 1.81241276394576 1.01689819665626 1.44710193178616 1.01538897817954 1.36964070075192 1.07739828922786 0 0.992110994644463 0.98314878763631
1.75601917319 1.02248908788897 1.48756246129051 1.66328048659489 1.49685230501927 1.04741201992147 1.66985874529928 1.23143165535294 1.12004174781032 1.11157461954281 1.66379752964713 1.53481545182876 1.42277920781635 1.45707024470903 1.90411367127672 1.27838829252869 1.23859205539338 1.72890973859467 1.19451139983721 1.7689881536644 1.77439525397494 1.66676769522019 1.24451958877034 1.36438226955943 1.91534666111693 1.82426456385292 1.29082550806925 0.992110994644463 0 1.20625106757507
1.15279964380898 0.965450331103057 1.04598259693012 1.19942523143254 0.923883085837588 1.663306749193 1.2670289343223 1.61946777510457 1.03180517652072 1.82710228348151 1.62129922700115 1.13188361842185 1.29810530506074 1.30453148833476 1.77231337944977 1.25347357941791 1.02394305705093 1.56255708471872 1.20495144813322 1.74029935034923 1.45247758016922 1.4208725139033 1.26448651589453 1.7563553659711 1.52664577448741 1.12031582347117 1.12413675314747 0.98314878763631 1.20625106757507 0
