0 1.26271220948547 1.80080697592348 1.29781587724574 1.62827418907546 1.45159581210464 1.69089937442914 1.82907092384994 1.033320622053 1.4188359847758 1.31662579299882 1.03835721034557 1.0834021626506 1.2354795911815 1.35021820408292 1.55312810768373 1.49140437622555 1.19691999885254 1.63187828310765 1.34463306725956 1.26055590668693 1.82789917779155 1.65483153308742 1.88709823577665 1.47828936274163 1.82101431651972 1.50446844426915 1.78673347155564 1.2762592593208 1.61815981124528
1.26271220948547 0 1.68036616710015 1.10729523748159 1.36437979061157 1.13769392552786 1.64859857945703 1.64508295641281 1.33379929536022 1.49444966996089 1.4984271209687 1.39213263010606 1.77159173390828 1.34328372287564 1.48716302844696 1.33873450616375 1.31806323304772 1.5091587593779 1.01567082758993 1.17381280614063 1.3817286065314 1.33925208984874 1.36270525190048 1.40475517278537 1.16893309424631 1.81847160542384 0.945173958782107 1.32053932221606 1.18608314124867 1.2750074500218
1.80080697592348 1.68036616710015 0 1.89436738216318 1.79801617283374 1.82551933289506 0.966155070113018 1.38889579917304 1.11039727809839 1.24606141075492 1.16310701868497 1.71116904658265 1.711139224004 1.8799642669037 1.51532175997272 1.65818657889031 1.61619963333942 0.976394108729437 1.80387295922264 1.59754239837639 1.50529089011252 1.88321642251685 1.15758229815401 1.42968895216472 1.84001913946122 1.35490455385298 1.77384032798 1.01509000943042 1.29484997293912 1.63709075795487
1.29781587724574 1.10729523748159 1.89436738216318 0 1.38986151479185 1.71710724080913 1.91761619597673 1.02787141338922 1.4796759954188 1.61026328289881 1.07277703355066 1.67494453629479 1.33275594143197 1.90559179754928 1.37858420610428 0.935020366450772 1.4589503724128 1.11653306568041 1.47519268607721 0.965612141881138 1.31467237719335 1.094849498244 1.83470176369883 1.00578732672147 1.15676324558444 1.88932941877283 1.49184165219776 1.91463505313732 1.04692228673957 1.06025869818404
1.62827418907546 1.36437979061157 1.79801617283374 1.38986151479185 0 1.5331171725411 1.60188423120417 1.17769509507343 1.59839998884127 1.33352235308848 0.963423807173967 1.90262319240719 1.35376095026731 1.40911176754162 1.05631442810409 1.68637775024399 1.44601855706424 1.25698098517023 1.34398031840101 1.54261086415499 1.15935547044501 1.32238755444996 1.04139858484268 1.90316939190961 0.994426699588075 1.35835637059063 1.69961817492731 1.74259800813161 1.66410505236126 1.69331332901493
1.45159581210464 1.13769392552786 1.82551933289506 1.71710724080913 1.5331171725411 0 1.19746013428085 1.03340810583904 1.56013994012028 1.55658069974743 1.55957921920344 1.70252495119348 1.20871911384165 1.32205709861591 1.68867547414266 1.68310118233785 1.3550278453622 1.58802067744546 1.60916811460629 1.58091978752054 1.61097857542336 1.00602466566488 1.21166417608038 1.49006895208731 1.37735818349756 1.50827569654211 0.968214919557795 1.79778752126731 1.31728862295859 1.4568759445101
1.69089937442914 1.64859857945703 0.966155070113018 1.91761619597673 1.60188423120417 1.19746013428085 0 1.53721551108174 1.17787243216299 1.50473818322644 1.55575750023127 1.12973810383119 1.50623247376643 1.07281147153117 1.153114000801 1.44503671349958 0.931145111797377 1.51062376447953 1.5499322253745 1.32501447875984 1.44555023754947 1.78626251616515 1.76899636373855 1.88266040990129 1.32952270866372 0.948293784866109 1.49172322289087 1.54634403204545 1.31084012542851 1.69565792731009
1.82907092384994 1.64508295641281 1.38889579917304 1.02787141338922 1.17769509507343 1.03340810583904 1.53721551108174 0 1.15645296336152 1.24758539511822 1.53092287085019 1.17960152821615 1.91972911125049 1.76959533640184 1.40017611952499 1.57538031530567 1.38823102763854 1.75547183444723 1.13238090020604 1.23810335621238 1.4335852090735 1.49523400841281 1.05025091511197 1.06101537053473 1.55897617712617 1.20849631819874 1.87900103651918 0.929732786258683 0.97190752485767 1.20624752063304
1.033320622053 1.33379929536022 1.11039727809839 1.4796759954188 1.59839998884127 1.56013994012028 1.17787243216299 1.15645296336152 0 1.51105141430162 0.97067491710186 1.07671313313767 1.18272165488452 1.3870447287336 1.31230460712686 1.03399263555184 1.44623672263697 1.88005989976227 1.37965473672375 1.50549355405383 1.76794476341456 1.30441377777606 1.70343676931225 1.89040918555111 1.77044561784714 1.63204334443435 1.26654717535712 1.09321458498016 1.58260488091037 1.75531767541543
1.4188359847758 1.49444966996089 1.24606141075492 1.61026328289881 1.33352235308848 1.55658069974743 1.50473818322644 1.24758539511822 1.51105141430162 0 1.32454212103039 1.3196039989125 1.89184040203691 1.71795954485424 1.73455511592329 1.74810159113258 1.29369511175901 1.27102807490155 1.46901857852936 1.22243202058598 0.981436348520219 1.77318800729699 1.18578122439794 1.2093522164505 1.32022073329426 1.49564118520357 1.77997866552323 1.91221419838257 1.07306770654395 1.74396807258017
1.31662579299882 1.4984271209687 1.16310701868497 1.07277703355066 0.963423807173967 1.55957921920344 1.55575750023127 1.53092287085019 0.97067491710186 1.32454212103039 0 1.43680114508606 1.69972359784879 1.13553488440812 1.03955194749869 1.03088085399941 1.10494913044386 1.86648267460987 1.43033020826988 1.24461569660343 0.987290720455348 1.6523027815856 0.957506115781143 1.5785405789502 1.73872051038779 1.64898338890634 1.2080538731534 1.20364213734865 1.09976198687218 1.30642201751471
1.03835721034557 1.39213263010606 1.71116904658265 1.67494453629479 1.90262319240719 1.70252495119348 1.12973810383119 1.17960152821615 1.07671313313767 1.3196039989125 1.43680114508606 0 0.980704875895754 1.25180115411058 1.8920517815277 1.46101468708366 1.68387394072488 1.24302882514894 1.2218046146445 1.88867362053134 1.47094246791676 1.70717205130495 1.00915535492823 1.84840944525786 1.333614239702 1.37938331766054 1.21695751696825 1.69407818978652 1.69433663436212 1.13586384709924
1.0834021626506 1.77159173390828 1.711139224004 1.33275594143197 1.35376095026731 1.20871911384165 1.50623247376643 1.91972911125049 1.18272165488452 1.89184040203691 1.69972359784879 0.980704875895754 0 1.55336901126429 1.88073199358769 1.22656538034789 1.48744607926346 1.90222461824305 1.20999589702114 1.91761765419506 1.72036738996394 1.0506413995754 0.966433787718415 1.57426530774683 1.68314210930839 1.69592646509409 1.22223246726207 1.18549695098773 1.88498977269046 1.90351686230861
1.2354795911815 1.34328372287564 1.8799642669037 1.90559179754928 1.40911176754162 1.32205709861591 1.07281147153117 1.76959533640184 1.3870447287336 1.71795954485424 1.13553488440812 1.25180115411058 1.55336901126429 0 1.74631224619225 1.26086167548783 1.61522872443311 1.08147959434427 1.51889989920892 1.61094826762564 1.42245922004804 1.81397177185863 1.06569664739072 1.00778685114346 1.05541235604323 0.937260162550956 1.57049600384198 1.46908684191294 1.31922611035407 1.10727865295485
1.35021820408292 1.48716302844696 1.51532175997272 1.37858420610428 1.05631442810409 1.68867547414266 1.153114000801 1.40017611952499 1.31230460712686 1.73455511592329 1.03955194749869 1.8920517815277 1.88073199358769 1.74631224619225 0 1.56031460105442 1.47365801595151 1.89533862750977 1.0118194038514 1.36929529602639 1.46791454963386 1.31930454308167 1.00098780193366 1.84134722407907 1.20499160792679 1.88868223875761 1.27872487180866 1.34772735228762 1.15128332562745 1.4186837116722
1.55312810768373 1.33873450616375 1.65818657889031 0.935020366450772 1.68637775024399 1.68310118233785 1.44503671349958 1.57538031530567 1.03399263555184 1.74810159113258 1.03088085399941 1.46101468708366 1.22656538034789 1.26086167548783 1.56031460105442 0 1.38212363724597 1.16179889929481 1.56130991177633 1.56464204355143 0.948614505352452 1.73152477457188 1.07442031661049 1.77559781866148 1.52712053176947 1.84234260162339 1.80830479436554 0.979614686686546 1.48559951153584 1.51911651086994
1.49140437622555 1.31806323304772 1.61619963333942 1.4589503724128 1.44601855706424 1.3550278453622 0.931145111797377 1.38823102763854 1.44623672263697 1.29369511175901 1.10494913044386 1.68387394072488 1.48744607926346 1.61522872443311 1.47365801595151 1.38212363724597 0 1.64714952092618 1.66628222959116 1.80091169872321 1.39811286074109 1.53094421839342 1.65483565209433 1.23897018888965 1.59308876073919 1.12950821011327 1.04552342742682 0.958567649358884 1.53138284571469 1.85377475107089
1.19691999885254 1.5091587593779 0.976394108729437 1.11653306568041 1.25698098517023 1.58802067744546 1.51062376447953 1.75547183444723 1.88005989976227 1.27102807490155 1.86648267460987 1.24302882514894 1.90222461824305 1.08147959434427 1.89533862750977 1.16179889929481 1.64714952092618 0 1.02263946225867 1.39454176090658 1.85229588439688 1.45503371744417 1.25619148556143 1.87042317306623 1.63743408862501 1.9226245735772 1.86341584124602 1.50518322433345 0.94116414221935 1.18513432517648
1.63187828310765 1.01567082758993 1.80387295922264 1.47519268607721 1.34398031840101 1.60916811460629 1.5499322253745 1.13238090020604 1.37965473672375 1.46901857852936 1.43033020826988 1.2218046146445 1.20999589702114 1.51889989920892 1.0118194038514 1.56130991177633 1.66628222959116 1.02263946225867 0 1.13101817341521 1.03207340557128 0.934351668925956 1.16608003503643 1.79659442068078 1.53485220205039 0.945761819602922 1.75779094034806 1.05408246046863 1.49759016977623 0.971257398603484
1.34463306725956 1.17381280614063 1.59754239837639 0.965612141881138 1.54261086415499 1.58091978752054 1.32501447875984 1.23810335621238 1.50549355405383 1.22243202058598 1.24461569660343 1.88867362053134 1.91761765419506 1.61094826762564 1.36929529602639 1.56464204355143 1.80091169872321 1.39454176090658 1.13101817341521 0 1.82656574668363 1.24493720871396 1.0298458179459 1.64390138443559 1.03070231107995 1.32900491915643 1.23710293485783 1.47754487139173 1.32475213101134 1.70508135389537
1.26055590668693 1.3817286065314 1.50529089011252 1.31467237719335 1.15935547044501 1.61097857542336 1.44555023754947 1.4335852090735 1.76794476341456 0.981436348520219 0.987290720455348 1.47094246791676 1.72036738996394 1.42245922004804 1.46791454963386 0.948614505352452 1.39811286074109 1.85229588439688 1.03207340557128 1.82656574668363 0 1.72247657412663 1.62945924559608 1.92259605461732 0.95571241225116 1.51829327526502 1.82419407134876 1.11063997307792 1.60301000485197 1.62961268704385
1.82789917779155 1.33925208984874 1.88321642251685 1.094849498244 1.32238755444996 1.00602466566488 1.78626251616515 1.49523400841281 1.30441377777606 1.77318800729699 1.6523027815856 1.70717205130495 1.0506413995754 1.81397177185863 1.31930454308167 1.73152477457188 1.53094421839342 1.45503371744417 0.934351668925956 1.24493720871396 1.72247657412663 0 1.37250321707688 1.44006119249389 1.57397895422764 1.22190657979809 1.29363267146982 1.18303079158068 1.84425233537331 1.04543907055631
1.65483153308742 1.36270525190048 1.15758229815401 1.83470176369883 1.04139858484268 1.21166417608038 1.76899636373855 1.05025091511197 1.70343676931225 1.18578122439794 0.957506115781143 1.00915535492823 0.966433787718415 1.06569664739072 1.00098780193366 1.07442031661049 1.65483565209433 1.25619148556143 1.16608003503643 1.0298458179459 1.62945924559608 1.37250321707688 0 1.33762206253596 1.72614256991073 1.90565369999968 1.56936599058099 0.987304391805083 1.07508524530567 1.11238776240498
1.88709823577665 1.40475517278537 1.42968895216472 1.00578732672147 1.90316939190961 1.49006895208731 1.88266040990129 1.06101537053473 1.89040918555111 1.2093522164505 1.5785405789502 1.84840944525786 1.57426530774683 1.00778685114346 1.84134722407907 1.77559781866148 1.23897018888965 1.87042317306623 1.79659442068078 1.64390138443559 1.92259605461732 1.44006119249389 1.33762206253596 0 1.08724336070009 1.725161886774 1.37826334126294 1.49829315161332 1.12808337272145 1.59425691794604
1.47828936274163 1.16893309424631 1.84001913946122 1.15676324558444 0.994426699588075 1.37735818349756 1.32952270866372 1.55897617712617 1.77044561784714 1.32022073329426 1.73872051038779 1.333614239702 1.68314210930839 1.05541235604323 1.20499160792679 1.52712053176947 1.59308876073919 1.63743408862501 1.53485220205039 1.03070231107995 0.95571241225116 1.57397895422764 1.72614256991073 1.08724336070009 0 1.74298854591325 1.01076745754108 1.7670195796527 1.62592728226446 1.23368530883454
1.82101431651972 1.81847160542384 1.35490455385298 1.88932941877283 1.35835637059063 1.50827569654211 0.948293784866109 1.20849631819874 1.63204334443435 1.49564118520357 1.64898338890634 1.37938331766054 1.69592646509409 0.937260162550956 1.88868223875761 1.84234260162339 1.12950821011327 1.9226245735772 0.945761819602922 1.32900491915643 1.51829327526502 1.22190657979809 1.90565369999968 1.725161886774 1.74298854591325 0 1.59109036438167 1.3490603629034 1.32927805907093 1.66458738129586
1.50446844426915 0.945173958782107 1.77384032798 1.49184165219776 1.69961817492731 0.968214919557795 1.49172322289087 1.87900103651918 1.26654717535712 1.77997866552323 1.2080538731534 1.21695751696825 1.22223246726207 1.57049600384198 1.27872487180866 1.80830479436554 1.04552342742682 1.86341584124602 1.75779094034806 1.23710293485783 1.82419407134876 1.29363267146982 1.56936599058099 1.37826334126294 1.01076745754108 1.59109036438167 0 1.13739849254489 1.80159781384282 1.34665493783541
1.78673347155564 1.32053932221606 1.01509000943042 1.91463505313732 1.74259800813161 1.79778752126731 1.54634403204545 0.929732786258683 1.09321458498016 1.91221419838257 1.20364213734865 1.69407818978652 1.18549695098773 1.46908684191294 1.34772735228762 0.979614686686546 0.958567649358884 1.50518322433345 1.05408246046863 1.47754487139173 1.11063997307792 1.18303079158068 0.987304391805083 1.49829315161332 1.7670195796527 1.3490603629034 1.13739849254489 0 1.27567094913684 1.46015541208908
1.2762592593208 1.18608314124867 1.29484997293912 1.04692228673957 1.66410505236126 1.31728862295859 1.31084012542851 0.97190752485767 1.58260488091037 1.07306770654395 1.09976198687218 1.69433663436212 1.88498977269046 1.31922611035407 1.15128332562745 1.48559951153584 1.53138284571469 0.94116414221935 1.49759016977623 1.32475213101134 1.60301000485197 1.84425233537331 1.07508524530567 1.12808337272145 1.62592728226446 1.32927805907093 1.80159781384282 1.27567094913684 0 1.91080490802415
1.61815981124528 1.2750074500218 1.63709075795487 1.06025869818404 1.69331332901493 1.4568759445101 1.69565792731009 1.20624752063304 1.75531767541543 1.74396807258017 1.30642201751471 1.13586384709924 1.90351686230861 1.10727865295485 1.4186837116722 1.51911651086994 1.85377475107089 1.18513432517648 0.971257398603484 1.70508135389537 1.62961268704385 1.04543907055631 1.11238776240498 1.59425691794604 1.23368530883454 1.66458738129586 1.34665493783541 1.46015541208908 1.91080490802415 0
