0 1.45387693005614 1.38673953921534 1.68048053048551 1.31564766936935 1.36546901986003 1.09842041297816 1.87846848368645 1.31950580421835 1.21084961481392 1.65652903472073 1.12916079768911 1.77962860441767 1.17668401403353 1.61429627635516 1.5099003368523 1.31937127234414 1.71868503862061 1.75289740087464 0.966984729515389 1.53180651576258 1.43254930479452 1.43467947095633 1.7008274148684 1.12741121603176 1.8294012947008 1.68169383937493 1.43189327511936 1.50467648217455 1.39270314294845
1.45387693005614 0 1.23257797700353 1.64149860641919 1.25134944845922 1.05331765627488 1.8903335572686 1.92618111590855 1.27012282144278 1.77996734203771 1.08921835105866 1.73108491813764 1.51117402152158 1.91467740037479 1.63707656622864 1.65932427579537 1.79312280518934 1.69715491146781 1.78130846563727 1.04007395519875 1.7264493717812 1.77121947519481 1.04272092692554 1.04074520803988 0.94295078353025 1.36206074943766 1.92358146887273 1.75490783667192 1.83017977979034 1.69083168939687
1.38673953921534 1.23257797700353 0 1.83373877196573 1.21375951636583 1.79077154072002 1.52570311515592 1.10960867139511 1.45268856920302 1.23564692377113 1.82857253402472 1.69462689082138 1.80118517065421 1.00951009825803 1.3941671741195 1.32784472615458 1.82489231019281 1.31985826045275 1.61988565698266 1.52632251218893 1.3045002350118 1.15437171747908 1.77663311734796 1.70074405707419 1.14370016288012 1.46075164992362 0.953392798313871 1.45024590031244 0.931595291709527 1.39664841257036
1.68048053048551 1.64149860641919 1.83373877196573 0 1.03979394817725 0.951449836138636 1.67946426966228 1.74770497367717 1.73295470210724 1.75009711598977 1.88754864153452 1.17955850996077 1.49235282721929 1.73728851624765 1.44384393491782 1.44892298686318 1.78154008206911 1.91641653538682 1.12505312520079 1.06334992614575 0.978810780216008 1.07423895574175 1.69484848715365 1.2494698765222 1.50948796002194 1.2150701796636 1.63253649370745 1.31703332089819 1.05469174077734 0.951059479732066
1.31564766936935 1.25134944845922 1.21375951636583 1.03979394817725 0 1.33657138072886 1.66412853077054 1.72797900927253 1.91987259453163 1.82300108321942 1.06203495990485 1.03218861459754 1.79502132395282 1.68494330183603 1.49740026402287 1.89520592242479 1.82127161533572 1.32526135863736 1.42141691222787 1.5659535638988 1.7632395431865 1.07254232745618 1.36986311734654 1.15368697466329 1.36347564775497 0.952815663535148 1.33012490277179 1.74021808966063 1.84321223082952 1.18342299223877
1.36546901986003 1.05331765627488 1.79077154072002 0.951449836138636 1.33657138072886 0 1.68276619585231 1.45388970826752 1.33003987744451 1.27207568706945 1.87631688709371 1.13057428062893 0.955918884603307 1.42034819466062 1.42469859705307 1.1343423598446 1.43882519495673 0.977010283851996 1.62816395866685 1.2968050239142 1.64352888264693 1.51167555875145 1.26480774395168 1.85622441652231 1.59947415278293 1.55007270723581 1.47109512845054 1.38557185861282 1.86869037733413 1.52037897636183
1.09842041297816 1.8903335572686 1.52570311515592 1.67946426966228 1.66412853077054 1.68276619585231 0 1.16243215976283 1.29548691143282 1.57920410484076 1.59164318488911 1.10753927659243 1.02695063338615 1.34910302003846 1.01668393332511 1.12385006295517 1.69031653134152 1.44019998889416 1.41474614082836 1.59104875684716 1.39844117336906 1.55954862572253 1.50414900435135 1.6549326737877 1.62251751637086 0.959041450172663 1.51030577905476 1.16513995267451 1.89414829108864 1.25376903335564
1.87846848368645 1.92618111590855 1.10960867139511 1.74770497367717 1.72797900927253 1.45388970826752 1.16243215976283 0 0.939790909411386 1.39809446479194 1.24443485843949 1.31576919509098 1.27282919944264 1.7852628424298 1.1600689413026 1.84336990257725 0.93108621914871 1.60694699385203 1.5552194705233 0.993411981966347 1.4719181493856 1.39922676165588 1.56792425992899 1.37203592178412 1.00568757182918 1.04415655578487 1.8347735835705 1.01874239044264 1.44932387792505 1.43483960791491
1.31950580421835 1.27012282144278 1.45268856920302 1.73295470210724 1.91987259453163 1.33003987744451 1.29548691143282 0.939790909411386 0 1.66262140963227 1.36763914790936 1.5066101483535 1.53506423556246 0.986346621997654 1.14767090650275 1.45332492771558 1.79219768941402 0.999179230304435 0.935944924131036 1.52530218334869 1.331073991023 1.8907435957808 1.12103154370561 1.41282425075769 1.04316146601923 1.07313660508953 1.81125530949794 1.40735487313941 0.973638970172033 1.76343065407127
1.21084961481392 1.77996734203771 1.23564692377113 1.75009711598977 1.82300108321942 1.27207568706945 1.57920410484076 1.39809446479194 1.66262140963227 0 1.00376228638925 1.58625365397893 1.15114824404009 1.64228697889484 1.85478901187889 1.56431372184306 1.09074839111418 1.74775550980121 1.68340605846606 1.80178244737908 1.57902040774934 0.932177099166438 1.85865324106999 1.35126441111788 1.46417139400728 1.32855224213563 1.88421641429886 1.22654482233338 1.07844159915112 1.66477290866897
1.65652903472073 1.08921835105866 1.82857253402472 1.88754864153452 1.06203495990485 1.87631688709371 1.59164318488911 1.24443485843949 1.36763914790936 1.00376228638925 0 1.14354174816981 1.01861837925389 1.03996838093735 1.45286270417273 1.66805969551206 1.69231276516803 1.68721047160216 1.12336205365136 1.14716526749544 1.75446752319112 1.82568683451973 1.55635252897628 1.48554986575618 1.16928968392313 1.81975715933368 1.00104139698669 1.16196968290024 1.90055247303098 1.38687662198208
1.12916079768911 1.73108491813764 1.69462689082138 1.17955850996077 1.03218861459754 1.13057428062893 1.10753927659243 1.31576919509098 1.5066101483535 1.58625365397893 1.14354174816981 0 1.84072033874691 1.72879805136472 1.31912027089857 1.16453847847879 1.1058252658695 1.44603276369162 1.89326848904602 1.72130970424041 0.958025253377855 1.53268710616976 1.38428609096445 1.13127522380091 1.34324316657148 1.54848948214203 1.13042862177826 1.23754200711846 1.48184866434895 1.4001457511913
1.77962860441767 1.51117402152158 1.80118517065421 1.49235282721929 1.79502132395282 0.955918884603307 1.02695063338615 1.27282919944264 1.53506423556246 1.15114824404009 1.01861837925389 1.84072033874691 0 1.58783359872177 1.36865987814963 1.18492218060419 1.1225146423094 1.27525105397217 1.34050805168226 1.88592910580337 1.19805196393281 1.78016450931318 1.81100887828507 1.78358168317936 0.997623542090878 1.23507386888377 1.68905238155276 1.71727354242466 1.28836516174488 1.13770504808053
1.17668401403353 1.91467740037479 1.00951009825803 1.73728851624765 1.68494330183603 1.42034819466062 1.34910302003846 1.7852628424298 0.986346621997654 1.64228697889484 1.03996838093735 1.72879805136472 1.58783359872177 0 1.17768036411144 1.60047431336716 1.91884052567184 1.62361266324297 1.42269606236368 1.54560134955682 1.78878129390068 1.53454203810543 1.87758278497495 1.45739776198752 1.89788688137196 1.7157771368511 0.96065834374167 1.03529357584193 1.36107125901617 0.953291051788256
1.61429627635516 1.63707656622864 1.3941671741195 1.44384393491782 1.49740026402287 1.42469859705307 1.01668393332511 1.1600689413026 1.14767090650275 1.85478901187889 1.45286270417273 1.31912027089857 1.36865987814963 1.17768036411144 0 1.21412726119161 1.2469992779661 1.00863767135888 1.41710661817342 1.12283485289663 1.26358723221347 1.56617143424228 1.51686823507771 1.54430198785849 1.57088339747861 1.58315343828872 1.75566259725019 0.931764534441754 1.53461665683426 1.38981112767942
1.5099003368523 1.65932427579537 1.32784472615458 1.44892298686318 1.89520592242479 1.1343423598446 1.12385006295517 1.84336990257725 1.45332492771558 1.56431372184306 1.66805969551206 1.16453847847879 1.18492218060419 1.60047431336716 1.21412726119161 0 1.92746151098981 1.58584182453342 1.1512102256529 1.18555683433078 1.18077520607039 1.75866685016081 1.58474367600866 1.12434806674719 1.84571274230257 1.54939127736725 1.62879348057322 1.7332787218038 1.47238928847946 1.7256785875652
1.31937127234414 1.79312280518934 1.82489231019281 1.78154008206911 1.82127161533572 1.43882519495673 1.69031653134152 0.93108621914871 1.79219768941402 1.09074839111418 1.69231276516803 1.1058252658695 1.1225146423094 1.91884052567184 1.2469992779661 1.92746151098981 0 1.79808857291937 1.58635236043483 1.3228092957288 1.76417015027255 0.99370906688273 1.3594083157368 1.56565392855555 1.68223121226765 1.82049792562611 1.87965715560131 1.84031710820273 1.11770429741591 1.49361687130295
1.71868503862061 1.69715491146781 1.31985826045275 1.91641653538682 1.32526135863736 0.977010283851996 1.44019998889416 1.60694699385203 0.999179230304435 1.74775550980121 1.68721047160216 1.44603276369162 1.27525105397217 1.62361266324297 1.00863767135888 1.58584182453342 1.79808857291937 0 1.64070939645171 1.33398645021953 1.87299310136586 1.27582745766267 1.53368911636062 1.74840764096007 1.74821583437733 1.1367460815236 1.21800544019789 1.56162313302048 0.962445134297013 0.965357055654749
1.75289740087464 1.78130846563727 1.61988565698266 1.12505312520079 1.42141691222787 1.62816395866685 1.41474614082836 1.5552194705233 0.935944924131036 1.68340605846606 1.12336205365136 1.89326848904602 1.34050805168226 1.42269606236368 1.41710661817342 1.1512102256529 1.58635236043483 1.64070939645171 0 1.07797013712116 1.23665955825709 1.48422815417871 1.28774378634989 1.34218084043823 1.35278917662799 1.74126564129256 0.992297027492896 1.62263257754967 1.51776844169945 1.51059703854844
0.966984729515389 1.04007395519875 1.52632251218893 1.06334992614575 1.5659535638988 1.2968050239142 1.59104875684716 0.993411981966347 1.52530218334869 1.80178244737908 1.14716526749544 1.72130970424041 1.88592910580337 1.54560134955682 1.12283485289663 1.18555683433078 1.3228092957288 1.33398645021953 1.07797013712116 0 0.930900171166286 1.62414168729447 1.26228067977354 1.42606969294138 1.04065899690613 1.05246056965552 1.06434546923265 1.05289576109499 1.25231847912073 1.3446906148456
1.53180651576258 1.7264493717812 1.3045002350118 0.978810780216008 1.7632395431865 1.64352888264693 1.39844117336906 1.4719181493856 1.331073991023 1.57902040774934 1.75446752319112 0.958025253377855 1.19805196393281 1.78878129390068 1.26358723221347 1.18077520607039 1.76417015027255 1.87299310136586 1.23665955825709 0.930900171166286 0 1.18990768422373 1.34364665695466 1.84006238682196 1.54516540281475 1.92030878271908 1.10144357685931 1.87298330967315 1.90337580349296 1.7607826278545
1.43254930479452 1.77121947519481 1.15437171747908 1.07423895574175 1.07254232745618 1.51167555875145 1.55954862572253 1.39922676165588 1.8907435957808 0.932177099166438 1.82568683451973 1.53268710616976 1.78016450931318 1.53454203810543 1.56617143424228 1.75866685016081 0.99370906688273 1.27582745766267 1.48422815417871 1.62414168729447 1.18990768422373 0 1.44116485957056 1.11795178218745 1.23616509139538 1.77131061768159 1.50341324531473 1.47829833091237 1.14778502704576 1.53571491478942
1.43467947095633 1.04272092692554 1.77663311734796 1.69484848715365 1.36986311734654 1.26480774395168 1.50414900435135 1.56792425992899 1.12103154370561 1.85865324106999 1.55635252897628 1.38428609096445 1.81100887828507 1.87758278497495 1.51686823507771 1.58474367600866 1.3594083157368 1.53368911636062 1.28774378634989 1.26228067977354 1.34364665695466 1.44116485957056 0 1.78102005156688 1.31135289021768 1.8361934972927 1.59591436805204 0.967760369181633 1.69677898241207 1.10972529742867
1.7008274148684 1.04074520803988 1.70074405707419 1.2494698765222 1.15368697466329 1.85622441652231 1.6549326737877 1.37203592178412 1.41282425075769 1.35126441111788 1.48554986575618 1.13127522380091 1.78358168317936 1.45739776198752 1.54430198785849 1.12434806674719 1.56565392855555 1.74840764096007 1.34218084043823 1.42606969294138 1.84006238682196 1.11795178218745 1.78102005156688 0 1.04994685249403 1.59099277295172 1.85941950627603 1.15711681451648 1.54608491947874 1.4920165091753
1.12741121603176 0.94295078353025 1.14370016288012 1.50948796002194 1.36347564775497 1.59947415278293 1.62251751637086 1.00568757182918 1.04316146601923 1.46417139400728 1.16928968392313 1.34324316657148 0.997623542090878 1.89788688137196 1.57088339747861 1.84571274230257 1.68223121226765 1.74821583437733 1.35278917662799 1.04065899690613 1.54516540281475 1.23616509139538 1.31135289021768 1.04994685249403 0 1.11955984216183 1.65272291656584 1.75085698394105 1.04021602775902 1.65716406540014
1.8294012947008 1.36206074943766 1.46075164992362 1.2150701796636 0.952815663535148 1.55007270723581 0.959041450172663 1.04415655578487 1.07313660508953 1.32855224213563 1.81975715933368 1.54848948214203 1.23507386888377 1.7157771368511 1.58315343828872 1.54939127736725 1.82049792562611 1.1367460815236 1.74126564129256 1.05246056965552 1.92030878271908 1.77131061768159 1.8361934972927 1.59099277295172 1.11955984216183 0 1.77100322116166 1.27559816394933 1.66417192225344 1.63552676979452
1.68169383937493 1.92358146887273 0.953392798313871 1.63253649370745 1.33012490277179 1.47109512845054 1.51030577905476 1.8347735835705 1.81125530949794 1.88421641429886 1.00104139698669 1.13042862177826 1.68905238155276 0.96065834374167 1.75566259725019 1.62879348057322 1.87965715560131 1.21800544019789 0.992297027492896 1.06434546923265 1.10144357685931 1.50341324531473 1.59591436805204 1.85941950627603 1.65272291656584 1.77100322116166 0 1.72555208671838 1.87055515451357 1.11224003043026
1.43189327511936 1.75490783667192 1.45024590031244 1.31703332089819 1.74021808966063 1.38557185861282 1.16513995267451 1.01874239044264 1.40735487313941 1.22654482233338 1.16196968290024 1.23754200711846 1.71727354242466 1.03529357584193 0.931764534441754 1.7332787218038 1.84031710820273 1.56162313302048 1.62263257754967 1.05289576109499 1.87298330967315 1.47829833091237 0.967760369181633 1.15711681451648 1.75085698394105 1.27559816394933 1.72555208671838 0 1.92494488996454 1.65429610502906
1.50467648217455 1.83017977979034 0.931595291709527 1.05469174077734 1.84321223082952 1.86869037733413 1.89414829108864 1.44932387792505 0.973638970172033 1.07844159915112 1.90055247303098 1.48184866434895 1.28836516174488 1.36107125901617 1.53461665683426 1.47238928847946 1.11770429741591 0.962445134297013 1.51776844169945 1.25231847912073 1.90337580349296 1.14778502704576 1.69677898241207 1.54608491947874 1.04021602775902 1.66417192225344 1.87055515451357 1.92494488996454 0 1.55435245018452
1.39270314294845 1.69083168939687 1.39664841257036 0.951059479732066 1.18342299223877 1.52037897636183 1.25376903335564 1.43483960791491 1.76343065407127 1.66477290866897 1.38687662198208 1.4001457511913 1.13770504808053 0.953291051788256 1.38981112767942 1.7256785875652 1.49361687130295 0.965357055654749 1.51059703854844 1.3446906148456 1.7607826278545 1.53571491478942 1.10972529742867 1.4920165091753 1.65716406540014 1.63552676979452 1.11224003043026 1.65429610502906 1.55435245018452 0
