0 1.42862411099486 1.87079070741311 1.58764081727713 1.31394953955896 0.950070123188198 1.22074672090821 1.36195579217747 1.43100889911875 1.67605454428121 1.78957010083832 1.04834127565846 1.82235590112396 1.01911644404754 1.11732092383318 1.38034052890725 1.74567166646011 1.67657174635679 1.91097180033103 0.952893995679915 1.33032423420809 1.07101367460564 1.26066228910349 1.77762927673757 1.85419258265756 1.80286606797017 1.26348271686584 1.87287419708446 1.18087196303532 1.68852907745168
1.42862411099486 0 1.20912122167647 0.946186575572938 1.71466007898562 1.31380997388624 1.50816038716584 1.54050190327689 1.53973935986869 1.34563743532635 0.946240913355723 1.08204241865315 1.64177326043136 1.19791193609126 1.55025535891764 1.62732339301147 1.32504638819955 1.09508220548742 1.03031038399786 1.38648038473912 1.8598226509057 1.08004155172966 0.96269618649967 1.3773023437243 0.981845452683046 1.42036210210063 1.8146368029993 1.87644769996405 1.02216453314759 1.63121187244542
1.87079070741311 1.20912122167647 0 1.45511259674095 1.82682154071517 1.09019475663081 1.58310797042213 1.21463980944827 1.70269642141648 1.0305002881214 1.32656156504527 1.8792240631301 1.79529134184122 1.26457849657163 1.3919634683989 1.73090481408872 1.39041754580103 1.04935255413875 1.32674912712537 1.68040942423977 0.969970898702741 1.67241326533258 1.85331482347101 1.61202596570365 0.932621281361207 1.67011186410673 1.31280917767435 1.14675190392882 1.77261042501777 1.11090603750199
1.58764081727713 0.946186575572938 1.45511259674095 0 1.88843227433972 1.15064797946252 1.09278117935173 1.83400838356465 1.34366612019949 1.7809930453077 1.74704935983755 1.48167699528858 0.9776983007323 1.82661920087412 1.31301645934582 1.46819997089915 1.35874657891691 1.5640822048299 1.68741600285284 1.27154032117687 1.21942907315679 1.34944642707705 1.59056254220195 1.82876546098851 1.12720263306983 1.55810103821568 1.48673880239949 1.85287692863494 1.53100145794451 0.958708929829299
1.31394953955896 1.71466007898562 1.82682154071517 1.88843227433972 0 0.98352544172667 1.54825962963514 1.49214484193362 1.03312310343608 1.65293053071946 1.07598021416925 1.48464019596577 1.82790972804651 1.80003458028659 1.0468714274466 1.7369392500259 1.47558834729716 1.74034698540345 1.15557009261101 1.18085241504014 1.84233179525472 1.85332982521504 1.58356904191896 1.39440987561829 1.3508602657821 1.80512724327855 1.90517197921872 1.8124129131902 1.22873511398211 1.37065999861807
0.950070123188198 1.31380997388624 1.09019475663081 1.15064797946252 0.98352544172667 0 0.956779713509604 1.65978155797347 1.28945832466707 1.54423577268608 1.40568283712491 1.08813963830471 1.6217439409811 1.3377017446328 1.64748595026322 1.57025532913394 1.1139788350556 1.73515982087702 1.1711711268872 1.59017319395207 1.2787355449982 1.51368556031957 0.995546414284036 1.17911573103629 1.17606645426713 1.89276162488386 1.39386804262176 1.44649016368203 1.71015686355531 0.987450982676819
1.22074672090821 1.50816038716584 1.58310797042213 1.09278117935173 1.54825962963514 0.956779713509604 0 1.2055510985665 1.39657700969838 1.71305288653821 1.07443855493329 1.62475864216685 1.79161140951328 1.25111328205094 1.90918209194206 1.85782954795286 1.06222532037646 1.20648181182332 1.22702050046064 1.61449255910702 1.29151145229116 1.49673789762892 1.31976129137911 1.43915661564097 1.70398221863434 1.16283781337552 1.5740653059911 1.42044179048389 1.84417685260996 1.82270002528094
1.36195579217747 1.54050190327689 1.21463980944827 1.83400838356465 1.49214484193362 1.65978155797347 1.2055510985665 0 1.4435228346847 1.41265576286241 1.65375128155574 1.62271346501075 1.25584562332369 1.20072109205648 1.31223181518726 1.58380990265869 1.38485796004534 1.71784163638949 1.22274611960165 1.11511572892778 1.59992508194409 1.26070755370893 1.7765934120398 1.27227035933174 1.89965467364527 1.23726553912275 1.83781036850996 1.59992436040193 1.54087908379734 1.6921448004432
1.43100889911875 1.53973935986869 1.70269642141648 1.34366612019949 1.03312310343608 1.28945832466707 1.39657700969838 1.4435228346847 0 1.30431643920019 1.88389687612653 1.78655723598786 1.26540011167526 0.954004317289218 1.05726699274965 1.00526672741398 1.85203598835506 1.58240362862125 1.75781717151403 1.05546924704686 0.962060064543039 1.49555356404744 0.962131345411763 1.22456754557788 1.23489619977772 1.65641215071082 1.10924660391174 1.25609783572145 1.57417205790989 0.941254744073376
1.67605454428121 1.34563743532635 1.0305002881214 1.7809930453077 1.65293053071946 1.54423577268608 1.71305288653821 1.41265576286241 1.30431643920019 0 1.12645056727342 1.20323414029554 1.56321267248131 1.46353115793318 1.18651147559285 1.59549410897307 1.504388846457 0.976982050575316 1.2674749919679 1.06856993515976 1.67522572190501 1.77656150166877 1.05576161644422 0.920934044755995 1.90122468606569 1.5669279366266 1.7253078033682 1.35074548376724 1.08674662024714 1.17683137743734
1.78957010083832 0.946240913355723 1.32656156504527 1.74704935983755 1.07598021416925 1.40568283712491 1.07443855493329 1.65375128155574 1.88389687612653 1.12645056727342 0 1.22191941482015 0.93008636077866 1.52565363049507 1.10333620058373 1.23484571906738 1.32896369323134 1.79510393901728 1.3417717856355 1.8519479369279 1.15730141708627 1.68579281261191 1.64444502838887 1.56976465135813 1.8835740541108 1.13925929600373 1.83785234857351 1.50884965970181 1.72377057210542 1.74473566422239
1.04834127565846 1.08204241865315 1.8792240631301 1.48167699528858 1.48464019596577 1.08813963830471 1.62475864216685 1.62271346501075 1.78655723598786 1.20323414029554 1.22191941482015 0 0.992380551761016 1.69089734600857 1.61467427271418 1.13912851247005 1.10467955074273 1.33840163052082 1.56160352937877 1.08155215810984 0.933587282663211 1.85193245555274 1.8920008612331 0.977379980031401 1.69437894155271 1.54797734273598 1.02530488255434 1.06813795724884 1.46607565367594 1.84967690752819
1.82235590112396 1.64177326043136 1.79529134184122 0.9776983007323 1.82790972804651 1.6217439409811 1.79161140951328 1.25584562332369 1.26540011167526 1.56321267248131 0.93008636077866 0.992380551761016 0 1.3205626483541 1.86975089926273 1.73913652030751 1.66778977122158 1.24321074900217 1.61150875384919 1.48479749751277 1.25464174943045 1.01804045308381 1.89730555168353 1.0272025433369 1.20204795408063 1.11871882434934 1.19802660308778 1.58945738873444 1.25169776007533 1.17607329669409
1.01911644404754 1.19791193609126 1.26457849657163 1.82661920087412 1.80003458028659 1.3377017446328 1.25111328205094 1.20072109205648 0.954004317289218 1.46353115793318 1.52565363049507 1.69089734600857 1.3205626483541 0 1.66055893013254 1.7892061274033 1.42615067726001 1.85415320168249 1.37909746123478 1.09554724046029 1.84672820800915 1.17016217648052 1.48122862959281 1.82275506388396 1.49426550464705 1.69832143490203 1.55810047243722 1.60146189993247 1.25338470074348 1.37647672789171
1.11732092383318 1.55025535891764 1.3919634683989 1.31301645934582 1.0468714274466 1.64748595026322 1.90918209194206 1.31223181518726 1.05726699274965 1.18651147559285 1.10333620058373 1.61467427271418 1.86975089926273 1.66055893013254 0 1.66436449042521 1.16130552417599 1.23581177252345 1.73622111673467 1.59497443283908 1.18420139257796 1.34621784789488 1.68482398870401 1.81461249897256 1.03735566302203 1.07216153922491 1.68835329031572 1.83715014811605 1.03785984497517 1.80241867923178
1.38034052890725 1.62732339301147 1.73090481408872 1.46819997089915 1.7369392500259 1.57025532913394 1.85782954795286 1.58380990265869 1.00526672741398 1.59549410897307 1.23484571906738 1.13912851247005 1.73913652030751 1.7892061274033 1.66436449042521 0 1.61595593160018 1.53537028864957 1.54498692625202 1.6675100652501 1.78501169127412 1.04808464925736 1.51816701260395 1.5000362789724 1.17837851401418 0.984899071976542 1.60084376996383 1.26351158297621 1.89811252197251 1.32542378152721
1.74567166646011 1.32504638819955 1.39041754580103 1.35874657891691 1.47558834729716 1.1139788350556 1.06222532037646 1.38485796004534 1.85203598835506 1.504388846457 1.32896369323134 1.10467955074273 1.66778977122158 1.42615067726001 1.16130552417599 1.61595593160018 0 1.58963421848603 1.69015956693329 1.56884729745798 1.46527532837354 1.46503161266446 1.22843044018373 1.84160669776611 0.950588716194034 1.58200808800757 1.73754255054519 1.22904992219992 1.61992353247479 1.37752004922368
1.67657174635679 1.09508220548742 1.04935255413875 1.5640822048299 1.74034698540345 1.73515982087702 1.20648181182332 1.71784163638949 1.58240362862125 0.976982050575316 1.79510393901728 1.33840163052082 1.24321074900217 1.85415320168249 1.23581177252345 1.53537028864957 1.58963421848603 0 1.42833241447806 1.73615069827065 1.29409699118696 1.44702007621527 1.79693397600204 0.972237812355161 1.42416502768174 1.22440948151052 1.23933867667802 1.306523994077 1.41635696077719 1.12746462528594
1.91097180033103 1.03031038399786 1.32674912712537 1.68741600285284 1.15557009261101 1.1711711268872 1.22702050046064 1.22274611960165 1.75781717151403 1.2674749919679 1.3417717856355 1.56160352937877 1.61150875384919 1.37909746123478 1.73622111673467 1.54498692625202 1.69015956693329 1.42833241447806 0 1.26166398008354 0.923453177558258 1.42466382472776 1.91496711364016 1.74216642975807 1.70436149463058 1.64995644800365 1.02698278939351 1.72262226697057 1.80491512757726 1.22264087782241
0.952893995679915 1.38648038473912 1.68040942423977 1.27154032117687 1.18085241504014 1.59017319395207 1.61449255910702 1.11511572892778 1.05546924704686 1.06856993515976 1.8519479369279 1.08155215810984 1.48479749751277 1.09554724046029 1.59497443283908 1.6675100652501 1.56884729745798 1.73615069827065 1.26166398008354 0 1.1834276583977 0.942874706815928 1.2564971933607 1.48410144378431 1.25481524388306 1.62884123646654 1.4736118959263 1.02455273037776 1.52857276494615 1.83688851096667
1.33032423420809 1.8598226509057 0.969970898702741 1.21942907315679 1.84233179525472 1.2787355449982 1.29151145229116 1.59992508194409 0.962060064543039 1.67522572190501 1.15730141708627 0.933587282663211 1.25464174943045 1.84672820800915 1.18420139257796 1.78501169127412 1.46527532837354 1.29409699118696 0.923453177558258 1.1834276583977 0 1.90912119136192 1.77517933654599 1.17696770746261 0.972731002839282 1.51008464908227 0.916881815996021 1.48437634948641 1.55653687077574 1.30775099154562
1.07101367460564 1.08004155172966 1.67241326533258 1.34944642707705 1.85332982521504 1.51368556031957 1.49673789762892 1.26070755370893 1.49555356404744 1.77656150166877 1.68579281261191 1.85193245555274 1.01804045308381 1.17016217648052 1.34621784789488 1.04808464925736 1.46503161266446 1.44702007621527 1.42466382472776 0.942874706815928 1.90912119136192 0 1.64687152393162 1.09233286627568 1.61530108912848 1.15752209420316 1.83510715677403 1.43067032773979 1.44338817312382 1.54678990435787
1.26066228910349 0.96269618649967 1.85331482347101 1.59056254220195 1.58356904191896 0.995546414284036 1.31976129137911 1.7765934120398 0.962131345411763 1.05576161644422 1.64444502838887 1.8920008612331 1.89730555168353 1.48122862959281 1.68482398870401 1.51816701260395 1.22843044018373 1.79693397600204 1.91496711364016 1.2564971933607 1.77517933654599 1.64687152393162 0 1.0377168583218 0.920693542109802 1.01257100189105 1.33800033666193 1.7574644619599 1.7186779959593 0.935008520493284
1.77762927673757 1.3773023437243 1.61202596570365 1.82876546098851 1.39440987561829 1.17911573103629 1.43915661564097 1.27227035933174 1.22456754557788 0.920934044755995 1.56976465135813 0.977379980031401 1.0272025433369 1.82275506388396 1.81461249897256 1.5000362789724 1.84160669776611 0.972237812355161 1.74216642975807 1.48410144378431 1.17696770746261 1.09233286627568 1.0377168583218 0 1.6240619905293 1.10820725793019 1.57400212623179 1.79894272400998 1.26726477895863 0.928598436061293
1.85419258265756 0.981845452683046 0.932621281361207 1.12720263306983 1.3508602657821 1.17606645426713 1.70398221863434 1.89965467364527 1.23489619977772 1.90122468606569 1.8835740541108 1.69437894155271 1.20204795408063 1.49426550464705 1.03735566302203 1.17837851401418 0.950588716194034 1.42416502768174 1.70436149463058 1.25481524388306 0.972731002839282 1.61530108912848 0.920693542109802 1.6240619905293 0 1.49910533474758 1.08132820576429 0.981899110134691 0.969785300083458 1.04560325155035
1.80286606797017 1.42036210210063 1.67011186410673 1.55810103821568 1.80512724327855 1.89276162488386 1.16283781337552 1.23726553912275 1.65641215071082 1.5669279366266 1.13925929600373 1.54797734273598 1.11871882434934 1.69832143490203 1.07216153922491 0.984899071976542 1.58200808800757 1.22440948151052 1.64995644800365 1.62884123646654 1.51008464908227 1.15752209420316 1.01257100189105 1.10820725793019 1.49910533474758 0 1.3215406795498 1.370354936691 1.81230132444762 0.934967852430418
1.26348271686584 1.8146368029993 1.31280917767435 1.48673880239949 1.90517197921872 1.39386804262176 1.5740653059911 1.83781036850996 1.10924660391174 1.7253078033682 1.83785234857351 1.02530488255434 1.19802660308778 1.55810047243722 1.68835329031572 1.60084376996383 1.73754255054519 1.23933867667802 1.02698278939351 1.4736118959263 0.916881815996021 1.83510715677403 1.33800033666193 1.57400212623179 1.08132820576429 1.3215406795498 0 1.33174373814836 1.15993847185746 1.90948046394624
1.87287419708446 1.87644769996405 1.14675190392882 1.85287692863494 1.8124129131902 1.44649016368203 1.42044179048389 1.59992436040193 1.25609783572145 1.35074548376724 1.50884965970181 1.06813795724884 1.58945738873444 1.60146189993247 1.83715014811605 1.26351158297621 1.22904992219992 1.306523994077 1.72262226697057 1.02455273037776 1.48437634948641 1.43067032773979 1.7574644619599 1.79894272400998 0.981899110134691 1.370354936691 1.33174373814836 0 1.33361338451505 0.973130438942462
1.18087196303532 1.02216453314759 1.77261042501777 1.53100145794451 1.22873511398211 1.71015686355531 1.84417685260996 1.54087908379734 1.57417205790989 1.08674662024714 1.72377057210542 1.46607565367594 1.25169776007533 1.25338470074348 1.03785984497517 1.89811252197251 1.61992353247479 1.41635696077719 1.80491512757726 1.52857276494615 1.55653687077574 1.44338817312382 1.7186779959593 1.26726477895863 0.969785300083458 1.81230132444762 1.15993847185746 1.33361338451505 0 1.2755429004319
1.68852907745168 1.63121187244542 1.11090603750199 0.958708929829299 1.37065999861807 0.987450982676819 1.82270002528094 1.6921448004432 0.941254744073376 1.17683137743734 1.74473566422239 1.84967690752819 1.17607329669409 1.37647672789171 1.80241867923178 1.32542378152721 1.37752004922368 1.12746462528594 1.22264087782241 1.83688851096667 1.30775099154562 1.54678990435787 0.935008520493284 0.928598436061293 1.04560325155035 0.934967852430418 1.90948046394624 0.973130438942462 1.2755429004319 0
