0 1.74144413881004 1.13569346955046 1.34300097660162 1.84317767713219 1.75797561905347 1.78816984198056 1.26614785031416 1.8072686814703 1.64066358981654 1.32073210785165 1.16094326251186 1.76744068134576 0.897033076034859 1.52334913727827 1.14125486509874 1.34819243266247 0.924570256145671 1.37462215125561 1.85052651190199 0.943825527094305 0.942966073052958 1.46375392866321 1.60211170837283 1.16447606333531 1.41658529546112 1.41075951303355 1.81031569116749 1.8689424500335 1.29129468160681
1.74144413881004 0 1.4851525539998 1.30201996606775 1.04925596015528 0.950771070085466 1.82260397286154 0.987382713705301 0.908763220068067 1.44735621963628 0.902216997230425 0.925218923017383 0.988488626666367 1.19471898116171 1.84641627781093 1.80227279057726 1.4984954863321 1.58423886005767 1.04087910219096 1.68009212962352 1.15813756827265 1.20334229618311 1.48698448482901 1.1125239180401 1.3016058281064 0.953806893667206 1.79683804512024 1.144441511482 1.50877993414178 1.50991849717684
1.13569346955046 1.4851525539998 0 1.22329878783785 1.40213065617718 1.44808059325442 0.929978734115139 1.53748464817181 1.08775484142825 1.77418798021972 1.42282371153124 1.4517124760896 1.88610906805843 1.03179451893084 1.26625425205566 1.68317173444666 1.89099324587733 1.44078787183389 1.36639514565468 0.93948202393949 0.952229300979525 1.15692495275289 1.47949683433399 1.02782412199304 1.5814622072503 1.70389635325409 1.02766638388857 1.53717491240241 1.32558401511051 1.00399200804532
1.34300097660162 1.30201996606775 1.22329878783785 0 1.88360717659816 1.12450518831611 1.6584860670846 1.31155287590809 1.77517532394268 1.31300128274597 1.63704794528894 1.3332565582823 1.67632980411872 1.4966312518809 1.51460726535879 1.02932740189135 1.31255019060336 1.87534234439954 1.30150249344297 1.8787065888755 1.53302723634988 1.43504460412078 1.13901382405311 1.16061370610259 1.14370872895233 1.08333885786124 1.24664415605366 1.59373888326809 1.40215687197633 1.12606585538015
1.84317767713219 1.04925596015528 1.40213065617718 1.88360717659816 0 1.63727123686112 1.56058511068113 1.04088774044067 1.74389066360891 1.43175650062039 1.01038356428035 0.923155063763261 1.73709118086845 1.66833293042146 1.82991951378062 1.12300613475963 1.5091551525984 1.32386667234823 1.4057614360936 1.36160538345575 1.17281356151216 1.87250783760101 1.71442076936364 1.175688625779 0.893079112283885 1.80834084562957 1.88903066702187 1.42263815575279 1.55823220685124 1.76707944087684
1.75797561905347 0.950771070085466 1.44808059325442 1.12450518831611 1.63727123686112 0 1.51566399424337 1.52104166965 1.3881676432211 1.58635393274017 1.21023259754293 1.17337879701518 1.34485634393059 1.44727299246006 1.47835399117321 1.44673064444214 1.83596280030906 1.78387528262101 1.07774908514693 1.82576056546532 1.36119422363117 1.18192733637989 1.88709294749424 1.80668681720272 1.50450484664179 1.17841894878075 1.69852089416236 1.26447870628908 1.66725447308272 1.46815425204113
1.78816984198056 1.82260397286154 0.929978734115139 1.6584860670846 1.56058511068113 1.51566399424337 0 1.49846968520433 1.67047724034637 1.16389093804173 1.25722500355914 1.79488310916349 1.32232868671417 1.19824452372268 1.00005531474017 1.56622720137239 1.63145938562229 1.02157333679497 1.37086599203758 1.17530177696608 1.55478506442159 1.37202383461408 1.20975449541584 1.48697013012134 1.64131454355083 1.17130329413339 1.63334343652241 1.47386506246403 1.18552873772569 1.61633778479882
1.26614785031416 0.987382713705301 1.53748464817181 1.31155287590809 1.04088774044067 1.52104166965 1.49846968520433 0 1.34033462079242 0.931833476759493 1.52625781600364 1.0134634480346 1.84993579029106 1.29691326105967 1.40098831779324 1.66748285922222 1.22604306228459 1.09458213602193 1.53528367960826 0.973738258238882 1.19491087645292 1.67372338613495 1.53019964275882 1.27322299778461 1.56034624390304 1.70877744839527 1.80950727243908 0.958741098176688 1.75679536070675 1.28403915814124
1.8072686814703 0.908763220068067 1.08775484142825 1.77517532394268 1.74389066360891 1.3881676432211 1.67047724034637 1.34033462079242 0 1.76330531435087 1.75575530831702 1.2775188270025 1.52206809516065 1.66871019359678 0.949315113481134 1.47061001858674 1.41838077944703 0.967739122686908 1.48257605964318 1.41005535400473 1.87051998102106 1.22817212971859 1.28578430088237 1.5916572290007 1.63025939534418 1.11636743717827 1.16984041361138 1.79186753439717 1.72437774250284 1.78557879966684
1.64066358981654 1.44735621963628 1.77418798021972 1.31300128274597 1.43175650062039 1.58635393274017 1.16389093804173 0.931833476759493 1.76330531435087 0 1.82722721085884 1.39343902980909 1.25786758563481 1.25852702138945 1.27838134369813 1.86785038537346 1.78203476849012 1.63577229180373 1.8884321723599 1.64117371104658 1.62645510630682 1.83527746144682 1.61948163155466 1.40405815071426 1.532833913574 1.38094062334858 1.71144423889928 1.20729373884387 1.13638072647154 1.25175101822242
1.32073210785165 0.902216997230425 1.42282371153124 1.63704794528894 1.01038356428035 1.21023259754293 1.25722500355914 1.52625781600364 1.75575530831702 1.82722721085884 0 1.01419018185697 0.960032523842528 1.23816302325577 1.5237399211619 1.2195822247304 1.36273675668053 0.896398175507784 1.18316046358086 0.991130023961887 1.70563771016896 1.44744735141285 1.10021298727952 1.87679294240661 1.4904616351705 1.06338032172062 0.960037926910445 1.11128673655912 1.80757318227552 1.38821102119982
1.16094326251186 0.925218923017383 1.4517124760896 1.3332565582823 0.923155063763261 1.17337879701518 1.79488310916349 1.0134634480346 1.2775188270025 1.39343902980909 1.01419018185697 0 1.6662812223658 1.5280526180286 1.16421235981397 1.59548219712451 1.28466699481942 1.62294249399565 1.09065600135364 1.68425507890061 1.81828115158714 1.099672494689 1.09618114214391 1.43342849495821 0.915152623783797 1.45975544536486 1.88197943591513 1.04671328002587 1.40702367178164 1.14645817829296
1.76744068134576 0.988488626666367 1.88610906805843 1.67632980411872 1.73709118086845 1.34485634393059 1.32232868671417 1.84993579029106 1.52206809516065 1.25786758563481 0.960032523842528 1.6662812223658 0 1.52389359846711 1.21607943926938 1.48359015281312 0.969859819626436 1.37912494200282 1.28611326427199 1.49383627576753 1.27835584245622 0.948048779508099 1.22909076558426 1.08211288019083 1.42364145885222 1.25893031386659 1.86094935028814 1.63007810059935 1.14011488412507 1.82314934581518
0.897033076034859 1.19471898116171 1.03179451893084 1.4966312518809 1.66833293042146 1.44727299246006 1.19824452372268 1.29691326105967 1.66871019359678 1.25852702138945 1.23816302325577 1.5280526180286 1.52389359846711 0 1.35735266003758 0.922504496993497 1.05745489569381 1.06704176263884 1.86453788238578 1.67654956388287 1.27225299552083 1.52695510908961 1.67965055629611 1.62795841717161 0.985355289652944 1.62063932465389 1.28066810243763 1.16610417794436 1.09919083467685 1.72889478737488
1.52334913727827 1.84641627781093 1.26625425205566 1.51460726535879 1.82991951378062 1.47835399117321 1.00005531474017 1.40098831779324 0.949315113481134 1.27838134369813 1.5237399211619 1.16421235981397 1.21607943926938 1.35735266003758 0 1.41157310944982 1.22030157013796 1.57281898264773 1.42350744199939 1.48632400878705 1.51523079699837 1.37729908409528 1.11773161171004 1.02105584251694 1.75123259075917 1.0038439440541 1.01149393711239 1.70788558479398 1.44760161126032 1.71764509449713
1.14125486509874 1.80227279057726 1.68317173444666 1.02932740189135 1.12300613475963 1.44673064444214 1.56622720137239 1.66748285922222 1.47061001858674 1.86785038537346 1.2195822247304 1.59548219712451 1.48359015281312 0.922504496993497 1.41157310944982 0 1.61605181661434 1.28648204146884 1.85159208788536 1.54645136743784 1.7181840823032 1.10650481330231 1.19111727341078 1.36773644201458 1.73341788165271 1.06063683517277 1.40566143486649 1.16513555892743 1.44190048798919 1.85346929472871
1.34819243266247 1.4984954863321 1.89099324587733 1.31255019060336 1.5091551525984 1.83596280030906 1.63145938562229 1.22604306228459 1.41838077944703 1.78203476849012 1.36273675668053 1.28466699481942 0.969859819626436 1.05745489569381 1.22030157013796 1.61605181661434 0 1.24960618582554 1.8329183391761 1.56256001582369 1.6354956633877 0.919302352471277 1.51789445779286 1.59575481642969 1.71530382428318 1.66375671722926 1.30297345644794 1.40218141698278 1.48190453532152 1.15770755778067
0.924570256145671 1.58423886005767 1.44078787183389 1.87534234439954 1.32386667234823 1.78387528262101 1.02157333679497 1.09458213602193 0.967739122686908 1.63577229180373 0.896398175507784 1.62294249399565 1.37912494200282 1.06704176263884 1.57281898264773 1.28648204146884 1.24960618582554 0 1.28287685685791 0.9417976627592 1.86839578323998 1.00997525942512 1.34189367457293 1.71344298589975 1.11330362409353 1.63095404719934 0.980965294176713 1.01765770604834 1.84859131183475 1.20741262822412
1.37462215125561 1.04087910219096 1.36639514565468 1.30150249344297 1.4057614360936 1.07774908514693 1.37086599203758 1.53528367960826 1.48257605964318 1.8884321723599 1.18316046358086 1.09065600135364 1.28611326427199 1.86453788238578 1.42350744199939 1.85159208788536 1.8329183391761 1.28287685685791 0 1.57095877430402 1.77539868978783 1.73379526683129 1.18798743677326 1.45183738227934 1.87503832275979 1.52998423948884 1.1474823479075 1.24223267938942 1.79284656676464 1.80814476101659
1.85052651190199 1.68009212962352 0.93948202393949 1.8787065888755 1.36160538345575 1.82576056546532 1.17530177696608 0.973738258238882 1.41005535400473 1.64117371104658 0.991130023961887 1.68425507890061 1.49383627576753 1.67654956388287 1.48632400878705 1.54645136743784 1.56256001582369 0.9417976627592 1.57095877430402 0 1.59544705436565 1.07437786762603 0.925410037860274 1.25030687544495 1.73722434532829 0.968352361116558 1.55817042361014 0.953004458919168 1.33901421795599 1.884299850557
0.943825527094305 1.15813756827265 0.952229300979525 1.53302723634988 1.17281356151216 1.36119422363117 1.55478506442159 1.19491087645292 1.87051998102106 1.62645510630682 1.70563771016896 1.81828115158714 1.27835584245622 1.27225299552083 1.51523079699837 1.7181840823032 1.6354956633877 1.86839578323998 1.77539868978783 1.59544705436565 0 1.72627511015162 1.14919853350148 1.28476580628194 1.77320032799616 0.917072045849636 1.00957883894444 1.73751538316719 1.07159466389567 1.35521685448475
0.942966073052958 1.20334229618311 1.15692495275289 1.43504460412078 1.87250783760101 1.18192733637989 1.37202383461408 1.67372338613495 1.22817212971859 1.83527746144682 1.44744735141285 1.099672494689 0.948048779508099 1.52695510908961 1.37729908409528 1.10650481330231 0.919302352471277 1.00997525942512 1.73379526683129 1.07437786762603 1.72627511015162 0 1.38873648107983 1.29720114031807 1.58636917290278 1.5674158798065 1.0720871409867 1.68114812718704 1.57973363925703 1.39473228738643
1.46375392866321 1.48698448482901 1.47949683433399 1.13901382405311 1.71442076936364 1.88709294749424 1.20975449541584 1.53019964275882 1.28578430088237 1.61948163155466 1.10021298727952 1.09618114214391 1.22909076558426 1.67965055629611 1.11773161171004 1.19111727341078 1.51789445779286 1.34189367457293 1.18798743677326 0.925410037860274 1.14919853350148 1.38873648107983 0 1.22601525601931 1.3694922956638 1.36589067219757 1.25143935950473 1.8475956460461 1.54257304128259 1.86240103165619
1.60211170837283 1.1125239180401 1.02782412199304 1.16061370610259 1.175688625779 1.80668681720272 1.48697013012134 1.27322299778461 1.5916572290007 1.40405815071426 1.87679294240661 1.43342849495821 1.08211288019083 1.62795841717161 1.02105584251694 1.36773644201458 1.59575481642969 1.71344298589975 1.45183738227934 1.25030687544495 1.28476580628194 1.29720114031807 1.22601525601931 0 1.29752017813735 1.2498444437515 1.51350473193452 1.52397456159815 1.77020097989589 1.23710511671379
1.16447606333531 1.3016058281064 1.5814622072503 1.14370872895233 0.893079112283885 1.50450484664179 1.64131454355083 1.56034624390304 1.63025939534418 1.532833913574 1.4904616351705 0.915152623783797 1.42364145885222 0.985355289652944 1.75123259075917 1.73341788165271 1.71530382428318 1.11330362409353 1.87503832275979 1.73722434532829 1.77320032799616 1.58636917290278 1.3694922956638 1.29752017813735 0 1.82644130825065 1.25053750397637 0.984610138693824 1.69054055702873 1.28035217477009
1.41658529546112 0.953806893667206 1.70389635325409 1.08333885786124 1.80834084562957 1.17841894878075 1.17130329413339 1.70877744839527 1.11636743717827 1.38094062334858 1.06338032172062 1.45975544536486 1.25893031386659 1.62063932465389 1.0038439440541 1.06063683517277 1.66375671722926 1.63095404719934 1.52998423948884 0.968352361116558 0.917072045849636 1.5674158798065 1.36589067219757 1.2498444437515 1.82644130825065 0 1.67371103283949 0.939036877127364 1.14000228443183 1.45577023434453
1.41075951303355 1.79683804512024 1.02766638388857 1.24664415605366 1.88903066702187 1.69852089416236 1.63334343652241 1.80950727243908 1.16984041361138 1.71144423889928 0.960037926910445 1.88197943591513 1.86094935028814 1.28066810243763 1.01149393711239 1.40566143486649 1.30297345644794 0.980965294176713 1.1474823479075 1.55817042361014 1.00957883894444 1.0720871409867 1.25143935950473 1.51350473193452 1.25053750397637 1.67371103283949 0 1.56478376756422 1.82531758514233 1.29744370025583
1.81031569116749 1.144441511482 1.53717491240241 1.59373888326809 1.42263815575279 1.26447870628908 1.47386506246403 0.958741098176688 1.79186753439717 1.20729373884387 1.11128673655912 1.04671328002587 1.63007810059935 1.16610417794436 1.70788558479398 1.16513555892743 1.40218141698278 1.01765770604834 1.24223267938942 0.953004458919168 1.73751538316719 1.68114812718704 1.8475956460461 1.52397456159815 0.984610138693824 0.939036877127364 1.56478376756422 0 1.4401904058177 1.34451734297909
1.8689424500335 1.50877993414178 1.32558401511051 1.40215687197633 1.55823220685124 1.66725447308272 1.18552873772569 1.75679536070675 1.72437774250284 1.13638072647154 1.80757318227552 1.40702367178164 1.14011488412507 1.09919083467685 1.44760161126032 1.44190048798919 1.48190453532152 1.84859131183475 1.79284656676464 1.33901421795599 1.07159466389567 1.57973363925703 1.54257304128259 1.77020097989589 1.69054055702873 1.14000228443183 1.82531758514233 1.4401904058177 0 1.29734383174218
1.29129468160681 1.50991849717684 1.00399200804532 1.12606585538015 1.76707944087684 1.46815425204113 1.61633778479882 1.28403915814124 1.78557879966684 1.25175101822242 1.38821102119982 1.14645817829296 1.82314934581518 1.72889478737488 1.71764509449713 1.85346929472871 1.15770755778067 1.20741262822412 1.80814476101659 1.884299850557 1.35521685448475 1.39473228738643 1.86240103165619 1.23710511671379 1.28035217477009 1.45577023434453 1.29744370025583 1.34451734297909 1.29734383174218 0
