0 1.49209474259987 1.5710518353153 1.86837108084001 1.01925422740169 1.34032782702707 1.87085309554823 1.82139537204057 1.53060621279292 1.66405770811252 1.24290646938607 1.38496559113264 1.01432816102169 1.67608628096059 0.971561764134094 1.75271262414753 1.73971023107879 1.30283107538708 1.20768622681499 1.69892252562568 1.83121281722561 1.13024080218747 1.29532944224775 1.2073098262772 1.70578722795472 1.44839801872149 1.40654606488533 1.88505399855785 1.56988544831984 1.79420903674327
1.49209474259987 0 1.13637211732566 1.00182915618643 1.61910776980221 0.988967056851834 1.40338297863491 1.34815426869318 1.46450313460082 1.60149649693631 1.44134125253186 1.16230186005123 1.58185426844284 1.53555779205635 1.77084999182262 1.8035267747473 1.17503519868478 1.53552290122025 1.04511947114952 1.17260440858081 1.28016950888559 1.19345968030393 1.05896230321378 1.18918348872103 1.0232872471679 1.09795781294815 1.88161320984364 1.42477987939492 1.1461343888659 1.28112320112996
1.5710518353153 1.13637211732566 0 1.05753811262548 1.17248109099455 1.68626685021445 1.76031324500218 1.91756577487104 1.02426453051157 1.65666274842806 1.35300379130058 1.3645601561293 1.10940807755105 1.69971449952573 1.77598281251267 1.41458500316367 0.974404340377077 1.67623183550313 0.984079343033955 1.49281417950988 1.74128590011969 1.75759363756515 1.54366584960371 1.66754988068715 1.52809376921505 0.982592603191733 1.59980006562546 1.90401586028747 1.86700795311481 0.949378386838362
1.86837108084001 1.00182915618643 1.05753811262548 0 1.58225838677026 1.86610016436316 1.3386307079345 1.86911970679648 1.91406349674799 1.33219205029309 1.63924749800935 1.79409590293653 1.58205337100662 1.40432698838413 1.23580116336234 1.65978617127985 1.92714841570705 1.64260178385302 1.50613347045146 1.520213233307 1.83890294283628 1.30386580433697 1.73727922607213 1.64701499184594 1.63691584346816 1.22401253320277 1.10205290582962 1.2962571636308 1.15290001197718 1.61956577003002
1.01925422740169 1.61910776980221 1.17248109099455 1.58225838677026 0 1.39851695648395 1.09286694484763 1.00128247006796 1.04125568480231 1.48250118363649 1.6925446097739 1.8250309410505 1.42766997311264 1.14791380125098 1.5753415080253 1.16675987374038 1.81146743288264 1.88014237838797 1.24372577667236 1.53876621928066 1.14744727499783 1.27089488483034 1.41996337193996 1.36605348112062 1.57326885568909 1.30596785061061 0.981396460207179 1.83779648435302 1.68078500498086 1.4934752122499
1.34032782702707 0.988967056851834 1.68626685021445 1.86610016436316 1.39851695648395 0 0.976239985320717 1.05494807148352 1.64047172991559 1.1311600538902 1.73825559695251 1.11004274198785 1.72254225565121 1.89498603809625 1.59799261228181 1.11071133543737 1.59795820061117 1.01080819801427 1.3127968206536 1.92394085391425 0.940873490646482 1.62601749273017 1.30728181567974 1.59481881279498 1.74817554396577 1.14190640929155 1.25271132634953 1.13079953053966 1.75267735379748 0.959959422936663
1.87085309554823 1.40338297863491 1.76031324500218 1.3386307079345 1.09286694484763 0.976239985320717 0 1.38872285047546 1.19558160635643 1.28444048413076 1.4273186516948 1.38975518057123 1.63205498806201 1.28331571770832 1.37779140146449 1.88699950743467 1.72745736525394 1.79369359067641 1.44028064794838 1.02379679889418 1.06751160603017 1.01477339421399 1.47257798793726 1.71118398592807 1.62174608651549 1.56384913320653 1.16525962529704 1.49217689572833 1.55092700384557 1.14859943557531
1.82139537204057 1.34815426869318 1.91756577487104 1.86911970679648 1.00128247006796 1.05494807148352 1.38872285047546 0 1.10697739734314 1.06505624135025 1.57552947988734 1.5921336284373 1.20175295765512 1.44453317555599 1.60224710963666 1.27939702710137 1.21024177339859 1.58215047442354 1.28054906218313 1.00918190251105 1.54091037646867 1.31861853692681 1.53205965552479 1.4495710323099 1.72881549503654 1.3571396805346 1.8639289715793 1.37451564404182 1.26415453408845 1.47130335355178
1.53060621279292 1.46450313460082 1.02426453051157 1.91406349674799 1.04125568480231 1.64047172991559 1.19558160635643 1.10697739734314 0 1.70102982106619 1.12695061950944 1.63434988236986 1.72154154861346 1.16054817684926 1.24549642740749 1.3285848016385 1.51392345549539 1.70388090633787 1.31805808166973 1.34758693235926 1.63861570414156 1.27739731781185 1.52668370865285 1.27866011648439 1.62377245887183 1.1001594166737 1.16123089124449 1.92946673440747 0.93528004642576 1.49015297438018
1.66405770811252 1.60149649693631 1.65666274842806 1.33219205029309 1.48250118363649 1.1311600538902 1.28444048413076 1.06505624135025 1.70102982106619 0 1.04287192691118 1.43325315555558 1.75640898360871 1.19292836682871 1.14576526009478 1.19603446358815 1.84434510627761 1.31649424717762 1.2690763771534 1.38710660114884 1.62419380969368 1.4370930774603 1.35853796964511 1.25018038507551 1.28856748575345 1.91754282615148 1.78162257629447 1.02133982232772 1.65049556270242 1.84295263164677
1.24290646938607 1.44134125253186 1.35300379130058 1.63924749800935 1.6925446097739 1.73825559695251 1.4273186516948 1.57552947988734 1.12695061950944 1.04287192691118 0 0.979751055827364 1.85488478722982 1.05900389072485 1.67551640840247 1.74561031791382 1.35719185881317 1.47767073241994 1.36703557078727 1.24895062902942 1.18617081618868 1.8449989031069 1.51551115722395 1.623644602485 1.74529537325725 1.34343742579222 1.07486689649522 1.08629089058377 1.28445556387305 1.48008977831341
1.38496559113264 1.16230186005123 1.3645601561293 1.79409590293653 1.8250309410505 1.11004274198785 1.38975518057123 1.5921336284373 1.63434988236986 1.43325315555558 0.979751055827364 0 1.13839211803861 1.25757725862786 1.38603407028131 1.53974012611434 1.37033685739152 1.8713469915092 1.86698498739861 1.30356033402495 1.42095690802671 1.34303686092608 1.85267779277638 1.03135060565546 1.41981690423563 1.35073602246121 1.36388382059522 1.43303130497225 1.76949269929901 1.90074392943643
1.01432816102169 1.58185426844284 1.10940807755105 1.58205337100662 1.42766997311264 1.72254225565121 1.63205498806201 1.20175295765512 1.72154154861346 1.75640898360871 1.85488478722982 1.13839211803861 0 1.89464652095921 1.33739045937546 1.65303374826908 1.06903925025836 1.24242305243388 1.46617877623066 1.52869273442775 1.28075752942823 1.54847178212367 0.939136889763176 1.39906204794534 1.69743634574115 1.68847801769152 1.45212308480404 1.0984477836173 1.04236882273108 1.40036547905765
1.67608628096059 1.53555779205635 1.69971449952573 1.40432698838413 1.14791380125098 1.89498603809625 1.28331571770832 1.44453317555599 1.16054817684926 1.19292836682871 1.05900389072485 1.25757725862786 1.89464652095921 0 1.60533183882944 1.0383464184124 1.59564380324446 1.13402138277888 1.71890966477804 1.61646849801764 0.954112547449768 1.14395691151731 1.73026875709184 1.11034419597127 1.14530010870658 1.79946104064584 1.47404367802665 1.86307850247249 0.963971402030438 1.35907958820462
0.971561764134094 1.77084999182262 1.77598281251267 1.23580116336234 1.5753415080253 1.59799261228181 1.37779140146449 1.60224710963666 1.24549642740749 1.14576526009478 1.67551640840247 1.38603407028131 1.33739045937546 1.60533183882944 0 1.62894392642193 1.12823539064266 1.00003170664422 1.21759431669489 1.39007328217849 1.50997965992428 1.40680941077881 1.56650064350106 1.41297661676072 1.11250960151665 1.07190002640709 1.0396181344986 1.24482039478607 1.11515405471437 1.18535812525079
1.75271262414753 1.8035267747473 1.41458500316367 1.65978617127985 1.16675987374038 1.11071133543737 1.88699950743467 1.27939702710137 1.3285848016385 1.19603446358815 1.74561031791382 1.53974012611434 1.65303374826908 1.0383464184124 1.62894392642193 0 1.21012249123305 1.60498397238553 1.28946151630953 1.71358954533935 1.22866923850961 1.1117050095927 1.57594618899748 1.23041945858859 1.36169536132365 1.84128146152943 1.38485600613058 1.52612529671751 1.51842309068888 1.36670407676138
1.73971023107879 1.17503519868478 0.974404340377077 1.92714841570705 1.81146743288264 1.59795820061117 1.72745736525394 1.21024177339859 1.51392345549539 1.84434510627761 1.35719185881317 1.37033685739152 1.06903925025836 1.59564380324446 1.12823539064266 1.21012249123305 0 1.83896575216204 1.10434656124562 1.17417639796622 1.59354146732949 1.40109261940233 1.7460008955095 1.50794180273078 1.01823067455553 1.57662326912396 1.46697070170194 1.26496688486077 1.10637359041721 0.9724853169173
1.30283107538708 1.53552290122025 1.67623183550313 1.64260178385302 1.88014237838797 1.01080819801427 1.79369359067641 1.58215047442354 1.70388090633787 1.31649424717762 1.47767073241994 1.8713469915092 1.24242305243388 1.13402138277888 1.00003170664422 1.60498397238553 1.83896575216204 0 1.81025780551136 1.10423706099391 1.02806728333235 1.8317723905202 1.17123465589248 0.95420109317638 1.66648267931305 1.08272051136009 1.82050434988923 1.06824276363477 1.77314166887663 1.41685077082366
1.20768622681499 1.04511947114952 0.984079343033955 1.50613347045146 1.24372577667236 1.3127968206536 1.44028064794838 1.28054906218313 1.31805808166973 1.2690763771534 1.36703557078727 1.86698498739861 1.46617877623066 1.71890966477804 1.21759431669489 1.28946151630953 1.10434656124562 1.81025780551136 0 1.2395577672869 1.38477133284323 1.84027452277951 1.69960955064744 1.20950159197673 1.44470464554615 1.34943457716145 1.08288292004727 1.36046757688746 1.89287556102499 1.08466360508464
1.69892252562568 1.17260440858081 1.49281417950988 1.520213233307 1.53876621928066 1.92394085391425 1.02379679889418 1.00918190251105 1.34758693235926 1.38710660114884 1.24895062902942 1.30356033402495 1.52869273442775 1.61646849801764 1.39007328217849 1.71358954533935 1.17417639796622 1.10423706099391 1.2395577672869 0 1.73904238478281 1.10293786483817 1.25735896965489 1.20942703890614 0.986484150867909 1.75966448499821 1.67351076356135 1.9066646436695 1.89232700783759 1.08664907934144
1.83121281722561 1.28016950888559 1.74128590011969 1.83890294283628 1.14744727499783 0.940873490646482 1.06751160603017 1.54091037646867 1.63861570414156 1.62419380969368 1.18617081618868 1.42095690802671 1.28075752942823 0.954112547449768 1.50997965992428 1.22866923850961 1.59354146732949 1.02806728333235 1.38477133284323 1.73904238478281 0 1.89358562603593 1.00711187673733 1.74431231524795 1.16767651680857 1.81340575776994 1.14015341061167 1.37379802437499 1.24983006995171 0.93516084481962
1.13024080218747 1.19345968030393 1.75759363756515 1.30386580433697 1.27089488483034 1.62601749273017 1.01477339421399 1.31861853692681 1.27739731781185 1.4370930774603 1.8449989031069 1.34303686092608 1.54847178212367 1.14395691151731 1.40680941077881 1.1117050095927 1.40109261940233 1.8317723905202 1.84027452277951 1.10293786483817 1.89358562603593 0 0.972145861946046 1.74151218123734 0.992817805847153 1.04561695223674 1.28188769682311 1.62644265359268 1.8454763784539 1.61795627558604
1.29532944224775 1.05896230321378 1.54366584960371 1.73727922607213 1.41996337193996 1.30728181567974 1.47257798793726 1.53205965552479 1.52668370865285 1.35853796964511 1.51551115722395 1.85267779277638 0.939136889763176 1.73026875709184 1.56650064350106 1.57594618899748 1.7460008955095 1.17123465589248 1.69960955064744 1.25735896965489 1.00711187673733 0.972145861946046 0 1.11960830842145 1.63156333519146 1.80715061351657 1.56320587638766 1.40642263740301 1.35590680828318 1.8432017841842
1.2073098262772 1.18918348872103 1.66754988068715 1.64701499184594 1.36605348112062 1.59481881279498 1.71118398592807 1.4495710323099 1.27866011648439 1.25018038507551 1.623644602485 1.03135060565546 1.39906204794534 1.11034419597127 1.41297661676072 1.23041945858859 1.50794180273078 0.95420109317638 1.20950159197673 1.20942703890614 1.74431231524795 1.74151218123734 1.11960830842145 0 1.18452058802359 1.46902526798658 1.01341820252128 1.1511962977238 1.3154340996407 1.43032654211856
1.70578722795472 1.0232872471679 1.52809376921505 1.63691584346816 1.57326885568909 1.74817554396577 1.62174608651549 1.72881549503654 1.62377245887183 1.28856748575345 1.74529537325725 1.41981690423563 1.69743634574115 1.14530010870658 1.11250960151665 1.36169536132365 1.01823067455553 1.66648267931305 1.44470464554615 0.986484150867909 1.16767651680857 0.992817805847153 1.63156333519146 1.18452058802359 0 1.08099420554936 1.9271601701621 1.12462828028947 1.18866646429524 1.27334115514532
1.44839801872149 1.09795781294815 0.982592603191733 1.22401253320277 1.30596785061061 1.14190640929155 1.56384913320653 1.3571396805346 1.1001594166737 1.91754282615148 1.34343742579222 1.35073602246121 1.68847801769152 1.79946104064584 1.07190002640709 1.84128146152943 1.57662326912396 1.08272051136009 1.34943457716145 1.75966448499821 1.81340575776994 1.04561695223674 1.80715061351657 1.46902526798658 1.08099420554936 0 1.23119379533455 1.85680127190426 1.39848228241317 1.7507114650216
1.40654606488533 1.88161320984364 1.59980006562546 1.10205290582962 0.981396460207179 1.25271132634953 1.16525962529704 1.8639289715793 1.16123089124449 1.78162257629447 1.07486689649522 1.36388382059522 1.45212308480404 1.47404367802665 1.0396181344986 1.38485600613058 1.46697070170194 1.82050434988923 1.08288292004727 1.67351076356135 1.14015341061167 1.28188769682311 1.56320587638766 1.01341820252128 1.9271601701621 1.23119379533455 0 1.33144119847566 1.4265067614615 1.59213324612938
1.88505399855785 1.42477987939492 1.90401586028747 1.2962571636308 1.83779648435302 1.13079953053966 1.49217689572833 1.37451564404182 1.92946673440747 1.02133982232772 1.08629089058377 1.43303130497225 1.0984477836173 1.86307850247249 1.24482039478607 1.52612529671751 1.26496688486077 1.06824276363477 1.36046757688746 1.9066646436695 1.37379802437499 1.62644265359268 1.40642263740301 1.1511962977238 1.12462828028947 1.85680127190426 1.33144119847566 0 1.35900802537799 1.8425412918441
1.56988544831984 1.1461343888659 1.86700795311481 1.15290001197718 1.68078500498086 1.75267735379748 1.55092700384557 1.26415453408845 0.93528004642576 1.65049556270242 1.28445556387305 1.76949269929901 1.04236882273108 0.963971402030438 1.11515405471437 1.51842309068888 1.10637359041721 1.77314166887663 1.89287556102499 1.89232700783759 1.24983006995171 1.8454763784539 1.35590680828318 1.3154340996407 1.18866646429524 1.39848228241317 1.4265067614615 1.35900802537799 0 1.12932323943824
1.79420903674327 1.28112320112996 0.949378386838362 1.61956577003002 1.4934752122499 0.959959422936663 1.14859943557531 1.47130335355178 1.49015297438018 1.84295263164677 1.48008977831341 1.90074392943643 1.40036547905765 1.35907958820462 1.18535812525079 1.36670407676138 0.9724853169173 1.41685077082366 1.08466360508464 1.08664907934144 0.93516084481962 1.61795627558604 1.8432017841842 1.43032654211856 1.27334115514532 1.7507114650216 1.59213324612938 1.8425412918441 1.12932323943824 0
