0 1.0903875187505 1.27731942338869 1.63274751394056 1.62343293591402 1.83477728674188 1.81976158241741 1.3224993897602 0.990715502994135 1.70682666730136 1.01773246889934 1.58790187374689 1.75514426967129 1.04206057079136 1.04757828009315 1.04696112545207 1.26643779198639 1.05331199127249 1.38033617241308 1.59853083686903 1.13838112493977 1.59108410542831 1.04857982438989 1.37313015246764 0.921368656912819 1.80192622519098 1.60091760545038 1.18855925928801 1.72756007127464 1.50032924278639
1.0903875187505 0 1.53048432967626 1.63048799522221 0.982123213820159 0.945388236548752 1.21059841127135 1.30260799988173 1.1007244954817 1.71314684301615 1.05499023618177 1.0157102746889 1.55294406879693 1.72379816276953 0.908626558957621 1.66319054947235 1.4473613135051 1.65021103178151 1.09946376271546 1.2006106460467 1.19226551707834 1.6777184647508 1.18813261669129 1.15844694618136 1.65407327236608 1.01712436927482 0.890997970476747 1.00247966125607 1.7420673200395 1.84344330825843
1.27731942338869 1.53048432967626 0 1.50809811428189 0.8710932652466 1.13647019374184 1.5830125703942 1.10724539728835 1.79395834752358 1.85308718751185 1.7416364941746 0.890975876245648 1.21362316492014 1.69446361646987 1.31332535413094 1.57162066991441 1.74761462211609 1.12139078741893 0.967098061228171 1.37903028912842 1.53479486727156 1.82307381462306 0.90699553815648 1.02735988190398 0.971267294837162 1.02476269751787 1.34843477909453 0.89046674198471 1.59505693009123 1.46685003163293
1.63274751394056 1.63048799522221 1.50809811428189 0 1.45684224949218 1.04673968092538 1.75411003176123 1.29060553829186 1.02272852463648 1.6584524565842 1.24145132023841 1.86191384238191 1.04871800914407 1.45406684069894 1.14759854786098 0.918964628828689 1.10455859964713 0.871884373947978 1.77474547899328 1.57338307192549 1.52194534102455 1.30387944448739 1.57975208130665 0.966220597270876 1.78142185509205 1.18108193296939 1.78556502657011 1.74861314054579 1.24012655066326 1.47215332626365
1.62343293591402 0.982123213820159 0.8710932652466 1.45684224949218 0 1.2547313910909 1.115231344942 1.05685053626075 1.18106002151035 1.81550841382705 1.38793926499784 0.885394679615274 1.45619905204512 1.06290170131251 1.41588176647201 1.64029640494846 1.22922177892178 0.977195342769846 1.00387372472323 1.49848325713538 0.921078017679974 1.82331644883379 1.00724649615586 1.10479734907858 1.39758163783699 1.40974782966077 1.48045359225944 1.12439590808935 1.10472078318708 1.84367749840021
1.83477728674188 0.945388236548752 1.13647019374184 1.04673968092538 1.2547313910909 0 1.45478601474315 1.25097819254734 1.82371541298926 1.55707471980713 1.31069466355257 1.46889108931646 1.54327011760324 1.02391301258467 1.51942155929282 1.25183057482354 0.921404400607571 1.67802852531895 1.80279470398091 0.899410230573267 1.66542398789898 1.68538985634223 1.77328509930521 1.45148364990018 1.62284176936373 1.55009996355511 1.59680365258828 1.37496347003616 1.86438199435361 1.42304606875405
1.81976158241741 1.21059841127135 1.5830125703942 1.75411003176123 1.115231344942 1.45478601474315 0 1.48908018530346 1.02459896844812 1.14385142014362 1.30220889835618 1.86210548505187 1.11881221621297 1.2403258047998 1.36696661449969 0.882392920786515 1.12459130585194 1.75637230812572 1.34585210680962 0.98749357718043 1.14002241916023 0.9252448764164 1.6875366626773 1.21114135137759 1.18301317631267 1.17432511784136 1.6299868344795 1.63637668197043 1.58188839885406 1.80049552721903
1.3224993897602 1.30260799988173 1.10724539728835 1.29060553829186 1.05685053626075 1.25097819254734 1.48908018530346 0 0.995107122231275 0.96133326459676 1.60596837336197 1.18327994528227 1.59792496776208 1.68402654770762 1.28007446345873 1.09717539791018 0.997874328168109 1.57845203229226 1.80391200981103 1.82108676875941 1.78011535387486 1.09705256903544 0.878349961014464 0.92307685688138 1.76080732303672 1.10237265122123 1.24733264697716 1.85756396572106 1.41340967454016 1.67945982492529
0.990715502994135 1.1007244954817 1.79395834752358 1.02272852463648 1.18106002151035 1.82371541298926 1.02459896844812 0.995107122231275 0 1.58059500926174 1.55021369829774 1.47075669490732 1.14289133739658 1.34889622987248 1.73524119984359 1.43242678488605 1.00560665223747 1.52203786140308 1.72113914764486 0.924305182415992 1.14866418740712 1.31667015864514 1.11978425062262 0.911121211014688 1.72058433829807 1.2745452595409 0.873890777351335 1.41358783398755 1.81773079908453 1.35661263321526
1.70682666730136 1.71314684301615 1.85308718751185 1.6584524565842 1.81550841382705 1.55707471980713 1.14385142014362 0.96133326459676 1.58059500926174 0 1.29902449599467 1.00667626946233 1.08696428313851 1.30066868034191 1.68916631746106 1.09111948567443 1.60298864124343 1.30219162418507 1.32543793390505 1.54125309060328 1.16039244364947 0.94895040942356 1.41409444133751 1.12244782061316 1.13825386599638 1.26061041746289 0.933432798366994 1.54458308708854 1.31747210933827 1.69123097509146
1.01773246889934 1.05499023618177 1.7416364941746 1.24145132023841 1.38793926499784 1.31069466355257 1.30220889835618 1.60596837336197 1.55021369829774 1.29902449599467 0 1.08747439947911 1.07354945875704 1.21792290685698 1.3771528149955 1.27685631625354 1.04849283909425 1.62857370451093 0.871523526730016 1.29751600325108 1.5821027662605 1.55971424165182 1.83804403920658 1.15300654200837 1.73786097881384 1.03950050100684 1.14746950683184 0.916592932073399 1.01830740575679 1.3483316951897
1.58790187374689 1.0157102746889 0.890975876245648 1.86191384238191 0.885394679615274 1.46889108931646 1.86210548505187 1.18327994528227 1.47075669490732 1.00667626946233 1.08747439947911 0 1.31203069491312 1.22260103747249 1.30190427345224 1.68378652073443 1.16029385244474 1.64242865447886 1.36395669379272 1.57678492111154 1.54572036047466 1.25516702933237 1.24882613029331 1.77959560463205 0.934327847557142 1.51201606728137 0.989021914778277 1.61741621792316 1.37450959277339 1.0538898431696
1.75514426967129 1.55294406879693 1.21362316492014 1.04871800914407 1.45619905204512 1.54327011760324 1.11881221621297 1.59792496776208 1.14289133739658 1.08696428313851 1.07354945875704 1.31203069491312 0 1.80578122404404 1.82421236927621 1.16595704574138 1.67507300456055 1.51333113806322 1.41898990934715 1.20200648461469 1.49971979972906 1.5891117004212 0.96238076267764 1.41739525971934 1.82370999665 1.11558452364989 1.49450066080317 1.05452024401166 1.02097777440213 1.13550280965865
1.04206057079136 1.72379816276953 1.69446361646987 1.45406684069894 1.06290170131251 1.02391301258467 1.2403258047998 1.68402654770762 1.34889622987248 1.30066868034191 1.21792290685698 1.22260103747249 1.80578122404404 0 1.22612877376378 1.5238689633552 1.16988015850075 1.00921052298509 1.81605791533366 1.08313481858931 1.63488959008828 1.52216117084026 1.3738393173553 1.64193605748005 1.20163383940235 1.70041776727885 1.84421939239837 1.54468621267006 1.37297772918828 1.45892677502707
1.04757828009315 0.908626558957621 1.31332535413094 1.14759854786098 1.41588176647201 1.51942155929282 1.36696661449969 1.28007446345873 1.73524119984359 1.68916631746106 1.3771528149955 1.30190427345224 1.82421236927621 1.22612877376378 0 1.38391822203994 0.982367357006297 1.07233105832711 0.871409220155329 1.76409341115505 1.79551884601824 1.72192326351069 1.39222680451348 1.39026329363696 0.885480315890163 1.49729086388834 1.66486263857223 1.78564064833336 1.06724840961397 1.37232275051065
1.04696112545207 1.66319054947235 1.57162066991441 0.918964628828689 1.64029640494846 1.25183057482354 0.882392920786515 1.09717539791018 1.43242678488605 1.09111948567443 1.27685631625354 1.68378652073443 1.16595704574138 1.5238689633552 1.38391822203994 0 1.34027064335532 1.6166265164502 1.5869618926663 1.57912038243376 1.74009075923823 1.70804141182452 1.37351052742451 0.87837097956799 1.2512435647659 1.76056435611099 0.872905920259655 1.52422651695088 1.63378989160992 1.74872169899754
1.26643779198639 1.4473613135051 1.74761462211609 1.10455859964713 1.22922177892178 0.921404400607571 1.12459130585194 0.997874328168109 1.00560665223747 1.60298864124343 1.04849283909425 1.16029385244474 1.67507300456055 1.16988015850075 0.982367357006297 1.34027064335532 0 1.17779491469264 1.57820486766286 1.26568313781172 0.930820170091465 1.86446866043843 0.952708122087643 1.65125188464299 1.25699430564418 0.986276805633679 1.18838193360716 0.88562552863732 1.70434027654119 1.75552081875503
1.05331199127249 1.65021103178151 1.12139078741893 0.871884373947978 0.977195342769846 1.67802852531895 1.75637230812572 1.57845203229226 1.52203786140308 1.30219162418507 1.62857370451093 1.64242865447886 1.51333113806322 1.00921052298509 1.07233105832711 1.6166265164502 1.17779491469264 0 1.41242326586507 0.984160955063999 1.45260865357704 1.77227633935399 1.13841520436108 0.895091449609026 0.98105979221873 1.11712332512252 1.0691751644481 1.08869142993353 1.73174417670816 1.18075841572136
1.38033617241308 1.09946376271546 0.967098061228171 1.77474547899328 1.00387372472323 1.80279470398091 1.34585210680962 1.80391200981103 1.72113914764486 1.32543793390505 0.871523526730016 1.36395669379272 1.41898990934715 1.81605791533366 0.871409220155329 1.5869618926663 1.57820486766286 1.41242326586507 0 1.59049766859971 0.989237892441452 1.04487481107935 1.72216127603315 1.23956130468287 1.00478458148427 1.6078160116449 0.998044430511072 1.05952246882953 1.28894993732683 1.25589867215604
1.59853083686903 1.2006106460467 1.37903028912842 1.57338307192549 1.49848325713538 0.899410230573267 0.98749357718043 1.82108676875941 0.924305182415992 1.54125309060328 1.29751600325108 1.57678492111154 1.20200648461469 1.08313481858931 1.76409341115505 1.57912038243376 1.26568313781172 0.984160955063999 1.59049766859971 0 1.45655328477733 1.53366975462995 1.29877540282905 1.44277930050157 1.73431228729896 0.994252241449431 1.24095897749066 1.02127045299858 1.61394254933111 1.84808105858974
1.13838112493977 1.19226551707834 1.53479486727156 1.52194534102455 0.921078017679974 1.66542398789898 1.14002241916023 1.78011535387486 1.14866418740712 1.16039244364947 1.5821027662605 1.54572036047466 1.49971979972906 1.63488959008828 1.79551884601824 1.74009075923823 0.930820170091465 1.45260865357704 0.989237892441452 1.45655328477733 0 0.967746589332819 1.52036307798699 1.04739531851374 0.940140910679474 1.41570238443092 1.74498242279515 1.32586075528525 1.08032078132965 1.49802265549079
1.59108410542831 1.6777184647508 1.82307381462306 1.30387944448739 1.82331644883379 1.68538985634223 0.9252448764164 1.09705256903544 1.31667015864514 0.94895040942356 1.55971424165182 1.25516702933237 1.5891117004212 1.52216117084026 1.72192326351069 1.70804141182452 1.86446866043843 1.77227633935399 1.04487481107935 1.53366975462995 0.967746589332819 0 1.6647600911092 1.6724966512993 1.67371440166607 1.57330007152632 1.33531959122047 1.56406856351532 1.34742540726438 0.975550724659115
1.04857982438989 1.18813261669129 0.90699553815648 1.57975208130665 1.00724649615586 1.77328509930521 1.6875366626773 0.878349961014464 1.11978425062262 1.41409444133751 1.83804403920658 1.24882613029331 0.96238076267764 1.3738393173553 1.39222680451348 1.37351052742451 0.952708122087643 1.13841520436108 1.72216127603315 1.29877540282905 1.52036307798699 1.6647600911092 0 1.76503713941202 1.80848457082175 1.54334391281009 1.80648418096825 1.18947024736553 1.67306481278501 1.27137790876441
1.37313015246764 1.15844694618136 1.02735988190398 0.966220597270876 1.10479734907858 1.45148364990018 1.21114135137759 0.92307685688138 0.911121211014688 1.12244782061316 1.15300654200837 1.77959560463205 1.41739525971934 1.64193605748005 1.39026329363696 0.87837097956799 1.65125188464299 0.895091449609026 1.23956130468287 1.44277930050157 1.04739531851374 1.6724966512993 1.76503713941202 0 1.49629339785315 1.40186733449809 1.1959385657683 1.27167365280911 1.03201963240281 1.1853616447188
0.921368656912819 1.65407327236608 0.971267294837162 1.78142185509205 1.39758163783699 1.62284176936373 1.18301317631267 1.76080732303672 1.72058433829807 1.13825386599638 1.73786097881384 0.934327847557142 1.82370999665 1.20163383940235 0.885480315890163 1.2512435647659 1.25699430564418 0.98105979221873 1.00478458148427 1.73431228729896 0.940140910679474 1.67371440166607 1.80848457082175 1.49629339785315 0 1.63049802719615 0.903874946758151 1.33670765580609 0.990375574911013 1.40056807594374
1.80192622519098 1.01712436927482 1.02476269751787 1.18108193296939 1.40974782966077 1.55009996355511 1.17432511784136 1.10237265122123 1.2745452595409 1.26061041746289 1.03950050100684 1.51201606728137 1.11558452364989 1.70041776727885 1.49729086388834 1.76056435611099 0.986276805633679 1.11712332512252 1.6078160116449 0.994252241449431 1.41570238443092 1.57330007152632 1.54334391281009 1.40186733449809 1.63049802719615 0 1.35906187049113 1.80133988731541 0.923899830086157 1.10173051827587
1.60091760545038 0.890997970476747 1.34843477909453 1.78556502657011 1.48045359225944 1.59680365258828 1.6299868344795 1.24733264697716 0.873890777351335 0.933432798366994 1.14746950683184 0.989021914778277 1.49450066080317 1.84421939239837 1.66486263857223 0.872905920259655 1.18838193360716 1.0691751644481 0.998044430511072 1.24095897749066 1.74498242279515 1.33531959122047 1.80648418096825 1.1959385657683 0.903874946758151 1.35906187049113 0 1.50475372374058 1.61149959801696 1.2944147142116
1.18855925928801 1.00247966125607 0.89046674198471 1.74861314054579 1.12439590808935 1.37496347003616 1.63637668197043 1.85756396572106 1.41358783398755 1.54458308708854 0.916592932073399 1.61741621792316 1.05452024401166 1.54468621267006 1.78564064833336 1.52422651695088 0.88562552863732 1.08869142993353 1.05952246882953 1.02127045299858 1.32586075528525 1.56406856351532 1.18947024736553 1.27167365280911 1.33670765580609 1.80133988731541 1.50475372374058 0 1.63207851536572 1.49084024433978
1.72756007127464 1.7420673200395 1.59505693009123 1.24012655066326 1.10472078318708 1.86438199435361 1.58188839885406 1.41340967454016 1.81773079908453 1.31747210933827 1.01830740575679 1.37450959277339 1.02097777440213 1.37297772918828 1.06724840961397 1.63378989160992 1.70434027654119 1.73174417670816 1.28894993732683 1.61394254933111 1.08032078132965 1.34742540726438 1.67306481278501 1.03201963240281 0.990375574911013 0.923899830086157 1.61149959801696 1.63207851536572 0 0.967394469538704
1.50032924278639 1.84344330825843 1.46685003163293 1.47215332626365 1.84367749840021 1.42304606875405 1.80049552721903 1.67945982492529 1.35661263321526 1.69123097509146 1.3483316951897 1.0538898431696 1.13550280965865 1.45892677502707 1.37232275051065 1.74872169899754 1.75552081875503 1.18075841572136 1.25589867215604 1.84808105858974 1.49802265549079 0.975550724659115 1.27137790876441 1.1853616447188 1.40056807594374 1.10173051827587 1.2944147142116 1.49084024433978 0.967394469538704 0
