0 1.87186552910134 1.44799251365475 1.55069279647432 0.992405944271013 1.28253091080114 1.51866585807875 1.71328810299747 1.58437391300686 1.12123685586266 1.54131837561727 1.35120903328061 1.23543443647213 1.27063226187602 1.74228203389794 1.13927239296027 1.40350530855358 0.96978560462594 1.24738573539071 1.9597116666846 1.55952797573991 1.84024149482138 1.48792503844015 1.60274994024076 0.96740978397429 1.68632167275064 1.13654852029867 1.55460523674265 1.86793794366531 1.18039954453707
1.87186552910134 0 1.82816581288353 1.4829623720143 1.27196969650686 1.77351117134094 1.7113456891384 1.80616921745241 1.55804196093231 1.80796505161561 0.999546920182183 1.95352332107723 1.57965168007649 1.65102389617823 1.0570798125118 0.964567604241893 1.23098205425777 1.6595665065106 1.39031564025208 1.65723785408773 1.64091164642014 1.64492799947038 1.82734360918403 1.35441477666609 1.63847732637078 1.7237155099865 1.05546969012357 1.95406585815363 1.59906670101918 1.85931234620512
1.44799251365475 1.82816581288353 0 1.42164005036466 1.21364474901929 1.50996443605982 1.83915064879693 1.60400789021514 1.46718780347146 1.68108268943615 1.18701482051983 1.68544645933434 1.43681879597716 1.29187272139825 1.06893454142846 1.03068481246009 1.1633923840709 1.0521532795392 1.48303927062079 1.48654975183308 1.19937899615616 1.52051861910149 1.14186324807815 1.07967105763964 1.74963848781772 1.6284210649319 1.94211449171416 1.5324415366631 1.49809921602719 1.65757620590739
1.55069279647432 1.4829623720143 1.42164005036466 0 1.3951763107907 1.31363457487896 1.16489817830734 1.28059450746514 0.97605651547201 1.80264849239029 1.25686753331684 1.33185662212782 1.4658847132232 1.11807376472279 1.84954126109369 1.02205543546006 1.46197139564902 1.06862448621541 1.80902403965592 1.36750763119198 1.82865483989008 0.968642211752012 1.37400087411515 1.50712609919719 1.53527281899005 1.57225308357738 1.90138510498218 1.81790962908417 1.49613911728375 1.24066280666739
0.992405944271013 1.27196969650686 1.21364474901929 1.3951763107907 0 1.09538899408653 1.72133191023022 1.35032222419977 1.41070398502052 1.33433476276696 1.04514221427962 1.85157278412953 1.503351501422 1.47044879500754 1.45682524004951 1.22471307986416 0.988917200593278 1.236910530366 1.14018623367883 1.81106821866706 1.35200749221258 1.61908651120029 1.20800931402482 1.49078094726428 1.03107621893287 1.2808718571905 1.10252257459797 1.18812908418477 1.56996483355761 1.90339536848478
1.28253091080114 1.77351117134094 1.50996443605982 1.31363457487896 1.09538899408653 0 1.9501917087473 1.1359055750072 1.41575660347007 1.41976025165059 1.75689600757323 1.36512960423715 0.96795216598548 1.88405090081505 1.34628926310688 1.8115713626612 1.18746200972237 1.28246555896476 1.5553209935315 1.41402803966776 1.68720331252553 1.11731668072753 1.68748773424886 1.09391678776592 1.21435274346732 1.16577256890014 1.87064489442855 1.36735181254335 1.77360798232257 1.1419349713251
1.51866585807875 1.7113456891384 1.83915064879693 1.16489817830734 1.72133191023022 1.9501917087473 0 1.73653106181882 1.39768960280344 1.47028751624748 1.21140426350757 1.82296209363267 1.47049096319824 1.37380047072656 1.63991121714935 1.31857711193152 1.60303669935092 1.2477791516576 0.993761174846441 1.73949719360098 1.28540670918301 1.71057301200926 1.58197888731956 1.42270474205725 1.41286702547222 1.92650715331547 1.67776197940111 1.72906233603135 1.10018575913273 1.93008608859964
1.71328810299747 1.80616921745241 1.60400789021514 1.28059450746514 1.35032222419977 1.1359055750072 1.73653106181882 0 1.43919093627483 1.48585000261664 1.28119542705826 1.63545961142518 1.33355230069719 1.34501360286959 1.79539776360616 1.48718995321542 1.41812204918824 1.14713468472473 1.23280403250828 1.09761940664612 1.48370853532106 1.17379981838167 1.55139748984948 1.86104550608434 1.51466359896585 1.34153966861777 1.94073757249862 0.968216835288331 1.49680023617111 1.72751425160095
1.58437391300686 1.55804196093231 1.46718780347146 0.97605651547201 1.41070398502052 1.41575660347007 1.39768960280344 1.43919093627483 0 1.62835610890761 0.971832036739215 1.80536096240394 1.48121182713658 1.92662532697432 1.64994787564501 1.64323020586744 1.23068085988052 1.88325956766494 1.06337688933127 1.10328892734833 1.56087744352408 1.94469872722402 1.23163486667909 1.05369792203419 1.04830288165249 1.51147556956857 1.46926135756075 1.00888082548045 1.2782226940617 1.84628846799023
1.12123685586266 1.80796505161561 1.68108268943615 1.80264849239029 1.33433476276696 1.41976025165059 1.47028751624748 1.48585000261664 1.62835610890761 0 1.06015162472613 1.64392201579176 1.52500782324933 1.43710550712422 1.0350320674479 1.53052004263736 1.64048557728529 1.50879229186103 0.99112824164331 1.48635843605734 1.15792821510695 1.12167082517408 1.01748249703087 1.07991069369018 1.68564089899883 1.66069238260388 1.29136914480478 1.66731429332867 1.79731239145622 1.41136742383242
1.54131837561727 0.999546920182183 1.18701482051983 1.25686753331684 1.04514221427962 1.75689600757323 1.21140426350757 1.28119542705826 0.971832036739215 1.06015162472613 0 1.35419798363 1.12191282515414 1.89395859232172 1.06264609936625 1.63191178278066 1.77506509702653 1.94712678412907 1.27208769414574 1.82942013861611 1.59086875920184 1.53928226185963 1.42077814252116 1.68771507800557 1.23893305193633 1.17636458692141 1.6058106792625 1.6450921613723 1.2849571602419 1.8352130970452
1.35120903328061 1.95352332107723 1.68544645933434 1.33185662212782 1.85157278412953 1.36512960423715 1.82296209363267 1.63545961142518 1.80536096240394 1.64392201579176 1.35419798363 0 1.25695854262449 1.87306527514011 1.90204950561747 1.22918440680951 1.02150127408095 1.54131944105029 1.2474159039557 1.61147660273127 1.34611065406352 1.66177520784549 1.62417808384635 1.886285668239 1.34773747855797 1.23160222545266 1.15583637170494 1.29162578331307 1.32567792036571 1.2236312655732
1.23543443647213 1.57965168007649 1.43681879597716 1.4658847132232 1.503351501422 0.96795216598548 1.47049096319824 1.33355230069719 1.48121182713658 1.52500782324933 1.12191282515414 1.25695854262449 0 1.26514593721367 1.63529154891148 1.20746788126417 1.52519492898136 1.24332679179497 1.2045282535255 1.67180921928957 1.14642228092998 1.14974705898203 1.46672533778474 1.46065219165757 1.65039419848472 1.41466581751592 1.90561606059782 1.23788273497485 1.1779285822995 1.37127004959621
1.27063226187602 1.65102389617823 1.29187272139825 1.11807376472279 1.47044879500754 1.88405090081505 1.37380047072656 1.34501360286959 1.92662532697432 1.43710550712422 1.89395859232172 1.87306527514011 1.26514593721367 0 1.18700943235308 1.24387643788941 1.24248077813536 1.20463012484834 1.90383065631613 1.08537545055151 1.74121008138172 1.25734692695551 1.91965801152401 1.14564741286449 1.33553563221358 1.52274708449841 1.18888637144119 1.50082734320313 1.20563564845361 1.71829456579871
1.74228203389794 1.0570798125118 1.06893454142846 1.84954126109369 1.45682524004951 1.34628926310688 1.63991121714935 1.79539776360616 1.64994787564501 1.0350320674479 1.06264609936625 1.90204950561747 1.63529154891148 1.18700943235308 0 1.0431885055732 1.55629406869411 1.94171172077768 1.42252646572888 1.31760096177459 1.72954407823272 1.69907346484251 1.76649015769362 1.64850297360681 1.88643138622865 1.34643005393445 1.63354197749868 1.10286055202596 1.08005448780023 1.19413684424944
1.13927239296027 0.964567604241893 1.03068481246009 1.02205543546006 1.22471307986416 1.8115713626612 1.31857711193152 1.48718995321542 1.64323020586744 1.53052004263736 1.63191178278066 1.22918440680951 1.20746788126417 1.24387643788941 1.0431885055732 0 1.96227699238807 1.03501953720115 1.32413236610591 1.73156200069934 1.85644996608607 1.50514068757184 1.28353055170737 1.88968210248277 1.53212688700296 1.82862099469639 1.14425262901932 1.53760567400604 1.4139560922049 1.69860451412387
1.40350530855358 1.23098205425777 1.1633923840709 1.46197139564902 0.988917200593278 1.18746200972237 1.60303669935092 1.41812204918824 1.23068085988052 1.64048557728529 1.77506509702653 1.02150127408095 1.52519492898136 1.24248077813536 1.55629406869411 1.96227699238807 0 1.08470655512065 1.22333883703686 1.64956608926877 1.27812560880557 1.27400338463485 1.9570695955772 1.79344090167433 1.0543740154244 1.32818687753752 1.4891665391624 1.53899380983785 1.20663860184141 1.6565939958673
0.96978560462594 1.6595665065106 1.0521532795392 1.06862448621541 1.236910530366 1.28246555896476 1.2477791516576 1.14713468472473 1.88325956766494 1.50879229186103 1.94712678412907 1.54131944105029 1.24332679179497 1.20463012484834 1.94171172077768 1.03501953720115 1.08470655512065 0 1.28131223400123 1.91692385170609 0.969246074790135 1.03498676791787 1.60946944588795 1.76605814718641 1.79083703481592 1.34396619466133 1.71369799529202 1.31288299662992 1.05628162319772 1.79249638039619
1.24738573539071 1.39031564025208 1.48303927062079 1.80902403965592 1.14018623367883 1.5553209935315 0.993761174846441 1.23280403250828 1.06337688933127 0.99112824164331 1.27208769414574 1.2474159039557 1.2045282535255 1.90383065631613 1.42252646572888 1.32413236610591 1.22333883703686 1.28131223400123 0 1.62332198396325 1.79386313050054 1.78969579539262 1.03134193178266 1.37596072186716 1.41424947860651 1.03929159999825 1.54093019128777 1.64239405374974 1.69615192501806 1.76658743014559
1.9597116666846 1.65723785408773 1.48654975183308 1.36750763119198 1.81106821866706 1.41402803966776 1.73949719360098 1.09761940664612 1.10328892734833 1.48635843605734 1.82942013861611 1.61147660273127 1.67180921928957 1.08537545055151 1.31760096177459 1.73156200069934 1.64956608926877 1.91692385170609 1.62332198396325 0 1.74257863662206 1.46022816374898 1.95642488007434 1.96186354709789 1.65675238729455 1.21444957773201 1.10148763121106 1.711991364602 1.85711712413467 1.78621833771467
1.55952797573991 1.64091164642014 1.19937899615616 1.82865483989008 1.35200749221258 1.68720331252553 1.28540670918301 1.48370853532106 1.56087744352408 1.15792821510695 1.59086875920184 1.34611065406352 1.14642228092998 1.74121008138172 1.72954407823272 1.85644996608607 1.27812560880557 0.969246074790135 1.79386313050054 1.74257863662206 0 1.9221642324701 1.11068496177904 1.04252559714951 1.44830942642875 1.5925149153918 1.42566367355175 1.6792781369295 1.79393709567375 1.64702561683953
1.84024149482138 1.64492799947038 1.52051861910149 0.968642211752012 1.61908651120029 1.11731668072753 1.71057301200926 1.17379981838167 1.94469872722402 1.12167082517408 1.53928226185963 1.66177520784549 1.14974705898203 1.25734692695551 1.69907346484251 1.50514068757184 1.27400338463485 1.03498676791787 1.78969579539262 1.46022816374898 1.9221642324701 0 1.87126792478375 1.28030861821026 1.64866374968551 1.23717678198591 0.964623041916639 1.22312776208855 1.37937270151451 1.76524507743306
1.48792503844015 1.82734360918403 1.14186324807815 1.37400087411515 1.20800931402482 1.68748773424886 1.58197888731956 1.55139748984948 1.23163486667909 1.01748249703087 1.42077814252116 1.62417808384635 1.46672533778474 1.91965801152401 1.76649015769362 1.28353055170737 1.9570695955772 1.60946944588795 1.03134193178266 1.95642488007434 1.11068496177904 1.87126792478375 0 1.29967523016967 1.27349196258001 1.56699497345835 1.63631702493876 1.20821649697609 1.05547358724289 1.52409828174859
1.60274994024076 1.35441477666609 1.07967105763964 1.50712609919719 1.49078094726428 1.09391678776592 1.42270474205725 1.86104550608434 1.05369792203419 1.07991069369018 1.68771507800557 1.886285668239 1.46065219165757 1.14564741286449 1.64850297360681 1.88968210248277 1.79344090167433 1.76605814718641 1.37596072186716 1.96186354709789 1.04252559714951 1.28030861821026 1.29967523016967 0 1.72569951997139 1.91412507696077 1.12186735519208 1.64396901987493 1.50593369989656 1.28586509381421
0.96740978397429 1.63847732637078 1.74963848781772 1.53527281899005 1.03107621893287 1.21435274346732 1.41286702547222 1.51466359896585 1.04830288165249 1.68564089899883 1.23893305193633 1.34773747855797 1.65039419848472 1.33553563221358 1.88643138622865 1.53212688700296 1.0543740154244 1.79083703481592 1.41424947860651 1.65675238729455 1.44830942642875 1.64866374968551 1.27349196258001 1.72569951997139 0 1.76504299859516 1.43944909749553 1.03680129302666 1.14022711082362 1.14129749289714
1.68632167275064 1.7237155099865 1.6284210649319 1.57225308357738 1.2808718571905 1.16577256890014 1.92650715331547 1.34153966861777 1.51147556956857 1.66069238260388 1.17636458692141 1.23160222545266 1.41466581751592 1.52274708449841 1.34643005393445 1.82862099469639 1.32818687753752 1.34396619466133 1.03929159999825 1.21444957773201 1.5925149153918 1.23717678198591 1.56699497345835 1.91412507696077 1.76504299859516 0 1.64086183020845 1.81459164456464 1.55534903751686 1.10133540118113
1.13654852029867 1.05546969012357 1.94211449171416 1.90138510498218 1.10252257459797 1.87064489442855 1.67776197940111 1.94073757249862 1.46926135756075 1.29136914480478 1.6058106792625 1.15583637170494 1.90561606059782 1.18888637144119 1.63354197749868 1.14425262901932 1.4891665391624 1.71369799529202 1.54093019128777 1.10148763121106 1.42566367355175 0.964623041916639 1.63631702493876 1.12186735519208 1.43944909749553 1.64086183020845 0 1.75409756647423 1.05172607512213 1.90960958506912
1.55460523674265 1.95406585815363 1.5324415366631 1.81790962908417 1.18812908418477 1.36735181254335 1.72906233603135 0.968216835288331 1.00888082548045 1.66731429332867 1.6450921613723 1.29162578331307 1.23788273497485 1.50082734320313 1.10286055202596 1.53760567400604 1.53899380983785 1.31288299662992 1.64239405374974 1.711991364602 1.6792781369295 1.22312776208855 1.20821649697609 1.64396901987493 1.03680129302666 1.81459164456464 1.75409756647423 0 1.5847417616751 1.9355078889057
1.86793794366531 1.59906670101918 1.49809921602719 1.49613911728375 1.56996483355761 1.77360798232257 1.10018575913273 1.49680023617111 1.2782226940617 1.79731239145622 1.2849571602419 1.32567792036571 1.1779285822995 1.20563564845361 1.08005448780023 1.4139560922049 1.20663860184141 1.05628162319772 1.69615192501806 1.85711712413467 1.79393709567375 1.37937270151451 1.05547358724289 1.50593369989656 1.14022711082362 1.55534903751686 1.05172607512213 1.5847417616751 0 1.49194890144281
1.18039954453707 1.85931234620512 1.65757620590739 1.24066280666739 1.90339536848478 1.1419349713251 1.93008608859964 1.72751425160095 1.84628846799023 1.41136742383242 1.8352130970452 1.2236312655732 1.37127004959621 1.71829456579871 1.19413684424944 1.69860451412387 1.6565939958673 1.79249638039619 1.76658743014559 1.78621833771467 1.64702561683953 1.76524507743306 1.52409828174859 1.28586509381421 1.14129749289714 1.10133540118113 1.90960958506912 1.9355078889057 1.49194890144281 0
