0 1.59704646724276 1.7044891777914 1.84205990517512 1.42162700695917 1.56356570054777 1.64546342403628 1.33041636133566 1.84519574115984 1.75106379226781 1.20012116851285 1.8032053206116 1.9374024507124 1.37458093091846 1.17449010629207 1.77160348137841 1.32891929266043 1.52809011214413 1.02996812737547 1.0053304489702 1.39851851505227 1.85589920170605 1.54302391409874 1.5748262158595 0.985146438702941 1.48496170970611 1.57922348380089 1.49008927331306 1.86409551627003 1.72945498395711
1.59704646724276 0 0.974185790866613 1.88159811496735 1.53385955514386 1.85694278404117 1.56885499018244 1.93747746595182 1.17617129068822 1.66055540693924 0.952260378049687 1.18303417786956 1.43752174219117 1.24676761613227 1.44046483794227 1.27839169325307 1.93278586771339 1.77670254302211 1.8417944945395 1.78346895519644 1.24845008645207 1.43727192445658 1.80275444290601 1.61455613328144 1.7176072713919 1.73373173782602 1.18799890624359 1.67522849189118 1.4328644995112 1.88242201693356
1.7044891777914 0.974185790866613 0 1.77603277959861 1.01792081561871 1.82230558339506 1.79614955675788 1.85403497307561 0.972522519994527 1.3811878755223 1.01309596933424 1.69281025789678 1.34736877353862 1.53228086675517 1.38593744440004 1.60068170563318 1.75717862439342 1.7844787563663 1.64795968169346 1.7754983024206 1.84470373485237 1.54333330900408 1.87019042624161 1.5911478146445 1.02060600160621 1.93009260250255 1.09298294782639 1.58973186672665 1.6798521024175 1.04312066570856
1.84205990517512 1.88159811496735 1.77603277959861 0 1.24515332235023 1.8687248963397 0.989211608655751 1.90067909331992 1.12270744354464 1.21449296083301 1.79758828645572 0.968331072945148 1.02501318603754 1.12152215372771 1.92322059348226 1.45426186872646 1.64018500968814 1.72574145114049 0.994912501657382 0.966575424652547 1.70712979603559 1.29390046535991 1.3728100862354 1.50466710655019 1.52879634313285 1.42147265165113 1.01801224937662 1.61722901859321 1.58197581069544 1.40519253374077
1.42162700695917 1.53385955514386 1.01792081561871 1.24515332235023 0 1.60550207388587 1.68885819800198 1.30676630372182 1.56817156285979 1.00832597026601 1.08257094002329 1.88678192673251 1.33092008787207 1.67323515191674 1.56383201875724 1.81813120492734 1.80429918388836 1.83873397135176 1.35827038390562 1.40136189456098 1.53399793384597 1.45197962829843 1.04345401655883 1.8796426737681 1.92556894104928 1.01358122332022 1.03190121031366 1.34527825471014 1.41620456776582 1.51232265029103
1.56356570054777 1.85694278404117 1.82230558339506 1.8687248963397 1.60550207388587 0 1.1038618425373 1.05797447799705 1.55774726136588 1.52018401445821 1.05353226745501 1.09346316289157 1.24584595044143 1.78477144776843 1.55438338988461 1.70225418452173 1.07673761178739 1.80846510245465 1.80531404982321 1.8205050341785 1.77987527730875 1.15886795357801 1.07483725599013 1.92623257217929 1.2571882517077 1.02019135421142 0.976786495419219 1.10011743055657 1.68404609104618 1.29233463271521
1.64546342403628 1.56885499018244 1.79614955675788 0.989211608655751 1.68885819800198 1.1038618425373 0 1.31940676178783 1.45764501206577 1.32944943755865 1.8821155524347 1.89528041169979 1.5708705924917 1.32408898253925 1.15376751776785 1.34304974903353 1.86512754950672 1.02958361920901 1.19612209242769 1.61229961924255 1.54842272913083 1.19991162908264 1.91460758028552 1.55399316200055 1.02561033214442 1.56368139851838 1.66587072238326 1.38575641438365 1.61302119027823 1.5127057407517
1.33041636133566 1.93747746595182 1.85403497307561 1.90067909331992 1.30676630372182 1.05797447799705 1.31940676178783 0 1.63941149949096 1.37114683561958 1.70455053984188 1.89968224545009 1.56551148300059 0.985162172000855 1.84404680994339 1.76481036632322 1.61069760587998 1.0003083513584 1.22378243994899 1.84360221563838 1.25271184463054 1.35662921634503 1.89979035360739 1.90522770769894 1.83075108216144 1.93657019222155 1.74273421429098 1.58899304014631 1.0651487885043 1.63446453819051
1.84519574115984 1.17617129068822 0.972522519994527 1.12270744354464 1.56817156285979 1.55774726136588 1.45764501206577 1.63941149949096 0 1.6962061226368 1.35654885577969 1.76086369669065 1.17563117016107 1.7440973771736 1.8853870020248 1.28286323160864 1.31357880146243 1.72300256649032 1.08359840651974 1.75008826958947 1.51776180579327 1.75078110559843 1.62060223612934 1.62382694124244 1.6136205419898 1.90961219114251 1.01791504630819 1.55779668316245 1.1528836695943 1.53845343482681
1.75106379226781 1.66055540693924 1.3811878755223 1.21449296083301 1.00832597026601 1.52018401445821 1.32944943755865 1.37114683561958 1.6962061226368 0 1.42988468660042 1.64714382961392 1.09871930815279 1.75722988555208 1.28703043633141 1.03206290397793 1.92583622736856 1.49267046409659 1.04792368388735 1.21091777435504 1.65241605485789 1.82744620763697 0.985316592268646 1.0103418326471 1.4462269321084 1.26078446395695 1.73035175586119 1.63665725197643 1.06630325550213 1.7648329406511
1.20012116851285 0.952260378049687 1.01309596933424 1.79758828645572 1.08257094002329 1.05353226745501 1.8821155524347 1.70455053984188 1.35654885577969 1.42988468660042 0 1.17917495407164 1.48184358235449 1.85959389433265 1.60632470529526 1.22757225576788 1.93531539454125 0.955416780430824 1.88824827456847 1.82228245749138 1.68045437871478 1.03192681493238 1.36800932046026 1.89342229254544 1.23262042878196 1.04478821670637 1.53533279313706 1.93419878347777 1.0016943286173 1.89347476745024
1.8032053206116 1.18303417786956 1.69281025789678 0.968331072945148 1.88678192673251 1.09346316289157 1.89528041169979 1.89968224545009 1.76086369669065 1.64714382961392 1.17917495407164 0 1.70699715754017 1.28977315267548 1.42286243126728 1.71381546952762 1.16569965425879 1.72232089866884 1.41590824676678 1.76093640155159 1.84516522171907 1.58808118430898 1.77760428958572 1.68004130315967 1.74554913677275 1.63359334040433 1.79937562881969 1.6852064228151 1.22054132889025 1.29210346494801
1.9374024507124 1.43752174219117 1.34736877353862 1.02501318603754 1.33092008787207 1.24584595044143 1.5708705924917 1.56551148300059 1.17563117016107 1.09871930815279 1.48184358235449 1.70699715754017 0 1.36133088567294 1.62428406113759 1.21498701232485 1.43070105905645 1.78376579238102 1.56434311065823 1.48044421197847 1.76154260570183 1.48219845024869 1.91968093579635 1.82695921254344 1.78521747514606 1.25688196951523 1.36666728695855 1.59371091122739 1.66451369971037 1.18823420419358
1.37458093091846 1.24676761613227 1.53228086675517 1.12152215372771 1.67323515191674 1.78477144776843 1.32408898253925 0.985162172000855 1.7440973771736 1.75722988555208 1.85959389433265 1.28977315267548 1.36133088567294 0 1.71319555048831 1.86002441006713 1.36638598120771 1.7340248846449 1.22764292731881 1.02475883881561 1.22769228136167 1.03247433109209 1.62190680252388 1.76909974101 1.92884611408226 1.61560882884078 1.50639064889401 1.3864683767315 1.88122846954502 1.49884221144021
1.17449010629207 1.44046483794227 1.38593744440004 1.92322059348226 1.56383201875724 1.55438338988461 1.15376751776785 1.84404680994339 1.8853870020248 1.28703043633141 1.60632470529526 1.42286243126728 1.62428406113759 1.71319555048831 0 1.23453426361084 1.49042419041507 1.27625059406273 1.510750252055 0.956645168829709 1.56392283295281 1.15702548343688 1.13850910286419 1.68267579958774 1.09610635205172 1.24047895544209 1.27140489919111 1.32524938881397 0.962082464015111 1.6492836647667
1.77160348137841 1.27839169325307 1.60068170563318 1.45426186872646 1.81813120492734 1.70225418452173 1.34304974903353 1.76481036632322 1.28286323160864 1.03206290397793 1.22757225576788 1.71381546952762 1.21498701232485 1.86002441006713 1.23453426361084 0 0.959444771520793 1.44002647162415 1.67975444486365 1.55640880623832 1.53928661299869 1.86192675540224 1.55864781979471 1.87300408980809 1.81492230063304 1.77742658229545 1.39591899188235 1.57804629043676 1.1876476414036 1.36853760923259
1.32891929266043 1.93278586771339 1.75717862439342 1.64018500968814 1.80429918388836 1.07673761178739 1.86512754950672 1.61069760587998 1.31357880146243 1.92583622736856 1.93531539454125 1.16569965425879 1.43070105905645 1.36638598120771 1.49042419041507 0.959444771520793 0 1.59814734407701 1.65738140023313 1.32264573243447 1.29909900925122 1.17598410812207 1.16858316585422 1.89962659124285 0.996265531983227 1.55308251921088 1.93796801427379 1.79647202254273 1.61152790649794 1.07052499311976
1.52809011214413 1.77670254302211 1.7844787563663 1.72574145114049 1.83873397135176 1.80846510245465 1.02958361920901 1.0003083513584 1.72300256649032 1.49267046409659 0.955416780430824 1.72232089866884 1.78376579238102 1.7340248846449 1.27625059406273 1.44002647162415 1.59814734407701 0 1.83197848289274 1.47641679504886 1.89162810775451 1.47886606724933 1.5973740669433 1.59027447155677 1.15556618547998 1.63873982988298 0.993533759377897 1.91481707198545 1.12416877085343 1.00412190682255
1.02996812737547 1.8417944945395 1.64795968169346 0.994912501657382 1.35827038390562 1.80531404982321 1.19612209242769 1.22378243994899 1.08359840651974 1.04792368388735 1.88824827456847 1.41590824676678 1.56434311065823 1.22764292731881 1.510750252055 1.67975444486365 1.65738140023313 1.83197848289274 0 1.35011673951522 1.28407652070746 1.58249535434879 1.6907844170928 1.63516907929443 1.77773134829476 1.90389450523071 1.83218019967899 1.85303942393512 1.40689470409416 1.57608412904665
1.0053304489702 1.78346895519644 1.7754983024206 0.966575424652547 1.40136189456098 1.8205050341785 1.61229961924255 1.84360221563838 1.75008826958947 1.21091777435504 1.82228245749138 1.76093640155159 1.48044421197847 1.02475883881561 0.956645168829709 1.55640880623832 1.32264573243447 1.47641679504886 1.35011673951522 0 1.72778863785788 1.25983066740446 1.3568716829177 1.54659650009125 1.6966214934364 1.73492368729785 1.43432929459959 1.31215144880116 1.13810982787982 1.89224260719493
1.39851851505227 1.24845008645207 1.84470373485237 1.70712979603559 1.53399793384597 1.77987527730875 1.54842272913083 1.25271184463054 1.51776180579327 1.65241605485789 1.68045437871478 1.84516522171907 1.76154260570183 1.22769228136167 1.56392283295281 1.53928661299869 1.29909900925122 1.89162810775451 1.28407652070746 1.72778863785788 0 1.42031915835105 1.04174302588217 1.48438325291499 1.92030126578175 1.89353474299423 1.45530642732047 1.4121035230346 1.52318945457228 0.987965340260416
1.85589920170605 1.43727192445658 1.54333330900408 1.29390046535991 1.45197962829843 1.15886795357801 1.19991162908264 1.35662921634503 1.75078110559843 1.82744620763697 1.03192681493238 1.58808118430898 1.48219845024869 1.03247433109209 1.15702548343688 1.86192675540224 1.17598410812207 1.47886606724933 1.58249535434879 1.25983066740446 1.42031915835105 0 1.73436589282937 1.45996141107753 1.65448598493822 1.76030492177233 0.998975070891902 1.47957421466708 1.80426496639848 1.50107788597234
1.54302391409874 1.80275444290601 1.87019042624161 1.3728100862354 1.04345401655883 1.07483725599013 1.91460758028552 1.89979035360739 1.62060223612934 0.985316592268646 1.36800932046026 1.77760428958572 1.91968093579635 1.62190680252388 1.13850910286419 1.55864781979471 1.16858316585422 1.5973740669433 1.6907844170928 1.3568716829177 1.04174302588217 1.73436589282937 0 1.22030709707178 1.21857411484234 1.02450255746953 1.73411623016 1.87034472054802 1.0338721270673 1.26240191445686
1.5748262158595 1.61455613328144 1.5911478146445 1.50466710655019 1.8796426737681 1.92623257217929 1.55399316200055 1.90522770769894 1.62382694124244 1.0103418326471 1.89342229254544 1.68004130315967 1.82695921254344 1.76909974101 1.68267579958774 1.87300408980809 1.89962659124285 1.59027447155677 1.63516907929443 1.54659650009125 1.48438325291499 1.45996141107753 1.22030709707178 0 1.93282084912062 1.02816337486729 1.48648113990203 0.977988131344318 1.54474404384382 1.70202294760384
0.985146438702941 1.7176072713919 1.02060600160621 1.52879634313285 1.92556894104928 1.2571882517077 1.02561033214442 1.83075108216144 1.6136205419898 1.4462269321084 1.23262042878196 1.74554913677275 1.78521747514606 1.92884611408226 1.09610635205172 1.81492230063304 0.996265531983227 1.15556618547998 1.77773134829476 1.6966214934364 1.92030126578175 1.65448598493822 1.21857411484234 1.93282084912062 0 1.49668000848033 1.93295400845818 1.54656674223952 1.13513547647744 0.990053847199306
1.48496170970611 1.73373173782602 1.93009260250255 1.42147265165113 1.01358122332022 1.02019135421142 1.56368139851838 1.93657019222155 1.90961219114251 1.26078446395695 1.04478821670637 1.63359334040433 1.25688196951523 1.61560882884078 1.24047895544209 1.77742658229545 1.55308251921088 1.63873982988298 1.90389450523071 1.73492368729785 1.89353474299423 1.76030492177233 1.02450255746953 1.02816337486729 1.49668000848033 0 1.28116333368234 0.948151163756847 1.85960316308774 1.93268092162907
1.57922348380089 1.18799890624359 1.09298294782639 1.01801224937662 1.03190121031366 0.976786495419219 1.66587072238326 1.74273421429098 1.01791504630819 1.73035175586119 1.53533279313706 1.79937562881969 1.36666728695855 1.50639064889401 1.27140489919111 1.39591899188235 1.93796801427379 0.993533759377897 1.83218019967899 1.43432929459959 1.45530642732047 0.998975070891902 1.73411623016 1.48648113990203 1.93295400845818 1.28116333368234 0 1.58918204135261 1.4677660909947 1.41752986540087
1.49008927331306 1.67522849189118 1.58973186672665 1.61722901859321 1.34527825471014 1.10011743055657 1.38575641438365 1.58899304014631 1.55779668316245 1.63665725197643 1.93419878347777 1.6852064228151 1.59371091122739 1.3864683767315 1.32524938881397 1.57804629043676 1.79647202254273 1.91481707198545 1.85303942393512 1.31215144880116 1.4121035230346 1.47957421466708 1.87034472054802 0.977988131344318 1.54656674223952 0.948151163756847 1.58918204135261 0 1.36896664998494 1.03472372354008
1.86409551627003 1.4328644995112 1.6798521024175 1.58197581069544 1.41620456776582 1.68404609104618 1.61302119027823 1.0651487885043 1.1528836695943 1.06630325550213 1.0016943286173 1.22054132889025 1.66451369971037 1.88122846954502 0.962082464015111 1.1876476414036 1.61152790649794 1.12416877085343 1.40689470409416 1.13810982787982 1.52318945457228 1.80426496639848 1.0338721270673 1.54474404384382 1.13513547647744 1.85960316308774 1.4677660909947 1.36896664998494 0 1.12206958024763
1.72945498395711 1.88242201693356 1.04312066570856 1.40519253374077 1.51232265029103 1.29233463271521 1.5127057407517 1.63446453819051 1.53845343482681 1.7648329406511 1.89347476745024 1.29210346494801 1.18823420419358 1.49884221144021 1.6492836647667 1.36853760923259 1.07052499311976 1.00412190682255 1.57608412904665 1.89224260719493 0.987965340260416 1.50107788597234 1.26240191445686 1.70202294760384 0.990053847199306 1.93268092162907 1.41752986540087 1.03472372354008 1.12206958024763 0
