0 1.92830996401608 1.10441464255564 1.44901618314907 1.28392868465744 0.95764391659759 0.979003173764795 1.12119520781562 1.1558850472793 1.3520558970049 1.74922777409665 1.87582473969087 1.29041887680069 0.959575908025727 1.83746790443547 1.44779810425825 1.81839412241243 1.11490412917919 1.7694816510193 1.83378961426206 1.27661500149406 1.9162810232956 1.3653053920716 1.04896715003997 1.26498584076762 1.80914977099746 1.86145142791793 1.04535423312336 1.50747520523146 1.04868146381341
1.92830996401608 0 1.61106869042851 1.30460517806932 1.68463364010677 1.22280506114475 1.48334188037552 1.01155520649627 1.8361425078474 1.27093158126809 1.48822541814297 1.55825001304038 1.15352042391896 1.26459801848978 0.99272683612071 1.02236707415432 1.17751985695213 1.21016081399284 1.41605215170421 1.66369082848541 1.58391114184633 1.92052684514783 1.37340923235752 1.65593492169864 1.37271618726663 0.978317466797307 0.987336804391816 1.77977972268127 1.86163325048983 1.6480239846278
1.10441464255564 1.61106869042851 0 1.57016898249276 1.09095255751163 1.73621236695908 0.985172429820523 1.84791628154926 1.49252335890196 1.38480596523732 1.25737577420659 1.89737586653791 1.39297994924709 1.59957783808932 1.01484219357371 1.65871527371928 1.69794074795209 1.22748110233806 1.81955496245064 1.17736377101392 1.34244092018344 0.954135980689898 1.55190015607513 1.50499009923078 1.18852963414975 1.19761942699552 1.19398447545245 1.41799983708188 1.21499897935428 1.39305916544981
1.44901618314907 1.30460517806932 1.57016898249276 0 1.15710637671873 1.29400326497853 1.26797276525758 1.78914617234841 1.52333733788691 1.85536404955201 1.20229965867475 1.0942334686406 1.06059478642419 1.34729851526208 1.72632580809295 1.82003403850831 1.08834698586725 1.38993054325692 1.39918114966713 0.943634251598269 1.13558710529469 1.5530674373731 1.3762644957751 0.965020830975845 1.06374401948415 1.64771472266875 1.37247094721533 1.13669068040326 1.73761215712875 0.964594322722405
1.28392868465744 1.68463364010677 1.09095255751163 1.15710637671873 0 1.78262330638245 0.979155576089397 1.78335347562097 1.76247321628034 1.53609353979118 1.74734267662279 1.21346493670717 1.40764871472493 1.02063311962411 1.87625739420764 1.16129880980588 1.00305754342116 1.39247613516636 1.132688366808 1.55095697962679 1.43300270824693 1.89984021708369 1.59225672716275 1.68754597543739 1.85556302848272 1.52903074841015 1.15080606006086 0.942679379601032 1.10202020034194 1.76540555385873
0.95764391659759 1.22280506114475 1.73621236695908 1.29400326497853 1.78262330638245 0 0.948229354573414 1.8475949303247 1.26524521992542 1.32800170383416 1.15729786409065 1.58190970309079 1.04704040545039 1.1724220069591 0.968989905901253 1.88361816899851 1.05553175788373 1.84828165406361 1.49721800978296 1.28929732996039 1.02908843033947 1.7400941257365 1.0767471222207 1.44760022591799 1.80983881116845 1.58427826687694 1.17186775128357 1.18406658014283 0.963679392822087 1.7510508580599
0.979003173764795 1.48334188037552 0.985172429820523 1.26797276525758 0.979155576089397 0.948229354573414 0 1.03188703767955 1.90657816966996 1.62206689687446 1.45623213215731 1.55685272160918 1.10342959361151 1.63899831147864 1.63302970118821 1.82995581161231 1.3167524735909 1.74897837848403 1.9184924676083 1.12506071710959 1.81363123329356 1.74740568990819 1.53162460401654 1.04385366407223 1.76982679963112 1.62428038241342 1.07880446524359 1.07687020045705 1.19232190237381 1.83529913704842
1.12119520781562 1.01155520649627 1.84791628154926 1.78914617234841 1.78335347562097 1.8475949303247 1.03188703767955 0 1.66100987954997 1.35355505323969 1.67348959809169 1.2417783648707 1.27983785863034 1.81039976631291 1.2195064323023 1.83641608431935 1.42232727422379 1.05025089764968 1.53259385982528 1.22558932635002 1.62540323240682 1.92828124621883 1.39521937631071 0.979124822420999 1.13158187782392 1.02369539253414 1.6437149096746 0.992881641490385 1.85754990251735 1.25417302013375
1.1558850472793 1.8361425078474 1.49252335890196 1.52333733788691 1.76247321628034 1.26524521992542 1.90657816966996 1.66100987954997 0 1.59991084155627 1.92111400119029 1.07193484180607 1.12817412195727 1.81248425249942 1.21550045325421 1.18968639406376 1.41306416876614 1.18989715143107 1.79017253778875 1.8017916791141 1.33927307324484 1.39188097347505 1.8805027033668 1.92461034888402 1.08014846500009 1.09050761628896 1.18884484958835 1.23925357218832 1.18420723895542 1.66572012123652
1.3520558970049 1.27093158126809 1.38480596523732 1.85536404955201 1.53609353979118 1.32800170383416 1.62206689687446 1.35355505323969 1.59991084155627 0 1.19894516956992 1.78717572358437 0.961852672277018 1.06227713520639 1.37079887255095 1.2151005892083 1.49413166567683 1.03186889342032 1.56405240995809 1.66151580330916 1.86930867866613 1.84171462454833 0.956377742113546 1.67874280177057 1.74781661224551 0.940693526761606 1.62636577454396 1.2592715153005 1.04605629271828 1.41702782013454
1.74922777409665 1.48822541814297 1.25737577420659 1.20229965867475 1.74734267662279 1.15729786409065 1.45623213215731 1.67348959809169 1.92111400119029 1.19894516956992 0 1.49919113097712 1.1302730103489 1.36468297685497 1.17077564215288 1.91640124702826 1.41948111262172 1.6152942108456 1.58536227047443 1.06405348749831 1.76300451834686 1.24896166985855 1.69674738962203 1.6906394676771 1.41251884237863 1.00094694038853 1.87736171809956 1.63138335733674 1.38084413041361 1.37620996497571
1.87582473969087 1.55825001304038 1.89737586653791 1.0942334686406 1.21346493670717 1.58190970309079 1.55685272160918 1.2417783648707 1.07193484180607 1.78717572358437 1.49919113097712 0 1.73844971880317 1.0695171544794 1.28556970693171 1.40171050024219 1.19660548190586 1.67018107813783 1.25933000957593 1.26242311717942 1.75748699437827 1.8158590272069 1.19222656288184 1.32346371142194 1.76632114872336 1.39033165504225 1.74996430031024 1.46757090534084 1.14942425326444 1.46062771882862
1.29041887680069 1.15352042391896 1.39297994924709 1.06059478642419 1.40764871472493 1.04704040545039 1.10342959361151 1.27983785863034 1.12817412195727 0.961852672277018 1.1302730103489 1.73844971880317 0 1.90066635818221 1.16473479801789 1.22264355164953 1.20902382908389 1.20716103096493 1.57828970532864 1.21326075564139 1.47288940194994 1.58352825627662 1.20725614693947 1.57246007048525 1.33141775941476 1.55100874090567 1.47145045688376 1.77521555963904 1.70764449425042 1.20775865833275
0.959575908025727 1.26459801848978 1.59957783808932 1.34729851526208 1.02063311962411 1.1724220069591 1.63899831147864 1.81039976631291 1.81248425249942 1.06227713520639 1.36468297685497 1.0695171544794 1.90066635818221 0 1.50157649465837 1.69673753739335 1.53701006015763 1.50670529156923 1.43314753379673 1.63183285668492 1.01795913721435 1.15267721330747 1.55390513595194 1.36115819588304 1.1562175473664 1.58966944180429 1.50645588384941 1.44716806733049 1.71469129482284 1.19500443455763
1.83746790443547 0.99272683612071 1.01484219357371 1.72632580809295 1.87625739420764 0.968989905901253 1.63302970118821 1.2195064323023 1.21550045325421 1.37079887255095 1.17077564215288 1.28556970693171 1.16473479801789 1.50157649465837 0 1.22643302171491 0.94372851238586 1.24116698186845 1.73974647931755 1.17153549916111 1.49356322688982 1.28099508024752 1.12613737932406 1.30841367132962 1.89149588160217 1.41795300459489 1.296890322119 1.84440193301998 1.47440834809095 1.37365324329585
1.44779810425825 1.02236707415432 1.65871527371928 1.82003403850831 1.16129880980588 1.88361816899851 1.82995581161231 1.83641608431935 1.18968639406376 1.2151005892083 1.91640124702826 1.40171050024219 1.22264355164953 1.69673753739335 1.22643302171491 0 1.03449649852701 1.84065437805839 1.17005690233782 1.39153839065693 1.23549446323887 1.51917340070941 1.42549303779379 1.35206694691442 1.8582251961343 1.60090688662603 1.28529959451407 1.00413117231801 1.29722549184225 1.15770319942385
1.81839412241243 1.17751985695213 1.69794074795209 1.08834698586725 1.00305754342116 1.05553175788373 1.3167524735909 1.42232727422379 1.41306416876614 1.49413166567683 1.41948111262172 1.19660548190586 1.20902382908389 1.53701006015763 0.94372851238586 1.03449649852701 0 1.27759404759854 1.17046484840102 1.66138441907242 1.16421363386326 1.53872012998909 1.41904192510992 1.80985501175746 1.9138158748392 1.12513252068311 1.79674359853379 1.76155971339904 1.36200188379735 1.04643406230025
1.11490412917919 1.21016081399284 1.22748110233806 1.38993054325692 1.39247613516636 1.84828165406361 1.74897837848403 1.05025089764968 1.18989715143107 1.03186889342032 1.6152942108456 1.67018107813783 1.20716103096493 1.50670529156923 1.24116698186845 1.84065437805839 1.27759404759854 0 1.46970298304223 1.1685768594034 1.63786168349907 1.71949804155156 1.17913858662359 1.75342146819457 1.44962845509872 1.86993308900855 1.85772080952302 1.76329640764743 1.17845367151313 1.76987505424768
1.7694816510193 1.41605215170421 1.81955496245064 1.39918114966713 1.132688366808 1.49721800978296 1.9184924676083 1.53259385982528 1.79017253778875 1.56405240995809 1.58536227047443 1.25933000957593 1.57828970532864 1.43314753379673 1.73974647931755 1.17005690233782 1.17046484840102 1.46970298304223 0 1.86642452026717 1.06755299586803 1.57919299299829 1.08858540654182 1.20383962919004 0.972624036483467 1.5897151902318 0.987332655116916 1.33938265312463 1.59049536171369 1.36890457384288
1.83378961426206 1.66369082848541 1.17736377101392 0.943634251598269 1.55095697962679 1.28929732996039 1.12506071710959 1.22558932635002 1.8017916791141 1.66151580330916 1.06405348749831 1.26242311717942 1.21326075564139 1.63183285668492 1.17153549916111 1.39153839065693 1.66138441907242 1.1685768594034 1.86642452026717 0 1.70722543960437 1.48188507021405 1.21487998310477 1.32878219964914 1.35271938610822 1.43106156820431 1.2729136548005 1.32323678722605 1.8572315655183 1.90822857432067
1.27661500149406 1.58391114184633 1.34244092018344 1.13558710529469 1.43300270824693 1.02908843033947 1.81363123329356 1.62540323240682 1.33927307324484 1.86930867866613 1.76300451834686 1.75748699437827 1.47288940194994 1.01795913721435 1.49356322688982 1.23549446323887 1.16421363386326 1.63786168349907 1.06755299586803 1.70722543960437 0 1.31121595506556 1.51369954110123 1.88536329660565 1.28448540670797 1.2534281318076 0.994047898100689 1.75318019045517 1.11815263750032 1.31648968765512
1.9162810232956 1.92052684514783 0.954135980689898 1.5530674373731 1.89984021708369 1.7400941257365 1.74740568990819 1.92828124621883 1.39188097347505 1.84171462454833 1.24896166985855 1.8158590272069 1.58352825627662 1.15267721330747 1.28099508024752 1.51917340070941 1.53872012998909 1.71949804155156 1.57919299299829 1.48188507021405 1.31121595506556 0 1.83851251332089 1.11223404644988 1.28967638453469 1.47358330432326 1.74267330998555 1.37509334716015 1.48369861883111 1.51108224713244
1.3653053920716 1.37340923235752 1.55190015607513 1.3762644957751 1.59225672716275 1.0767471222207 1.53162460401654 1.39521937631071 1.8805027033668 0.956377742113546 1.69674738962203 1.19222656288184 1.20725614693947 1.55390513595194 1.12613737932406 1.42549303779379 1.41904192510992 1.17913858662359 1.08858540654182 1.21487998310477 1.51369954110123 1.83851251332089 0 1.3163683146704 0.948970551835373 1.67357667721808 1.52217812882736 0.958252670010552 1.28611101442948 1.47752638231032
1.04896715003997 1.65593492169864 1.50499009923078 0.965020830975845 1.68754597543739 1.44760022591799 1.04385366407223 0.979124822420999 1.92461034888402 1.67874280177057 1.6906394676771 1.32346371142194 1.57246007048525 1.36115819588304 1.30841367132962 1.35206694691442 1.80985501175746 1.75342146819457 1.20383962919004 1.32878219964914 1.88536329660565 1.11223404644988 1.3163683146704 0 1.72217142209411 1.45171142555773 1.29391901055351 1.92771048261784 1.87275361130014 1.21639345772564
1.26498584076762 1.37271618726663 1.18852963414975 1.06374401948415 1.85556302848272 1.80983881116845 1.76982679963112 1.13158187782392 1.08014846500009 1.74781661224551 1.41251884237863 1.76632114872336 1.33141775941476 1.1562175473664 1.89149588160217 1.8582251961343 1.9138158748392 1.44962845509872 0.972624036483467 1.35271938610822 1.28448540670797 1.28967638453469 0.948970551835373 1.72217142209411 0 0.947353183059022 1.55222781281918 1.75377000728622 1.56556746643037 1.7644360344857
1.80914977099746 0.978317466797307 1.19761942699552 1.64771472266875 1.52903074841015 1.58427826687694 1.62428038241342 1.02369539253414 1.09050761628896 0.940693526761606 1.00094694038853 1.39033165504225 1.55100874090567 1.58966944180429 1.41795300459489 1.60090688662603 1.12513252068311 1.86993308900855 1.5897151902318 1.43106156820431 1.2534281318076 1.47358330432326 1.67357667721808 1.45171142555773 0.947353183059022 0 1.80019189906307 1.46381405927241 1.57876493269578 1.01678730803542
1.86145142791793 0.987336804391816 1.19398447545245 1.37247094721533 1.15080606006086 1.17186775128357 1.07880446524359 1.6437149096746 1.18884484958835 1.62636577454396 1.87736171809956 1.74996430031024 1.47145045688376 1.50645588384941 1.296890322119 1.28529959451407 1.79674359853379 1.85772080952302 0.987332655116916 1.2729136548005 0.994047898100689 1.74267330998555 1.52217812882736 1.29391901055351 1.55222781281918 1.80019189906307 0 1.44729178887792 1.80561644071713 1.66168380412273
1.04535423312336 1.77977972268127 1.41799983708188 1.13669068040326 0.942679379601032 1.18406658014283 1.07687020045705 0.992881641490385 1.23925357218832 1.2592715153005 1.63138335733674 1.46757090534084 1.77521555963904 1.44716806733049 1.84440193301998 1.00413117231801 1.76155971339904 1.76329640764743 1.33938265312463 1.32323678722605 1.75318019045517 1.37509334716015 0.958252670010552 1.92771048261784 1.75377000728622 1.46381405927241 1.44729178887792 0 1.84502395894378 1.47747540078126
1.50747520523146 1.86163325048983 1.21499897935428 1.73761215712875 1.10202020034194 0.963679392822087 1.19232190237381 1.85754990251735 1.18420723895542 1.04605629271828 1.38084413041361 1.14942425326444 1.70764449425042 1.71469129482284 1.47440834809095 1.29722549184225 1.36200188379735 1.17845367151313 1.59049536171369 1.8572315655183 1.11815263750032 1.48369861883111 1.28611101442948 1.87275361130014 1.56556746643037 1.57876493269578 1.80561644071713 1.84502395894378 0 1.43539368850179
1.04868146381341 1.6480239846278 1.39305916544981 0.964594322722405 1.76540555385873 1.7510508580599 1.83529913704842 1.25417302013375 1.66572012123652 1.41702782013454 1.37620996497571 1.46062771882862 1.20775865833275 1.19500443455763 1.37365324329585 1.15770319942385 1.04643406230025 1.76987505424768 1.36890457384288 1.90822857432067 1.31648968765512 1.51108224713244 1.47752638231032 1.21639345772564 1.7644360344857 1.01678730803542 1.66168380412273 1.47747540078126 1.43539368850179 0
