0 1.24995598150417 1.11532395845279 1.7704103209544 0.960678540635854 1.56824489077553 1.17258056183346 1.42279796092771 1.70453938189894 1.23421038780361 1.66124432091601 1.0422890400514 1.92713991459459 1.71298483642749 1.39345977269113 1.42601370555349 1.82151767518371 1.33268296485767 1.24816009611823 1.27942538168281 1.02283668261953 1.63929846370593 1.50959460344166 1.8651718867477 1.82561265747063 1.0237122955732 1.1279699257575 1.50275775883347 1.8875125348568 1.34502843790688
1.24995598150417 0 1.66067104623653 1.86155207804404 1.28340631746687 1.76872515189461 1.44682607706636 1.35075233085081 0.953289005206898 1.89256527274847 1.84327492932789 1.17820943961851 0.975338482530788 1.8642747325357 1.93396450998262 1.87463612877764 1.48085943423212 1.0528659443371 1.34161383076571 1.26278074737638 1.42323769140057 1.24349666084163 0.972974891308695 1.79600393935107 1.41472584428266 0.959943336201832 1.50773110566661 1.16437950986437 1.86351809464395 1.6044371551834
1.11532395845279 1.66067104623653 0 1.02492272411473 1.03990257275291 1.9361701940652 1.88938946439885 0.980513725895435 1.65337044326589 1.27105229487643 1.83410010649823 1.87833232572302 1.27579697733745 1.68613721430302 1.16137485019863 1.23004173231311 1.36165631189942 0.951966852648184 1.41790709714405 1.02507489710115 1.23574686027132 1.63468585372902 1.76306448201649 1.810118467547 1.55281480145641 1.0183072113432 1.13949764706194 1.04373350995593 1.09912805398926 1.73573463968933
1.7704103209544 1.86155207804404 1.02492272411473 0 1.49156493507326 1.949254270643 1.69852120149881 1.34475309075788 1.67921262374148 1.87936439854093 1.86540069337934 1.55690693994984 1.18769306270406 0.994599355151877 1.58421769714914 1.09291216614656 1.94265609211288 1.70835373923182 1.20025854813866 1.453638038598 1.55637588119134 1.26244365610182 1.06718328874558 1.17103268834762 0.98216604301706 1.78151828376576 1.37175941444002 1.81558002415113 1.29781310353428 1.67238751426339
0.960678540635854 1.28340631746687 1.03990257275291 1.49156493507326 0 1.09630269580521 1.16717862896621 0.966755456291139 1.04003739356995 1.20342458225787 1.7777626963798 1.46987295569852 1.61245712265372 1.40749003156088 1.35070234187879 1.11049074237235 1.84161638631485 1.80268600629643 1.0312032236252 0.951834178995341 1.12594758113846 1.57195174577646 1.93071841076016 1.14372058445588 1.44676244398579 1.71466121450067 1.53608418488875 1.22874998766929 1.25628687557764 1.70807348121889
1.56824489077553 1.76872515189461 1.9361701940652 1.949254270643 1.09630269580521 0 1.02326664957218 1.4811687017791 1.25212622992694 1.05243695736863 1.17508661281317 1.36915595293976 1.10445276671089 1.67559490352869 1.59005964687094 1.94990796316415 1.22459419071674 1.72268641856499 1.24667060095817 1.3247573710978 0.957882733317092 1.29494913853705 1.36232374305837 1.59049261198379 1.35138451843522 1.31063093640842 1.67175552621484 1.17149913613684 1.26665349886753 1.4651617789641
1.17258056183346 1.44682607706636 1.88938946439885 1.69852120149881 1.16717862896621 1.02326664957218 0 1.03248809743673 1.46522077335976 1.40633437153883 1.27185314917006 0.992030686931685 1.24163478543051 1.52027928945608 1.11894173943438 1.15246822079644 1.55523448693566 1.11955532059073 1.47226536087692 1.20783298788592 1.8906961446628 1.8581450083293 1.66026962944306 1.11311228340492 1.16511787916534 1.78659079666249 1.11065458320081 1.84486115351319 1.48272637091577 1.66085987119004
1.42279796092771 1.35075233085081 0.980513725895435 1.34475309075788 0.966755456291139 1.4811687017791 1.03248809743673 0 1.83669091155753 1.59128148620948 0.982848783023655 1.25712992157787 1.00010373350233 0.984393179183826 1.50220089708455 1.85220761643723 1.41390194976702 1.3967527076602 1.00639098742977 1.6559788081795 1.68880227766931 1.21341194654815 1.73959846259095 1.00697120768018 1.81408235034905 1.60832132864743 0.981123085133731 1.20894358726218 1.74774322286248 1.1557645148132
1.70453938189894 0.953289005206898 1.65337044326589 1.67921262374148 1.04003739356995 1.25212622992694 1.46522077335976 1.83669091155753 0 1.66149019263685 1.83463953668252 1.10748484218493 1.78184343921021 1.46767815947533 1.89125108765438 1.66486340970732 1.92768148123287 1.61128502804786 1.90463147452101 1.59588749031536 1.66035502473824 1.80806065071374 1.16009145067073 1.56860651168972 1.50136113283224 1.90930454200134 1.19883134192787 1.73667891230434 1.14038019138388 1.81735161808319
1.23421038780361 1.89256527274847 1.27105229487643 1.87936439854093 1.20342458225787 1.05243695736863 1.40633437153883 1.59128148620948 1.66149019263685 0 1.54178696544841 1.43814193806611 1.6825368325226 1.24027223978192 1.47679275507107 1.55604290752672 1.32480016071349 1.10221395292319 1.68493472062983 1.7543608029373 1.33448790176772 1.84690887969919 1.51414359221235 1.33779043983668 1.78616568027064 0.971947238547727 1.40323069016449 1.14231525314972 1.47726363595575 1.17187617346644
1.66124432091601 1.84327492932789 1.83410010649823 1.86540069337934 1.7777626963798 1.17508661281317 1.27185314917006 0.982848783023655 1.83463953668252 1.54178696544841 0 0.988729492528364 1.62505005160347 1.73422430176288 1.69388336781412 1.73317050607875 0.955328801413998 1.24245307850651 1.19339544628747 1.77947117737494 1.02240384998731 1.44960444630124 1.1059717007447 1.51188772032037 1.88206545496359 1.13072682078928 1.93538619298488 1.37451214506291 1.12231941893697 1.81296457932331
1.0422890400514 1.17820943961851 1.87833232572302 1.55690693994984 1.46987295569852 1.36915595293976 0.992030686931685 1.25712992157787 1.10748484218493 1.43814193806611 0.988729492528364 0 1.51645409036428 1.62226529163308 1.17839431366883 1.46323843975551 1.64362028473988 1.26416781311855 1.45888208947144 1.31125797657296 1.75423809722997 1.62076392304152 1.28627086547203 1.27406842005439 1.57652655011043 1.26383109833114 1.05878384993412 1.25798231572844 1.04228880885057 1.29356779390946
1.92713991459459 0.975338482530788 1.27579697733745 1.18769306270406 1.61245712265372 1.10445276671089 1.24163478543051 1.00010373350233 1.78184343921021 1.6825368325226 1.62505005160347 1.51645409036428 0 1.65829091123305 1.28897799504921 1.1748996314127 1.29131169593893 1.65458126203157 0.98033245257102 1.14967704680748 1.23211642866954 1.79683618876152 1.7558600360062 0.979135956382379 1.72026750724763 1.73337235115469 1.86741198343225 1.54932522238232 1.40536925196648 1.76741372025572
1.71298483642749 1.8642747325357 1.68613721430302 0.994599355151877 1.40749003156088 1.67559490352869 1.52027928945608 0.984393179183826 1.46767815947533 1.24027223978192 1.73422430176288 1.62226529163308 1.65829091123305 0 1.04209114611149 1.0667889630422 1.00037183705717 1.74153273296542 1.43827048665844 1.03419051319361 1.37609862233512 1.83672009920701 1.04644841141999 1.31953545100987 1.60974150081165 1.41864414745942 1.63117273780517 1.80941904801875 1.80285896616988 1.00734418863431
1.39345977269113 1.93396450998262 1.16137485019863 1.58421769714914 1.35070234187879 1.59005964687094 1.11894173943438 1.50220089708455 1.89125108765438 1.47679275507107 1.69388336781412 1.17839431366883 1.28897799504921 1.04209114611149 0 1.5789489725139 1.02259878045879 1.56195840146393 1.71367233432829 1.7108239850495 1.403721856419 1.72700322070159 1.42483864771202 1.81971717951819 1.17125314520672 1.42900745547377 1.34448108403012 1.60206085816026 1.46537848422304 1.83937520324253
1.42601370555349 1.87463612877764 1.23004173231311 1.09291216614656 1.11049074237235 1.94990796316415 1.15246822079644 1.85220761643723 1.66486340970732 1.55604290752672 1.73317050607875 1.46323843975551 1.1748996314127 1.0667889630422 1.5789489725139 0 1.46450005611405 1.76772701111622 1.72000678442419 1.40722926636226 1.56417565676384 1.23249057796784 1.7413962923456 1.05490764346905 1.87081002653576 1.43220310751349 1.6233860400971 1.38030476961285 1.48459352483042 1.7652351250872
1.82151767518371 1.48085943423212 1.36165631189942 1.94265609211288 1.84161638631485 1.22459419071674 1.55523448693566 1.41390194976702 1.92768148123287 1.32480016071349 0.955328801413998 1.64362028473988 1.29131169593893 1.00037183705717 1.02259878045879 1.46450005611405 0 1.4345562136732 1.19437219947577 1.37777747120708 1.50842158822343 1.88185553648509 1.31935944966972 1.37481916556135 1.00594386132434 1.28288742154837 1.07084257295355 1.7023757295683 1.13446618290618 1.11068166536279
1.33268296485767 1.0528659443371 0.951966852648184 1.70835373923182 1.80268600629643 1.72268641856499 1.11955532059073 1.3967527076602 1.61128502804786 1.10221395292319 1.24245307850651 1.26416781311855 1.65458126203157 1.74153273296542 1.56195840146393 1.76772701111622 1.4345562136732 0 1.40176640660502 1.92893322603777 1.5417310744524 1.50832003029063 1.55101928324439 1.4272339923773 1.9124893238768 1.05889971088618 1.63158079609275 1.02667155512609 1.22764061577618 1.85917603294365
1.24816009611823 1.34161383076571 1.41790709714405 1.20025854813866 1.0312032236252 1.24667060095817 1.47226536087692 1.00639098742977 1.90463147452101 1.68493472062983 1.19339544628747 1.45888208947144 0.98033245257102 1.43827048665844 1.71367233432829 1.72000678442419 1.19437219947577 1.40176640660502 0 1.42814209545031 1.11488394276239 1.7314025470987 1.56468849140219 1.01758426427841 0.99198950920254 1.5938379035797 1.83019364112988 1.62900093966164 1.13900338113308 1.45498000923544
1.27942538168281 1.26278074737638 1.02507489710115 1.453638038598 0.951834178995341 1.3247573710978 1.20783298788592 1.6559788081795 1.59588749031536 1.7543608029373 1.77947117737494 1.31125797657296 1.14967704680748 1.03419051319361 1.7108239850495 1.40722926636226 1.37777747120708 1.92893322603777 1.42814209545031 0 1.34904504008591 1.70736671751365 1.18787351762876 1.30925239436328 1.80104460637085 1.77309966203757 1.21297717210837 1.17634482448921 1.01284497813322 1.22977210767567
1.02283668261953 1.42323769140057 1.23574686027132 1.55637588119134 1.12594758113846 0.957882733317092 1.8906961446628 1.68880227766931 1.66035502473824 1.33448790176772 1.02240384998731 1.75423809722997 1.23211642866954 1.37609862233512 1.403721856419 1.56417565676384 1.50842158822343 1.5417310744524 1.11488394276239 1.34904504008591 0 1.01769785094075 1.92584465257823 1.41139634302817 1.92117300629616 1.71318620862439 1.25871700537391 1.52186117065139 1.84458521474153 1.57398326951079
1.63929846370593 1.24349666084163 1.63468585372902 1.26244365610182 1.57195174577646 1.29494913853705 1.8581450083293 1.21341194654815 1.80806065071374 1.84690887969919 1.44960444630124 1.62076392304152 1.79683618876152 1.83672009920701 1.72700322070159 1.23249057796784 1.88185553648509 1.50832003029063 1.7314025470987 1.70736671751365 1.01769785094075 0 1.87783159012906 1.52149603632279 1.9172773566097 1.8013378016185 1.07504502520896 1.8454375655856 1.80045025306754 1.08232936426066
1.50959460344166 0.972974891308695 1.76306448201649 1.06718328874558 1.93071841076016 1.36232374305837 1.66026962944306 1.73959846259095 1.16009145067073 1.51414359221235 1.1059717007447 1.28627086547203 1.7558600360062 1.04644841141999 1.42483864771202 1.7413962923456 1.31935944966972 1.55101928324439 1.56468849140219 1.18787351762876 1.92584465257823 1.87783159012906 0 0.969455035403371 1.30916710151359 1.41428751079366 0.955010696779937 1.16192497615702 1.37358953338116 0.951331383083016
1.8651718867477 1.79600393935107 1.810118467547 1.17103268834762 1.14372058445588 1.59049261198379 1.11311228340492 1.00697120768018 1.56860651168972 1.33779043983668 1.51188772032037 1.27406842005439 0.979135956382379 1.31953545100987 1.81971717951819 1.05490764346905 1.37481916556135 1.4272339923773 1.01758426427841 1.30925239436328 1.41139634302817 1.52149603632279 0.969455035403371 0 1.08356829057448 1.71567134745419 1.37922124238685 1.61625749571249 1.43831412284635 1.49160374351777
1.82561265747063 1.41472584428266 1.55281480145641 0.98216604301706 1.44676244398579 1.35138451843522 1.16511787916534 1.81408235034905 1.50136113283224 1.78616568027064 1.88206545496359 1.57652655011043 1.72026750724763 1.60974150081165 1.17125314520672 1.87081002653576 1.00594386132434 1.9124893238768 0.99198950920254 1.80104460637085 1.92117300629616 1.9172773566097 1.30916710151359 1.08356829057448 0 1.73667880007997 1.88414126541466 1.10901214485057 1.48828440904617 1.51511052390561
1.0237122955732 0.959943336201832 1.0183072113432 1.78151828376576 1.71466121450067 1.31063093640842 1.78659079666249 1.60832132864743 1.90930454200134 0.971947238547727 1.13072682078928 1.26383109833114 1.73337235115469 1.41864414745942 1.42900745547377 1.43220310751349 1.28288742154837 1.05889971088618 1.5938379035797 1.77309966203757 1.71318620862439 1.8013378016185 1.41428751079366 1.71567134745419 1.73667880007997 0 1.68642375944182 1.94364107400179 1.31294868723489 1.20594120118767
1.1279699257575 1.50773110566661 1.13949764706194 1.37175941444002 1.53608418488875 1.67175552621484 1.11065458320081 0.981123085133731 1.19883134192787 1.40323069016449 1.93538619298488 1.05878384993412 1.86741198343225 1.63117273780517 1.34448108403012 1.6233860400971 1.07084257295355 1.63158079609275 1.83019364112988 1.21297717210837 1.25871700537391 1.07504502520896 0.955010696779937 1.37922124238685 1.88414126541466 1.68642375944182 0 1.53914322284982 1.48753997590393 1.90634207986295
1.50275775883347 1.16437950986437 1.04373350995593 1.81558002415113 1.22874998766929 1.17149913613684 1.84486115351319 1.20894358726218 1.73667891230434 1.14231525314972 1.37451214506291 1.25798231572844 1.54932522238232 1.80941904801875 1.60206085816026 1.38030476961285 1.7023757295683 1.02667155512609 1.62900093966164 1.17634482448921 1.52186117065139 1.8454375655856 1.16192497615702 1.61625749571249 1.10901214485057 1.94364107400179 1.53914322284982 0 1.77837729337625 1.48144182586111
1.8875125348568 1.86351809464395 1.09912805398926 1.29781310353428 1.25628687557764 1.26665349886753 1.48272637091577 1.74774322286248 1.14038019138388 1.47726363595575 1.12231941893697 1.04228880885057 1.40536925196648 1.80285896616988 1.46537848422304 1.48459352483042 1.13446618290618 1.22764061577618 1.13900338113308 1.01284497813322 1.84458521474153 1.80045025306754 1.37358953338116 1.43831412284635 1.48828440904617 1.31294868723489 1.48753997590393 1.77837729337625 0 1.38848468591459
1.34502843790688 1.6044371551834 1.73573463968933 1.67238751426339 1.70807348121889 1.4651617789641 1.66085987119004 1.1557645148132 1.81735161808319 1.17187617346644 1.81296457932331 1.29356779390946 1.76741372025572 1.00734418863431 1.83937520324253 1.7652351250872 1.11068166536279 1.85917603294365 1.45498000923544 1.22977210767567 1.57398326951079 1.08232936426066 0.951331383083016 1.49160374351777 1.51511052390561 1.20594120118767 1.90634207986295 1.48144182586111 1.38848468591459 0
