0 1.05981335393153 1.73088042577729 1.87659143283963 1.28273207717575 1.35056800930761 1.20446115615778 1.36323799169622 1.71948614041321 1.0550667445641 1.51817153231241 1.30161929712631 0.96921672206372 1.86623565782793 0.936620251042768 1.76206522784196 0.975006555207074 1.80242838081904 1.78680186113343 1.01959077036008 1.17402780172415 1.6872427733615 1.58461636235006 1.74856133526191 1.86723032779992 1.31071118614636 1.16112244850956 1.14714664616622 1.75139866396785 1.770742791472
1.05981335393153 0 1.57815400790423 1.48425195389427 1.30085121677257 1.62417561910115 0.944466656073928 1.29591692006215 1.68166482402012 1.1456320991274 1.51136330724694 1.00822548544966 1.21521856379695 1.53758565313183 1.50199919752777 1.38940015924163 1.21539263031445 1.82491911319084 1.80772920465097 1.36842450546101 1.75898492801934 1.36318622180261 1.5821592239663 1.24973734281957 1.33388484176248 1.01958689675666 1.25997372483835 1.55706937494688 1.19643262051977 1.1053813889157
1.73088042577729 1.57815400790423 0 1.51441364944912 1.88599376147613 1.51880286377855 1.68296645279042 1.79816324077547 1.50203579245135 1.76135432044975 1.34879900375381 1.74890568456613 1.89341328153387 1.56580285634845 1.21349383075722 1.87979777320288 1.23755509615876 1.33097601286136 1.05580937443301 1.18816062365659 1.11570218531415 1.09457359509543 1.23325770255178 1.1488749217242 1.79931200947613 1.5099978512153 1.38820184976794 1.51530935335904 0.988299293443561 1.58524344000034
1.87659143283963 1.48425195389427 1.51441364944912 0 1.26452320232056 1.69129295344464 1.46045962162316 1.33522270340472 1.51039027026854 1.44843610981479 1.04991811723448 1.32220753422007 1.85629835608415 1.5785251383204 1.28767200163566 0.954949141480029 1.26176022645086 1.24545587808825 1.52228922653012 1.08074765838683 1.03979578544386 1.77016194490716 1.80662697344087 1.75880459789187 1.49660097179003 1.5231373575516 1.4151374080684 1.03756854939274 1.45393176539801 1.07850398821756
1.28273207717575 1.30085121677257 1.88599376147613 1.26452320232056 0 0.970121815102175 1.77646696870215 1.50170619506389 1.86940179439262 1.34761515911669 1.56434424803592 1.31267362576909 1.76388446544297 1.12914238590747 1.10511957155541 1.38010771921836 1.41799073386937 1.33959189569578 1.62902352563106 1.21709388145246 1.40780017129146 1.84212642302737 1.60440241941251 1.34179416485131 1.73598543507978 0.957519348477945 0.959256490459666 0.931551619200036 1.31422817194834 1.1563126842957
1.35056800930761 1.62417561910115 1.51880286377855 1.69129295344464 0.970121815102175 0 0.941526081645861 1.64201093977317 1.05109991692007 1.62578285648488 1.31041869986802 1.35844392934814 1.68427881458774 1.62852792954072 1.0807150171604 0.928214192390442 1.54686311725527 1.17273846548051 1.60670038731769 1.03938005934469 1.1040299849119 1.6212890916504 1.86669102264568 1.53374852286652 1.88565252395347 1.85209923540242 0.997928612167016 1.60248925560154 1.32738635130227 1.52984096272849
1.20446115615778 0.944466656073928 1.68296645279042 1.46045962162316 1.77646696870215 0.941526081645861 0 1.75028129993007 1.77130235545337 1.65162219642662 1.6172504897695 1.1740095296409 0.934341354994103 1.43720422149636 1.37467170739546 1.80197233892977 1.5476524499245 1.70432261005044 1.70384152885526 1.89163788128644 0.947835405822843 1.78808706370182 1.47809046227485 1.60151682398282 1.2397439929191 0.924874739954248 1.4219845153857 1.37586624803953 1.81279253331013 1.71476063109003
1.36323799169622 1.29591692006215 1.79816324077547 1.33522270340472 1.50170619506389 1.64201093977317 1.75028129993007 0 1.67521796794608 1.44424453168176 1.26744328904897 1.52930072392337 1.07329857908189 0.941381123149768 1.55941408942454 0.959096586564556 1.66942971153185 1.6038641273044 1.75815602764487 1.13047478301451 0.966768142301589 0.937116753077134 1.54814094211906 0.924982980359346 1.52765033114702 1.01606366806664 1.54157663881779 1.4024860963691 1.05351795163006 1.38850213773549
1.71948614041321 1.68166482402012 1.50203579245135 1.51039027026854 1.86940179439262 1.05109991692007 1.77130235545337 1.67521796794608 0 1.41292153019458 1.83323176554404 1.5015906910412 1.89228233415633 1.42622982524335 1.58626442169771 1.8738214452751 1.85323923965916 1.78373303450644 1.21059515327215 1.81736398953944 0.979689474916086 1.40474368189462 1.26680178777315 1.31706527015194 1.16530416277237 1.00501993764192 1.54459121776745 1.70138441491872 1.09270458947867 1.81807454046793
1.0550667445641 1.1456320991274 1.76135432044975 1.44843610981479 1.34761515911669 1.62578285648488 1.65162219642662 1.44424453168176 1.41292153019458 0 1.03792330622673 1.07566631049849 1.02873423951678 1.92056791833602 1.80832177004777 1.15707842307165 1.69853845238686 0.980690769385546 1.27159512788057 1.73028144612908 1.32454930664971 0.976162747479975 0.978522578021511 1.63997844606638 1.78613658156246 1.71024035662413 1.0881848661229 1.65866611874662 1.01385328709148 1.6762814077083
1.51817153231241 1.51136330724694 1.34879900375381 1.04991811723448 1.56434424803592 1.31041869986802 1.6172504897695 1.26744328904897 1.83323176554404 1.03792330622673 0 1.82332583912648 1.71909763524309 1.15284390072338 1.57351324916817 1.54807337746024 1.51639290270396 1.63804667978548 1.4080963449087 1.49769368115813 1.06213246053085 1.25489540374838 1.44288519211113 1.37391325714998 1.83455111295916 1.70130652585067 1.51540257968009 1.35485187196173 1.64537007105537 1.58231460116804
1.30161929712631 1.00822548544966 1.74890568456613 1.32220753422007 1.31267362576909 1.35844392934814 1.1740095296409 1.52930072392337 1.5015906910412 1.07566631049849 1.82332583912648 0 1.0622040219605 1.22743945918046 1.88813451468013 0.983600608306006 1.61738346307538 1.35799688776024 1.13858875306323 1.8480971029494 1.0160679325927 1.49606768228114 1.70246017514728 1.39869172708131 1.09422652819194 1.55287440959364 1.02854403015226 1.17531364550814 1.11606353078969 1.91188754350878
0.96921672206372 1.21521856379695 1.89341328153387 1.85629835608415 1.76388446544297 1.68427881458774 0.934341354994103 1.07329857908189 1.89228233415633 1.02873423951678 1.71909763524309 1.0622040219605 0 0.961197999073192 1.50575675675645 1.59019916481338 1.49956126953475 1.55991204595193 1.46787586063147 1.83191371522844 1.75211222260259 1.53214410762303 1.47176068043336 1.39446083945222 1.00142735312693 1.44322225125507 1.02637158054858 1.89371064305305 1.5763997095637 0.951842145062983
1.86623565782793 1.53758565313183 1.56580285634845 1.5785251383204 1.12914238590747 1.62852792954072 1.43720422149636 0.941381123149768 1.42622982524335 1.92056791833602 1.15284390072338 1.22743945918046 0.961197999073192 0 1.15838901349343 1.19138603936881 1.56301758321933 1.54478718480095 1.62378236209042 1.14222378982231 1.3273736438714 1.06393852434121 1.74203969305381 1.26362462202087 1.08644651249051 1.04289759974927 1.20828766212799 1.15423548780382 1.55040818103589 1.7248751942534
0.936620251042768 1.50199919752777 1.21349383075722 1.28767200163566 1.10511957155541 1.0807150171604 1.37467170739546 1.55941408942454 1.58626442169771 1.80832177004777 1.57351324916817 1.88813451468013 1.50575675675645 1.15838901349343 0 1.74154278403148 1.24635727005079 1.88256883784197 1.71670606266707 1.24026742717251 1.83876538812183 1.04117143945768 1.80101493722759 1.04536010907032 1.01858895202167 1.47062466759235 1.52045216201805 1.51135126757436 1.10945359058678 1.54846421536058
1.76206522784196 1.38940015924163 1.87979777320288 0.954949141480029 1.38010771921836 0.928214192390442 1.80197233892977 0.959096586564556 1.8738214452751 1.15707842307165 1.54807337746024 0.983600608306006 1.59019916481338 1.19138603936881 1.74154278403148 0 1.46121847606264 1.23102481826209 1.33474969817325 1.5047869454138 1.26436171960086 1.6264533274807 1.0470846616663 1.64062245050445 0.957438331563026 1.1981671040412 1.88444665586576 1.88249582541175 1.00864384253509 1.67718027695082
0.975006555207074 1.21539263031445 1.23755509615876 1.26176022645086 1.41799073386937 1.54686311725527 1.5476524499245 1.66942971153185 1.85323923965916 1.69853845238686 1.51639290270396 1.61738346307538 1.49956126953475 1.56301758321933 1.24635727005079 1.46121847606264 0 1.25582233304158 1.45855710492469 1.63018231629394 1.44313695910387 1.07755510415882 1.5604101519566 1.07531190547161 1.33623638213612 1.00290783797391 1.547975724563 1.15051412116736 1.06317366426811 1.72561825159937
1.80242838081904 1.82491911319084 1.33097601286136 1.24545587808825 1.33959189569578 1.17273846548051 1.70432261005044 1.6038641273044 1.78373303450644 0.980690769385546 1.63804667978548 1.35799688776024 1.55991204595193 1.54478718480095 1.88256883784197 1.23102481826209 1.25582233304158 0 1.85733263636939 1.84160531801172 1.43204454588704 1.8172749534715 1.78170288912952 0.931308804312721 1.62900724774227 1.58739711041562 1.90922874119133 1.41074096993543 1.4623689504806 1.28857085225172
1.78680186113343 1.80772920465097 1.05580937443301 1.52228922653012 1.62902352563106 1.60670038731769 1.70384152885526 1.75815602764487 1.21059515327215 1.27159512788057 1.4080963449087 1.13858875306323 1.46787586063147 1.62378236209042 1.71670606266707 1.33474969817325 1.45855710492469 1.85733263636939 0 0.983725290279835 1.02439486677758 1.76963588432409 1.39419022086076 1.61609730054624 1.12204819149338 1.22763140196912 1.17676424537785 1.06781850708649 1.17103343573399 1.06767795444466
1.01959077036008 1.36842450546101 1.18816062365659 1.08074765838683 1.21709388145246 1.03938005934469 1.89163788128644 1.13047478301451 1.81736398953944 1.73028144612908 1.49769368115813 1.8480971029494 1.83191371522844 1.14222378982231 1.24026742717251 1.5047869454138 1.63018231629394 1.84160531801172 0.983725290279835 0 0.959076818311587 0.99023483437486 1.55277519812807 1.55603727931157 1.69799123797566 1.83917710091919 1.54190705879591 1.49494579434395 1.68345519248396 1.54702067305334
1.17402780172415 1.75898492801934 1.11570218531415 1.03979578544386 1.40780017129146 1.1040299849119 0.947835405822843 0.966768142301589 0.979689474916086 1.32454930664971 1.06213246053085 1.0160679325927 1.75211222260259 1.3273736438714 1.83876538812183 1.26436171960086 1.44313695910387 1.43204454588704 1.02439486677758 0.959076818311587 0 1.13850465859286 1.29267805418931 1.23874247050844 1.79961431329139 1.62949048983864 1.84107920108363 1.5807015306782 0.953736483585089 1.82311248523183
1.6872427733615 1.36318622180261 1.09457359509543 1.77016194490716 1.84212642302737 1.6212890916504 1.78808706370182 0.937116753077134 1.40474368189462 0.976162747479975 1.25489540374838 1.49606768228114 1.53214410762303 1.06393852434121 1.04117143945768 1.6264533274807 1.07755510415882 1.8172749534715 1.76963588432409 0.99023483437486 1.13850465859286 0 1.37028119619936 1.48029970470816 1.07074345415458 1.25252403574996 1.78758849366568 1.72342214826494 1.22455220948905 1.45726968999952
1.58461636235006 1.5821592239663 1.23325770255178 1.80662697344087 1.60440241941251 1.86669102264568 1.47809046227485 1.54814094211906 1.26680178777315 0.978522578021511 1.44288519211113 1.70246017514728 1.47176068043336 1.74203969305381 1.80101493722759 1.0470846616663 1.5604101519566 1.78170288912952 1.39419022086076 1.55277519812807 1.29267805418931 1.37028119619936 0 1.88306359923445 1.4370777187869 1.59396410197951 1.15432257135399 1.26809068233706 1.56101116561331 1.7307256765198
1.74856133526191 1.24973734281957 1.1488749217242 1.75880459789187 1.34179416485131 1.53374852286652 1.60151682398282 0.924982980359346 1.31706527015194 1.63997844606638 1.37391325714998 1.39869172708131 1.39446083945222 1.26362462202087 1.04536010907032 1.64062245050445 1.07531190547161 0.931308804312721 1.61609730054624 1.55603727931157 1.23874247050844 1.48029970470816 1.88306359923445 0 1.1331830304116 1.34409985714592 1.06755915354006 1.35186560172588 1.83817959413864 1.17173755564727
1.86723032779992 1.33388484176248 1.79931200947613 1.49660097179003 1.73598543507978 1.88565252395347 1.2397439929191 1.52765033114702 1.16530416277237 1.78613658156246 1.83455111295916 1.09422652819194 1.00142735312693 1.08644651249051 1.01858895202167 0.957438331563026 1.33623638213612 1.62900724774227 1.12204819149338 1.69799123797566 1.79961431329139 1.07074345415458 1.4370777187869 1.1331830304116 0 1.74734156718478 1.06429287139326 1.55147090298124 1.45571318664588 1.45511495973915
1.31071118614636 1.01958689675666 1.5099978512153 1.5231373575516 0.957519348477945 1.85209923540242 0.924874739954248 1.01606366806664 1.00501993764192 1.71024035662413 1.70130652585067 1.55287440959364 1.44322225125507 1.04289759974927 1.47062466759235 1.1981671040412 1.00290783797391 1.58739711041562 1.22763140196912 1.83917710091919 1.62949048983864 1.25252403574996 1.59396410197951 1.34409985714592 1.74734156718478 0 1.61354377726093 1.76762779755518 1.1455233739689 1.51920621236786
1.16112244850956 1.25997372483835 1.38820184976794 1.4151374080684 0.959256490459666 0.997928612167016 1.4219845153857 1.54157663881779 1.54459121776745 1.0881848661229 1.51540257968009 1.02854403015226 1.02637158054858 1.20828766212799 1.52045216201805 1.88444665586576 1.547975724563 1.90922874119133 1.17676424537785 1.54190705879591 1.84107920108363 1.78758849366568 1.15432257135399 1.06755915354006 1.06429287139326 1.61354377726093 0 0.933302839053795 1.56713479058817 1.18873848812655
1.14714664616622 1.55706937494688 1.51530935335904 1.03756854939274 0.931551619200036 1.60248925560154 1.37586624803953 1.4024860963691 1.70138441491872 1.65866611874662 1.35485187196173 1.17531364550814 1.89371064305305 1.15423548780382 1.51135126757436 1.88249582541175 1.15051412116736 1.41074096993543 1.06781850708649 1.49494579434395 1.5807015306782 1.72342214826494 1.26809068233706 1.35186560172588 1.55147090298124 1.76762779755518 0.933302839053795 0 1.17632517567836 1.29527436709031
1.75139866396785 1.19643262051977 0.988299293443561 1.45393176539801 1.31422817194834 1.32738635130227 1.81279253331013 1.05351795163006 1.09270458947867 1.01385328709148 1.64537007105537 1.11606353078969 1.5763997095637 1.55040818103589 1.10945359058678 1.00864384253509 1.06317366426811 1.4623689504806 1.17103343573399 1.68345519248396 0.953736483585089 1.22455220948905 1.56101116561331 1.83817959413864 1.45571318664588 1.1455233739689 1.56713479058817 1.17632517567836 0 1.53456489089876
1.770742791472 1.1053813889157 1.58524344000034 1.07850398821756 1.1563126842957 1.52984096272849 1.71476063109003 1.38850213773549 1.81807454046793 1.6762814077083 1.58231460116804 1.91188754350878 0.951842145062983 1.7248751942534 1.54846421536058 1.67718027695082 1.72561825159937 1.28857085225172 1.06767795444466 1.54702067305334 1.82311248523183 1.45726968999952 1.7307256765198 1.17173755564727 1.45511495973915 1.51920621236786 1.18873848812655 1.29527436709031 1.53456489089876 0
