0 0.984861435135826 1.87120952480473 1.45216836221516 1.25135511974804 1.06802823324688 1.84314205660485 1.06027003657073 1.34550615074113 1.49078086274676 0.984804320381954 1.3532920377329 1.73221862618811 0.953600002452731 0.990733863320202 1.45880459109321 1.83926661242731 1.05541382031515 1.51798496674746 0.957094951998442 1.89659004239365 1.47517069173045 1.95046751899645 1.50669120950624 1.89662615349516 1.12819999549538 1.6783762795385 1.04813721985556 1.72579698613845 1.1634805786889
0.984861435135826 0 1.17348977015354 1.45429290877655 1.71563321072608 1.53681742143817 1.43256893567741 1.00599619676359 1.82774577639066 1.6728205725085 1.27821839065291 1.45617299620062 0.98972721491009 1.75499522662722 1.60601679398678 1.83313385955989 1.64147112425417 1.64340027747676 1.79573674825951 1.44590216898359 1.35076007549651 1.3774047549814 1.38243855326436 0.996713727712631 1.12585664633662 1.65979701909237 1.88204528321512 1.31387216085568 1.56549577880651 1.88129450101405
1.87120952480473 1.17348977015354 0 1.93967437557876 1.1520338691771 1.47753206430934 1.76429546298459 1.72815968235955 1.21104565309361 1.19810983235948 1.45130994170904 1.1465571494773 0.966977135045454 1.04975557327271 1.35507340379991 1.05671306350268 1.89183733868413 1.91202485375106 1.88525934237987 1.123821771238 1.61681782989763 1.10182150779292 1.71523213665932 1.7321924616117 1.117835406214 1.42856453917921 1.39826647634618 1.29059620131738 1.16330780670978 1.43007005867548
1.45216836221516 1.45429290877655 1.93967437557876 0 1.54098566202447 1.22715978347696 1.18483367539011 1.94316406454891 1.15077539719641 1.18491450580768 1.72476843930781 1.75894231931306 1.54264670819975 1.63941106339917 0.973593937931582 0.951626268448308 1.07402292382903 0.971653829328716 1.37827842333354 1.05572209623642 1.5149262433406 1.13975863554515 1.01920603774488 1.19747805362567 1.84379629557952 1.9188371815253 1.5178984045051 1.63321983930655 1.71070836414583 1.20804937789217
1.25135511974804 1.71563321072608 1.1520338691771 1.54098566202447 0 1.32389846188016 1.04923226148821 1.65174434310757 1.4003428388387 1.79885455104522 1.30293693928979 1.59661954082549 1.87448105239309 1.18576518842019 1.87868181965314 1.12647163239308 1.06888779951259 1.09913384239189 1.15486451098695 1.47312368801795 1.51152886683121 1.81832716334611 1.74410660774447 1.30713280406781 1.81339400727302 1.15552594023757 1.47488836850971 1.11272390815429 1.58222192525864 1.92153276316822
1.06802823324688 1.53681742143817 1.47753206430934 1.22715978347696 1.32389846188016 0 1.16162264649756 1.86482708388939 1.60924704745412 1.85253041842952 1.88702260656282 1.19226692686789 1.21300391876139 1.72830164129846 1.33265981008299 1.83715973934159 1.13959563639946 1.33352518570609 1.09338061697781 1.05660640774295 1.59411207376979 1.60854450520128 1.23213544045575 1.60196246998385 1.39790488872677 1.00102905649692 1.86545301810838 1.89709765673615 1.45817429735325 1.3280660295859
1.84314205660485 1.43256893567741 1.76429546298459 1.18483367539011 1.04923226148821 1.16162264649756 0 1.02077216445468 1.1877889027819 1.29012450668961 1.14736271859147 1.92927531036548 1.89341569435783 1.17004022444598 1.22691053617746 0.991230779094622 1.08405453199521 1.19098907615989 1.67263257154264 1.36125655681826 1.94221257534809 1.50178619008511 1.79665559576824 1.68079725583084 1.64912331383675 1.84821692574769 1.53646758641116 1.83184176799841 1.85235680430196 1.09668794530444
1.06027003657073 1.00599619676359 1.72815968235955 1.94316406454891 1.65174434310757 1.86482708388939 1.02077216445468 0 0.983168244594708 1.26518157543615 1.54518607258797 1.72035367460921 1.11710979789495 1.08075328939594 1.83134531625547 1.00741460663266 1.0955672590062 1.82178747514263 1.68582536280155 1.07594534917735 1.51551950513385 1.78778581670485 1.93225792329758 1.23678494850174 1.35963331838138 1.01240891171619 1.47067315131426 1.79067199700512 1.38902890565805 1.49444849672727
1.34550615074113 1.82774577639066 1.21104565309361 1.15077539719641 1.4003428388387 1.60924704745412 1.1877889027819 0.983168244594708 0 1.65397729887627 1.29769620671868 1.83463020576164 1.05170243908651 1.23870522272773 1.61272101826034 1.62606513337232 1.64732177997939 1.54005415854044 1.78711192752235 1.67165647307411 1.27205245895311 1.74660642724484 1.72130808816291 0.951327992603183 0.977337766205892 1.30786974797957 1.1658413275145 1.76473120437004 1.34735563024879 1.50843289098702
1.49078086274676 1.6728205725085 1.19810983235948 1.18491450580768 1.79885455104522 1.85253041842952 1.29012450668961 1.26518157543615 1.65397729887627 0 1.63074654852971 1.32051394227892 1.69448662200011 1.82314619980752 1.37936578597873 1.58237294387072 1.8582138044294 1.42193552898243 1.34469040087424 1.15167232067324 1.39811611874029 1.07932444242761 1.77198204933666 1.10424583801068 1.15801608702168 1.86458549508825 1.26230465108529 1.19102447852492 1.23847176786512 1.81118374294601
0.984804320381954 1.27821839065291 1.45130994170904 1.72476843930781 1.30293693928979 1.88702260656282 1.14736271859147 1.54518607258797 1.29769620671868 1.63074654852971 0 1.9354846556671 1.24563302705064 1.49396415823139 1.47995455563068 1.02183506754227 0.958567389752716 1.05401569255628 1.88306044274941 0.9810424183961 1.73921842407435 1.22929649939761 1.70156079926528 1.68750085541978 1.09781070891768 1.43437403393909 1.30686764069833 1.94259274192154 1.75951323471963 1.88701404491439
1.3532920377329 1.45617299620062 1.1465571494773 1.75894231931306 1.59661954082549 1.19226692686789 1.92927531036548 1.72035367460921 1.83463020576164 1.32051394227892 1.9354846556671 0 1.3475630832836 1.66102321678773 1.31520243058912 1.03735189326108 1.34467793558724 1.65973631408997 1.02732914034277 1.25452191126533 1.75101278116927 1.79592408938333 1.51318502309732 1.83336986368522 1.46101109636948 1.9129697449971 1.52114965161309 1.7044988879934 1.60575992264785 0.964024177286774
1.73221862618811 0.98972721491009 0.966977135045454 1.54264670819975 1.87448105239309 1.21300391876139 1.89341569435783 1.11710979789495 1.05170243908651 1.69448662200011 1.24563302705064 1.3475630832836 0 1.67771934717894 0.976777415256947 1.2471257254947 1.88745524617843 1.18208637135103 0.992883583996445 1.40814137808047 1.41393352416344 1.63540636049584 1.1435764178168 1.71980479708873 1.59940983168781 1.06965136458166 1.76366965938359 1.72578669246286 1.61182097368874 1.02683653822169
0.953600002452731 1.75499522662722 1.04975557327271 1.63941106339917 1.18576518842019 1.72830164129846 1.17004022444598 1.08075328939594 1.23870522272773 1.82314619980752 1.49396415823139 1.66102321678773 1.67771934717894 0 0.955923952860758 1.67899128375575 0.977528132265434 1.8764461830724 0.963676256826147 1.12266717315651 1.46038990421221 1.40371241024695 1.00188430096023 1.74266539886594 1.91628646384925 1.22043834463693 1.53555265814066 0.974302398739383 1.15055477828719 1.17512569762766
0.990733863320202 1.60601679398678 1.35507340379991 0.973593937931582 1.87868181965314 1.33265981008299 1.22691053617746 1.83134531625547 1.61272101826034 1.37936578597873 1.47995455563068 1.31520243058912 0.976777415256947 0.955923952860758 0 1.69375850562938 1.11881880415604 1.38434275006875 0.959929909324273 1.76524989260361 1.69760969374329 0.95846702484414 1.44758301996626 1.54166603647172 1.117533988785 1.55085687479004 1.5866781049408 1.22110926150344 1.2371996990405 1.0883778501302
1.45880459109321 1.83313385955989 1.05671306350268 0.951626268448308 1.12647163239308 1.83715973934159 0.991230779094622 1.00741460663266 1.62606513337232 1.58237294387072 1.02183506754227 1.03735189326108 1.2471257254947 1.67899128375575 1.69375850562938 0 1.02803040132858 1.67927216738462 1.23336992831901 1.80337322084233 1.18173296866007 1.63843767764047 1.58433708827943 1.72497114585713 1.23300180630758 1.33522590389475 1.00996620464139 1.13819405250251 1.09989630710334 1.27785645495169
1.83926661242731 1.64147112425417 1.89183733868413 1.07402292382903 1.06888779951259 1.13959563639946 1.08405453199521 1.0955672590062 1.64732177997939 1.8582138044294 0.958567389752716 1.34467793558724 1.88745524617843 0.977528132265434 1.11881880415604 1.02803040132858 0 1.94433977128938 1.0165442195721 1.456124631688 1.04014239017852 1.08167679328471 1.20056392182596 1.36746511701494 1.16787379304878 1.79801052738912 1.41930705634877 1.02822137787007 1.02406112593599 1.54093333426863
1.05541382031515 1.64340027747676 1.91202485375106 0.971653829328716 1.09913384239189 1.33352518570609 1.19098907615989 1.82178747514263 1.54005415854044 1.42193552898243 1.05401569255628 1.65973631408997 1.18208637135103 1.8764461830724 1.38434275006875 1.67927216738462 1.94433977128938 0 1.09299159632064 1.1205295547843 0.965101456968114 1.94640054297633 1.75607978529297 0.957180850673467 0.958045315463096 1.93033253680915 1.64518381538801 1.88135419692844 1.47038573608734 1.15883839665912
1.51798496674746 1.79573674825951 1.88525934237987 1.37827842333354 1.15486451098695 1.09338061697781 1.67263257154264 1.68582536280155 1.78711192752235 1.34469040087424 1.88306044274941 1.02732914034277 0.992883583996445 0.963676256826147 0.959929909324273 1.23336992831901 1.0165442195721 1.09299159632064 0 1.34393973322585 1.65321137290448 1.91839693416841 0.997835249640048 1.72503641527146 1.77402336010709 1.45628954027779 1.90008837776259 1.17537433258258 1.70642595435493 1.18263741512783
0.957094951998442 1.44590216898359 1.123821771238 1.05572209623642 1.47312368801795 1.05660640774295 1.36125655681826 1.07594534917735 1.67165647307411 1.15167232067324 0.9810424183961 1.25452191126533 1.40814137808047 1.12266717315651 1.76524989260361 1.80337322084233 1.456124631688 1.1205295547843 1.34393973322585 0 1.70435521332547 1.10742772137746 1.83212202764116 1.10152352461591 1.73540351609699 1.75049982941709 1.70604995591566 1.21143260365352 1.70092479209416 1.32148384442553
1.89659004239365 1.35076007549651 1.61681782989763 1.5149262433406 1.51152886683121 1.59411207376979 1.94221257534809 1.51551950513385 1.27205245895311 1.39811611874029 1.73921842407435 1.75101278116927 1.41393352416344 1.46038990421221 1.69760969374329 1.18173296866007 1.04014239017852 0.965101456968114 1.65321137290448 1.70435521332547 0 1.19934761407785 1.92966518551111 1.71272704238072 1.22276317095384 1.59357140143402 1.91289988881908 1.19482477218844 0.991914163576439 1.06873150728643
1.47517069173045 1.3774047549814 1.10182150779292 1.13975863554515 1.81832716334611 1.60854450520128 1.50178619008511 1.78778581670485 1.74660642724484 1.07932444242761 1.22929649939761 1.79592408938333 1.63540636049584 1.40371241024695 0.95846702484414 1.63843767764047 1.08167679328471 1.94640054297633 1.91839693416841 1.10742772137746 1.19934761407785 0 1.08378347335383 1.10776275233366 1.55229969369248 1.17950195493177 1.72999889496714 1.80236347741447 1.46071565197781 1.5181760112755
1.95046751899645 1.38243855326436 1.71523213665932 1.01920603774488 1.74410660774447 1.23213544045575 1.79665559576824 1.93225792329758 1.72130808816291 1.77198204933666 1.70156079926528 1.51318502309732 1.1435764178168 1.00188430096023 1.44758301996626 1.58433708827943 1.20056392182596 1.75607978529297 0.997835249640048 1.83212202764116 1.92966518551111 1.08378347335383 0 1.60692850872874 1.93488948512822 1.74832001421601 1.14102243678644 1.27530584600754 0.97584226843901 1.08594995667227
1.50669120950624 0.996713727712631 1.7321924616117 1.19747805362567 1.30713280406781 1.60196246998385 1.68079725583084 1.23678494850174 0.951327992603183 1.10424583801068 1.68750085541978 1.83336986368522 1.71980479708873 1.74266539886594 1.54166603647172 1.72497114585713 1.36746511701494 0.957180850673467 1.72503641527146 1.10152352461591 1.71272704238072 1.10776275233366 1.60692850872874 0 1.56910122185946 1.12124489690177 1.86713991337456 1.73058235249482 1.35716027999297 1.74165035877377
1.89662615349516 1.12585664633662 1.117835406214 1.84379629557952 1.81339400727302 1.39790488872677 1.64912331383675 1.35963331838138 0.977337766205892 1.15801608702168 1.09781070891768 1.46101109636948 1.59940983168781 1.91628646384925 1.117533988785 1.23300180630758 1.16787379304878 0.958045315463096 1.77402336010709 1.73540351609699 1.22276317095384 1.55229969369248 1.93488948512822 1.56910122185946 0 1.59972642106004 1.15206055995077 1.90994422347285 1.29944633133709 1.66892752191052
1.12819999549538 1.65979701909237 1.42856453917921 1.9188371815253 1.15552594023757 1.00102905649692 1.84821692574769 1.01240891171619 1.30786974797957 1.86458549508825 1.43437403393909 1.9129697449971 1.06965136458166 1.22043834463693 1.55085687479004 1.33522590389475 1.79801052738912 1.93033253680915 1.45628954027779 1.75049982941709 1.59357140143402 1.17950195493177 1.74832001421601 1.12124489690177 1.59972642106004 0 1.0871986572165 1.29691260564141 1.51717593776993 1.87909349240363
1.6783762795385 1.88204528321512 1.39826647634618 1.5178984045051 1.47488836850971 1.86545301810838 1.53646758641116 1.47067315131426 1.1658413275145 1.26230465108529 1.30686764069833 1.52114965161309 1.76366965938359 1.53555265814066 1.5866781049408 1.00996620464139 1.41930705634877 1.64518381538801 1.90008837776259 1.70604995591566 1.91289988881908 1.72999889496714 1.14102243678644 1.86713991337456 1.15206055995077 1.0871986572165 0 1.46496887458488 1.8796874305699 1.84880557004362
1.04813721985556 1.31387216085568 1.29059620131738 1.63321983930655 1.11272390815429 1.89709765673615 1.83184176799841 1.79067199700512 1.76473120437004 1.19102447852492 1.94259274192154 1.7044988879934 1.72578669246286 0.974302398739383 1.22110926150344 1.13819405250251 1.02822137787007 1.88135419692844 1.17537433258258 1.21143260365352 1.19482477218844 1.80236347741447 1.27530584600754 1.73058235249482 1.90994422347285 1.29691260564141 1.46496887458488 0 1.66725176665932 1.02652104082517
1.72579698613845 1.56549577880651 1.16330780670978 1.71070836414583 1.58222192525864 1.45817429735325 1.85235680430196 1.38902890565805 1.34735563024879 1.23847176786512 1.75951323471963 1.60575992264785 1.61182097368874 1.15055477828719 1.2371996990405 1.09989630710334 1.02406112593599 1.47038573608734 1.70642595435493 1.70092479209416 0.991914163576439 1.46071565197781 0.97584226843901 1.35716027999297 1.29944633133709 1.51717593776993 1.8796874305699 1.66725176665932 0 1.08736195834354
1.1634805786889 1.88129450101405 1.43007005867548 1.20804937789217 1.92153276316822 1.3280660295859 1.09668794530444 1.49444849672727 1.50843289098702 1.81118374294601 1.88701404491439 0.964024177286774 1.02683653822169 1.17512569762766 1.0883778501302 1.27785645495169 1.54093333426863 1.15883839665912 1.18263741512783 1.32148384442553 1.06873150728643 1.5181760112755 1.08594995667227 1.74165035877377 1.66892752191052 1.87909349240363 1.84880557004362 1.02652104082517 1.08736195834354 0
