0 1.78683385904878 1.10652962746099 1.00138338515535 1.17228369042277 1.37903425679542 1.08965669968165 0.958839737344533 1.05465693329461 1.35362644307315 1.11935950722545 1.58053845819086 1.20205203955993 1.58077049907297 1.61169717321172 1.29475611378439 1.17744269967079 1.20330466609448 1.56736506195739 1.75887914001942 1.43651625653729 1.41447195806541 1.27841472765431 1.0832929618191 1.114354491001 1.01336001441814 1.09645892586559 0.923999151447788 1.70426309248433 1.84934173431247
1.78683385904878 0 1.0902362940833 1.43126707407646 1.36821635416709 1.75454811775126 1.32093039131723 1.09722509095445 1.14723861753009 1.76061983220279 1.4823282090947 0.987104342551902 1.06083526066504 1.2061740285717 1.50234953314066 1.82940825587139 1.71956275845878 1.63991419388913 1.68339231610298 1.56587793841027 1.58864647196606 0.954520229483023 1.79909790959209 1.28374531329609 1.55596060142852 1.61828597425483 1.54897436755709 1.17146919062361 0.977325089741498 1.54308447381482
1.10652962746099 1.0902362940833 0 0.949832587735727 1.70755122182891 1.61219079396687 1.06265363330022 1.81221103761345 1.1009332279209 1.64713221043348 1.36663458682597 1.68565761274658 1.30093338969164 1.29475646838546 1.85987437725998 1.88365750527009 1.33480870467611 1.7142471447587 1.02314961561933 1.31194686191157 1.57955672428943 1.77581357117742 1.67984434007667 1.47203843621537 1.17709461320192 1.52621551556513 1.62631326797418 1.32857336802408 1.20000950060785 1.51555144414306
1.00138338515535 1.43126707407646 0.949832587735727 0 0.977558973012492 1.59866016916931 1.49044098076411 1.57280333014205 1.63510801107623 1.50733206467703 1.51831566239707 1.67684067017399 1.72321951808408 1.09229197283275 1.06419945182279 0.944858007133007 0.914623170858249 0.965672310674563 1.37107959249988 1.11541633191518 1.64816510700621 1.32132075261325 1.28894103178754 1.28672613599338 1.27230664016679 1.32987011014484 1.2328950567171 1.46498574037105 1.84897657507099 1.68864748347551
1.17228369042277 1.36821635416709 1.70755122182891 0.977558973012492 0 1.81190224317834 1.77731975773349 1.90389260812663 1.06604651594535 1.06639151554555 1.63312442717142 1.75765159982257 1.88405336858705 1.82039369782433 1.77856553555466 1.48438308108598 1.47964807436801 1.15938398521394 1.35477013653144 1.36616034130566 1.78401742782444 1.84114148770459 1.41401508357376 1.06416031625122 0.913890662835911 0.989865462994203 1.43571400246583 1.43884301115759 1.59498796588741 1.00567527022213
1.37903425679542 1.75454811775126 1.61219079396687 1.59866016916931 1.81190224317834 0 1.68479731841944 1.12520971451886 1.83368020039052 1.31261904188432 1.49036086653359 1.11187141318806 1.18964500701986 1.2464080916252 1.01679687132128 1.27982884878293 1.34718780708499 1.12885793228634 1.86775909271091 1.28245293465443 1.21566502028145 1.00847438862547 1.59052146156318 1.22303333017044 0.97607726813294 1.89618988474831 1.71933922241442 1.16898756008595 1.30059839156456 1.83460201672278
1.08965669968165 1.32093039131723 1.06265363330022 1.49044098076411 1.77731975773349 1.68479731841944 0 1.61268331855536 0.983226410811767 1.494533151621 0.988215374061838 1.72980783390813 1.23723195400089 1.06149419210851 1.23345895926468 1.60226121242158 1.1649791134987 1.67405608668923 1.54030509176664 1.40645825583488 0.971316558076069 1.13228648877703 1.71205512224697 1.43231527879834 1.33021329878829 0.965344299562275 1.44096441124566 0.978666270151734 1.31970308464952 1.51479524886236
0.958839737344533 1.09722509095445 1.81221103761345 1.57280333014205 1.90389260812663 1.12520971451886 1.61268331855536 0 1.05474242614582 1.50443829316646 1.56707785069011 1.06496069254354 0.927420183084905 1.80600851099007 1.46531551075168 1.83925013663247 1.90642663254403 1.03077957197092 1.79315614607185 1.00394541420974 1.52755870902911 1.60035750363022 1.57557126739994 1.21738461102359 1.03539952472784 1.2706647478044 1.02958069345914 1.28979918104596 1.47011508280411 1.12802368914708
1.05465693329461 1.14723861753009 1.1009332279209 1.63510801107623 1.06604651594535 1.83368020039052 0.983226410811767 1.05474242614582 0 1.56256845081225 1.81675523449667 0.959209337597713 1.69370196922682 1.66326327179559 1.20405908161774 1.258598548593 1.46050983853638 1.57294136611745 1.29221304599196 1.65077053010464 1.85056572407484 1.80462407879531 1.8237475650385 1.23974780412391 0.927505142288283 1.31654180493206 1.85475754016079 1.62750304769725 1.90277076116763 1.26876032934524
1.35362644307315 1.76061983220279 1.64713221043348 1.50733206467703 1.06639151554555 1.31261904188432 1.494533151621 1.50443829316646 1.56256845081225 0 1.87042778241448 1.16248001297936 1.71077305986546 1.74641183158383 0.966458695475012 1.88051925855689 1.56443561566994 1.09782735514455 1.25295441993512 1.75708785513416 1.11186987487599 1.01955398102291 1.25320122973062 1.63017750205472 1.90063196700066 1.16779837338254 0.924229892669246 1.11885421560146 1.74059775308706 1.74216202856041
1.11935950722545 1.4823282090947 1.36663458682597 1.51831566239707 1.63312442717142 1.49036086653359 0.988215374061838 1.56707785069011 1.81675523449667 1.87042778241448 0 1.52554608043283 1.617365981685 1.64409385086037 1.05138557450846 1.35503151337616 0.999883675249293 1.38607117836364 1.50177018763497 1.21153162326664 1.43549263919704 1.47135691111907 1.39014993864112 1.49048047279939 1.59448633645661 1.85212174872868 1.64155022939667 1.413527632365 1.59534259024076 1.72246402478777
1.58053845819086 0.987104342551902 1.68565761274658 1.67684067017399 1.75765159982257 1.11187141318806 1.72980783390813 1.06496069254354 0.959209337597713 1.16248001297936 1.52554608043283 0 1.58573264628649 1.77935814787634 1.52106556622311 1.86302887625061 1.29044998669997 1.58863447257318 1.3965849338565 0.988444796763361 1.11497989529744 1.36385720898397 1.29808178590611 1.06283236155286 1.61077486583963 1.18579900241457 1.73758970852941 1.15877709700726 1.84992103511468 1.73126859893091
1.20205203955993 1.06083526066504 1.30093338969164 1.72321951808408 1.88405336858705 1.18964500701986 1.23723195400089 0.927420183084905 1.69370196922682 1.71077305986546 1.617365981685 1.58573264628649 0 1.01666049938649 1.10324276401661 1.85548041202128 1.12264131684788 1.73076785658486 1.30230621062219 1.23882288229652 1.09996753442101 1.80234261020087 1.39361163694412 1.86969826626591 1.78012693393975 1.64230120508 0.980596074135974 1.86753200972453 1.74966863775626 0.959999182494357
1.58077049907297 1.2061740285717 1.29475646838546 1.09229197283275 1.82039369782433 1.2464080916252 1.06149419210851 1.80600851099007 1.66326327179559 1.74641183158383 1.64409385086037 1.77935814787634 1.01666049938649 0 1.01235584635288 1.08128042006865 1.45052561024204 1.41195138031617 1.87702049594373 1.37634011241607 1.5143115427345 1.75228278548457 1.11880684481002 1.80318529414944 1.86627494590357 1.67081663943827 1.39924181392416 1.13381747691892 1.34911487298086 1.3750991539564
1.61169717321172 1.50234953314066 1.85987437725998 1.06419945182279 1.77856553555466 1.01679687132128 1.23345895926468 1.46531551075168 1.20405908161774 0.966458695475012 1.05138557450846 1.52106556622311 1.10324276401661 1.01235584635288 0 1.79509233636782 1.68721919739619 1.87671885895543 1.81913266866468 1.47546709794551 1.47532746335492 1.43845663429238 1.5848551876843 1.11466562259011 1.62221814133227 1.6992063599173 1.34698430541903 1.77282673679292 0.936734860762954 1.78954186616465
1.29475611378439 1.82940825587139 1.88365750527009 0.944858007133007 1.48438308108598 1.27982884878293 1.60226121242158 1.83925013663247 1.258598548593 1.88051925855689 1.35503151337616 1.86302887625061 1.85548041202128 1.08128042006865 1.79509233636782 0 1.67380953137763 1.54323237389326 0.996253374498338 0.984396994113922 1.19699681992643 1.28222651779652 1.72068962734193 0.959614594932646 1.72028587805107 1.01120787695982 1.19515774771571 1.79307182272896 1.31015823269263 0.947864570887759
1.17744269967079 1.71956275845878 1.33480870467611 0.914623170858249 1.47964807436801 1.34718780708499 1.1649791134987 1.90642663254403 1.46050983853638 1.56443561566994 0.999883675249293 1.29044998669997 1.12264131684788 1.45052561024204 1.68721919739619 1.67380953137763 0 1.29362426721491 1.01205688971095 1.48302293196321 1.08891797251999 1.30338042718358 1.40594429476187 1.65317749208771 1.52482020179741 1.57559847272933 1.09114408423193 1.58694084105082 1.59318331140094 1.12380618136376
1.20330466609448 1.63991419388913 1.7142471447587 0.965672310674563 1.15938398521394 1.12885793228634 1.67405608668923 1.03077957197092 1.57294136611745 1.09782735514455 1.38607117836364 1.58863447257318 1.73076785658486 1.41195138031617 1.87671885895543 1.54323237389326 1.29362426721491 0 1.10968711320311 1.25348977860995 1.58542937575839 1.2863645569887 1.63971917727031 1.64605282945558 0.989247675286606 1.5856288082432 0.939954815898091 1.43025796697475 1.71793366479687 1.77096110582352
1.56736506195739 1.68339231610298 1.02314961561933 1.37107959249988 1.35477013653144 1.86775909271091 1.54030509176664 1.79315614607185 1.29221304599196 1.25295441993512 1.50177018763497 1.3965849338565 1.30230621062219 1.87702049594373 1.81913266866468 0.996253374498338 1.01205688971095 1.10968711320311 0 1.5254972956609 1.36028034146875 1.59333909023553 1.14438021043316 0.996205416042358 1.8162710480392 1.00559414061718 1.50794804212637 1.20016740309075 1.87125267530791 1.79450928838924
1.75887914001942 1.56587793841027 1.31194686191157 1.11541633191518 1.36616034130566 1.28245293465443 1.40645825583488 1.00394541420974 1.65077053010464 1.75708785513416 1.21153162326664 0.988444796763361 1.23882288229652 1.37634011241607 1.47546709794551 0.984396994113922 1.48302293196321 1.25348977860995 1.5254972956609 0 1.62682355102152 1.04680901882239 1.12618965911679 1.43125145556405 1.80687918676995 1.84482589084655 1.90459453430958 1.8119741815608 0.980884395772591 1.62680209195241
1.43651625653729 1.58864647196606 1.57955672428943 1.64816510700621 1.78401742782444 1.21566502028145 0.971316558076069 1.52755870902911 1.85056572407484 1.11186987487599 1.43549263919704 1.11497989529744 1.09996753442101 1.5143115427345 1.47532746335492 1.19699681992643 1.08891797251999 1.58542937575839 1.36028034146875 1.62682355102152 0 1.76008924539201 1.28160044364631 1.68726763105951 1.60000507091172 1.38711131294258 1.85867973975837 1.59377851034515 1.14256698661484 1.47798822214827
1.41447195806541 0.954520229483023 1.77581357117742 1.32132075261325 1.84114148770459 1.00847438862547 1.13228648877703 1.60035750363022 1.80462407879531 1.01955398102291 1.47135691111907 1.36385720898397 1.80234261020087 1.75228278548457 1.43845663429238 1.28222651779652 1.30338042718358 1.2863645569887 1.59333909023553 1.04680901882239 1.76008924539201 0 1.86431665136479 1.50144091574475 1.71379842050374 0.964945637388155 1.69362119352445 1.83994140219875 1.63521931017749 1.41596888960339
1.27841472765431 1.79909790959209 1.67984434007667 1.28894103178754 1.41401508357376 1.59052146156318 1.71205512224697 1.57557126739994 1.8237475650385 1.25320122973062 1.39014993864112 1.29808178590611 1.39361163694412 1.11880684481002 1.5848551876843 1.72068962734193 1.40594429476187 1.63971917727031 1.14438021043316 1.12618965911679 1.28160044364631 1.86431665136479 0 1.82572718360461 1.30522396578453 1.21740253572352 1.76837531407364 1.40671984176151 1.78062883508392 1.4379991220776
1.0832929618191 1.28374531329609 1.47203843621537 1.28672613599338 1.06416031625122 1.22303333017044 1.43231527879834 1.21738461102359 1.23974780412391 1.63017750205472 1.49048047279939 1.06283236155286 1.86969826626591 1.80318529414944 1.11466562259011 0.959614594932646 1.65317749208771 1.64605282945558 0.996205416042358 1.43125145556405 1.68726763105951 1.50144091574475 1.82572718360461 0 1.7186295397114 1.03075339831412 1.22367782518268 1.19105673860759 1.42649132665247 1.56660455348901
1.114354491001 1.55596060142852 1.17709461320192 1.27230664016679 0.913890662835911 0.97607726813294 1.33021329878829 1.03539952472784 0.927505142288283 1.90063196700066 1.59448633645661 1.61077486583963 1.78012693393975 1.86627494590357 1.62221814133227 1.72028587805107 1.52482020179741 0.989247675286606 1.8162710480392 1.80687918676995 1.60000507091172 1.71379842050374 1.30522396578453 1.7186295397114 0 1.83367835800163 1.15718080801889 1.22180142626166 1.71558029367588 1.88135108933784
1.01336001441814 1.61828597425483 1.52621551556513 1.32987011014484 0.989865462994203 1.89618988474831 0.965344299562275 1.2706647478044 1.31654180493206 1.16779837338254 1.85212174872868 1.18579900241457 1.64230120508 1.67081663943827 1.6992063599173 1.01120787695982 1.57559847272933 1.5856288082432 1.00559414061718 1.84482589084655 1.38711131294258 0.964945637388155 1.21740253572352 1.03075339831412 1.83367835800163 0 1.39653115486726 1.14346256991848 1.3309173907619 1.34619156923145
1.09645892586559 1.54897436755709 1.62631326797418 1.2328950567171 1.43571400246583 1.71933922241442 1.44096441124566 1.02958069345914 1.85475754016079 0.924229892669246 1.64155022939667 1.73758970852941 0.980596074135974 1.39924181392416 1.34698430541903 1.19515774771571 1.09114408423193 0.939954815898091 1.50794804212637 1.90459453430958 1.85867973975837 1.69362119352445 1.76837531407364 1.22367782518268 1.15718080801889 1.39653115486726 0 1.5568549267482 0.92371013853699 1.64831855683587
0.923999151447788 1.17146919062361 1.32857336802408 1.46498574037105 1.43884301115759 1.16898756008595 0.978666270151734 1.28979918104596 1.62750304769725 1.11885421560146 1.413527632365 1.15877709700726 1.86753200972453 1.13381747691892 1.77282673679292 1.79307182272896 1.58694084105082 1.43025796697475 1.20016740309075 1.8119741815608 1.59377851034515 1.83994140219875 1.40671984176151 1.19105673860759 1.22180142626166 1.14346256991848 1.5568549267482 0 1.80355352559127 1.45127215329558
1.70426309248433 0.977325089741498 1.20000950060785 1.84897657507099 1.59498796588741 1.30059839156456 1.31970308464952 1.47011508280411 1.90277076116763 1.74059775308706 1.59534259024076 1.84992103511468 1.74966863775626 1.34911487298086 0.936734860762954 1.31015823269263 1.59318331140094 1.71793366479687 1.87125267530791 0.980884395772591 1.14256698661484 1.63521931017749 1.78062883508392 1.42649132665247 1.71558029367588 1.3309173907619 0.92371013853699 1.80355352559127 0 1.61098910518922
1.84934173431247 1.54308447381482 1.51555144414306 1.68864748347551 1.00567527022213 1.83460201672278 1.51479524886236 1.12802368914708 1.26876032934524 1.74216202856041 1.72246402478777 1.73126859893091 0.959999182494357 1.3750991539564 1.78954186616465 0.947864570887759 1.12380618136376 1.77096110582352 1.79450928838924 1.62680209195241 1.47798822214827 1.41596888960339 1.4379991220776 1.56660455348901 1.88135108933784 1.34619156923145 1.64831855683587 1.45127215329558 1.61098910518922 0
