0 1.01924219471402 1.3411635949742 1.19300611177459 1.24092679587193 1.35319532896392 1.06452720775269 1.44633686030284 1.42731048888527 1.73114430741407 1.08051093132235 1.40959684364498 1.70415568700992 1.60578356427141 1.92238300712779 1.65101830568165 1.33728649374098 1.80202349927276 0.99332564836368 1.20371829485521 1.76838542148471 1.8864835340064 1.4037831267342 0.99246539012529 1.04020950896665 1.77281818981282 0.99943702830933 1.17634264542721 1.66413183719851 1.36645752424374
1.01924219471402 0 1.08416858944111 1.84756599878892 1.95223673223518 1.55071163573302 1.53890212904662 1.76902249082923 1.72957856790163 1.68570714606903 1.3418679186143 1.67640460212715 1.89761246810667 1.67946773790754 1.53757650661282 1.70899392850697 1.60896551166661 1.57471986836754 1.81117667327635 1.85151177085936 0.975292013026774 1.20655968645588 1.12509259860963 1.17882564873435 1.68130256072618 1.22154272627085 1.90641114604659 1.82418272620998 1.2789140380919 1.47662275587209
1.3411635949742 1.08416858944111 0 1.32178677385673 1.86136045469902 1.0151732088998 1.09903054800816 1.64205631823279 1.42434514779598 1.94278096687049 1.82454461557791 1.35854337364435 1.84431534726173 1.01211853092536 1.70334054972045 1.27284403634258 1.89269129629247 1.24240733194165 1.02780126105063 1.28431652556174 1.68784487014636 1.92603919049725 1.52814127039164 1.45682746451348 1.6852475379128 1.92020103591494 1.69770936411805 1.17920417129062 1.50011115032248 1.41375836520456
1.19300611177459 1.84756599878892 1.32178677385673 0 1.14361825352535 1.02233929350041 1.78290942241438 1.19559903233312 1.51499685645103 1.4418026029598 1.27460635802709 1.77518231375143 1.41440897015855 1.1377921665553 1.8101335761603 1.91541311843321 1.27957984060049 1.22994921309873 1.5859408210963 1.01315330853686 1.19532790803351 1.77537344489247 1.69590614479966 1.64608231908642 1.00586049235426 1.24582158075646 1.82388538820669 1.67861976963468 1.73670223215595 1.70341308810748
1.24092679587193 1.95223673223518 1.86136045469902 1.14361825352535 0 1.50085708126426 1.44733217172325 1.17351791332476 1.10647132084705 1.9350855560042 1.55125680426136 1.06081642443314 0.972349279094487 1.01036284444854 1.35415457747877 1.49450136628002 1.27979151485488 1.63199405302294 1.2249814204406 1.33155617443845 0.979040375445038 0.979395907139406 1.92325527756475 1.32874839846045 1.60322375851683 1.20026190252975 1.44333863002248 1.43018239247613 1.71576103847474 1.93214019807056
1.35319532896392 1.55071163573302 1.0151732088998 1.02233929350041 1.50085708126426 0 1.06484228512272 1.29436370567419 1.40032678679563 1.34922238183208 1.03214795142412 1.15863621421158 1.68274530232884 1.89710317063145 1.31683894200251 1.7506865831092 1.51107459329069 1.34809477790259 1.1108398786746 1.24330960423686 1.14024937455542 1.0864710113965 1.1551237043459 1.47001876099966 1.17836003564298 1.61506997258402 1.6976139487233 1.1443630901631 1.66809050668962 1.12616596743464
1.06452720775269 1.53890212904662 1.09903054800816 1.78290942241438 1.44733217172325 1.06484228512272 0 1.49894800549373 1.24577250215225 1.10327077331021 1.45659065968357 1.5919229502324 1.11544008227065 1.44087032787502 1.08489197771996 1.63523713801987 1.04184070345946 1.23465417511761 1.66235898993909 1.63391634612344 1.17619728064165 1.66295933001675 1.19838439975865 1.0546825597994 1.92745943763293 1.36784600629471 1.56281497841701 1.13197533274069 1.9126064197626 1.17284910473973
1.44633686030284 1.76902249082923 1.64205631823279 1.19559903233312 1.17351791332476 1.29436370567419 1.49894800549373 0 1.15910409973003 1.20470930961892 1.10563970613293 1.20294513204135 1.36341223702766 1.93903870438226 1.19262652681209 1.37926887045614 1.73433053749613 1.64010346890427 1.30019515682943 1.6007261169143 1.53271300648339 1.11966400034726 1.3917269455269 1.59325178293511 1.07781373756006 1.08396870619617 1.03464436274953 1.73399514309131 1.3066338612698 1.72300872439519
1.42731048888527 1.72957856790163 1.42434514779598 1.51499685645103 1.10647132084705 1.40032678679563 1.24577250215225 1.15910409973003 0 1.18899297015741 1.73008078988642 1.52977977693081 1.41065509454347 1.67355905752629 1.28566925623454 1.54136861092411 1.16407436993904 1.58737607020885 1.39492614218034 1.44033402134664 1.73044010344893 1.36119201499969 1.95921918121167 1.81441013980657 1.22722577978857 1.12280677165836 1.6232378592249 1.7467675448861 1.41882127360441 1.8569125989452
1.73114430741407 1.68570714606903 1.94278096687049 1.4418026029598 1.9350855560042 1.34922238183208 1.10327077331021 1.20470930961892 1.18899297015741 0 1.36177594074979 1.3725026731845 1.35611702105962 1.03216259181499 1.66630993131548 1.81420609448105 1.67590477783233 1.31702757743187 1.21766043221578 1.59916296019219 1.70041877683252 1.42759130848572 1.46844407427125 1.93752121715806 1.48487343103625 1.44015343813226 0.999065025476739 1.61508673499338 1.18840655172244 0.981421177042648
1.08051093132235 1.3418679186143 1.82454461557791 1.27460635802709 1.55125680426136 1.03214795142412 1.45659065968357 1.10563970613293 1.73008078988642 1.36177594074979 0 1.1681401906535 1.77784579526633 1.80489106220193 1.6563008048106 1.91468421276659 1.11552329896949 1.92318805586547 1.02692126412876 1.14281716383994 1.85950895515271 1.94210848212242 1.16258819820359 1.31615804717876 1.06803084723651 1.35335269570351 1.61886131274514 1.58112737815827 1.66499799396843 1.91427126992494
1.40959684364498 1.67640460212715 1.35854337364435 1.77518231375143 1.06081642443314 1.15863621421158 1.5919229502324 1.20294513204135 1.52977977693081 1.3725026731845 1.1681401906535 0 1.39759812550619 1.45461652288213 1.23067589476705 1.05368782905862 1.90275213774294 1.92277587368153 1.7896495165769 1.03297035535797 1.64097108622082 1.92183780670166 1.47307252464816 1.81692676618695 1.07851854711771 1.34367077169009 1.43431672919542 1.34192995796911 1.09100429131649 1.45360958762467
1.70415568700992 1.89761246810667 1.84431534726173 1.41440897015855 0.972349279094487 1.68274530232884 1.11544008227065 1.36341223702766 1.41065509454347 1.35611702105962 1.77784579526633 1.39759812550619 0 1.11000249744393 1.39741056459025 1.27557910257019 1.87572676385753 1.9228300198447 1.10342500475235 1.69431606144644 1.95138965453953 1.74643199122511 1.03862303146161 1.42865762091242 1.46109472191893 1.52799718384631 1.5261259926483 1.62520895455964 1.61519203498028 1.00385725521483
1.60578356427141 1.67946773790754 1.01211853092536 1.1377921665553 1.01036284444854 1.89710317063145 1.44087032787502 1.93903870438226 1.67355905752629 1.03216259181499 1.80489106220193 1.45461652288213 1.11000249744393 0 1.48315688339062 1.54655973613262 0.977470088051632 1.83088796376251 1.64973572548479 1.27524809027091 1.67374558094889 1.46774529176764 1.29406265052967 1.82417443231679 1.02989571169019 1.83419238263741 1.57457235548645 1.2055902404245 1.32859807624482 1.68553142622113
1.92238300712779 1.53757650661282 1.70334054972045 1.8101335761603 1.35415457747877 1.31683894200251 1.08489197771996 1.19262652681209 1.28566925623454 1.66630993131548 1.6563008048106 1.23067589476705 1.39741056459025 1.48315688339062 0 1.50164898089133 1.76945709693246 1.60416230349801 1.01124856318347 1.2064877175726 1.04623571224511 1.17259371001273 1.65699684945866 1.22799707273953 1.22914364445023 1.60273888800293 1.94874210259877 1.83797346754 1.01512413378805 1.51439706701785
1.65101830568165 1.70899392850697 1.27284403634258 1.91541311843321 1.49450136628002 1.7506865831092 1.63523713801987 1.37926887045614 1.54136861092411 1.81420609448105 1.91468421276659 1.05368782905862 1.27557910257019 1.54655973613262 1.50164898089133 0 1.50777291902341 1.94224971043877 1.91716337879188 1.71312802634202 1.15587523602881 1.09033072949387 1.5165832277853 1.69590621464886 1.34683658345602 1.69237637799233 1.01423772377893 1.81516075110994 1.09934538998641 1.39185270434245
1.33728649374098 1.60896551166661 1.89269129629247 1.27957984060049 1.27979151485488 1.51107459329069 1.04184070345946 1.73433053749613 1.16407436993904 1.67590477783233 1.11552329896949 1.90275213774294 1.87572676385753 0.977470088051632 1.76945709693246 1.50777291902341 0 1.48766258708201 1.88164895051159 1.34637596504763 1.59320525941439 1.31802768190391 1.46393211954273 1.61388104269281 1.21206319332123 1.89813987305388 1.04058784013614 1.82966330414638 1.91820942494087 1.00310538220219
1.80202349927276 1.57471986836754 1.24240733194165 1.22994921309873 1.63199405302294 1.34809477790259 1.23465417511761 1.64010346890427 1.58737607020885 1.31702757743187 1.92318805586547 1.92277587368153 1.9228300198447 1.83088796376251 1.60416230349801 1.94224971043877 1.48766258708201 0 1.75964020588435 1.95539934420958 1.8210054715164 1.45340572623536 1.67969251796603 1.10483359708451 1.88950555236079 1.87319134455174 1.10827585519291 1.36006201477721 1.49757064855658 1.09092482947744
0.99332564836368 1.81117667327635 1.02780126105063 1.5859408210963 1.2249814204406 1.1108398786746 1.66235898993909 1.30019515682943 1.39492614218034 1.21766043221578 1.02692126412876 1.7896495165769 1.10342500475235 1.64973572548479 1.01124856318347 1.91716337879188 1.88164895051159 1.75964020588435 0 1.45407012850046 1.37498104339465 1.8029554693494 1.6970010723453 1.76620532991365 1.00882238196209 1.15917026624084 1.41845135577023 1.11848730035126 1.1296453604009 1.47666590777226
1.20371829485521 1.85151177085936 1.28431652556174 1.01315330853686 1.33155617443845 1.24330960423686 1.63391634612344 1.6007261169143 1.44033402134664 1.59916296019219 1.14281716383994 1.03297035535797 1.69431606144644 1.27524809027091 1.2064877175726 1.71312802634202 1.34637596504763 1.95539934420958 1.45407012850046 0 1.40714793489315 1.59482044912875 1.38933670567349 0.98108995007351 1.87471073190682 1.53423862997442 1.8469317429699 1.71931085106917 1.13710181019269 1.77630183310248
1.76838542148471 0.975292013026774 1.68784487014636 1.19532790803351 0.979040375445038 1.14024937455542 1.17619728064165 1.53271300648339 1.73044010344893 1.70041877683252 1.85950895515271 1.64097108622082 1.95138965453953 1.67374558094889 1.04623571224511 1.15587523602881 1.59320525941439 1.8210054715164 1.37498104339465 1.40714793489315 0 1.20106646348722 1.33414012659341 1.2614120899234 1.77823453885503 1.47448184946552 1.34175658156164 1.50725061120465 1.0201108942274 1.07291354541667
1.8864835340064 1.20655968645588 1.92603919049725 1.77537344489247 0.979395907139406 1.0864710113965 1.66295933001675 1.11966400034726 1.36119201499969 1.42759130848572 1.94210848212242 1.92183780670166 1.74643199122511 1.46774529176764 1.17259371001273 1.09033072949387 1.31802768190391 1.45340572623536 1.8029554693494 1.59482044912875 1.20106646348722 0 1.47748851333745 1.08384787524119 1.75971295428462 1.21987389726564 1.17325196997263 1.20785458711907 1.88955449988134 1.59861904312856
1.4037831267342 1.12509259860963 1.52814127039164 1.69590614479966 1.92325527756475 1.1551237043459 1.19838439975865 1.3917269455269 1.95921918121167 1.46844407427125 1.16258819820359 1.47307252464816 1.03862303146161 1.29406265052967 1.65699684945866 1.5165832277853 1.46393211954273 1.67969251796603 1.6970010723453 1.38933670567349 1.33414012659341 1.47748851333745 0 1.02403555670753 1.90979277295992 1.06409022491425 1.61783471168019 1.8122733796481 1.04088563122787 0.985057884361595
0.99246539012529 1.17882564873435 1.45682746451348 1.64608231908642 1.32874839846045 1.47001876099966 1.0546825597994 1.59325178293511 1.81441013980657 1.93752121715806 1.31615804717876 1.81692676618695 1.42865762091242 1.82417443231679 1.22799707273953 1.69590621464886 1.61388104269281 1.10483359708451 1.76620532991365 0.98108995007351 1.2614120899234 1.08384787524119 1.02403555670753 0 1.5649979384616 1.73126978101209 1.05627616122365 1.2799185118638 1.76965265558101 1.93936439463869
1.04020950896665 1.68130256072618 1.6852475379128 1.00586049235426 1.60322375851683 1.17836003564298 1.92745943763293 1.07781373756006 1.22722577978857 1.48487343103625 1.06803084723651 1.07851854711771 1.46109472191893 1.02989571169019 1.22914364445023 1.34683658345602 1.21206319332123 1.88950555236079 1.00882238196209 1.87471073190682 1.77823453885503 1.75971295428462 1.90979277295992 1.5649979384616 0 1.6494332451839 1.04374597780406 0.96457051532343 1.34325394779444 1.06789079564624
1.77281818981282 1.22154272627085 1.92020103591494 1.24582158075646 1.20026190252975 1.61506997258402 1.36784600629471 1.08396870619617 1.12280677165836 1.44015343813226 1.35335269570351 1.34367077169009 1.52799718384631 1.83419238263741 1.60273888800293 1.69237637799233 1.89813987305388 1.87319134455174 1.15917026624084 1.53423862997442 1.47448184946552 1.21987389726564 1.06409022491425 1.73126978101209 1.6494332451839 0 1.92111774953082 1.41282090102322 1.93685529846698 1.92352746287361
0.99943702830933 1.90641114604659 1.69770936411805 1.82388538820669 1.44333863002248 1.6976139487233 1.56281497841701 1.03464436274953 1.6232378592249 0.999065025476739 1.61886131274514 1.43431672919542 1.5261259926483 1.57457235548645 1.94874210259877 1.01423772377893 1.04058784013614 1.10827585519291 1.41845135577023 1.8469317429699 1.34175658156164 1.17325196997263 1.61783471168019 1.05627616122365 1.04374597780406 1.92111774953082 0 1.71026887348853 1.20704914652742 1.54606752167456
1.17634264542721 1.82418272620998 1.17920417129062 1.67861976963468 1.43018239247613 1.1443630901631 1.13197533274069 1.73399514309131 1.7467675448861 1.61508673499338 1.58112737815827 1.34192995796911 1.62520895455964 1.2055902404245 1.83797346754 1.81516075110994 1.82966330414638 1.36006201477721 1.11848730035126 1.71931085106917 1.50725061120465 1.20785458711907 1.8122733796481 1.2799185118638 0.96457051532343 1.41282090102322 1.71026887348853 0 1.38341719377786 1.41170292976312
1.66413183719851 1.2789140380919 1.50011115032248 1.73670223215595 1.71576103847474 1.66809050668962 1.9126064197626 1.3066338612698 1.41882127360441 1.18840655172244 1.66499799396843 1.09100429131649 1.61519203498028 1.32859807624482 1.01512413378805 1.09934538998641 1.91820942494087 1.49757064855658 1.1296453604009 1.13710181019269 1.0201108942274 1.88955449988134 1.04088563122787 1.76965265558101 1.34325394779444 1.93685529846698 1.20704914652742 1.38341719377786 0 1.9034268448595
1.36645752424374 1.47662275587209 1.41375836520456 1.70341308810748 1.93214019807056 1.12616596743464 1.17284910473973 1.72300872439519 1.8569125989452 0.981421177042648 1.91427126992494 1.45360958762467 1.00385725521483 1.68553142622113 1.51439706701785 1.39185270434245 1.00310538220219 1.09092482947744 1.47666590777226 1.77630183310248 1.07291354541667 1.59861904312856 0.985057884361595 1.93936439463869 1.06789079564624 1.92352746287361 1.54606752167456 1.41170292976312 1.9034268448595 0
