0 1.55466761323623 1.10699385986663 1.80629416881129 1.64931112597696 1.65429261582904 1.52330489712767 0.949294184567407 1.32212741556577 1.27845153049566 1.84680713154376 1.80275415815413 1.44479071209207 1.79472484695725 1.12973608705215 1.61126741929911 1.29652034468018 1.42395536159165 0.956188940210268 1.75029103178531 1.33240436320193 1.83359137387015 1.57654647226445 1.62773332069628 1.47116573667154 0.955761659657583 1.9246869739145 1.00692911609076 1.14079822017811 1.69282934768125
1.55466761323623 0 1.40004921192303 1.33735720533878 1.05222223279998 1.08990505104885 1.34637922258116 1.63902265159413 1.48785788565874 1.07689441181719 1.45819027698599 1.05370908114128 1.09881688468158 1.28225700650364 1.69353952934034 1.1883683654014 1.58606704534031 1.73379132151604 0.949228048557416 1.6699614583049 1.66710317321122 1.54347672942095 1.74719578423537 1.82267088163644 1.02998249768279 1.09616512036882 1.50030368310399 1.58177526970394 1.41835582372732 1.50378720019944
1.10699385986663 1.40004921192303 0 1.56571964733303 1.2830900051631 1.32277185400017 1.60928374296054 1.59151129284874 1.18438119720668 1.1588561013341 0.979622073704377 1.81369881285354 1.81652720319107 1.11392137035728 1.06869343947619 0.952047756174579 1.15154485683888 1.21386909531429 1.80958790145814 1.61254613799974 1.34486151393503 1.5498238382861 1.21233839006163 1.72881817491725 1.09401627117768 1.83323583798483 1.82608693349175 1.55825161840767 1.41549808252603 1.40958967711776
1.80629416881129 1.33735720533878 1.56571964733303 0 1.78937526722439 1.16898611327633 1.06586965243332 1.04691211343743 1.10300907352939 1.81835298240185 1.30135842901655 1.29283591057174 1.29673799034208 1.46974027971737 1.8042469532229 1.21503479219973 1.85280397441238 1.46913620922714 1.4724192598369 1.0387651277706 1.22371193580329 0.989387312904 1.47818085271865 1.43881814065389 1.64541292563081 1.0579676637426 1.1795468814671 1.52611781749874 0.985957514960319 1.04135770048015
1.64931112597696 1.05222223279998 1.2830900051631 1.78937526722439 0 1.73987348587252 1.58093849709257 1.93830851372331 0.982520078541711 1.31630184827372 1.25839114235714 1.71334957447834 1.8293101079762 1.26881077606231 1.52170601906255 0.987791839288548 1.50661576166749 1.68109060730785 1.68862318852916 1.25783076952212 1.59767414093949 1.57256039092317 1.91823105723597 1.00788769754581 1.67731918906793 1.22468926617876 1.25940771610476 1.02515884139575 1.45920683653094 1.03407390951179
1.65429261582904 1.08990505104885 1.32277185400017 1.16898611327633 1.73987348587252 0 1.75695348461159 1.25479702162556 1.7895234762691 1.47181021654978 1.61655496945605 1.00479155709036 1.02614694042131 1.92302918643691 1.34397804434411 1.23149823932908 1.76392358611338 1.833673204761 1.13343843724579 1.47519954922609 1.08822727296501 1.2922937697731 1.51116301072761 1.84645366226323 1.26349865854718 1.33304788428359 1.55464937840588 1.06163580692373 1.7488194659818 1.40728114638478
1.52330489712767 1.34637922258116 1.60928374296054 1.06586965243332 1.58093849709257 1.75695348461159 0 1.19738417793997 1.45595387346111 1.87333819526248 1.2251953529194 1.29353808588348 1.56252131890506 1.82634317036718 1.23502482147887 1.42115826881491 1.90931756538339 1.31491099856794 1.20580154238269 1.88760539866053 1.55127898929641 1.03533993777819 1.66849960619584 1.7482667574659 1.36975236888975 1.15557281603105 1.31496617337689 1.66138216503896 1.36597375012934 1.2091924585402
0.949294184567407 1.63902265159413 1.59151129284874 1.04691211343743 1.93830851372331 1.25479702162556 1.19738417793997 0 1.67660542926751 1.77558002481237 0.973442797316238 1.53338259574957 1.52131349244155 1.68760972726159 0.960319355130196 1.11634264304303 1.81691847764887 1.85570229240693 1.85332248429768 1.7306593558751 1.79865872231312 1.7551486256998 1.21509318356402 1.90389070590027 1.68294577905908 1.17324629588984 1.28259869688191 1.7430330789648 1.50226097321138 1.68105144007131
1.32212741556577 1.48785788565874 1.18438119720668 1.10300907352939 0.982520078541711 1.7895234762691 1.45595387346111 1.67660542926751 0 1.3089659770485 1.66623572376557 1.57575550954789 1.01706188544631 1.66932765697129 1.6582090081647 1.79549521417357 1.83995175268501 1.82793605048209 1.33679026528262 1.5089757591486 1.80080696754158 1.29090723372065 1.76935860235244 1.62430934119038 1.87236213427968 1.41581043181941 1.00697718723677 1.09647682029754 1.69928426970728 1.82205863553099
1.27845153049566 1.07689441181719 1.1588561013341 1.81835298240185 1.31630184827372 1.47181021654978 1.87333819526248 1.77558002481237 1.3089659770485 0 1.30009975866415 1.3557310719043 1.04750142851844 1.13252610783093 1.46837005019188 1.93217193940654 1.35535533213988 0.988254542695358 1.63214880018495 1.24435368343256 1.00721307005733 0.958641151431948 1.61249839235097 1.45243089622818 1.85571087524295 1.38881001085974 1.83051306265406 0.950117777334526 1.20601335074753 1.13984349975362
1.84680713154376 1.45819027698599 0.979622073704377 1.30135842901655 1.25839114235714 1.61655496945605 1.2251953529194 0.973442797316238 1.66623572376557 1.30009975866415 0 0.990897381911054 1.926384402439 1.47370359394699 1.77420128788799 1.79537380579859 1.40704562235624 1.6519549775403 1.81111407419667 1.83500361233018 1.78261056425981 1.84098228439689 1.55625537550077 1.73291183426045 1.71812453912571 1.50070460536517 1.31439137714915 1.2922354657203 1.80550740496255 1.79833920905367
1.80275415815413 1.05370908114128 1.81369881285354 1.29283591057174 1.71334957447834 1.00479155709036 1.29353808588348 1.53338259574957 1.57575550954789 1.3557310719043 0.990897381911054 0 1.44326694193296 1.08110086573288 1.10383391100913 1.75808551581576 1.79926508269273 1.12658564909361 1.13199657364748 1.83273238339461 1.94385274290107 1.76108665508218 1.43476725532673 1.34859651257284 1.84073811606504 1.76063907030039 1.77630564942956 1.67328575253487 1.85125315003097 1.66345769539475
1.44479071209207 1.09881688468158 1.81652720319107 1.29673799034208 1.8293101079762 1.02614694042131 1.56252131890506 1.52131349244155 1.01706188544631 1.04750142851844 1.926384402439 1.44326694193296 0 1.57694121706299 1.50312345568091 1.77644048421644 1.06545277009718 1.74951009079814 1.0441677744966 1.07065862952732 1.13460531714372 1.5217264003586 1.18781205103733 1.647180122789 1.65231635398231 1.40592567413114 1.31154961534776 1.67846214561723 1.436382957967 1.2855894297827
1.79472484695725 1.28225700650364 1.11392137035728 1.46974027971737 1.26881077606231 1.92302918643691 1.82634317036718 1.68760972726159 1.66932765697129 1.13252610783093 1.47370359394699 1.08110086573288 1.57694121706299 0 1.42490972648375 1.44502974348143 1.35090586426668 1.73401610250585 1.41333179292269 1.61561720771715 1.52335014706478 0.970739986281842 0.977217665174976 1.29453071765602 1.57050168933347 1.54093880066648 1.5212942417711 1.83739618165419 1.16134739085101 1.50467325397767
1.12973608705215 1.69353952934034 1.06869343947619 1.8042469532229 1.52170601906255 1.34397804434411 1.23502482147887 0.960319355130196 1.6582090081647 1.46837005019188 1.77420128788799 1.10383391100913 1.50312345568091 1.42490972648375 0 1.85935533163138 1.72314869170077 1.30168580054305 0.95396659290418 1.80601127818227 1.2742563423235 1.552767125424 1.49707486643456 1.53850079048425 1.05854013911448 1.2926656100899 1.3533841620665 1.33752163709141 1.40207821270451 1.88717965921387
1.61126741929911 1.1883683654014 0.952047756174579 1.21503479219973 0.987791839288548 1.23149823932908 1.42115826881491 1.11634264304303 1.79549521417357 1.93217193940654 1.79537380579859 1.75808551581576 1.77644048421644 1.44502974348143 1.85935533163138 0 1.10817725723609 1.39564931229688 1.58353556715883 1.3984872372821 1.31198010686785 0.973530787974596 1.43228945625015 1.28568183071911 1.52293591969647 1.53402649331838 1.456872520037 1.33644737768918 1.14080923749134 1.02599090221338
1.29652034468018 1.58606704534031 1.15154485683888 1.85280397441238 1.50661576166749 1.76392358611338 1.90931756538339 1.81691847764887 1.83995175268501 1.35535533213988 1.40704562235624 1.79926508269273 1.06545277009718 1.35090586426668 1.72314869170077 1.10817725723609 0 1.49936024029739 1.43182831257582 1.26906191976741 1.54460851871409 1.61388688371517 1.31410344829783 1.65255891159177 1.22496561193839 1.80465029622428 1.49850966548547 1.2009637656156 1.60371633758768 0.995327024487779
1.42395536159165 1.73379132151604 1.21386909531429 1.46913620922714 1.68109060730785 1.833673204761 1.31491099856794 1.85570229240693 1.82793605048209 0.988254542695358 1.6519549775403 1.12658564909361 1.74951009079814 1.73401610250585 1.30168580054305 1.39564931229688 1.49936024029739 0 1.74246113561094 0.981295240111649 1.3002488235943 1.65926884557121 1.93097707000561 1.0187479252927 1.07269352697767 1.57547200168483 1.0724935522303 1.33562059164979 1.31788923405111 1.48874829965644
0.956188940210268 0.949228048557416 1.80958790145814 1.4724192598369 1.68862318852916 1.13343843724579 1.20580154238269 1.85332248429768 1.33679026528262 1.63214880018495 1.81111407419667 1.13199657364748 1.0441677744966 1.41333179292269 0.95396659290418 1.58353556715883 1.43182831257582 1.74246113561094 0 1.00084134517238 1.61405051406473 1.00466170627624 1.5443045955617 1.37279278086498 1.63784860516898 1.82834881986491 1.56574392551556 1.03473934298381 1.57917447178625 1.24175044777803
1.75029103178531 1.6699614583049 1.61254613799974 1.0387651277706 1.25783076952212 1.47519954922609 1.88760539866053 1.7306593558751 1.5089757591486 1.24435368343256 1.83500361233018 1.83273238339461 1.07065862952732 1.61561720771715 1.80601127818227 1.3984872372821 1.26906191976741 0.981295240111649 1.00084134517238 0 1.04447088134475 1.85794139048085 1.23959189583547 0.968520161230117 1.34993482124992 1.41563505772501 1.23824873566628 1.10879126237705 1.38114227494225 1.08581818756647
1.33240436320193 1.66710317321122 1.34486151393503 1.22371193580329 1.59767414093949 1.08822727296501 1.55127898929641 1.79865872231312 1.80080696754158 1.00721307005733 1.78261056425981 1.94385274290107 1.13460531714372 1.52335014706478 1.2742563423235 1.31198010686785 1.54460851871409 1.3002488235943 1.61405051406473 1.04447088134475 0 1.19310278585181 1.64959326200187 1.1939862773288 1.79113904433325 1.69067332451232 1.47033130703494 1.86835001315922 1.71220184769481 1.20137766818516
1.83359137387015 1.54347672942095 1.5498238382861 0.989387312904 1.57256039092317 1.2922937697731 1.03533993777819 1.7551486256998 1.29090723372065 0.958641151431948 1.84098228439689 1.76108665508218 1.5217264003586 0.970739986281842 1.552767125424 0.973530787974596 1.61388688371517 1.65926884557121 1.00466170627624 1.85794139048085 1.19310278585181 0 1.44482522457838 1.63075697468594 1.8218033502344 0.99164784187451 1.10760678863153 1.17785071046092 1.26641036197543 1.18826175760478
1.57654647226445 1.74719578423537 1.21233839006163 1.47818085271865 1.91823105723597 1.51116301072761 1.66849960619584 1.21509318356402 1.76935860235244 1.61249839235097 1.55625537550077 1.43476725532673 1.18781205103733 0.977217665174976 1.49707486643456 1.43228945625015 1.31410344829783 1.93097707000561 1.5443045955617 1.23959189583547 1.64959326200187 1.44482522457838 0 1.48391299764626 1.34536757762544 0.969129459932446 1.67109696660191 1.7875932531897 0.969920563045889 1.7594970902428
1.62773332069628 1.82267088163644 1.72881817491725 1.43881814065389 1.00788769754581 1.84645366226323 1.7482667574659 1.90389070590027 1.62430934119038 1.45243089622818 1.73291183426045 1.34859651257284 1.647180122789 1.29453071765602 1.53850079048425 1.28568183071911 1.65255891159177 1.0187479252927 1.37279278086498 0.968520161230117 1.1939862773288 1.63075697468594 1.48391299764626 0 1.86007261555642 0.955823312047869 1.82319510891102 1.35006891796365 1.58868668973446 0.979047707049176
1.47116573667154 1.02998249768279 1.09401627117768 1.64541292563081 1.67731918906793 1.26349865854718 1.36975236888975 1.68294577905908 1.87236213427968 1.85571087524295 1.71812453912571 1.84073811606504 1.65231635398231 1.57050168933347 1.05854013911448 1.52293591969647 1.22496561193839 1.07269352697767 1.63784860516898 1.34993482124992 1.79113904433325 1.8218033502344 1.34536757762544 1.86007261555642 0 1.48349317512475 1.58345689577982 1.32871741638519 1.90576358884573 1.57987447758205
0.955761659657583 1.09616512036882 1.83323583798483 1.0579676637426 1.22468926617876 1.33304788428359 1.15557281603105 1.17324629588984 1.41581043181941 1.38881001085974 1.50070460536517 1.76063907030039 1.40592567413114 1.54093880066648 1.2926656100899 1.53402649331838 1.80465029622428 1.57547200168483 1.82834881986491 1.41563505772501 1.69067332451232 0.99164784187451 0.969129459932446 0.955823312047869 1.48349317512475 0 1.72398301656358 1.90386144910008 1.20722444076091 1.03798938286491
1.9246869739145 1.50030368310399 1.82608693349175 1.1795468814671 1.25940771610476 1.55464937840588 1.31496617337689 1.28259869688191 1.00697718723677 1.83051306265406 1.31439137714915 1.77630564942956 1.31154961534776 1.5212942417711 1.3533841620665 1.456872520037 1.49850966548547 1.0724935522303 1.56574392551556 1.23824873566628 1.47033130703494 1.10760678863153 1.67109696660191 1.82319510891102 1.58345689577982 1.72398301656358 0 1.56234838324599 1.76926320209168 1.53371326252818
1.00692911609076 1.58177526970394 1.55825161840767 1.52611781749874 1.02515884139575 1.06163580692373 1.66138216503896 1.7430330789648 1.09647682029754 0.950117777334526 1.2922354657203 1.67328575253487 1.67846214561723 1.83739618165419 1.33752163709141 1.33644737768918 1.2009637656156 1.33562059164979 1.03473934298381 1.10879126237705 1.86835001315922 1.17785071046092 1.7875932531897 1.35006891796365 1.32871741638519 1.90386144910008 1.56234838324599 0 1.19260225677863 1.7870011345949
1.14079822017811 1.41835582372732 1.41549808252603 0.985957514960319 1.45920683653094 1.7488194659818 1.36597375012934 1.50226097321138 1.69928426970728 1.20601335074753 1.80550740496255 1.85125315003097 1.436382957967 1.16134739085101 1.40207821270451 1.14080923749134 1.60371633758768 1.31788923405111 1.57917447178625 1.38114227494225 1.71220184769481 1.26641036197543 0.969920563045889 1.58868668973446 1.90576358884573 1.20722444076091 1.76926320209168 1.19260225677863 0 1.17581138736568
1.69282934768125 1.50378720019944 1.40958967711776 1.04135770048015 1.03407390951179 1.40728114638478 1.2091924585402 1.68105144007131 1.82205863553099 1.13984349975362 1.79833920905367 1.66345769539475 1.2855894297827 1.50467325397767 1.88717965921387 1.02599090221338 0.995327024487779 1.48874829965644 1.24175044777803 1.08581818756647 1.20137766818516 1.18826175760478 1.7594970902428 0.979047707049176 1.57987447758205 1.03798938286491 1.53371326252818 1.7870011345949 1.17581138736568 0
