0 1.61678048502654 1.19092054339126 1.69252178678289 1.3449453341309 1.88128582504578 1.60365257319063 1.28099315986037 1.84754789364524 1.11865006177686 1.14431921439245 1.83222287544049 1.36317362776026 1.82820736104622 1.80791749036871 0.997186200227588 1.85080902092159 1.93685763096437 1.87728308630176 1.66522136959247 1.15954071935266 0.967037649825215 1.68761116778478 0.957039664965123 1.81009551277384 1.29180172504857 1.56627117306925 1.55000180262141 1.05333273089491 1.61289918189868
1.61678048502654 0 1.54062149347737 1.38206566451117 1.72563905688003 1.94427659432404 1.62762675178237 1.87121810996905 0.979570045601577 1.17985938466154 1.58362289960496 1.6863674367778 1.72696616197936 1.21248961589299 1.50020016985945 1.0193459498696 1.37631606054492 1.52401861036196 1.80297855404206 1.35066879796796 1.76360824424773 1.21104738954455 1.17860977048986 1.46272350405343 1.70114264008589 1.4068367832806 1.54831611155532 1.83894627937116 1.83714627684094 1.66214273660444
1.19092054339126 1.54062149347737 0 1.47446764074266 1.91008326062001 1.38001415855251 1.57371249282733 1.17196176527068 1.60042182775214 1.20506886742078 1.90106322756037 1.88246206124313 1.58351339609362 0.989233381580561 1.70892648748122 1.09067216212861 1.27587640308775 1.36626844736747 1.62150495778769 1.19029134418815 1.19951860001311 1.9028511911165 1.51611970923841 1.38497362285852 1.44855076912791 1.09909847541712 1.17093367455527 1.86082658311352 1.52405290026218 1.79382096976042
1.69252178678289 1.38206566451117 1.47446764074266 0 1.77090963511728 1.78928796434775 0.975704296724871 1.06773433927447 1.56382131250575 1.43854367500171 1.78275688062422 1.13220174703747 1.33398938830942 1.51049524173141 1.22963260556571 1.38895282009616 1.08396670012735 1.12214375799522 1.71432134974748 1.01636155438609 1.4616544272285 1.36872960906476 1.21754406997934 1.45658806967549 1.04162312927656 1.03641250100918 1.76721352525055 1.93121334351599 1.46238041110337 1.64657371421345
1.3449453341309 1.72563905688003 1.91008326062001 1.77090963511728 0 1.711533063557 1.72546461503953 1.27622348349541 1.39284987398423 1.61618559923954 1.72653810214251 1.14555789809674 1.08633116842248 1.71203242079355 1.36415737611242 1.82071297732182 1.5384066964034 1.75424841581844 1.68058369355276 1.8757837836165 1.83428615541197 1.17359659681097 1.9269380653277 1.70964093250223 1.62838210747577 1.73196780844592 1.62892648624256 1.2994282997679 1.30960026662797 1.93107728124596
1.88128582504578 1.94427659432404 1.38001415855251 1.78928796434775 1.711533063557 0 1.07779611670412 1.62451831623912 1.66415473120287 1.24182991194539 1.08525641588494 1.06916365935467 1.75334333837964 1.4845703386236 1.2035333912354 1.47149773547426 1.58798238495365 1.40377662773244 0.973062311066315 1.30929292738438 1.33628170751035 1.58382858033292 1.30772575410083 1.27005967334844 1.43919506203383 1.70562903233804 1.54651824315079 0.952869335655123 1.93456557649188 1.38744705333374
1.60365257319063 1.62762675178237 1.57371249282733 0.975704296724871 1.72546461503953 1.07779611670412 0 1.84670179104432 1.74656503740698 1.57039239676669 1.65990128624253 1.00153215718456 1.01259846007451 1.11014131060801 1.28019699198194 0.986935962922871 1.47199502005242 1.65219787880778 1.56559077440761 1.4892966572661 1.01447124453261 1.32911688438617 1.62653888901696 1.28991821617819 1.9099729177542 1.01421319553629 1.44029642571695 1.49183062789962 1.20515723596327 1.7848957660608
1.28099315986037 1.87121810996905 1.17196176527068 1.06773433927447 1.27622348349541 1.62451831623912 1.84670179104432 0 1.26672973623499 1.63481992855668 1.51921140868217 0.983886938542128 1.39960090396926 1.39496325049549 1.81067011342384 1.62848090007901 1.75256464607082 1.73045714083128 1.50324272946455 1.23443276062608 1.91178047144786 1.85064815799706 1.46686660451815 1.18408051971346 1.00927583011799 1.78222382161766 0.951197935966775 0.96637211390771 1.68654219713062 1.69407011079602
1.84754789364524 0.979570045601577 1.60042182775214 1.56382131250575 1.39284987398423 1.66415473120287 1.74656503740698 1.26672973623499 0 1.82994595123455 1.94763647252694 1.72584489826113 1.4901468269527 1.68584505631588 1.21784290857613 1.12630070303567 1.74587184959091 1.37342696310952 1.78743852535263 1.76100879721344 1.7969451288227 1.2632820403669 1.16595217236318 1.45303833507933 1.04446013690904 1.57387905707583 1.91757443756796 1.92653931351379 1.32730236300267 1.12396982032806
1.11865006177686 1.17985938466154 1.20506886742078 1.43854367500171 1.61618559923954 1.24182991194539 1.57039239676669 1.63481992855668 1.82994595123455 0 1.0202707957942 1.61843747016974 1.61428737919778 1.5707541492302 1.73134288797155 1.69399107736535 1.42180665372871 1.14502300601453 1.09958624839783 1.40769669739529 1.69339210446924 1.23556313547306 1.35122629348189 1.42040068469942 1.73749969969504 1.52187282405794 1.63060502707958 1.59184534428641 1.11875044624321 1.03355332650244
1.14431921439245 1.58362289960496 1.90106322756037 1.78275688062422 1.72653810214251 1.08525641588494 1.65990128624253 1.51921140868217 1.94763647252694 1.0202707957942 0 1.91607166617177 1.33183048502542 1.10707202972844 1.38065192545764 1.64208533149213 1.07449612254277 1.51793400221504 1.85005241050385 1.12167239701375 1.24729513586499 1.50197158916853 1.16743227094412 1.85980883589946 1.24152258504182 1.11885113804601 0.995357914362103 1.32790733408183 1.19214496552013 1.83446403522976
1.83222287544049 1.6863674367778 1.88246206124313 1.13220174703747 1.14555789809674 1.06916365935467 1.00153215718456 0.983886938542128 1.72584489826113 1.61843747016974 1.91607166617177 0 1.78264733124524 1.30773239093833 1.73281549685635 1.39047719421797 1.64890059363097 1.92962966044433 1.04995643906295 1.44216161291115 1.79519528709352 1.48713102354668 1.35619068611413 1.48878854629584 1.70383886783384 1.48869832605124 1.3159952389542 1.79418032849208 1.17992852907628 1.09635305451229
1.36317362776026 1.72696616197936 1.58351339609362 1.33398938830942 1.08633116842248 1.75334333837964 1.01259846007451 1.39960090396926 1.4901468269527 1.61428737919778 1.33183048502542 1.78264733124524 0 1.46326113282703 0.981986193684861 1.31841226131655 0.983444067882374 1.94229609426111 1.08354844595306 1.58172962628305 1.86619153572246 1.58030321262777 1.01398160075769 1.57316759973764 1.2891785306856 1.03414494078606 1.7170620188117 1.33418760960922 1.63097402593121 1.11915801488794
1.82820736104622 1.21248961589299 0.989233381580561 1.51049524173141 1.71203242079355 1.4845703386236 1.11014131060801 1.39496325049549 1.68584505631588 1.5707541492302 1.10707202972844 1.30773239093833 1.46326113282703 0 0.99866721406579 1.70978365698829 1.60212113824673 1.0336152818054 1.56578558310866 1.27485889429227 1.73167980927974 1.36396246426739 1.66762417368591 1.55493811750785 1.80503965658136 1.88866685889661 1.63948294031434 1.10765150166117 1.06391642941162 1.69583513215184
1.80791749036871 1.50020016985945 1.70892648748122 1.22963260556571 1.36415737611242 1.2035333912354 1.28019699198194 1.81067011342384 1.21784290857613 1.73134288797155 1.38065192545764 1.73281549685635 0.981986193684861 0.99866721406579 0 1.48174315877259 1.11046922090463 1.46943264175206 1.51499291486107 1.36560139991343 1.72645108960569 1.51390847936273 0.984355597058311 1.27832091366872 1.46165226725861 1.44411125825718 1.12617111555301 1.04109085095115 1.36306476523168 1.70868127793074
0.997186200227588 1.0193459498696 1.09067216212861 1.38895282009616 1.82071297732182 1.47149773547426 0.986935962922871 1.62848090007901 1.12630070303567 1.69399107736535 1.64208533149213 1.39047719421797 1.31841226131655 1.70978365698829 1.48174315877259 0 1.85752413817681 1.6134243584238 1.37704800325446 1.46541236829944 1.11506009078585 1.07653458160348 1.49851796822622 1.58972762408666 1.36621049349196 1.39550916734152 1.05398781155236 1.09762015985325 1.21111016580835 1.23519078106619
1.85080902092159 1.37631606054492 1.27587640308775 1.08396670012735 1.5384066964034 1.58798238495365 1.47199502005242 1.75256464607082 1.74587184959091 1.42180665372871 1.07449612254277 1.64890059363097 0.983444067882374 1.60212113824673 1.11046922090463 1.85752413817681 0 1.77871997910552 1.14892645762302 1.54590066568926 1.50434463727288 1.44625549856573 1.7805162621662 1.6728864563629 1.45283380360343 0.995414263103157 0.992048917571083 1.35212229937315 1.19677846878767 1.42193158552982
1.93685763096437 1.52401861036196 1.36626844736747 1.12214375799522 1.75424841581844 1.40377662773244 1.65219787880778 1.73045714083128 1.37342696310952 1.14502300601453 1.51793400221504 1.92962966044433 1.94229609426111 1.0336152818054 1.46943264175206 1.6134243584238 1.77871997910552 0 1.42241128114983 1.42424071952701 1.7425695201382 1.73741103708744 1.30565061280504 0.979817965999246 1.88508411054499 1.74666749197058 1.30393751291558 1.58319715573452 1.87688142573461 1.14603892061859
1.87728308630176 1.80297855404206 1.62150495778769 1.71432134974748 1.68058369355276 0.973062311066315 1.56559077440761 1.50324272946455 1.78743852535263 1.09958624839783 1.85005241050385 1.04995643906295 1.08354844595306 1.56578558310866 1.51499291486107 1.37704800325446 1.14892645762302 1.42241128114983 0 1.32636859524064 1.46266609034501 1.71739936550148 1.24177750525996 1.22193743218668 1.42871342948638 1.9097494550515 1.91217964934185 1.20656859781593 1.78131055412814 1.22474671038799
1.66522136959247 1.35066879796796 1.19029134418815 1.01636155438609 1.8757837836165 1.30929292738438 1.4892966572661 1.23443276062608 1.76100879721344 1.40769669739529 1.12167239701375 1.44216161291115 1.58172962628305 1.27485889429227 1.36560139991343 1.46541236829944 1.54590066568926 1.42424071952701 1.32636859524064 0 1.78146377136 1.5666095695924 1.3304627945181 1.57745145750232 1.61883025593124 1.20950954593718 1.03669244912453 1.61438170960173 1.49180628359318 1.25615115626715
1.15954071935266 1.76360824424773 1.19951860001311 1.4616544272285 1.83428615541197 1.33628170751035 1.01447124453261 1.91178047144786 1.7969451288227 1.69339210446924 1.24729513586499 1.79519528709352 1.86619153572246 1.73167980927974 1.72645108960569 1.11506009078585 1.50434463727288 1.7425695201382 1.46266609034501 1.78146377136 0 1.03497950686142 1.49947211099789 1.20072182058357 1.11798226181418 1.04726622765884 1.53108524880372 1.22722843312658 1.25259412871674 1.10304528358392
0.967037649825215 1.21104738954455 1.9028511911165 1.36872960906476 1.17359659681097 1.58382858033292 1.32911688438617 1.85064815799706 1.2632820403669 1.23556313547306 1.50197158916853 1.48713102354668 1.58030321262777 1.36396246426739 1.51390847936273 1.07653458160348 1.44625549856573 1.73741103708744 1.71739936550148 1.5666095695924 1.03497950686142 0 1.94593495829031 1.02316761040129 1.14251800533384 1.47389910230413 1.3539541112259 1.09885389683768 1.31907325098291 1.59290793188848
1.68761116778478 1.17860977048986 1.51611970923841 1.21754406997934 1.9269380653277 1.30772575410083 1.62653888901696 1.46686660451815 1.16595217236318 1.35122629348189 1.16743227094412 1.35619068611413 1.01398160075769 1.66762417368591 0.984355597058311 1.49851796822622 1.7805162621662 1.30565061280504 1.24177750525996 1.3304627945181 1.49947211099789 1.94593495829031 0 1.36178990709595 1.11192333977669 1.69196822261438 1.14257871871814 1.22357563441619 1.0320808365941 1.11628769640811
0.957039664965123 1.46272350405343 1.38497362285852 1.45658806967549 1.70964093250223 1.27005967334844 1.28991821617819 1.18408051971346 1.45303833507933 1.42040068469942 1.85980883589946 1.48878854629584 1.57316759973764 1.55493811750785 1.27832091366872 1.58972762408666 1.6728864563629 0.979817965999246 1.22193743218668 1.57745145750232 1.20072182058357 1.02316761040129 1.36178990709595 0 1.36150502157398 1.20486381999217 1.05002168682404 1.38809986808337 1.90329179656692 1.6967160680797
1.81009551277384 1.70114264008589 1.44855076912791 1.04162312927656 1.62838210747577 1.43919506203383 1.9099729177542 1.00927583011799 1.04446013690904 1.73749969969504 1.24152258504182 1.70383886783384 1.2891785306856 1.80503965658136 1.46165226725861 1.36621049349196 1.45283380360343 1.88508411054499 1.42871342948638 1.61883025593124 1.11798226181418 1.14251800533384 1.11192333977669 1.36150502157398 0 1.66241699573584 1.19565316382796 1.25101286405697 0.983990925597027 1.32230944372714
1.29180172504857 1.4068367832806 1.09909847541712 1.03641250100918 1.73196780844592 1.70562903233804 1.01421319553629 1.78222382161766 1.57387905707583 1.52187282405794 1.11885113804601 1.48869832605124 1.03414494078606 1.88866685889661 1.44411125825718 1.39550916734152 0.995414263103157 1.74666749197058 1.9097494550515 1.20950954593718 1.04726622765884 1.47389910230413 1.69196822261438 1.20486381999217 1.66241699573584 0 1.3517787696328 1.82930540246889 1.79631807678379 1.9359496217221
1.56627117306925 1.54831611155532 1.17093367455527 1.76721352525055 1.62892648624256 1.54651824315079 1.44029642571695 0.951197935966775 1.91757443756796 1.63060502707958 0.995357914362103 1.3159952389542 1.7170620188117 1.63948294031434 1.12617111555301 1.05398781155236 0.992048917571083 1.30393751291558 1.91217964934185 1.03669244912453 1.53108524880372 1.3539541112259 1.14257871871814 1.05002168682404 1.19565316382796 1.3517787696328 0 1.3700733196456 1.50238466705196 1.88333398941904
1.55000180262141 1.83894627937116 1.86082658311352 1.93121334351599 1.2994282997679 0.952869335655123 1.49183062789962 0.96637211390771 1.92653931351379 1.59184534428641 1.32790733408183 1.79418032849208 1.33418760960922 1.10765150166117 1.04109085095115 1.09762015985325 1.35212229937315 1.58319715573452 1.20656859781593 1.61438170960173 1.22722843312658 1.09885389683768 1.22357563441619 1.38809986808337 1.25101286405697 1.82930540246889 1.3700733196456 0 1.33787151915021 1.8900774247013
1.05333273089491 1.83714627684094 1.52405290026218 1.46238041110337 1.30960026662797 1.93456557649188 1.20515723596327 1.68654219713062 1.32730236300267 1.11875044624321 1.19214496552013 1.17992852907628 1.63097402593121 1.06391642941162 1.36306476523168 1.21111016580835 1.19677846878767 1.87688142573461 1.78131055412814 1.49180628359318 1.25259412871674 1.31907325098291 1.0320808365941 1.90329179656692 0.983990925597027 1.79631807678379 1.50238466705196 1.33787151915021 0 1.66013900726102
1.61289918189868 1.66214273660444 1.79382096976042 1.64657371421345 1.93107728124596 1.38744705333374 1.7848957660608 1.69407011079602 1.12396982032806 1.03355332650244 1.83446403522976 1.09635305451229 1.11915801488794 1.69583513215184 1.70868127793074 1.23519078106619 1.42193158552982 1.14603892061859 1.22474671038799 1.25615115626715 1.10304528358392 1.59290793188848 1.11628769640811 1.6967160680797 1.32230944372714 1.9359496217221 1.88333398941904 1.8900774247013 1.66013900726102 0
