0 1.48872959217988 1.42111582821235 1.30620780936442 1.55354182352312 1.16133819683455 1.78044589143246 0.936716084601358 1.07351319445297 1.07807958708145 1.07561898953281 1.76823743269779 1.65767925791442 1.90452191838995 1.60263901972212 1.18411935609765 1.50860790559091 1.13702623313293 1.36352936318144 0.980759759899229 1.67652447358705 1.3043285808526 1.69037869060412 1.62476841406897 1.82512557459995 1.72450164146721 1.35088319005445 1.0762689365074 1.85053722327575 1.91929674847052
1.48872959217988 0 1.61116299894638 1.3483857717365 1.00990047049709 1.90365134738386 1.17253020359203 1.36318534682505 1.02036902750842 1.3647902503144 0.972985514672473 1.55767980939709 0.997760760132223 1.28903002128936 1.22805614466779 1.82322109141387 1.06839029211551 1.48931268439628 1.35865529137664 1.34819588717073 1.29283079272136 1.87875371403061 1.72903029085137 1.42447084817104 1.48756249947473 1.60280882078223 0.974399782251567 1.75583605607972 1.19170914706774 1.67390626855195
1.42111582821235 1.61116299894638 0 1.74675406538881 1.0534705426544 1.79614371503703 1.02408984396607 1.43379300367087 1.56077324599028 1.62142150942236 1.26889840117656 1.44447340536863 1.56808252609335 1.44249739381485 1.50466291536577 1.08724841941148 1.1708234550897 1.73338924860582 1.74673047871329 1.51987125980668 1.84511326136999 1.76784786791541 1.62346833664924 1.91292353463359 1.69489345070906 1.86742616537958 0.943500032881275 1.04605835326947 1.6188900093548 1.87494909577072
1.30620780936442 1.3483857717365 1.74675406538881 0 1.22009731596336 1.27054194640368 1.01258444436826 1.34291865932755 1.01092998427339 1.9101916148793 1.35223328974098 1.90536687383428 1.0433729828801 1.12961288751103 1.56300476449542 1.85572629724629 1.09263935429044 0.979675236158073 1.75589316454716 1.27833385509439 1.24946091882885 1.56679757102393 1.86499604093842 1.48518639965914 1.77948753070086 1.35638587595895 1.65284645231441 1.04082040465437 1.10217744554393 1.56782992463559
1.55354182352312 1.00990047049709 1.0534705426544 1.22009731596336 0 1.62777459970675 1.66529031912796 1.63084514904767 1.22418526001275 1.39931313111447 1.44486499740742 1.44330632453784 1.04555847938173 0.97106433683075 1.78403616137803 0.979411508655176 1.25500301667489 1.59140090108849 0.93588021537289 1.55837918817997 1.61624554498121 1.87760846759193 1.69416012684815 1.86885866033845 1.88778768084012 1.64325402677059 1.21774934581481 1.81974288425408 1.54502788884565 1.59742239303887
1.16133819683455 1.90365134738386 1.79614371503703 1.27054194640368 1.62777459970675 0 1.10532911331393 1.34759683744051 1.0280935363844 1.15536401001737 1.794086643029 1.33087776228786 1.93192595848814 1.51727501209825 1.55609588976949 1.13708103774115 1.58503503026441 1.48875042400323 1.7972841297742 1.4569268070627 1.8553477844689 1.27820598031394 1.61386380740441 1.27341478201561 1.62464323383756 1.61521068471484 1.68042370351031 1.67629983229563 1.37734292657115 0.987675365293398
1.78044589143246 1.17253020359203 1.02408984396607 1.01258444436826 1.66529031912796 1.10532911331393 0 0.967501364648342 1.89347689738497 1.04350541136228 1.26831925963052 1.7969244455453 1.87536819651723 0.960291508585215 1.90136691485532 1.77715084818192 1.55835216818377 1.37968575302511 1.7016641846858 1.63234441867098 1.05910986801609 1.03289564698935 1.78967558592558 1.78884039539844 1.26150583475828 1.24132041609846 1.69016802171245 1.20135057414882 1.18915666011162 1.49464267352596
0.936716084601358 1.36318534682505 1.43379300367087 1.34291865932755 1.63084514904767 1.34759683744051 0.967501364648342 0 1.09255101438612 1.50667487317696 1.08491917653009 1.7138694585301 1.19273827248253 1.36738157947548 1.75105216423981 1.54400407476351 1.92858220636845 1.78068633703515 1.0428097860422 1.38682513381355 1.69773990544491 1.83319805632345 1.41563321137801 1.15519013162702 1.62609441811219 1.30776586919092 1.00911601516418 1.89561396837234 1.13322425144725 1.43523022742011
1.07351319445297 1.02036902750842 1.56077324599028 1.01092998427339 1.22418526001275 1.0280935363844 1.89347689738497 1.09255101438612 0 1.56459717801772 1.81938007567078 1.11217255867086 1.29260562849231 1.4366030045785 1.3201867765747 0.953764929203317 1.76417378103361 1.74817308736965 1.69434605771676 1.46664822404273 1.43740347889252 1.4654806794133 1.03489749180153 1.35935678193346 1.54393511079252 1.47556113195606 1.37178769172169 1.91616117628291 1.51300921454094 1.69924874976277
1.07807958708145 1.3647902503144 1.62142150942236 1.9101916148793 1.39931313111447 1.15536401001737 1.04350541136228 1.50667487317696 1.56459717801772 0 1.6019307076931 1.6479086226318 1.85172771243379 1.44574515218846 0.962393165798858 1.41343547590077 1.22218734631315 1.08025983232073 1.15424659685232 1.13216875772923 1.14085251349024 1.12140661734156 0.997097281273454 1.47496276372112 1.55922775878571 1.20689415326342 1.24944393686019 0.946105485549197 1.21821101102978 1.69639951572753
1.07561898953281 0.972985514672473 1.26889840117656 1.35223328974098 1.44486499740742 1.794086643029 1.26831925963052 1.08491917653009 1.81938007567078 1.6019307076931 0 1.39847998833284 1.41310511669144 1.50941919069737 1.80821360019036 1.37900357972831 1.44768680958077 1.92032617144287 1.09486338077113 1.32769262883812 1.89705809182487 1.08798379520886 1.68810705747455 1.66217207279988 1.00290422490798 1.57547349203378 0.997425863752142 1.13955725100823 1.50161145743914 1.85920408065431
1.76823743269779 1.55767980939709 1.44447340536863 1.90536687383428 1.44330632453784 1.33087776228786 1.7969244455453 1.7138694585301 1.11217255867086 1.6479086226318 1.39847998833284 0 1.35735212918371 1.33945183898322 1.16217225301079 1.23129453416914 1.63241216167808 1.06024073436856 1.23292247508653 1.29367397259921 1.43471718695946 1.29841851396486 1.28149119438604 1.22890309547074 0.939793801633641 1.87908264761791 1.5269372407347 1.17723558424041 1.45254711364396 0.9360581478104
1.65767925791442 0.997760760132223 1.56808252609335 1.0433729828801 1.04555847938173 1.93192595848814 1.87536819651723 1.19273827248253 1.29260562849231 1.85172771243379 1.41310511669144 1.35735212918371 0 1.61338836466894 1.1707527260296 1.12773825414479 1.89861659076996 1.36096370173618 1.05631348537281 1.1170353081543 1.57319333776832 0.938321571331471 1.52159317256883 1.81812195666134 1.7750280587934 1.70244044577703 0.990789618575945 1.63481464539655 1.38079217774794 1.12192635098472
1.90452191838995 1.28903002128936 1.44249739381485 1.12961288751103 0.97106433683075 1.51727501209825 0.960291508585215 1.36738157947548 1.4366030045785 1.44574515218846 1.50941919069737 1.33945183898322 1.61338836466894 0 1.32580973603763 1.46467697713524 1.64949140930548 1.64872038085014 1.82996314880438 1.61430579470471 1.82020420348272 1.53238134947605 1.08747942373157 1.75158412870951 1.66409184457734 1.66547289886512 1.42745161103085 1.1601857803762 1.27928262203932 1.0538765292149
1.60263901972212 1.22805614466779 1.50466291536577 1.56300476449542 1.78403616137803 1.55609588976949 1.90136691485532 1.75105216423981 1.3201867765747 0.962393165798858 1.80821360019036 1.16217225301079 1.1707527260296 1.32580973603763 0 1.60571947460994 1.63785651815124 1.05326282489114 1.90592465922236 1.84161590575241 1.47092852718197 0.933730587130412 1.03364489087835 1.659785061609 1.63292324799113 1.00730645097792 1.59595877258107 1.74166819197126 1.04022862343118 0.948232613038272
1.18411935609765 1.82322109141387 1.08724841941148 1.85572629724629 0.979411508655176 1.13708103774115 1.77715084818192 1.54400407476351 0.953764929203317 1.41343547590077 1.37900357972831 1.23129453416914 1.12773825414479 1.46467697713524 1.60571947460994 0 1.00057823606767 0.974973748670891 1.51568031776696 1.07259158510715 1.90455852588639 0.963843084638938 1.58446200098842 1.31346034584567 0.9928771359846 1.50979448761791 1.62415162450634 1.83911949396133 1.5419098152779 1.6848279251717
1.50860790559091 1.06839029211551 1.1708234550897 1.09263935429044 1.25500301667489 1.58503503026441 1.55835216818377 1.92858220636845 1.76417378103361 1.22218734631315 1.44768680958077 1.63241216167808 1.89861659076996 1.64949140930548 1.63785651815124 1.00057823606767 0 1.87299104873091 1.74074134533294 1.87353838747367 1.54300727345981 1.67350871185772 1.13074443186633 1.52742003160529 1.74122610548511 1.50229164515622 1.3016136882361 1.09487281506881 1.62136836838908 1.59065879369155
1.13702623313293 1.48931268439628 1.73338924860582 0.979675236158073 1.59140090108849 1.48875042400323 1.37968575302511 1.78068633703515 1.74817308736965 1.08025983232073 1.92032617144287 1.06024073436856 1.36096370173618 1.64872038085014 1.05326282489114 0.974973748670891 1.87299104873091 0 1.42411019350402 1.32406089035794 1.76637641107664 1.11905742995441 1.03731191926636 1.00451530143619 1.34016397409141 0.998031286057085 1.83424037648365 1.878036652226 1.7286363246385 1.90989960753359
1.36352936318144 1.35865529137664 1.74673047871329 1.75589316454716 0.93588021537289 1.7972841297742 1.7016641846858 1.0428097860422 1.69434605771676 1.15424659685232 1.09486338077113 1.23292247508653 1.05631348537281 1.82996314880438 1.90592465922236 1.51568031776696 1.74074134533294 1.42411019350402 0 1.4702441606205 1.66112360265106 0.977522778324783 1.29123738058843 1.63625344680622 1.69599503418431 1.82978979730979 1.09662262327038 1.92019678931683 1.89306854992174 1.59501363476738
0.980759759899229 1.34819588717073 1.51987125980668 1.27833385509439 1.55837918817997 1.4569268070627 1.63234441867098 1.38682513381355 1.46664822404273 1.13216875772923 1.32769262883812 1.29367397259921 1.1170353081543 1.61430579470471 1.84161590575241 1.07259158510715 1.87353838747367 1.32406089035794 1.4702441606205 0 1.78095649695024 1.27000501356088 1.69516991544515 1.69929850497283 1.73517470317893 1.55854909750633 1.37714084261097 1.64763257093728 1.55934711778536 1.45280122058466
1.67652447358705 1.29283079272136 1.84511326136999 1.24946091882885 1.61624554498121 1.8553477844689 1.05910986801609 1.69773990544491 1.43740347889252 1.14085251349024 1.89705809182487 1.43471718695946 1.57319333776832 1.82020420348272 1.47092852718197 1.90455852588639 1.54300727345981 1.76637641107664 1.66112360265106 1.78095649695024 0 1.36641882010736 1.84667824069038 1.35561910131946 1.78747429931536 0.965516618220136 1.18396340031177 1.18016914301552 1.09100991813466 1.77031186874956
1.3043285808526 1.87875371403061 1.76784786791541 1.56679757102393 1.87760846759193 1.27820598031394 1.03289564698935 1.83319805632345 1.4654806794133 1.12140661734156 1.08798379520886 1.29841851396486 0.938321571331471 1.53238134947605 0.933730587130412 0.963843084638938 1.67350871185772 1.11905742995441 0.977522778324783 1.27000501356088 1.36641882010736 0 1.79756100801751 1.84993983036838 1.80120237800293 1.88588352478109 1.37712628440931 1.07708578603342 1.04431982315145 1.88196320016868
1.69037869060412 1.72903029085137 1.62346833664924 1.86499604093842 1.69416012684815 1.61386380740441 1.78967558592558 1.41563321137801 1.03489749180153 0.997097281273454 1.68810705747455 1.28149119438604 1.52159317256883 1.08747942373157 1.03364489087835 1.58446200098842 1.13074443186633 1.03731191926636 1.29123738058843 1.69516991544515 1.84667824069038 1.79756100801751 0 1.64759430731647 1.62480054609478 1.88932792027481 1.37601720215753 1.09820164903067 1.06789627368562 1.04256722563878
1.62476841406897 1.42447084817104 1.91292353463359 1.48518639965914 1.86885866033845 1.27341478201561 1.78884039539844 1.15519013162702 1.35935678193346 1.47496276372112 1.66217207279988 1.22890309547074 1.81812195666134 1.75158412870951 1.659785061609 1.31346034584567 1.52742003160529 1.00451530143619 1.63625344680622 1.69929850497283 1.35561910131946 1.84993983036838 1.64759430731647 0 1.34366231411695 1.35628820536658 1.88067669398151 1.15813069744036 1.86518615600653 1.90820977254771
1.82512557459995 1.48756249947473 1.69489345070906 1.77948753070086 1.88778768084012 1.62464323383756 1.26150583475828 1.62609441811219 1.54393511079252 1.55922775878571 1.00290422490798 0.939793801633641 1.7750280587934 1.66409184457734 1.63292324799113 0.9928771359846 1.74122610548511 1.34016397409141 1.69599503418431 1.73517470317893 1.78747429931536 1.80120237800293 1.62480054609478 1.34366231411695 0 1.04072900023311 1.57841607998125 1.53015578421764 1.17529272963293 1.41728678368963
1.72450164146721 1.60280882078223 1.86742616537958 1.35638587595895 1.64325402677059 1.61521068471484 1.24132041609846 1.30776586919092 1.47556113195606 1.20689415326342 1.57547349203378 1.87908264761791 1.70244044577703 1.66547289886512 1.00730645097792 1.50979448761791 1.50229164515622 0.998031286057085 1.82978979730979 1.55854909750633 0.965516618220136 1.88588352478109 1.88932792027481 1.35628820536658 1.04072900023311 0 0.950904222903773 1.55454747285694 1.30728561687283 1.12005391833372
1.35088319005445 0.974399782251567 0.943500032881275 1.65284645231441 1.21774934581481 1.68042370351031 1.69016802171245 1.00911601516418 1.37178769172169 1.24944393686019 0.997425863752142 1.5269372407347 0.990789618575945 1.42745161103085 1.59595877258107 1.62415162450634 1.3016136882361 1.83424037648365 1.09662262327038 1.37714084261097 1.18396340031177 1.37712628440931 1.37601720215753 1.88067669398151 1.57841607998125 0.950904222903773 0 1.39883067994379 1.60951017099433 1.62164865317754
1.0762689365074 1.75583605607972 1.04605835326947 1.04082040465437 1.81974288425408 1.67629983229563 1.20135057414882 1.89561396837234 1.91616117628291 0.946105485549197 1.13955725100823 1.17723558424041 1.63481464539655 1.1601857803762 1.74166819197126 1.83911949396133 1.09487281506881 1.878036652226 1.92019678931683 1.64763257093728 1.18016914301552 1.07708578603342 1.09820164903067 1.15813069744036 1.53015578421764 1.55454747285694 1.39883067994379 0 1.45298433164135 1.51979522453621
1.85053722327575 1.19170914706774 1.6188900093548 1.10217744554393 1.54502788884565 1.37734292657115 1.18915666011162 1.13322425144725 1.51300921454094 1.21821101102978 1.50161145743914 1.45254711364396 1.38079217774794 1.27928262203932 1.04022862343118 1.5419098152779 1.62136836838908 1.7286363246385 1.89306854992174 1.55934711778536 1.09100991813466 1.04431982315145 1.06789627368562 1.86518615600653 1.17529272963293 1.30728561687283 1.60951017099433 1.45298433164135 0 1.59794904710725
1.91929674847052 1.67390626855195 1.87494909577072 1.56782992463559 1.59742239303887 0.987675365293398 1.49464267352596 1.43523022742011 1.69924874976277 1.69639951572753 1.85920408065431 0.9360581478104 1.12192635098472 1.0538765292149 0.948232613038272 1.6848279251717 1.59065879369155 1.90989960753359 1.59501363476738 1.45280122058466 1.77031186874956 1.88196320016868 1.04256722563878 1.90820977254771 1.41728678368963 1.12005391833372 1.62164865317754 1.51979522453621 1.59794904710725 0
