0 1.01951656141318 1.91007382120006 1.88236171007156 1.61355516710319 1.06071176333353 1.40092133195139 1.56552753504366 0.97978292661719 1.93120306381024 1.45770580018871 1.61351443873718 1.27206158451736 1.90790356812067 1.88891779119149 1.42364156316034 1.51160407089628 1.16391703719273 1.03586042043753 1.17913748580031 1.39920012536459 1.21646508900449 1.9322963017039 0.962348091881722 1.61707180412486 1.62401365418918 1.69004546315409 1.41651457571425 1.76863539312035 1.05494683561847
1.01951656141318 0 1.63700318429619 1.37034370191395 1.92878168867901 1.13782001752406 1.50050856173038 1.8669599108398 0.971273938193917 1.00534850126132 1.47696132143028 1.77792768110521 1.31370969046839 1.74776488821954 1.41284549981356 1.43984084273688 1.10263047902845 1.92040957114659 1.66137367719784 1.39264382212423 1.8286542634014 1.15092533896677 1.55963453720324 1.645422128262 1.16569001483731 1.94850426353514 1.04439371824265 0.982137955725193 1.53266690229066 1.67903720773757
1.91007382120006 1.63700318429619 0 1.35982328024693 0.981058898149058 1.12317883525975 1.32979710143991 1.54317308915779 1.37750341882929 1.81252960464917 1.8114473214373 1.74514588410966 1.18403295124881 1.21231301384978 1.86219692486338 1.0242267830763 1.86825567134656 1.09951942530461 1.41232245857827 1.42894948925823 0.962207995355129 1.60617180960253 1.22745118616149 1.9555944360327 1.7047215688508 0.967437574639916 1.48249112581834 1.20444825734012 1.16204628907144 1.28756124014035
1.88236171007156 1.37034370191395 1.35982328024693 0 1.27439531148411 1.38997077126987 1.61819823901169 1.65486334054731 1.50734933721833 1.20166372181848 1.85938588320278 1.86208208673634 1.22539292881265 1.43752850661986 1.11430969764479 1.59389392612502 1.00636441097595 1.91137716779485 1.90732051595114 1.3751655803062 1.54282094049267 1.32608234300278 1.0130443922244 1.8721238723956 1.78002501185983 1.74400927429087 1.84868296934292 1.31100456602871 1.74418480950408 1.44163823826239
1.61355516710319 1.92878168867901 0.981058898149058 1.27439531148411 0 1.44788759830408 1.71222841646522 1.60330852959305 1.88821252225898 1.87605460640043 1.08303873799741 1.16630981257185 1.52333096112125 1.22977921436541 1.43480618367903 1.08674118574709 1.03066531778313 1.33747034403495 1.03500795271248 1.38523390772752 1.73219439107925 1.9368433333002 1.39914378942922 1.87492901016958 1.95422560279258 1.90194224566221 1.55481328861788 1.44418750912882 1.1151255723089 1.0448561348021
1.06071176333353 1.13782001752406 1.12317883525975 1.38997077126987 1.44788759830408 0 1.647345662117 1.5803784946911 1.09642542432994 1.56652316893451 1.49231632892042 0.980432318057865 1.54265646357089 1.75605882238597 1.70720710093156 1.75245750602335 1.93200038187206 1.86272946395911 0.991880702786148 1.83224475197494 0.960041867336258 1.76544027542695 1.85833083814941 1.45835204957984 1.08933997200802 1.43680111248977 1.55617234157398 1.27492385380901 1.39596028602682 1.34934797417372
1.40092133195139 1.50050856173038 1.32979710143991 1.61819823901169 1.71222841646522 1.647345662117 0 1.82493506046012 1.01200231024995 1.93018486863002 1.17278582579456 1.50895788474008 1.55045281583443 1.75660019251518 1.22111672325991 1.47204417618923 1.62067118729465 1.88750887289643 1.57220885017887 1.70233556558378 1.29621674166992 1.70552552584559 1.19588687899522 1.08081002626568 1.05047036823817 1.20450138882734 1.35043714731 1.15673679742031 1.34361181943677 1.29947815323249
1.56552753504366 1.8669599108398 1.54317308915779 1.65486334054731 1.60330852959305 1.5803784946911 1.82493506046012 0 1.74482245207764 1.0820653506089 1.18837478710338 1.68869355157949 1.35193158034235 1.79789701057598 1.53277148678899 1.92034260323271 1.31256985827349 1.92290566442534 1.9502922880929 1.09748484636657 1.57207478187047 1.94506981293671 1.31079481635243 1.05660692485981 1.74033025465906 1.33438807167113 1.60574619309045 1.23120140447281 1.24912827787921 1.21334614651278
0.97978292661719 0.971273938193917 1.37750341882929 1.50734933721833 1.88821252225898 1.09642542432994 1.01200231024995 1.74482245207764 0 1.33249390870333 1.31649317755364 1.10073497076519 1.91237030294724 1.0463569026906 1.77682427875698 0.974071410717443 1.20485214004293 1.1873297074344 1.0553621945437 1.46823775931261 1.901460778201 1.42926043830812 1.83114516315982 1.02422758447938 1.42243716586381 1.7556438788306 1.46973069594242 1.32437698426656 1.09935646783561 1.84685311396606
1.93120306381024 1.00534850126132 1.81252960464917 1.20166372181848 1.87605460640043 1.56652316893451 1.93018486863002 1.0820653506089 1.33249390870333 0 1.55930193536915 1.36202248511836 1.58794733672403 1.36930682277307 1.58124266494997 1.79890927369706 1.82540218043141 1.76716718240641 0.996630017878488 1.31492156186141 1.52413472393528 1.16496817348525 1.08729648822919 1.19884756533429 1.74016661383212 1.82148384861648 1.16039731609635 1.37467715260573 1.43145799357444 1.26759911887348
1.45770580018871 1.47696132143028 1.8114473214373 1.85938588320278 1.08303873799741 1.49231632892042 1.17278582579456 1.18837478710338 1.31649317755364 1.55930193536915 0 1.56689010327682 1.54073649761267 1.39810155821033 1.00425171339884 1.07444178825244 1.56741128163412 1.57435343507677 1.68338673957624 1.79168048244901 1.18667794740759 1.95302941347472 1.76256532291882 1.8243963625282 1.56647184793837 1.02638497576118 1.32084937021136 1.88528546807356 1.87380797998048 1.13131039892323
1.61351443873718 1.77792768110521 1.74514588410966 1.86208208673634 1.16630981257185 0.980432318057865 1.50895788474008 1.68869355157949 1.10073497076519 1.36202248511836 1.56689010327682 0 1.85528548806906 1.71812172047794 1.27561049629003 1.11148890433833 1.25543175148778 1.71994021511637 1.73862321767956 1.93256994173862 1.14017792325467 1.35226275888272 1.0303641827777 1.71449920767918 1.64591684448533 1.19911970035173 1.73726601270027 1.59476027498022 1.19737179600634 1.03997263452038
1.27206158451736 1.31370969046839 1.18403295124881 1.22539292881265 1.52333096112125 1.54265646357089 1.55045281583443 1.35193158034235 1.91237030294724 1.58794733672403 1.54073649761267 1.85528548806906 0 1.60306484275497 1.63129824446514 1.0588724843692 1.53918645903468 1.66500821569934 1.23438670230098 1.41432013735175 1.54949408373795 1.77172252722085 1.75043182238005 1.61521291639656 1.69813381996937 1.78205876937136 1.0686163790524 1.70038840849884 1.17891826014966 1.41493410826661
1.90790356812067 1.74776488821954 1.21231301384978 1.43752850661986 1.22977921436541 1.75605882238597 1.75660019251518 1.79789701057598 1.0463569026906 1.36930682277307 1.39810155821033 1.71812172047794 1.60306484275497 0 1.15809576236643 1.40290996595286 1.49651926662773 1.86963793309405 1.84613954136148 1.56425031577237 1.39330874406733 1.44064765167423 1.31745615438558 1.35292897582985 1.84547037701122 1.45059703895822 1.29159836308099 1.89615754899569 1.32026494364254 0.97485011187382
1.88891779119149 1.41284549981356 1.86219692486338 1.11430969764479 1.43480618367903 1.70720710093156 1.22111672325991 1.53277148678899 1.77682427875698 1.58124266494997 1.00425171339884 1.27561049629003 1.63129824446514 1.15809576236643 0 1.19491843366995 1.95283770654351 1.05607031146064 1.38155458844267 1.93906644661911 1.12247760104947 1.35846210177988 1.40221293200739 1.27507637743838 1.15074794902466 1.27158284257166 1.91044827527367 1.06609594007023 1.61376738594845 1.54739950690418
1.42364156316034 1.43984084273688 1.0242267830763 1.59389392612502 1.08674118574709 1.75245750602335 1.47204417618923 1.92034260323271 0.974071410717443 1.79890927369706 1.07444178825244 1.11148890433833 1.0588724843692 1.40290996595286 1.19491843366995 0 1.24262338480912 1.1833326627966 1.88918815040961 1.07514578942209 1.47217112244107 1.18620114587247 1.85906216525473 1.5273340085987 1.60821273759939 1.42374914349057 1.1215981550049 1.36742498818785 1.29990362282842 1.74875888135284
1.51160407089628 1.10263047902845 1.86825567134656 1.00636441097595 1.03066531778313 1.93200038187206 1.62067118729465 1.31256985827349 1.20485214004293 1.82540218043141 1.56741128163412 1.25543175148778 1.53918645903468 1.49651926662773 1.95283770654351 1.24262338480912 0 1.84976361365989 1.27428586292081 1.09800700284541 1.03220885246992 1.92547457967885 1.61876135435887 1.07850734097883 1.68927824869752 1.04175208625384 1.59096381720155 1.51045552478172 1.23867333587259 1.77737681660801
1.16391703719273 1.92040957114659 1.09951942530461 1.91137716779485 1.33747034403495 1.86272946395911 1.88750887289643 1.92290566442534 1.1873297074344 1.76716718240641 1.57435343507677 1.71994021511637 1.66500821569934 1.86963793309405 1.05607031146064 1.1833326627966 1.84976361365989 0 1.12573756393977 1.72508083540015 1.7606406470295 1.86905192327686 1.88668030360714 1.13766041141935 1.08633580175228 1.01772035146132 1.59059942699969 1.36916669807397 1.83801259845495 1.21787778171711
1.03586042043753 1.66137367719784 1.41232245857827 1.90732051595114 1.03500795271248 0.991880702786148 1.57220885017887 1.9502922880929 1.0553621945437 0.996630017878488 1.68338673957624 1.73862321767956 1.23438670230098 1.84613954136148 1.38155458844267 1.88918815040961 1.27428586292081 1.12573756393977 0 1.78404010972008 1.19270111806691 1.85949554154649 1.18390938895755 1.24838562146761 1.24825945217162 1.91383748967201 1.36257667466998 1.67619583406486 1.6154620074667 1.76795694720931
1.17913748580031 1.39264382212423 1.42894948925823 1.3751655803062 1.38523390772752 1.83224475197494 1.70233556558378 1.09748484636657 1.46823775931261 1.31492156186141 1.79168048244901 1.93256994173862 1.41432013735175 1.56425031577237 1.93906644661911 1.07514578942209 1.09800700284541 1.72508083540015 1.78404010972008 0 1.44900669949129 1.70245885336772 1.43973300093785 1.49117815354839 1.74916915060021 1.82900803908706 1.26975001464598 1.84868155000731 1.6380045551341 1.12090425612405
1.39920012536459 1.8286542634014 0.962207995355129 1.54282094049267 1.73219439107925 0.960041867336258 1.29621674166992 1.57207478187047 1.901460778201 1.52413472393528 1.18667794740759 1.14017792325467 1.54949408373795 1.39330874406733 1.12247760104947 1.47217112244107 1.03220885246992 1.7606406470295 1.19270111806691 1.44900669949129 0 1.34934698068537 1.83336944505572 1.27132232394069 1.70424763089977 1.39743285556324 1.79001717385836 1.09876771550626 0.99417488835752 1.67772860173136
1.21646508900449 1.15092533896677 1.60617180960253 1.32608234300278 1.9368433333002 1.76544027542695 1.70552552584559 1.94506981293671 1.42926043830812 1.16496817348525 1.95302941347472 1.35226275888272 1.77172252722085 1.44064765167423 1.35846210177988 1.18620114587247 1.92547457967885 1.86905192327686 1.85949554154649 1.70245885336772 1.34934698068537 0 1.44354378967546 1.86736438260414 1.35055020987056 1.75303337164223 1.16464588954113 1.74021766032092 1.92441086447798 1.57149451738223
1.9322963017039 1.55963453720324 1.22745118616149 1.0130443922244 1.39914378942922 1.85833083814941 1.19588687899522 1.31079481635243 1.83114516315982 1.08729648822919 1.76256532291882 1.0303641827777 1.75043182238005 1.31745615438558 1.40221293200739 1.85906216525473 1.61876135435887 1.88668030360714 1.18390938895755 1.43973300093785 1.83336944505572 1.44354378967546 0 1.95730483275838 1.37043935828842 1.2507408070378 1.45768931927159 1.85466303932481 1.86569891590625 1.32839382928796
0.962348091881722 1.645422128262 1.9555944360327 1.8721238723956 1.87492901016958 1.45835204957984 1.08081002626568 1.05660692485981 1.02422758447938 1.19884756533429 1.8243963625282 1.71449920767918 1.61521291639656 1.35292897582985 1.27507637743838 1.5273340085987 1.07850734097883 1.13766041141935 1.24838562146761 1.49117815354839 1.27132232394069 1.86736438260414 1.95730483275838 0 1.83412135974504 0.988156861392781 1.11086473171599 1.48880669171922 1.90925557678565 1.88628355623223
1.61707180412486 1.16569001483731 1.7047215688508 1.78002501185983 1.95422560279258 1.08933997200802 1.05047036823817 1.74033025465906 1.42243716586381 1.74016661383212 1.56647184793837 1.64591684448533 1.69813381996937 1.84547037701122 1.15074794902466 1.60821273759939 1.68927824869752 1.08633580175228 1.24825945217162 1.74916915060021 1.70424763089977 1.35055020987056 1.37043935828842 1.83412135974504 0 1.70462135481648 1.45944393821992 1.48289616522379 0.967649208148941 1.42229171050712
1.62401365418918 1.94850426353514 0.967437574639916 1.74400927429087 1.90194224566221 1.43680111248977 1.20450138882734 1.33438807167113 1.7556438788306 1.82148384861648 1.02638497576118 1.19911970035173 1.78205876937136 1.45059703895822 1.27158284257166 1.42374914349057 1.04175208625384 1.01772035146132 1.91383748967201 1.82900803908706 1.39743285556324 1.75303337164223 1.2507408070378 0.988156861392781 1.70462135481648 0 1.18456445471384 1.53205434652045 0.99363477434963 1.4632802058477
1.69004546315409 1.04439371824265 1.48249112581834 1.84868296934292 1.55481328861788 1.55617234157398 1.35043714731 1.60574619309045 1.46973069594242 1.16039731609635 1.32084937021136 1.73726601270027 1.0686163790524 1.29159836308099 1.91044827527367 1.1215981550049 1.59096381720155 1.59059942699969 1.36257667466998 1.26975001464598 1.79001717385836 1.16464588954113 1.45768931927159 1.11086473171599 1.45944393821992 1.18456445471384 0 1.58800865802914 1.0110059841536 1.13179223891348
1.41651457571425 0.982137955725193 1.20444825734012 1.31100456602871 1.44418750912882 1.27492385380901 1.15673679742031 1.23120140447281 1.32437698426656 1.37467715260573 1.88528546807356 1.59476027498022 1.70038840849884 1.89615754899569 1.06609594007023 1.36742498818785 1.51045552478172 1.36916669807397 1.67619583406486 1.84868155000731 1.09876771550626 1.74021766032092 1.85466303932481 1.48880669171922 1.48289616522379 1.53205434652045 1.58800865802914 0 1.13189014932141 1.5890020695515
1.76863539312035 1.53266690229066 1.16204628907144 1.74418480950408 1.1151255723089 1.39596028602682 1.34361181943677 1.24912827787921 1.09935646783561 1.43145799357444 1.87380797998048 1.19737179600634 1.17891826014966 1.32026494364254 1.61376738594845 1.29990362282842 1.23867333587259 1.83801259845495 1.6154620074667 1.6380045551341 0.99417488835752 1.92441086447798 1.86569891590625 1.90925557678565 0.967649208148941 0.99363477434963 1.0110059841536 1.13189014932141 0 1.25596475484781
1.05494683561847 1.67903720773757 1.28756124014035 1.44163823826239 1.0448561348021 1.34934797417372 1.29947815323249 1.21334614651278 1.84685311396606 1.26759911887348 1.13131039892323 1.03997263452038 1.41493410826661 0.97485011187382 1.54739950690418 1.74875888135284 1.77737681660801 1.21787778171711 1.76795694720931 1.12090425612405 1.67772860173136 1.57149451738223 1.32839382928796 1.88628355623223 1.42229171050712 1.4632802058477 1.13179223891348 1.5890020695515 1.25596475484781 0
