0 0.96769285 0.94092345 0.98348296 0.97170067 0.9860852 0.9655158 0.99169195 0.9801504 0.92462224 0.7341567 0.990942 0.73495555 1.0076177 1.0172604 0.9370764 0.9402225 0.9123715 0.9229087 1.0034139 1.0087683 0.9943229 0.86179787 0.9924427 0.8567664 0.9827411 0.74704176 0.9405729 0.9939465 0.7397667
0.96769285 0 0.9698763 0.3237028 0.32493562 0.62534213 0.610752 0.74650043 0.7601521 0.95866317 0.9691478 0.7087749 0.96406794 0.5741809 0.57461107 1.0045581 1.0045581 0.9713354 0.9687838 0.7593259 0.75822586 0.76485085 0.9479691 0.76623845 0.9808897 0.5660542 0.99056727 1.033348 0.615281 0.97024083
0.94092345 0.9698763 0 0.99999183 0.98051995 0.99056727 0.9816297 0.9651536 0.98645765 0.29663607 0.9374253 0.990942 0.93672764 0.982 0.9857129 0.93987226 0.936379 0.30050746 0.29737902 0.98907024 0.9898184 0.98869646 0.93847305 0.9969631 0.9608204 0.97867405 0.9706055 0.94549555 0.982 0.94162506
0.98348296 0.3237028 0.99999183 0 0.23767869 0.6306556 0.6180116 0.7459595 0.7524766 0.97243166 0.9838541 0.7141975 0.9838541 0.57181937 0.57957584 1.001891 0.99658537 0.9779369 0.9746289 0.7631891 0.7640195 0.7494826 0.9853408 0.7456892 1.0022715 0.568611 0.9860852 1.0238891 0.63297755 0.97426224
0.97170067 0.32493562 0.98051995 0.23767869 0 0.6267246 0.6155082 0.7574018 0.7601521 0.97426224 0.9831119 0.714716 0.98125964 0.5643545 0.5724627 1.0072346 0.99658537 0.9845971 0.97206604 0.7601521 0.7607034 0.7563045 0.9816297 0.74893945 1.014548 0.5698927 0.9768326 1.0266355 0.6184676 0.9738958
0.9860852 0.62534213 0.99056727 0.6306556 0.6267246 0 0.23002975 0.7587757 0.7593259 0.98907024 0.98496884 0.70595 0.9838541 0.62143886 0.62396216 1.0068517 1.0045581 0.99056727 0.9901927 0.76429653 0.76707226 0.7502979 1.0022715 0.74622995 0.9977191 0.6123341 0.9962078 1.0195932 0.42722434 0.97024083
0.9655158 0.610752 0.9816297 0.6180116 0.6155082 0.23002975 0 0.73923063 0.73709005 0.9827411 0.97426224 0.7005865 0.9827411 0.6150539 0.62258476 0.98757625 0.9958304 0.9842255 0.98125964 0.7448788 0.75138646 0.73709005 0.9831119 0.7312348 0.99131685 0.6091733 0.9779369 1.0068517 0.42299402 0.9500957
0.99169195 0.74650043 0.9651536 0.7459595 0.7574018 0.7587757 0.73923063 0 0.20464435 0.9746289 0.99131685 0.7389627 0.9842255 0.7432607 0.7400349 1.0064689 1.0041765 0.9476152 0.959741 0.5597 0.56477904 0.496818 0.9658782 0.49740008 0.9860852 0.74433905 0.99734104 1.0103053 0.7386949 0.98237044
0.9801504 0.7601521 0.98645765 0.7524766 0.7601521 0.7593259 0.73709005 0.20464435 0 0.97573 0.9775687 0.75384146 0.9775687 0.7609791 0.76346576 1.0126165 1.0030329 0.9666036 0.97316337 0.556543 0.5586462 0.496818 0.9698763 0.5003172 0.98907024 0.74514884 0.99281836 1.0087683 0.75493515 0.9790429
0.92462224 0.95866317 0.29663607 0.97243166 0.97426224 0.98907024 0.9827411 0.9746289 0.97573 0 0.928061 0.9746289 0.9266836 0.9709704 0.9783054 0.9242792 0.91949344 0.1918792 0.1884001 0.97316337 0.9727974 0.9637064 0.9353342 0.9673296 0.93568236 0.9775687 0.94903165 0.94514287 0.97573 0.931862
0.7341567 0.9691478 0.9374253 0.9838541 0.9831119 0.98496884 0.97426224 0.99131685 0.9775687 0.928061 0 1.0118452 0.14591707 1.0030329 1.0053219 0.94127417 0.9572284 0.9110226 0.91406107 1.0172604 1.015322 0.99847597 0.8608519 0.99961257 0.8514572 0.97243166 0.4956552 0.97024083 0.99357027 0.38045728
0.990942 0.7087749 0.990942 0.7141975 0.714716 0.70595 0.7005865 0.7389627 0.75384146 0.9746289 1.0118452 0 1.0099207 0.71445674 0.7193987 1.030972 1.0157093 0.982 0.9691478 0.7706961 0.7813905 0.7729349 0.9768326 0.76985824 1.0091523 0.68721807 1.0227151 1.0353336 0.7026252 0.9924427
0.73495555 0.96406794 0.93672764 0.9838541 0.98125964 0.9838541 0.9827411 0.9842255 0.9775687 0.9266836 0.14591707 1.0099207 0 0.99545324 0.9969631 0.9370764 0.95080596 0.90766084 0.9069903 1.0080011 1.0068517 0.9962078 0.8678169 1.0011308 0.85896355 0.9709704 0.4935281 0.96769285 0.9783054 0.37549147
1.0076177 0.5741809 0.982 0.57181937 0.5643545 0.62143886 0.6150539 0.7432607 0.7609791 0.9709704 1.0030329 0.71445674 0.99545324 0 0.11731494 1.0149349 1.0072346 0.97243166 0.97352946 0.76540554 0.7681854 0.7623596 1.0072346 0.7640195 1.0110749 0.52608615 0.99169195 1.0389212 0.62075216 1.0034139
1.0172604 0.57461107 0.9857129 0.57957584 0.5724627 0.62396216 0.62258476 0.7400349 0.76346576 0.9783054 1.0053219 0.7193987 0.9969631 0.11731494 0 1.0072346 1.0068517 0.982 0.9831119 0.7729349 0.77884376 0.76485085 1.0080011 0.76374257 1.0325551 0.5277012 0.9950763 1.0522244 0.62488186 1.005704
0.9370764 1.0045581 0.93987226 1.001891 1.0072346 1.0068517 0.98757625 1.0064689 1.0126165 0.9242792 0.94127417 1.030972 0.9370764 1.0149349 1.0072346 0 0.10329801 0.92359364 0.9150766 1.025065 1.0317632 1.0188149 0.93568236 1.0188149 0.9511613 0.99658537 0.929441 0.4366517 1.0110749 0.9440858
0.9402225 1.0045581 0.936379 0.99658537 0.99658537 1.0045581 0.9958304 1.0041765 1.0030329 0.91949344 0.9572284 1.0157093 0.95080596 1.0072346 1.0068517 0.10329801 0 0.9222244 0.91473794 1.0137748 1.0238891 1.018426 0.9370764 1.0227151 0.9536536 0.9958304 0.9476152 0.43970087 1.0072346 0.95151687
0.9123715 0.9713354 0.30050746 0.9779369 0.9845971 0.99056727 0.9842255 0.9476152 0.9666036 0.1918792 0.9110226 0.982 0.90766084 0.97243166 0.982 0.92359364 0.9222244 0 0.09202131 0.9698763 0.9764649 0.9593815 0.92462224 0.96298385 0.9229087 0.97426224 0.946908 0.93672764 0.9898184 0.9205164
0.9229087 0.9687838 0.29737902 0.9746289 0.97206604 0.9901927 0.98125964 0.959741 0.97316337 0.1884001 0.91406107 0.9691478 0.9069903 0.97352946 0.9831119 0.9150766 0.91473794 0.09202131 0 0.96406794 0.97243166 0.9554389 0.92085767 0.9604604 0.91779155 0.9651536 0.94092345 0.936379 0.9816297 0.91473794
1.0034139 0.7593259 0.98907024 0.7631891 0.7601521 0.76429653 0.7448788 0.5597 0.556543 0.97316337 1.0172604 0.7706961 1.0080011 0.76540554 0.7729349 1.025065 1.0137748 0.9698763 0.96406794 0 0.07802105 0.56967896 0.9943229 0.5724627 1.0385218 0.74110866 1.0045581 1.0510052 0.76985824 0.9857129
1.0087683 0.75822586 0.9898184 0.7640195 0.7607034 0.76707226 0.75138646 0.56477904 0.5586462 0.9727974 1.015322 0.7813905 1.0068517 0.7681854 0.77884376 1.0317632 1.0238891 0.9764649 0.97243166 0.07802105 0 0.5709624 1.001891 0.5739659 1.0341415 0.74893945 1.0015109 1.0477637 0.77940893 0.9939465
0.9943229 0.76485085 0.98869646 0.7494826 0.7563045 0.7502979 0.73709005 0.496818 0.496818 0.9637064 0.99847597 0.7729349 0.9962078 0.7623596 0.76485085 1.0188149 1.018426 0.9593815 0.9554389 0.56967896 0.5709624 0 0.9838541 0.07746644 1.01069 0.75302225 0.99357027 1.0305767 0.7554826 0.9894442
0.86179787 0.9479691 0.93847305 0.9853408 0.9816297 1.0022715 0.9831119 0.9658782 0.9698763 0.9353342 0.8608519 0.9768326 0.8678169 1.0072346 1.0080011 0.93568236 0.9370764 0.92462224 0.92085767 0.9943229 1.001891 0.9838541 0 0.9753628 0.6590054 1.0103053 0.8700467 0.944438 0.9658782 0.85959244
0.9924427 0.76623845 0.9969631 0.7456892 0.74893945 0.74622995 0.7312348 0.49740008 0.5003172 0.9673296 0.99961257 0.76985824 1.0011308 0.7640195 0.76374257 1.0188149 1.0227151 0.96298385 0.9604604 0.5724627 0.5739659 0.07746644 0.9753628 0 1.0130024 0.7554826 0.99545324 1.0270288 0.7524766 0.98683035
0.8567664 0.9808897 0.9608204 1.0022715 1.014548 0.9977191 0.99131685 0.9860852 0.98907024 0.93568236 0.8514572 1.0091523 0.85896355 1.0110749 1.0325551 0.9511613 0.9536536 0.9229087 0.91779155 1.0385218 1.0341415 1.01069 0.6590054 1.0130024 0 1.0137748 0.8800019 0.9465546 0.9969631 0.8514572
0.9827411 0.5660542 0.97867405 0.568611 0.5698927 0.6123341 0.6091733 0.74433905 0.74514884 0.9775687 0.97243166 0.68721807 0.9709704 0.52608615 0.5277012 0.99658537 0.9958304 0.97426224 0.9651536 0.74110866 0.74893945 0.75302225 1.0103053 0.7554826 1.0137748 0 0.99961257 1.0289978 0.62304366 0.99281836
0.74704176 0.99056727 0.9706055 0.9860852 0.9768326 0.9962078 0.9779369 0.99734104 0.99281836 0.94903165 0.4956552 1.0227151 0.4935281 0.99169195 0.9950763 0.929441 0.9476152 0.946908 0.94092345 1.0045581 1.0015109 0.99357027 0.8700467 0.99545324 0.8800019 0.99961257 0 0.96406794 0.99961257 0.49063718
0.9405729 1.033348 0.94549555 1.0238891 1.0266355 1.0195932 1.0068517 1.0103053 1.0087683 0.94514287 0.97024083 1.0353336 0.96769285 1.0389212 1.0522244 0.4366517 0.43970087 0.93672764 0.936379 1.0510052 1.0477637 1.0305767 0.944438 1.0270288 0.9465546 1.0289978 0.96406794 0 1.0231062 0.9608204
0.9939465 0.615281 0.982 0.63297755 0.6184676 0.42722434 0.42299402 0.7386949 0.75493515 0.97573 0.99357027 0.7026252 0.9783054 0.62075216 0.62488186 1.0110749 1.0072346 0.9898184 0.9816297 0.76985824 0.77940893 0.7554826 0.9658782 0.7524766 0.9969631 0.62304366 0.99961257 1.0231062 0 0.97978103
0.7397667 0.97024083 0.94162506 0.97426224 0.9738958 0.97024083 0.9500957 0.98237044 0.9790429 0.931862 0.38045728 0.9924427 0.37549147 1.0034139 1.005704 0.9440858 0.95151687 0.9205164 0.91473794 0.9857129 0.9939465 0.9894442 0.85959244 0.98683035 0.8514572 0.99281836 0.49063718 0.9608204 0.97978103 0
