0 0.847732 0.8848668 0.91983426 0.9405729 0.92393637 0.9374253 0.84711295 0.84433347 0.9073255 0.9931942 0.8787099 1.002652 0.85488826 0.86148244 0.90398026 0.91203403 0.83972377 0.8474224 0.84433347 0.8514572 0.85114604 0.88064873 0.8517685 0.86749893 0.9783054 0.85864925 0.99847597 0.83972377 0.85520095
0.847732 0 0.9019803 0.931862 0.9419761 0.93672764 0.93324894 0.58828926 0.5839199 0.8989902 1.0083846 0.87677604 1.0095364 0.7157541 0.72858834 0.903313 0.91541547 0.59004414 0.58610135 0.39082533 0.3911622 0.3901521 0.88291705 0.38830376 0.8621135 1.0122308 0.41529983 1.0080011 0.5793593 0.25475803
0.8848668 0.9019803 0 0.929441 0.93324894 0.93324894 0.9335961 0.89469224 0.88910866 0.24623917 0.9775687 0.71238565 0.9924427 0.8851922 0.8887815 0.24818578 0.25097546 0.8848668 0.8838912 0.88226825 0.8858435 0.88259256 0.7152349 0.87967867 0.71783453 0.9958304 0.9150766 0.98683035 0.88194406 0.88780093
0.91983426 0.931862 0.929441 0 0.16873392 0.684224 0.6962725 0.9360306 0.928061 0.9301319 1.0037951 0.9184719 1.0053219 0.9433819 0.953297 0.9287507 0.93082345 0.927372 0.9287507 0.92154074 0.9335961 0.9479691 0.91711193 0.94267863 0.9232511 0.9853408 0.94903165 0.9901927 0.91915274 0.93151563
0.9405729 0.9419761 0.93324894 0.16873392 0 0.6884691 0.6965256 0.9557965 0.9433819 0.92840576 1.005704 0.93324894 1.0011308 0.9497408 0.9608204 0.92771643 0.936379 0.9433819 0.944438 0.9342909 0.9419761 0.95151687 0.927372 0.94867724 0.94549555 0.99131685 0.96841997 0.98869646 0.9395222 0.94232726
0.92393637 0.93672764 0.93324894 0.684224 0.6884691 0 0.105366655 0.936379 0.93151563 0.9391723 1.002652 0.9046481 1.0030329 0.95080596 0.96298385 0.94373375 0.9557965 0.9263396 0.9222244 0.93324894 0.94162506 0.9335961 0.9036466 0.9342909 0.92840576 0.96479154 0.9472615 0.9920673 0.93672764 0.93151563
0.9374253 0.93324894 0.9335961 0.6962725 0.6965256 0.105366655 0 0.93568236 0.9342909 0.94232726 1.0080011 0.90900373 1.014548 0.931862 0.9430302 0.94232726 0.9565121 0.9259958 0.93082345 0.929441 0.93777436 0.9225665 0.92119914 0.92359364 0.9342909 0.98757625 0.9419761 0.9931942 0.93987226 0.9256522
0.84711295 0.58828926 0.89469224 0.9360306 0.9557965 0.936379 0.93568236 0 0.08358984 0.91643286 1.0215429 0.877098 1.0357314 0.71445674 0.72384816 0.91203403 0.91813165 0.15201566 0.15213813 0.60222155 0.59954774 0.60669917 0.8910746 0.6060258 0.86877173 1.0087683 0.6073731 1.0297868 0.25884217 0.59422857
0.84433347 0.5839199 0.88910866 0.928061 0.9433819 0.93151563 0.9342909 0.08358984 0 0.91779155 1.0118452 0.86813504 1.0164845 0.70441365 0.7139384 0.9113596 0.92154074 0.14798503 0.14749794 0.5889469 0.58675706 0.5946704 0.8874743 0.59444946 0.8722831 0.9962078 0.60043794 1.0219333 0.2556012 0.5907033
0.9073255 0.8989902 0.24623917 0.9301319 0.92840576 0.9391723 0.94232726 0.91643286 0.91779155 0 0.9853408 0.7196597 0.9901927 0.89766514 0.895022 0.08080027 0.08470857 0.9036466 0.90031767 0.8864954 0.89304566 0.890091 0.7354886 0.88454145 0.71627367 0.99281836 0.92154074 1.002652 0.895022 0.8937039
0.9931942 1.0083846 0.9775687 1.0037951 1.005704 1.002652 1.0080011 1.0215429 1.0118452 0.9853408 0 1.0041765 0.08280771 1.005704 1.0011308 0.98125964 0.9939465 1.0211525 1.0141612 1.0188149 1.0286036 1.0137748 0.99961257 1.018426 0.97978103 0.40270612 1.0329514 0.29308018 0.99545324 1.0122308
0.8787099 0.87677604 0.71238565 0.9184719 0.93324894 0.9046481 0.90900373 0.877098 0.86813504 0.7196597 1.0041765 0 1.0064689 0.90665525 0.903313 0.71783453 0.7291169 0.8605368 0.86654574 0.8832416 0.8897634 0.8858435 0.63228023 0.8855178 0.6258027 0.9872032 0.87774235 0.9962078 0.85207987 0.8783872
1.002652 1.0095364 0.9924427 1.0053219 1.0011308 1.0030329 1.014548 1.0357314 1.0164845 0.9901927 0.08280771 1.0064689 0 1.01146 1.0030329 0.9931942 1.0045581 1.0305767 1.0207624 1.0234975 1.0297868 1.0207624 1.0011308 1.0227151 0.98645765 0.40630734 1.0286036 0.29782516 1.005704 1.0053219
0.85488826 0.7157541 0.8851922 0.9433819 0.9497408 0.95080596 0.931862 0.71445674 0.70441365 0.89766514 1.005704 0.90665525 1.01146 0 0.07580507 0.8989902 0.9123715 0.700841 0.6962725 0.73495555 0.73735726 0.72700495 0.8809723 0.7254249 0.8864954 0.99131685 0.7341567 1.0122308 0.7072328 0.7113522
0.86148244 0.72858834 0.8887815 0.953297 0.9608204 0.96298385 0.9430302 0.72384816 0.7139384 0.895022 1.0011308 0.903313 1.0030329 0.07580507 0 0.89766514 0.9106857 0.71083605 0.7051815 0.7413773 0.7446089 0.7336246 0.88682157 0.7330929 0.8973342 0.9894442 0.74353015 1.005704 0.7157541 0.721751
0.90398026 0.903313 0.24818578 0.9287507 0.92771643 0.94373375 0.94232726 0.91203403 0.9113596 0.08080027 0.98125964 0.71783453 0.9931942 0.8989902 0.89766514 0 0.07007396 0.9029796 0.9019803 0.88910866 0.8983274 0.8927168 0.7307048 0.88616943 0.7186162 0.9920673 0.9263396 1.0068517 0.9053166 0.8989902
0.91203403 0.91541547 0.25097546 0.93082345 0.936379 0.9557965 0.9565121 0.91813165 0.92154074 0.08470857 0.9939465 0.7291169 1.0045581 0.9123715 0.9106857 0.07007396 0 0.9130469 0.9106857 0.8927168 0.8996537 0.895022 0.7394986 0.8871479 0.7220128 0.99357027 0.9346385 1.0137748 0.91439945 0.90933985
0.83972377 0.59004414 0.8848668 0.927372 0.9433819 0.9263396 0.9259958 0.15201566 0.14798503 0.9036466 1.0211525 0.8605368 1.0305767 0.700841 0.71083605 0.9029796 0.9130469 0 0.045662243 0.5984365 0.5929046 0.6026681 0.88259256 0.6002153 0.86591095 1.005704 0.5935663 1.0223241 0.2565861 0.5962188
0.8474224 0.58610135 0.8838912 0.9287507 0.944438 0.9222244 0.93082345 0.15213813 0.14749794 0.90031767 1.0141612 0.86654574 1.0207624 0.6962725 0.7051815 0.9019803 0.9106857 0.045662243 0 0.59400773 0.5904835 0.5979924 0.88291705 0.5946704 0.8662283 1.001891 0.59599745 1.025065 0.2548985 0.59444946
0.84433347 0.39082533 0.88226825 0.92154074 0.9342909 0.93324894 0.929441 0.60222155 0.5889469 0.8864954 1.0188149 0.8832416 1.0234975 0.73495555 0.7413773 0.88910866 0.8927168 0.5984365 0.59400773 0 0.031033278 0.14288628 0.87581104 0.14155659 0.88259256 0.99847597 0.40716735 1.0080011 0.6019983 0.39453906
0.8514572 0.3911622 0.8858435 0.9335961 0.9419761 0.94162506 0.93777436 0.59954774 0.58675706 0.89304566 1.0286036 0.8897634 1.0297868 0.73735726 0.7446089 0.8983274 0.8996537 0.5929046 0.5904835 0.031033278 0 0.14409712 0.877098 0.14312829 0.8851922 1.0003713 0.40733945 1.015322 0.5973268 0.392005
0.85114604 0.3901521 0.88259256 0.9479691 0.95151687 0.9335961 0.9225665 0.60669917 0.5946704 0.890091 1.0137748 0.8858435 1.0207624 0.72700495 0.7336246 0.8927168 0.895022 0.6026681 0.5979924 0.14288628 0.14409712 0 0.8754896 0.015049997 0.86654574 0.9901927 0.40630734 1.0030329 0.60244477 0.3925111
0.88064873 0.88291705 0.7152349 0.91711193 0.927372 0.9036466 0.92119914 0.8910746 0.8874743 0.7354886 0.99961257 0.63228023 1.0011308 0.8809723 0.88682157 0.7307048 0.7394986 0.88259256 0.88291705 0.87581104 0.877098 0.8754896 0 0.87645423 0.43575725 0.9779369 0.88194406 0.99658537 0.86877173 0.8803252
0.8517685 0.38830376 0.87967867 0.94267863 0.94867724 0.9342909 0.92359364 0.6060258 0.59444946 0.88454145 1.018426 0.8855178 1.0227151 0.7254249 0.7330929 0.88616943 0.8871479 0.6002153 0.5946704 0.14155659 0.14312829 0.015049997 0.87645423 0 0.86591095 0.9901927 0.40527666 1.0064689 0.60222155 0.3914992
0.86749893 0.8621135 0.71783453 0.9232511 0.94549555 0.92840576 0.9342909 0.86877173 0.8722831 0.71627367 0.97978103 0.6258027 0.98645765 0.8864954 0.8973342 0.7186162 0.7220128 0.86591095 0.8662283 0.88259256 0.8851922 0.86654574 0.43575725 0.86591095 0 0.98348296 0.8842163 0.9958304 0.85802114 0.8703658
0.9783054 1.0122308 0.9958304 0.9853408 0.99131685 0.96479154 0.98757625 1.0087683 0.9962078 0.99281836 0.40270612 0.9872032 0.40630734 0.99131685 0.9894442 0.9920673 0.99357027 1.005704 1.001891 0.99847597 1.0003713 0.9901927 0.9779369 0.9901927 0.98348296 0 1.0003713 0.41217485 0.9827411 0.99658537
0.85864925 0.41529983 0.9150766 0.94903165 0.96841997 0.9472615 0.9419761 0.6073731 0.60043794 0.92154074 1.0329514 0.87774235 1.0286036 0.7341567 0.74353015 0.9263396 0.9346385 0.5935663 0.59599745 0.40716735 0.40733945 0.40630734 0.88194406 0.40527666 0.8842163 1.0003713 0 1.0122308 0.5946704 0.41390935
0.99847597 1.0080011 0.98683035 0.9901927 0.98869646 0.9920673 0.9931942 1.0297868 1.0219333 1.002652 0.29308018 0.9962078 0.29782516 1.0122308 1.005704 1.0068517 1.0137748 1.0223241 1.025065 1.0080011 1.015322 1.0030329 0.99658537 1.0064689 0.9958304 0.41217485 1.0122308 0 1.0034139 0.98794943
0.83972377 0.5793593 0.88194406 0.91915274 0.9395222 0.93672764 0.93987226 0.25884217 0.2556012 0.895022 0.99545324 0.85207987 1.005704 0.7072328 0.7157541 0.9053166 0.91439945 0.2565861 0.2548985 0.6019983 0.5973268 0.60244477 0.86877173 0.60222155 0.85802114 0.9827411 0.5946704 1.0034139 0 0.58413774
0.85520095 0.25475803 0.88780093 0.93151563 0.94232726 0.93151563 0.9256522 0.59422857 0.5907033 0.8937039 1.0122308 0.8783872 1.0053219 0.7113522 0.721751 0.8989902 0.90933985 0.5962188 0.59444946 0.39453906 0.392005 0.3925111 0.8803252 0.3914992 0.8703658 0.99658537 0.41390935 0.98794943 0.58413774 0
