0 0.9713354 0.9713354 0.96334505 0.98832285 0.98869646 1.0034139 0.98683035 1.0049399 1.0003713 0.97170067 1.025065 0.9637064 0.9962078 0.9977191 1.0076177 1.0064689 0.9924427 0.99847597 0.9779369 0.97499573 1.019204 0.98832285 1.0137748 0.9943229 0.97024083 1.0313674 1.0493827 0.9901927 0.96769285
0.9713354 0 0.6874681 0.67359257 0.49623638 0.4890999 0.17086585 0.17187122 0.414083 0.6899731 0.6723661 0.9808897 0.66796726 0.6760516 0.6812419 0.41547385 0.4163444 0.6232732 0.6212099 0.661417 0.6640787 0.9543672 0.9270277 0.9522284 0.52972496 0.671876 0.982 0.9801504 0.6745752 0.21163957
0.9713354 0.6874681 0 0.13219498 0.6847222 0.68571955 0.6922348 0.6884691 0.6899731 0.5220636 0.38311923 0.9901927 0.37962735 0.5166672 0.5212617 0.6782716 0.6852207 0.67016345 0.6745752 0.51626897 0.5174642 0.9872032 0.94162506 0.9860852 0.67629796 0.41252142 0.9924427 0.99545324 0.51289284 0.6852207
0.96334505 0.67359257 0.13219498 0 0.6837262 0.67359257 0.68223464 0.6772841 0.67975533 0.5289148 0.38045728 0.9831119 0.37598658 0.51626897 0.52427334 0.6713863 0.6782716 0.6590054 0.6623838 0.51547325 0.51547325 0.9746289 0.9167723 0.97352946 0.6684547 0.40373325 0.9845971 0.98348296 0.5113093 0.67040783
0.98832285 0.49623638 0.6847222 0.6837262 0 0.12874396 0.5005121 0.50148726 0.5152744 0.6874681 0.68173814 0.97609735 0.67876583 0.6834774 0.6834774 0.5083492 0.5150757 0.614373 0.6112037 0.68049824 0.67629796 0.9575869 0.94549555 0.95508146 0.5350124 0.6827315 0.95794547 0.9746289 0.6775309 0.4935281
0.98869646 0.4890999 0.68571955 0.67359257 0.12874396 0 0.49372122 0.497206 0.5065787 0.68972224 0.6733471 0.9738958 0.6696748 0.682483 0.6852207 0.49817687 0.50344145 0.6123341 0.6118817 0.67629796 0.6770375 0.95472425 0.9497408 0.9522284 0.53195745 0.6767909 0.94620144 0.96841997 0.67285645 0.4917922
1.0034139 0.17086585 0.6922348 0.68223464 0.5005121 0.49372122 0 0.12306659 0.4245776 0.7013504 0.6775309 0.9845971 0.67212105 0.6874681 0.69425094 0.4212384 0.42563516 0.6232732 0.6221262 0.6777777 0.68149 0.9626228 0.9604604 0.9637064 0.53419656 0.67975533 0.97867405 0.98832285 0.6745752 0.21736327
0.98683035 0.17187122 0.6884691 0.6772841 0.50148726 0.497206 0.12306659 0 0.4224669 0.6922348 0.6643211 0.9845971 0.6640787 0.6770375 0.6849714 0.4166929 0.41966185 0.6205234 0.6180116 0.67163116 0.67261124 0.9540103 0.9353342 0.9557965 0.5331779 0.68223464 0.97206604 0.97573 0.6696748 0.21722966
1.0049399 0.414083 0.6899731 0.67975533 0.5152744 0.5065787 0.4245776 0.4224669 0 0.70415795 0.682483 0.9831119 0.68223464 0.69399863 0.7005865 0.12224222 0.12118365 0.6130131 0.6130131 0.68721807 0.6884691 0.97867405 0.9458484 0.9775687 0.54322046 0.6854701 0.9775687 0.990942 0.69198316 0.41529983
1.0003713 0.6899731 0.5220636 0.5289148 0.6874681 0.68972224 0.7013504 0.6922348 0.70415795 0 0.52952236 1.0130024 0.5250785 0.105481744 0.10628789 0.6932422 0.6982995 0.6694307 0.6748211 0.45697227 0.45918247 0.9845971 0.9543672 0.98496884 0.6847222 0.5182621 0.99961257 1.0137748 0.23987852 0.697032
0.97170067 0.6723661 0.38311923 0.38045728 0.68173814 0.6733471 0.6775309 0.6643211 0.682483 0.52952236 0 0.9738958 0.04747114 0.5176636 0.5232681 0.68000287 0.6892207 0.66480625 0.66602045 0.5277012 0.52749914 0.9590223 0.91541547 0.95615417 0.67580533 0.40613547 0.9572284 0.9775687 0.51170486 0.6733471
1.025065 0.9808897 0.9901927 0.9831119 0.97609735 0.9738958 0.9845971 0.9845971 0.9831119 1.0130024 0.9738958 0 0.97867405 0.99658537 1.0015109 0.9790429 0.98237044 0.9658782 0.9713354 0.99169195 0.9901927 0.83210325 0.5741809 0.8305884 0.95866317 0.96334505 0.81679356 0.81679356 0.9920673 0.97426224
0.9637064 0.66796726 0.37962735 0.37598658 0.67876583 0.6696748 0.67212105 0.6640787 0.68223464 0.5250785 0.04747114 0.97867405 0 0.5134875 0.5202605 0.67555916 0.68397504 0.662142 0.66335183 0.5206608 0.52166253 0.9590223 0.9253087 0.9557965 0.6686986 0.40065598 0.9536536 0.97206604 0.5075618 0.66796726
0.9962078 0.6760516 0.5166672 0.51626897 0.6834774 0.682483 0.6874681 0.6770375 0.69399863 0.105481744 0.5176636 0.99658537 0.5134875 0 0.041634534 0.68621874 0.6924865 0.66796726 0.6713863 0.45275414 0.45348603 0.9655158 0.9504507 0.9673296 0.6782716 0.51249665 0.9827411 0.98794943 0.2337079 0.6832287
0.9977191 0.6812419 0.5212617 0.52427334 0.6834774 0.6852207 0.69425094 0.6849714 0.7005865 0.10628789 0.5232681 1.0015109 0.5202605 0.041634534 0 0.69148016 0.6972853 0.6713863 0.675067 0.45770827 0.45881367 0.9816297 0.96406794 0.98237044 0.68049824 0.5156721 0.9901927 0.99961257 0.23699258 0.6884691
1.0076177 0.41547385 0.6782716 0.6713863 0.5083492 0.49817687 0.4212384 0.4166929 0.12224222 0.6932422 0.68000287 0.9790429 0.67555916 0.68621874 0.69148016 0 0.033852633 0.6091733 0.60872287 0.6775309 0.680994 0.9687838 0.94549555 0.9662408 0.5331779 0.6770375 0.9680563 0.9827411 0.6795078 0.4102715
1.0064689 0.4163444 0.6852207 0.6782716 0.5150757 0.50344145 0.42563516 0.41966185 0.12118365 0.6982995 0.6892207 0.98237044 0.68397504 0.6924865 0.6972853 0.033852633 0 0.6132396 0.61256033 0.68149 0.684224 0.9746289 0.944438 0.9738958 0.5391052 0.6790131 0.9727974 0.98683035 0.6874681 0.41217485
0.9924427 0.6232732 0.67016345 0.6590054 0.614373 0.6123341 0.6232732 0.6205234 0.6130131 0.6694307 0.66480625 0.9658782 0.662142 0.66796726 0.6713863 0.6091733 0.6132396 0 0.026150651 0.6606927 0.6611755 0.95294064 0.92909575 0.95294064 0.6175558 0.662142 0.95794547 0.9860852 0.65876466 0.614373
0.99847597 0.6212099 0.6745752 0.6623838 0.6112037 0.6118817 0.6221262 0.6180116 0.6130131 0.6748211 0.66602045 0.9713354 0.66335183 0.6713863 0.675067 0.60872287 0.61256033 0.026150651 0 0.66456366 0.66504896 0.9575869 0.932902 0.95794547 0.61915225 0.6631097 0.96010065 0.9860852 0.6623838 0.61369276
0.9779369 0.661417 0.51626897 0.51547325 0.68049824 0.67629796 0.6777777 0.67163116 0.68721807 0.45697227 0.5277012 0.99169195 0.5206608 0.45275414 0.45770827 0.6775309 0.68149 0.6606927 0.66456366 0 0.020066053 0.9727974 0.91983426 0.97352946 0.6592462 0.5206608 0.9637064 0.97024083 0.45421863 0.6713863
0.97499573 0.6640787 0.5174642 0.51547325 0.67629796 0.6770375 0.68149 0.67261124 0.6884691 0.45918247 0.52749914 0.9901927 0.52166253 0.45348603 0.45881367 0.680994 0.684224 0.6611755 0.66504896 0.020066053 0 0.9713354 0.91983426 0.9709704 0.6590054 0.52246493 0.9644296 0.97352946 0.45770827 0.67261124
1.019204 0.9543672 0.9872032 0.9746289 0.9575869 0.95472425 0.9626228 0.9540103 0.97867405 0.9845971 0.9590223 0.83210325 0.9590223 0.9655158 0.9816297 0.9687838 0.9746289 0.95294064 0.9575869 0.9727974 0.9713354 0 0.81323624 0.014743978 0.96226203 0.9522284 0.38095567 0.38746512 0.9764649 0.95472425
0.98832285 0.9270277 0.94162506 0.9167723 0.94549555 0.9497408 0.9604604 0.9353342 0.9458484 0.9543672 0.91541547 0.5741809 0.9253087 0.9504507 0.96406794 0.94549555 0.944438 0.92909575 0.932902 0.91983426 0.91983426 0.81323624 0 0.8194727 0.93151563 0.9222244 0.81087404 0.828171 0.929441 0.9419761
1.0137748 0.9522284 0.9860852 0.97352946 0.95508146 0.9522284 0.9637064 0.9557965 0.9775687 0.98496884 0.95615417 0.8305884 0.9557965 0.9673296 0.98237044 0.9662408 0.9738958 0.95294064 0.95794547 0.97352946 0.9709704 0.014743978 0.8194727 0 0.95866317 0.946908 0.37714309 0.38462073 0.97316337 0.95615417
0.9943229 0.52972496 0.67629796 0.6684547 0.5350124 0.53195745 0.53419656 0.5331779 0.54322046 0.6847222 0.67580533 0.95866317 0.6686986 0.6782716 0.68049824 0.5331779 0.5391052 0.6175558 0.61915225 0.6592462 0.6590054 0.96226203 0.93151563 0.95866317 0 0.6770375 0.9827411 0.98832285 0.67163116 0.5356249
0.97024083 0.671876 0.41252142 0.40373325 0.6827315 0.6767909 0.67975533 0.68223464 0.6854701 0.5182621 0.40613547 0.96334505 0.40065598 0.51249665 0.5156721 0.6770375 0.6790131 0.662142 0.6631097 0.5206608 0.52246493 0.9522284 0.9222244 0.946908 0.6770375 0 0.9583042 0.96298385 0.50775856 0.67629796
1.0313674 0.982 0.9924427 0.9845971 0.95794547 0.94620144 0.97867405 0.97206604 0.9775687 0.99961257 0.9572284 0.81679356 0.9536536 0.9827411 0.9901927 0.9680563 0.9727974 0.95794547 0.96010065 0.9637064 0.9644296 0.38095567 0.81087404 0.37714309 0.9827411 0.9583042 0 0.2571495 0.9709704 0.9753628
1.0493827 0.9801504 0.99545324 0.98348296 0.9746289 0.96841997 0.98832285 0.97573 0.990942 1.0137748 0.9775687 0.81679356 0.97206604 0.98794943 0.99961257 0.9827411 0.98683035 0.9860852 0.9860852 0.97024083 0.97352946 0.38746512 0.828171 0.38462073 0.98832285 0.96298385 0.2571495 0 0.9698763 0.98496884
0.9901927 0.6745752 0.51289284 0.5113093 0.6775309 0.67285645 0.6745752 0.6696748 0.69198316 0.23987852 0.51170486 0.9920673 0.5075618 0.2337079 0.23699258 0.6795078 0.6874681 0.65876466 0.6623838 0.45421863 0.45770827 0.9764649 0.929441 0.97316337 0.67163116 0.50775856 0.9709704 0.9698763 0 0.6832287
0.96769285 0.21163957 0.6852207 0.67040783 0.4935281 0.4917922 0.21736327 0.21722966 0.41529983 0.697032 0.6733471 0.97426224 0.66796726 0.6832287 0.6884691 0.4102715 0.41217485 0.614373 0.61369276 0.6713863 0.67261124 0.95472425 0.9419761 0.95615417 0.5356249 0.67629796 0.9753628 0.98496884 0.6832287 0
