0 0.3206297 0.3215503 1.0091523 1.019204 0.56733155 0.556543 0.811759 0.5660542 0.5618121 0.800626 0.56903803 1.0215429 0.609624 0.6109778 0.6116556 0.6155082 0.61346614 1.0227151 1.0172604 1.0234975 0.8099901 0.8120542 0.8096957 0.32078305 0.6015522 0.32493562 1.0172604 0.57482624 0.57224816
0.3206297 0 0.17136838 1.0219333 1.0215429 0.582614 0.567971 0.8114639 0.5669055 0.5618121 0.800626 0.5828315 1.0219333 0.6082727 0.6171003 0.618924 0.610075 0.61346614 1.0293922 1.0227151 1.0254573 0.80646485 0.82156307 0.806758 0.24125668 0.6028915 0.21629508 1.0313674 0.5789264 0.5750415
0.3215503 0.17136838 0 1.0072346 1.018426 0.5778452 0.5632941 0.806758 0.5713908 0.56882447 0.7968549 0.5761186 1.0095364 0.6033384 0.610752 0.6123341 0.6017752 0.603562 1.01146 1.01146 1.0110749 0.80617183 0.80617183 0.80646485 0.23822805 0.59312516 0.21442941 1.014548 0.57181937 0.5703204
1.0091523 1.0219333 1.0072346 0 0.16673292 1.0223241 0.9920673 1.0099207 0.990942 0.99281836 1.0199828 1.0060863 0.18621783 0.9816297 0.9857129 0.98869646 0.9872032 0.9808897 0.18891452 0.18762916 0.18891452 1.0072346 1.0215429 1.0068517 0.9969631 0.9853408 1.0095364 0.22030865 1.0188149 1.0133885
1.019204 1.0215429 1.018426 0.16673292 0 1.0493827 1.014548 1.0207624 1.0034139 1.0011308 1.0301816 1.0130024 0.18878588 0.9920673 1.0030329 1.001891 1.001891 0.9946995 0.18994439 0.18930055 0.192396 1.0141612 1.0301816 1.0137748 1.0053219 0.99847597 1.0072346 0.22205454 1.0345387 1.0313674
0.56733155 0.582614 0.5778452 1.0223241 1.0493827 0 0.17212276 0.80091685 0.5413658 0.54425275 0.793967 0.293228 1.0530384 0.6216679 0.620981 0.618924 0.62373245 0.62143886 1.0473596 1.0477637 1.0542608 0.8017901 0.8079317 0.8000446 0.5713908 0.6112037 0.57525676 1.0441338 0.28660446 0.2950042
0.556543 0.567971 0.5632941 0.9920673 1.014548 0.17212276 0 0.79714435 0.5327709 0.5362379 0.793967 0.28660446 1.0172604 0.6155082 0.6091733 0.604457 0.61482686 0.6141462 1.0168724 1.0157093 1.0227151 0.79917336 0.80500084 0.7977235 0.56223524 0.5955548 0.5669055 1.0126165 0.28134742 0.28382534
0.811759 0.8114639 0.806758 1.0099207 1.0207624 0.80091685 0.79714435 0 0.8156059 0.8156059 0.13974719 0.80851924 1.0176488 0.81590265 0.8150128 0.8105793 0.81323624 0.81382793 1.0231062 1.015322 1.0199828 0.14047043 0.24860357 0.14155659 0.799754 0.80646485 0.8079317 1.0149349 0.81768554 0.8099901
0.5660542 0.5669055 0.5713908 0.990942 1.0034139 0.5413658 0.5327709 0.8156059 0 0.1282692 0.80910724 0.54570043 1.0022715 0.60849774 0.6103006 0.614373 0.6075979 0.60535306 0.99923354 0.9958304 0.99923354 0.8150128 0.82485974 0.8164965 0.55991095 0.59092313 0.56477904 1.015322 0.5426017 0.56054413
0.5618121 0.5618121 0.56882447 0.99281836 1.0011308 0.54425275 0.5362379 0.8156059 0.1282692 0 0.80851924 0.54095423 1.0015109 0.6033384 0.6116556 0.6132396 0.60512894 0.6015522 0.9924427 0.9901927 0.99281836 0.8105793 0.82156307 0.8114639 0.55110216 0.5966618 0.5637181 1.0011308 0.5454935 0.5519366
0.800626 0.800626 0.7968549 1.0199828 1.0301816 0.793967 0.793967 0.13974719 0.80910724 0.80851924 0 0.80910724 1.0258498 0.82305974 0.8105793 0.8088132 0.8179831 0.8242593 1.0286036 1.0238891 1.0231062 0.091682225 0.24846429 0.09269994 0.79598737 0.806758 0.79859304 1.0282096 0.8191745 0.8082254
0.56903803 0.5828315 0.5761186 1.0060863 1.0130024 0.293228 0.28660446 0.80851924 0.54570043 0.54095423 0.80910724 0 1.0282096 0.61346614 0.6155082 0.610075 0.61391944 0.6116556 1.0270288 1.0274222 1.0305767 0.812645 0.82395923 0.8111689 0.56626695 0.60512894 0.57525676 1.0141612 0.293228 0.2981227
1.0215429 1.0219333 1.0095364 0.18621783 0.18878588 1.0530384 1.0172604 1.0176488 1.0022715 1.0015109 1.0258498 1.0282096 0 0.9764649 0.99545324 0.99545324 0.98348296 0.97720057 0.058417104 0.056581646 0.059282407 1.0180373 1.0293922 1.0176488 0.9920673 0.98869646 1.0060863 0.2277231 1.0297868 1.0389212
0.609624 0.6082727 0.6033384 0.9816297 0.9920673 0.6216679 0.6155082 0.81590265 0.60849774 0.6033384 0.82305974 0.61346614 0.9764649 0 0.24818578 0.24874288 0.06101601 0.059065986 0.98348296 0.9801504 0.982 0.80646485 0.82186216 0.8073446 0.58960503 0.22867204 0.60647464 0.98496884 0.61391944 0.62741685
0.6109778 0.6171003 0.610752 0.9857129 1.0030329 0.620981 0.6091733 0.8150128 0.6103006 0.6116556 0.8105793 0.6155082 0.99545324 0.24818578 0 0.04555597 0.24707282 0.24568392 1.002652 1.000751 0.99658537 0.8111689 0.81382793 0.81294054 0.5955548 0.23043755 0.610752 1.0164845 0.6123341 0.62143886
0.6116556 0.618924 0.6123341 0.98869646 1.001891 0.618924 0.604457 0.8105793 0.614373 0.6132396 0.8088132 0.610075 0.99545324 0.24874288 0.04555597 0 0.24762909 0.24623917 0.99885464 0.99885464 0.99545324 0.8088132 0.8153093 0.8096957 0.5964403 0.23043755 0.6145999 1.015322 0.61278665 0.6235028
0.6155082 0.610075 0.6017752 0.9872032 1.001891 0.62373245 0.61482686 0.81323624 0.6075979 0.60512894 0.8179831 0.61391944 0.98348296 0.06101601 0.24707282 0.24762909 0 0.030616496 0.99658537 0.9939465 0.99357027 0.80500084 0.82186216 0.80646485 0.59246385 0.23343483 0.60804766 0.99281836 0.614373 0.62534213
0.61346614 0.61346614 0.603562 0.9808897 0.9946995 0.62143886 0.6141462 0.81382793 0.60535306 0.6015522 0.8242593 0.6116556 0.97720057 0.059065986 0.24568392 0.24623917 0.030616496 0 0.98757625 0.9838541 0.9842255 0.8088132 0.82546073 0.8094014 0.5926842 0.23070954 0.60894805 0.9901927 0.61278665 0.62258476
1.0227151 1.0293922 1.01146 0.18891452 0.18994439 1.0473596 1.0168724 1.0231062 0.99923354 0.9924427 1.0286036 1.0270288 0.058417104 0.98348296 1.002652 0.99885464 0.99658537 0.98757625 0 0.025012486 0.027394261 1.0219333 1.0317632 1.0211525 1.0003713 0.9920673 1.0099207 0.23098162 1.0317632 1.0301816
1.0172604 1.0227151 1.01146 0.18762916 0.18930055 1.0477637 1.0157093 1.015322 0.9958304 0.9901927 1.0238891 1.0274222 0.056581646 0.9801504 1.000751 0.99885464 0.9939465 0.9838541 0.025012486 0 0.023566402 1.0157093 1.0254573 1.014548 0.9939465 0.99169195 1.0060863 0.23057352 1.030972 1.0297868
1.0234975 1.0254573 1.0110749 0.18891452 0.192396 1.0542608 1.0227151 1.0199828 0.99923354 0.99281836 1.0231062 1.0305767 0.059282407 0.982 0.99658537 0.99545324 0.99357027 0.9842255 0.027394261 0.023566402 0 1.0172604 1.0274222 1.0160967 0.9946995 0.99131685 1.0076177 0.23152608 1.033348 1.0317632
0.8099901 0.80646485 0.80617183 1.0072346 1.0141612 0.8017901 0.79917336 0.14047043 0.8150128 0.8105793 0.091682225 0.812645 1.0180373 0.80646485 0.8111689 0.8088132 0.80500084 0.8088132 1.0219333 1.0157093 1.0172604 0 0.24540646 0.004312374 0.8017901 0.80500084 0.8079317 1.0126165 0.8194727 0.8191745
0.8120542 0.82156307 0.80617183 1.0215429 1.0301816 0.8079317 0.80500084 0.24860357 0.82485974 0.82156307 0.24846429 0.82395923 1.0293922 0.82186216 0.81382793 0.8153093 0.82186216 0.82546073 1.0317632 1.0254573 1.0274222 0.24540646 0 0.24623917 0.8047084 0.81323624 0.80851924 1.0270288 0.82455945 0.8188765
0.8096957 0.806758 0.80646485 1.0068517 1.0137748 0.8000446 0.7977235 0.14155659 0.8164965 0.8114639 0.09269994 0.8111689 1.0176488 0.8073446 0.81294054 0.8096957 0.80646485 0.8094014 1.0211525 1.014548 1.0160967 0.004312374 0.24623917 0 0.8014989 0.80646485 0.80851924 1.0137748 0.81768554 0.81738806
0.32078305 0.24125668 0.23822805 0.9969631 1.0053219 0.5713908 0.56223524 0.799754 0.55991095 0.55110216 0.79598737 0.56626695 0.9920673 0.58960503 0.5955548 0.5964403 0.59246385 0.5926842 1.0003713 0.9939465 0.9946995 0.8017901 0.8047084 0.8014989 0 0.59246385 0.23343483 1.0122308 0.5698927 0.56393015
0.6015522 0.6028915 0.59312516 0.9853408 0.99847597 0.6112037 0.5955548 0.80646485 0.59092313 0.5966618 0.806758 0.60512894 0.98869646 0.22867204 0.23043755 0.23043755 0.23343483 0.23070954 0.9920673 0.99169195 0.99131685 0.80500084 0.81323624 0.80646485 0.59246385 0 0.6040094 1.0053219 0.609624 0.62075216
0.32493562 0.21629508 0.21442941 1.0095364 1.0072346 0.57525676 0.5669055 0.8079317 0.56477904 0.5637181 0.79859304 0.57525676 1.0060863 0.60647464 0.610752 0.6145999 0.60804766 0.60894805 1.0099207 1.0060863 1.0076177 0.8079317 0.80851924 0.80851924 0.23343483 0.6040094 0 1.0157093 0.5713908 0.5735361
1.0172604 1.0313674 1.014548 0.22030865 0.22205454 1.0441338 1.0126165 1.0149349 1.015322 1.0011308 1.0282096 1.0141612 0.2277231 0.98496884 1.0164845 1.015322 0.99281836 0.9901927 0.23098162 0.23057352 0.23152608 1.0126165 1.0270288 1.0137748 1.0122308 1.0053219 1.0157093 0 1.0301816 1.0227151
0.57482624 0.5789264 0.57181937 1.0188149 1.0345387 0.28660446 0.28134742 0.81768554 0.5426017 0.5454935 0.8191745 0.293228 1.0297868 0.61391944 0.6123341 0.61278665 0.614373 0.61278665 1.0317632 1.030972 1.033348 0.8194727 0.82455945 0.81768554 0.5698927 0.609624 0.5713908 1.0301816 0 0.22596397
0.57224816 0.5750415 0.5703204 1.0133885 1.0313674 0.2950042 0.28382534 0.8099901 0.56054413 0.5519366 0.8082254 0.2981227 1.0389212 0.62741685 0.62143886 0.6235028 0.62534213 0.62258476 1.0301816 1.0297868 1.0317632 0.8191745 0.8188765 0.81738806 0.56393015 0.62075216 0.5735361 1.0227151 0.22596397 0
