0 0.6667499 0.6669932 0.45807657 0.45899805 0.68223464 0.6864684 0.6882187 0.6849714 0.624192 0.6228142 0.46084443 0.6244219 0.62396216 0.62189704 0.6313514 0.63928306 0.33800378 0.3361229 0.6972853 0.69956917 0.9943229 0.44204095 0.990942 0.34051898 0.6334428 1.000751 0.67802465 0.63928306 0.6343742
0.6667499 0 0.1274391 0.6767909 0.67114156 0.32124332 0.32447308 0.32032305 0.3226258 0.6494359 0.6558819 0.68173814 0.65181684 0.6522939 0.6530102 0.654684 0.65852404 0.67555916 0.67114156 0.5152744 0.5134875 0.9687838 0.6573219 0.9713354 0.66504896 0.64991146 0.9651536 0.32555276 0.67261124 0.6696748
0.6669932 0.1274391 0 0.6740837 0.675067 0.32617044 0.3286462 0.32555276 0.32493562 0.6515784 0.65564215 0.6790131 0.6578025 0.65972805 0.6580429 0.66602045 0.67114156 0.6807461 0.67432946 0.51170486 0.5091374 0.9860852 0.6699191 0.98832285 0.6669932 0.6573219 0.9898184 0.32694325 0.6807461 0.6713863
0.45807657 0.6767909 0.6740837 0 0.093265936 0.68198633 0.6854701 0.68796843 0.68049824 0.6212099 0.627186 0.4120016 0.6262635 0.6276477 0.6276477 0.6232732 0.6262635 0.4575242 0.4558696 0.6834774 0.6834774 1.005704 0.39538565 1.0015109 0.45293704 0.632745 1.0099207 0.6795078 0.6374092 0.63019204
0.45899805 0.67114156 0.675067 0.093265936 0 0.67531306 0.6767909 0.68298006 0.6775309 0.6182396 0.62235546 0.41495198 0.6258027 0.6267246 0.62488186 0.6232732 0.62741685 0.4571562 0.45623696 0.6795078 0.680994 1.0060863 0.39929235 1.0060863 0.45734018 0.6332101 1.01146 0.6812419 0.6378772 0.63088745
0.68223464 0.32124332 0.32617044 0.68198633 0.67531306 0 0.091795236 0.19368954 0.19084668 0.65038735 0.65253264 0.6775309 0.65444463 0.6520554 0.64919823 0.65876466 0.66286767 0.6770375 0.67212105 0.5202605 0.5190608 1.0003713 0.6699191 0.99999183 0.6748211 0.65972805 0.9969631 0.178566 0.6777777 0.6696748
0.6864684 0.32447308 0.3286462 0.6854701 0.6767909 0.091795236 0 0.19563407 0.19343066 0.6578025 0.6652917 0.6807461 0.6667499 0.6643211 0.66383636 0.6677236 0.6775309 0.6807461 0.67580533 0.5277012 0.5256829 0.99885464 0.67089695 0.9980974 0.6795078 0.6669932 0.9943229 0.1790737 0.68571955 0.6834774
0.6882187 0.32032305 0.32555276 0.68796843 0.68298006 0.19368954 0.19563407 0 0.08549268 0.6570817 0.66456366 0.68571955 0.6640787 0.6652917 0.6672366 0.6689425 0.6699191 0.6874681 0.6859691 0.520861 0.5202605 1.0083846 0.6777777 1.0099207 0.6827315 0.6623838 1.0072346 0.19784397 0.6892207 0.68223464
0.6849714 0.3226258 0.32493562 0.68049824 0.6775309 0.19084668 0.19343066 0.08549268 0 0.65277135 0.6616586 0.67975533 0.6580429 0.6640787 0.66286767 0.6689425 0.67089695 0.68621874 0.6844731 0.52246493 0.5220636 0.9924427 0.67383814 0.9943229 0.6807461 0.6643211 0.98496884 0.1968032 0.6847222 0.6748211
0.624192 0.6494359 0.6515784 0.6212099 0.6182396 0.65038735 0.6578025 0.6570817 0.65277135 0 0.08347805 0.6244219 0.09849323 0.09917775 0.10077738 0.31497735 0.32001656 0.6171003 0.6171003 0.6508636 0.6522939 0.9713354 0.6060258 0.9687838 0.6164175 0.31497735 0.99131685 0.6643211 0.3241649 0.31909782
0.6228142 0.6558819 0.65564215 0.627186 0.62235546 0.65253264 0.6652917 0.66456366 0.6616586 0.08347805 0 0.6294973 0.099406056 0.10180752 0.101922065 0.32124332 0.32570714 0.6216679 0.6198375 0.6542054 0.6575622 0.97352946 0.60669917 0.9727974 0.61687267 0.31589106 0.9958304 0.6669932 0.32586154 0.32124332
0.46084443 0.68173814 0.6790131 0.4120016 0.41495198 0.6775309 0.6807461 0.68571955 0.67975533 0.6244219 0.6294973 0 0.6297288 0.63088745 0.62880313 0.62373245 0.63297755 0.4647367 0.4628807 0.69198316 0.6927383 1.0091523 0.2951524 1.0103053 0.45678836 0.63857985 1.0095364 0.67654437 0.6465887 0.63998693
0.6244219 0.65181684 0.6578025 0.6262635 0.6258027 0.65444463 0.6667499 0.6640787 0.6580429 0.09849323 0.099406056 0.6297288 0 0.08381345 0.08459662 0.31741637 0.32170385 0.62396216 0.6232732 0.65612173 0.6573219 0.97024083 0.61142963 0.9687838 0.62373245 0.31741637 0.99961257 0.66480625 0.32493562 0.3213968
0.62396216 0.6522939 0.65972805 0.6276477 0.6267246 0.6520554 0.6643211 0.6652917 0.6640787 0.09917775 0.10180752 0.63088745 0.08381345 0 0.06493133 0.31909782 0.32339495 0.62075216 0.62006605 0.654684 0.65660155 0.9713354 0.610752 0.9687838 0.62006605 0.3181802 0.99545324 0.66504896 0.3281814 0.32354885
0.62189704 0.6530102 0.6580429 0.6276477 0.62488186 0.64919823 0.66383636 0.6672366 0.66286767 0.10077738 0.101922065 0.62880313 0.08459662 0.06493133 0 0.32093644 0.32539845 0.6205234 0.6198375 0.6568416 0.6568416 0.9783054 0.61256033 0.97720057 0.6145999 0.31604344 0.99847597 0.66796726 0.32508987 0.31909782
0.6313514 0.654684 0.66602045 0.6232732 0.6232732 0.65876466 0.6677236 0.6689425 0.6689425 0.31497735 0.32124332 0.62373245 0.31741637 0.31909782 0.32093644 0 0.04343373 0.63088745 0.62649405 0.67629796 0.6772841 0.99056727 0.6175558 0.99056727 0.62258476 0.2991651 1.0083846 0.6686986 0.30966946 0.29946318
0.63928306 0.65852404 0.67114156 0.6262635 0.62741685 0.66286767 0.6775309 0.6699191 0.67089695 0.32001656 0.32570714 0.63297755 0.32170385 0.32339495 0.32539845 0.04343373 0 0.6332101 0.62903446 0.6790131 0.6790131 0.9943229 0.620981 0.99281836 0.62926584 0.30260032 1.0076177 0.67432946 0.3133051 0.3062018
0.33800378 0.67555916 0.6807461 0.4575242 0.4571562 0.6770375 0.6807461 0.6874681 0.68621874 0.6171003 0.6216679 0.4647367 0.62396216 0.62075216 0.6205234 0.63088745 0.6332101 0 0.018731989 0.6854701 0.68397504 0.9801504 0.44168046 0.97573 0.2888058 0.6348403 0.9943229 0.68149 0.6390486 0.6313514
0.3361229 0.67114156 0.67432946 0.4558696 0.45623696 0.67212105 0.67580533 0.6859691 0.6844731 0.6171003 0.6198375 0.4628807 0.6232732 0.62006605 0.6198375 0.62649405 0.62903446 0.018731989 0 0.68397504 0.68223464 0.97941184 0.43862328 0.97609735 0.28733754 0.63088745 0.99961257 0.6785187 0.6357735 0.6276477
0.6972853 0.5152744 0.51170486 0.6834774 0.6795078 0.5202605 0.5277012 0.520861 0.52246493 0.6508636 0.6542054 0.69198316 0.65612173 0.654684 0.6568416 0.67629796 0.6790131 0.6854701 0.68397504 0 0.019757982 0.9842255 0.6877182 0.9857129 0.69122875 0.66918653 0.9838541 0.5264896 0.6962725 0.6782716
0.69956917 0.5134875 0.5091374 0.6834774 0.680994 0.5190608 0.5256829 0.5202605 0.5220636 0.6522939 0.6575622 0.6927383 0.6573219 0.65660155 0.6568416 0.6772841 0.6790131 0.68397504 0.68223464 0.019757982 0 0.9842255 0.68972224 0.9845971 0.6877182 0.67212105 0.9775687 0.52608615 0.6993151 0.680994
0.9943229 0.9687838 0.9860852 1.005704 1.0060863 1.0003713 0.99885464 1.0083846 0.9924427 0.9713354 0.97352946 1.0091523 0.97024083 0.9713354 0.9783054 0.99056727 0.9943229 0.9801504 0.97941184 0.9842255 0.9842255 0 0.9946995 0.015662408 0.9845971 0.9838541 0.24236105 1.0060863 0.98757625 0.9801504
0.44204095 0.6573219 0.6699191 0.39538565 0.39929235 0.6699191 0.67089695 0.6777777 0.67383814 0.6060258 0.60669917 0.2951524 0.61142963 0.610752 0.61256033 0.6175558 0.620981 0.44168046 0.43862328 0.6877182 0.68972224 0.9946995 0 0.99658537 0.4418607 0.6198375 1.0099207 0.6699191 0.63228023 0.6198375
0.990942 0.9713354 0.98832285 1.0015109 1.0060863 0.99999183 0.9980974 1.0099207 0.9943229 0.9687838 0.9727974 1.0103053 0.9687838 0.9687838 0.97720057 0.99056727 0.99281836 0.97573 0.97609735 0.9857129 0.9845971 0.015662408 0.99658537 0 0.98125964 0.98348296 0.23974083 1.0087683 0.98832285 0.9808897
0.34051898 0.66504896 0.6669932 0.45293704 0.45734018 0.6748211 0.6795078 0.6827315 0.6807461 0.6164175 0.61687267 0.45678836 0.62373245 0.62006605 0.6145999 0.62258476 0.62926584 0.2888058 0.28733754 0.69122875 0.6877182 0.9845971 0.4418607 0.98125964 0 0.6244219 0.99131685 0.6782716 0.63928306 0.6339084
0.6334428 0.64991146 0.6573219 0.632745 0.6332101 0.65972805 0.6669932 0.6623838 0.6643211 0.31497735 0.31589106 0.63857985 0.31741637 0.3181802 0.31604344 0.2991651 0.30260032 0.6348403 0.63088745 0.66918653 0.67212105 0.9838541 0.6198375 0.98348296 0.6244219 0 1.0168724 0.67212105 0.2431904 0.23767869
1.000751 0.9651536 0.9898184 1.0099207 1.01146 0.9969631 0.9943229 1.0072346 0.98496884 0.99131685 0.9958304 1.0095364 0.99961257 0.99545324 0.99847597 1.0083846 1.0076177 0.9943229 0.99961257 0.9838541 0.9775687 0.24236105 1.0099207 0.23974083 0.99131685 1.0168724 0 0.99357027 1.0203725 1.0091523
0.67802465 0.32555276 0.32694325 0.6795078 0.6812419 0.178566 0.1790737 0.19784397 0.1968032 0.6643211 0.6669932 0.67654437 0.66480625 0.66504896 0.66796726 0.6686986 0.67432946 0.68149 0.6785187 0.5264896 0.52608615 1.0060863 0.6699191 1.0087683 0.6782716 0.67212105 0.99357027 0 0.6922348 0.6812419
0.63928306 0.67261124 0.6807461 0.6374092 0.6378772 0.6777777 0.68571955 0.6892207 0.6847222 0.3241649 0.32586154 0.6465887 0.32493562 0.3281814 0.32508987 0.30966946 0.3133051 0.6390486 0.6357735 0.6962725 0.6993151 0.98757625 0.63228023 0.98832285 0.63928306 0.2431904 1.0203725 0.6922348 0 0.15459192
0.6343742 0.6696748 0.6713863 0.63019204 0.63088745 0.6696748 0.6834774 0.68223464 0.6748211 0.31909782 0.32124332 0.63998693 0.3213968 0.32354885 0.31909782 0.29946318 0.3062018 0.6313514 0.6276477 0.6782716 0.680994 0.9801504 0.6198375 0.9808897 0.6339084 0.23767869 1.0091523 0.6812419 0.15459192 0
