0 1.0114596716 0.9943399416 0.8872650716 0.8895511716 0.9699174716 0.9091016716 0.8638306716 0.9101095216 0.9024171216 0.8872650716 0.9943399416 0.8928291716 0.9988670716 0.9958459716 0.8885706016 0.8849859716 0.8836867216 0.8836867216 0.9651992716 0.9626710416 0.9480311716 0.8990970716 0.9515756316 0.8840112716 0.9020844716 0.8765807116 0.8846608716 0.7924342716 0.8002332716
1.0114596716 0 0.2302560516 1.0041835716 1.0072385716 0.9816593716 0.9928369716 0.9950925716 1.0030411716 1.0137720716 0.9984887716 0.9973550416 0.9984887716 0.8638306716 0.8647794716 0.9913369416 0.9787065716 0.9928369716 0.9984887716 0.9713751716 0.9739330416 0.9680992716 1.0211421716 0.9706459716 0.9827696716 1.0188069716 0.9872273216 1.0091542716 1.0019004716 0.9969774716
0.9943399416 0.2302560516 0 1.0110749716 1.0126148716 0.9735670716 1.0003822416 1.0038025716 1.0030411716 1.0110749716 1.0011409716 0.9996243116 1.0045647716 0.8724130716 0.8781897716 0.9966000716 0.9846237716 0.9909623716 1.0003822416 0.9805507016 0.9842526316 0.9633924716 1.0400904716 0.9666478716 0.9981107116 1.0191956716 0.9890925216 1.0034216716 1.0091542716 1.0026606716
0.8872650716 1.0041835716 1.0110749716 0 0.2239006416 0.9562085716 0.5192313716 0.4807114916 0.5262510716 0.5212302716 0.3813930416 0.9490927716 0.3784089716 1.0045647716 1.0022805716 0.4722261716 0.4692321416 0.2165312316 0.2145338916 0.9498013216 0.9508653716 0.9368002716 0.5292797716 0.9385440316 0.4780613116 0.7944484716 0.8072345216 0.4883354316 0.9199224116 0.9158462716
0.8895511716 1.0072385716 1.0126148716 0.2239006416 0 0.9537103116 0.5186327116 0.4833710716 0.5298869716 0.5250430116 0.3823903716 0.9498013216 0.3794023316 1.0133861716 1.0003822416 0.4835613916 0.4784393316 0.2000470416 0.1983533016 0.9385440316 0.9406419316 0.9416931216 0.5262510716 0.9441515716 0.4854673716 0.8011048716 0.8087013716 0.4892939016 0.9322853016 0.9189013216
0.9699174716 0.9816593716 0.9735670716 0.9562085716 0.9537103116 0 0.9540666716 0.9487387716 0.9713751716 0.9735670716 0.9434483016 0.6146891116 0.9399419716 0.9816593716 0.9902138716 0.9434483016 0.9388933116 0.9455600316 0.9420438416 0.3357975716 0.3367360516 0.1948477116 0.9569238416 0.1965335416 0.9641147216 0.9562085716 0.9333248116 0.9466180716 0.9462652216 0.9787065716
0.9091016716 0.9928369716 1.0003822416 0.5192313716 0.5186327116 0.9540666716 0 0.5164417716 0.1903276816 0.1828968016 0.5067591016 0.9706459716 0.5063665716 1.0118445716 1.0068559716 0.5198304716 0.5208300716 0.5118812716 0.5142571716 0.9423947316 0.9469711116 0.9420438416 0.5411070716 0.9462652216 0.5315085716 0.8166723216 0.8098769116 0.5380303216 0.9094374716 0.9020844716
0.8638306716 0.9950925716 1.0038025716 0.4807114916 0.4833710716 0.9487387716 0.5164417716 0 0.5309000716 0.5246407316 0.4724136716 0.9576398716 0.4727888716 0.9947161716 0.9831401116 0.1657560916 0.1650088216 0.4774946216 0.4756087916 0.9361038716 0.9381949716 0.9326316716 0.5260496116 0.9371486716 0.4132910916 0.8054780716 0.7947366716 0.2975542716 0.9037492716 0.9004233716
0.9101095216 1.0030411716 1.0030411716 0.5262510716 0.5298869716 0.9713751716 0.1903276816 0.5309000716 0 0.1545018516 0.5168396716 0.9721050716 0.5154479716 1.0076213716 1.0034216716 0.5298869716 0.5292797716 0.5264525716 0.5276629316 0.9623105716 0.9673732716 0.9612300716 0.5460562116 0.9662854716 0.5419296716 0.8157824716 0.8211374716 0.5456425716 0.9202631116 0.9060862716
0.9024171216 1.0137720716 1.0110749716 0.5212302716 0.5250430116 0.9735670716 0.1828968016 0.5246407316 0.1545018516 0 0.5114860716 0.9790750716 0.5106961116 1.0030411716 1.0003822416 0.5256468016 0.5278648116 0.5182338716 0.5228332716 0.9601511716 0.9648376116 0.9677361716 0.5411070716 0.9706459716 0.5398748716 0.8226318316 0.8283375716 0.5429591716 0.9195818716 0.9104457716
0.8872650716 0.9984887716 1.0011409716 0.3813930416 0.3823903716 0.9434483016 0.5067591016 0.4724136716 0.5168396716 0.5114860716 0 0.9413425716 0.1443822216 0.9932123716 0.9868548716 0.4699795216 0.4673669316 0.3724761716 0.3708364716 0.9437998716 0.9409921716 0.9347130716 0.5196307316 0.9368002716 0.4686720916 0.7932968116 0.8066486116 0.4774946216 0.9070900716 0.8974425116
0.9943399416 0.9973550416 0.9996243116 0.9490927716 0.9498013216 0.6146891116 0.9706459716 0.9576398716 0.9721050716 0.9790750716 0.9413425716 0 0.9476776716 1.0007615016 0.9977327716 0.9409921716 0.9371486716 0.9277973716 0.9260783716 0.6099429716 0.6106191216 0.6007623716 0.9831401116 0.6045553716 0.9547799716 0.9695534716 0.9385440316 0.9452076716 0.9710105016 0.9630317016
0.8928291716 0.9984887716 1.0045647716 0.3784089716 0.3794023316 0.9399419716 0.5063665716 0.4727888716 0.5154479716 0.5106961116 0.1443822216 0.9476776716 0 0.9996243116 0.9932123716 0.4724136716 0.4697926316 0.3664270916 0.3654507416 0.9402918716 0.9413425716 0.9274532716 0.5206300716 0.9295203716 0.4767397316 0.7881362416 0.8037257116 0.4739155716 0.9236783716 0.8934864716
0.9988670716 0.8638306716 0.8724130716 1.0045647716 1.0133861716 0.9816593716 1.0118445716 0.9947161716 1.0076213716 1.0030411716 0.9932123716 1.0007615016 0.9996243116 0 0.0598356576000001 1.0045647716 1.0049461716 0.9887191016 0.9954691716 0.9739330416 0.9717400716 0.9746654716 1.0246587716 0.9772345716 1.0188069716 1.0149308716 0.9988670716 1.0072385716 1.0191956716 1.0333247716
0.9958459716 0.8647794716 0.8781897716 1.0022805716 1.0003822416 0.9902138716 1.0068559716 0.9831401116 1.0034216716 1.0003822416 0.9868548716 0.9977327716 0.9932123716 0.0598356576000001 0 0.9950925716 1.0003822416 0.9750319116 0.9820293116 0.9742991316 0.9721050716 0.9805507016 1.0141581716 0.9823993716 1.0060915716 1.0049461716 1.0000032116 1.0022805716 1.0106903716 1.0285853716
0.8885706016 0.9913369416 0.9966000716 0.4722261716 0.4835613916 0.9434483016 0.5198304716 0.1657560916 0.5298869716 0.5256468016 0.4699795216 0.9409921716 0.4724136716 1.0045647716 0.9950925716 0 0.0426156486000001 0.4737276716 0.4718512516 0.9322853016 0.9326316716 0.9319391216 0.5254454716 0.9329781716 0.4146790216 0.8169691716 0.8125286716 0.3008294116 0.9067552716 0.9117922716
0.8849859716 0.9787065716 0.9846237716 0.4692321416 0.4784393316 0.9388933116 0.5208300716 0.1650088216 0.5292797716 0.5278648116 0.4673669316 0.9371486716 0.4697926316 1.0049461716 1.0003822416 0.0426156486000001 0 0.4705405516 0.4681124716 0.9250488716 0.9253919116 0.9291754316 0.5250430116 0.9302106716 0.4143317916 0.8022685716 0.8046013716 0.2982973716 0.9020844716 0.9138165716
0.8836867216 0.9928369716 0.9909623716 0.2165312316 0.2000470416 0.9455600316 0.5118812716 0.4774946216 0.5264525716 0.5182338716 0.3724761716 0.9277973716 0.3664270916 0.9887191016 0.9750319116 0.4737276716 0.4705405516 0 0.0316987316000001 0.9416931216 0.9416931216 0.9267654716 0.5220313716 0.9298654216 0.4831807916 0.7872796016 0.7861389716 0.4858491416 0.9260783716 0.9067552716
0.8836867216 0.9984887716 1.0003822416 0.2145338916 0.1983533016 0.9420438416 0.5142571716 0.4756087916 0.5276629316 0.5228332716 0.3708364716 0.9260783716 0.3654507416 0.9954691716 0.9820293116 0.4718512516 0.4681124716 0.0316987316000001 0 0.9295203716 0.9291754316 0.9257350716 0.5232346016 0.9284861016 0.4847044016 0.7915726716 0.7901389716 0.4824201416 0.9138165716 0.8984348116
0.9651992716 0.9713751716 0.9805507016 0.9498013216 0.9385440316 0.3357975716 0.9423947316 0.9361038716 0.9623105716 0.9601511716 0.9437998716 0.6099429716 0.9402918716 0.9739330416 0.9742991316 0.9322853016 0.9250488716 0.9416931216 0.9295203716 0 0.0193991386000001 0.3258595416 0.9551368716 0.3274036916 0.9483848716 0.9361038716 0.9077599716 0.9243633116 0.9420438416 0.9699174716
0.9626710416 0.9739330416 0.9842526316 0.9508653716 0.9406419316 0.3367360516 0.9469711116 0.9381949716 0.9673732716 0.9648376116 0.9409921716 0.6106191216 0.9413425716 0.9717400716 0.9721050716 0.9326316716 0.9253919116 0.9416931216 0.9291754316 0.0193991386000001 0 0.3275582716 0.9533541216 0.3292608716 0.9448554716 0.9395922716 0.9121292716 0.9240207716 0.9336716716 0.9673732716
0.9480311716 0.9680992716 0.9633924716 0.9368002716 0.9416931216 0.1948477116 0.9420438416 0.9326316716 0.9612300716 0.9677361716 0.9347130716 0.6007623716 0.9274532716 0.9746654716 0.9805507016 0.9319391216 0.9291754316 0.9267654716 0.9257350716 0.3258595416 0.3275582716 0 0.9452076716 0.00548446000000008 0.9420438416 0.9430969316 0.9219688116 0.9364520316 0.9423947316 0.9655612116
0.8990970716 1.0211421716 1.0400904716 0.5292797716 0.5262510716 0.9569238416 0.5411070716 0.5260496116 0.5460562116 0.5411070716 0.5196307316 0.9831401116 0.5206300716 1.0246587716 1.0141581716 0.5254454716 0.5250430116 0.5220313716 0.5232346016 0.9551368716 0.9533541216 0.9452076716 0 0.9498013216 0.5433713716 0.8328729216 0.8359118716 0.5437837716 0.9388933116 0.9182213716
0.9515756316 0.9706459716 0.9666478716 0.9385440316 0.9441515716 0.1965335416 0.9462652216 0.9371486716 0.9662854716 0.9706459716 0.9368002716 0.6045553716 0.9295203716 0.9772345716 0.9823993716 0.9329781716 0.9302106716 0.9298654216 0.9284861016 0.3274036916 0.3292608716 0.00548446000000008 0.9498013216 0 0.9455600316 0.9455600316 0.9274532716 0.9388933116 0.9448554716 0.9691896416
0.8840112716 0.9827696716 0.9981107116 0.4780613116 0.4854673716 0.9641147216 0.5315085716 0.4132910916 0.5419296716 0.5398748716 0.4686720916 0.9547799716 0.4767397316 1.0188069716 1.0060915716 0.4146790216 0.4143317916 0.4831807916 0.4847044016 0.9483848716 0.9448554716 0.9420438416 0.5433713716 0.9455600316 0 0.8110542716 0.8223327416 0.4223588716 0.9044162716 0.9077599716
0.9020844716 1.0188069716 1.0191956716 0.7944484716 0.8011048716 0.9562085716 0.8166723216 0.8054780716 0.8157824716 0.8226318316 0.7932968116 0.9695534716 0.7881362416 1.0149308716 1.0049461716 0.8169691716 0.8022685716 0.7872796016 0.7915726716 0.9361038716 0.9395922716 0.9430969316 0.8328729216 0.9455600316 0.8110542716 0 0.3617197716 0.8157824716 0.8882439716 0.9057519416
0.8765807116 0.9872273216 0.9890925216 0.8072345216 0.8087013716 0.9333248116 0.8098769116 0.7947366716 0.8211374716 0.8283375716 0.8066486116 0.9385440316 0.8037257116 0.9988670716 1.0000032116 0.8125286716 0.8046013716 0.7861389716 0.7901389716 0.9077599716 0.9121292716 0.9219688116 0.8359118716 0.9274532716 0.8223327416 0.3617197716 0 0.8166723216 0.8720934716 0.9074249216
0.8846608716 1.0091542716 1.0034216716 0.4883354316 0.4892939016 0.9466180716 0.5380303216 0.2975542716 0.5456425716 0.5429591716 0.4774946216 0.9452076716 0.4739155716 1.0072385716 1.0022805716 0.3008294116 0.2982973716 0.4858491416 0.4824201416 0.9243633116 0.9240207716 0.9364520316 0.5437837716 0.9388933116 0.4223588716 0.8157824716 0.8166723216 0 0.9219688116 0.9189013216
0.7924342716 1.0019004716 1.0091542716 0.9199224116 0.9322853016 0.9462652216 0.9094374716 0.9037492716 0.9202631116 0.9195818716 0.9070900716 0.9710105016 0.9236783716 1.0191956716 1.0106903716 0.9067552716 0.9020844716 0.9260783716 0.9138165716 0.9420438416 0.9336716716 0.9423947316 0.9388933116 0.9448554716 0.9044162716 0.8882439716 0.8720934716 0.9219688116 0 0.2895754716
0.8002332716 0.9969774716 1.0026606716 0.9158462716 0.9189013216 0.9787065716 0.9020844716 0.9004233716 0.9060862716 0.9104457716 0.8974425116 0.9630317016 0.8934864716 1.0333247716 1.0285853716 0.9117922716 0.9138165716 0.9067552716 0.8984348116 0.9699174716 0.9673732716 0.9655612116 0.9182213716 0.9691896416 0.9077599716 0.9057519416 0.9074249216 0.9189013216 0.2895754716 0
