0 0.9843723684 1.0019937584 1.0180986284 1.0054158284 0.9948202884 1.0153904284 1.0111542284 0.5843984984 0.8970239284 1.0192623284 0.9755313884 0.9066500284 0.8986747684 1.0046539284 1.0080882284 0.5870117284 1.0023732284 1.0023732284 1.0161631284 1.0169368284 0.5833123784 1.0054158284 0.5826613784 1.0057970284 1.0073238284 0.9744335884 0.9948202884 0.9066500284 0.9049815284
0.9843723684 0 0.1709863584 0.7211397284 0.7195761284 0.7295343284 0.7305902684 0.7311188284 0.9538744284 0.9628223284 0.5005675084 0.4702776884 0.9700582284 0.9610242284 0.2940481284 0.2941957584 0.9528078884 0.2913958584 0.2940481284 0.4970764084 0.4957231484 0.9610242284 0.4119278984 0.9567261784 0.4100302284 0.4781606284 0.4634011584 0.2891927784 0.9686055284 0.9762641684
1.0019937584 0.1709863584 0 0.7216616284 0.7167179284 0.7321770284 0.7282164284 0.7329716284 0.9649857784 0.9740679684 0.4957231484 0.4710248884 0.9740679684 0.9780992784 0.2886063884 0.2919844584 0.9574408284 0.2905138584 0.2911017284 0.4951439284 0.4937941284 0.9646247284 0.4110647284 0.9603061284 0.4103749284 0.4742087884 0.4609999784 0.2845144284 0.9777319284 0.9751652984
1.0180986284 0.7211397284 0.7216616284 0 0.1507181884 0.3608514284 0.3605287884 0.3616586484 0.9675177284 0.9766308284 0.7514845284 0.7059041684 0.9836316284 0.9851138284 0.7358925284 0.7380239884 0.9689684284 0.7393591884 0.7382908284 0.7471507684 0.7447240284 0.9664315284 0.7327067284 0.9642639584 0.7385578284 0.7133541284 0.7087213284 0.7313832284 0.9696947784 0.9993429684
1.0054158284 0.7195761284 0.7167179284 0.1507181884 0 0.3541047484 0.3589176084 0.3566677784 0.9606650984 0.9828916284 0.7417686284 0.7074394684 0.9806759784 0.9888322784 0.7369574784 0.7406968284 0.9639032984 0.7396265284 0.7415005284 0.7401614684 0.7356265284 0.9603061284 0.7282164284 0.9588721284 0.7361586284 0.7167179284 0.7107768284 0.7261126284 0.9722427584 0.9970782284
0.9948202884 0.7295343284 0.7321770284 0.3608514284 0.3541047484 0 0.1421106484 0.1440417684 0.9657083284 0.9847430284 0.7409646284 0.7203574684 0.9799388284 0.9877148284 0.7358925284 0.7372239684 0.9639032984 0.7431105884 0.7409646284 0.7366911284 0.7361586284 0.9646247284 0.7300621284 0.9610242284 0.7353606284 0.7274268284 0.7130960284 0.7172368284 0.9718782284 0.9892051284
1.0153904284 0.7305902684 0.7282164284 0.3605287884 0.3589176084 0.1421106484 0 0.1336007584 0.9726074284 0.9828916284 0.7398939584 0.7161994284 0.9821523284 0.9929439284 0.7380239884 0.7390919784 0.9653469784 0.7412325584 0.7398939584 0.7340325284 0.7319123584 0.9660698684 0.7237529284 0.9624623284 0.7313832284 0.7180157784 0.7023339784 0.7232295784 0.9678801284 0.9873427284
1.0111542284 0.7311188284 0.7329716284 0.3616586484 0.3566677784 0.1440417684 0.1336007584 0 0.9711497284 0.9985872984 0.7441858284 0.7177560284 1.0016144984 1.0084708284 0.7369574784 0.7366911284 0.9660698684 0.7409646284 0.7374905284 0.7356265284 0.7342979284 0.9682427284 0.7297981884 0.9653469784 0.7300621284 0.7274268284 0.7120643684 0.7250629284 0.9851138284 1.0035128284
0.5843984984 0.9538744284 0.9649857784 0.9675177284 0.9606650984 0.9657083284 0.9726074284 0.9711497284 0 0.8947187284 0.9865990284 0.9592303284 0.8966941684 0.8934046284 0.9524526284 0.9592303284 0.1356295684 0.9563691284 0.9496171284 0.9780992784 0.9799388284 0.1349128984 0.9744335884 0.1339583884 0.9621025784 0.9843723684 0.9545863784 0.9599473984 0.9023195984 0.9059821884
0.8970239284 0.9628223284 0.9740679684 0.9766308284 0.9828916284 0.9847430284 0.9828916284 0.9985872984 0.8947187284 0 0.9751652984 0.9733373284 0.1165157424 0.1175649384 0.9817829584 0.9803073284 0.8901295284 0.9762641684 0.9773647284 0.9895781784 0.9903247784 0.8888234984 0.9784668284 0.8865433784 0.9854848884 0.9773647284 0.9606650984 0.9704218984 0.4755237584 0.4749599284
1.0192623284 0.5005675084 0.4957231484 0.7514845284 0.7417686284 0.7409646284 0.7398939584 0.7441858284 0.9865990284 0.9751652984 0 0.4800498084 0.9762641684 0.9806759784 0.4970764084 0.4961095584 0.9806759784 0.4955300284 0.4972699484 0.1057591384 0.1049557124 0.9828916284 0.4949509684 0.9828916284 0.4903343784 0.4889932284 0.4693447284 0.4934089284 0.9982097284 1.0023732284
0.9755313884 0.4702776884 0.4710248884 0.7059041684 0.7074394684 0.7203574684 0.7161994284 0.7177560284 0.9592303284 0.9733373284 0.4800498084 0 0.9657083284 0.9769976584 0.4728961484 0.4758998884 0.9631824284 0.4706511984 0.4717728084 0.4770293984 0.4766527284 0.9693315284 0.4847936484 0.9646247284 0.4774062784 0.3720687284 0.3640855684 0.4721470684 0.9693315284 0.9653469784
0.9066500284 0.9700582284 0.9740679684 0.9836316284 0.9806759784 0.9799388284 0.9821523284 1.0016144984 0.8966941684 0.1165157424 0.9762641684 0.9657083284 0 0.1031225344 0.9810448284 0.9810448284 0.8875197284 0.9769976584 0.9795706284 0.9788345284 0.9784668284 0.8888234984 0.9696947784 0.8865433784 0.9906983884 0.9858560284 0.9682427284 0.9726074284 0.4719599284 0.4757118084
0.8986747684 0.9610242284 0.9780992784 0.9851138284 0.9888322784 0.9877148284 0.9929439284 1.0084708284 0.8934046284 0.1175649384 0.9806759784 0.9769976584 0.1031225344 0 0.9784668284 0.9803073284 0.8930765284 0.9762641684 0.9777319284 0.9877148284 0.9888322784 0.8911105884 0.9836316284 0.8898028584 0.9936938784 0.9873427284 0.9740679684 0.9678801284 0.4830823984 0.4815645684
1.0046539284 0.2940481284 0.2886063884 0.7358925284 0.7369574784 0.7358925284 0.7380239884 0.7369574784 0.9524526284 0.9817829584 0.4970764084 0.4728961484 0.9810448284 0.9784668284 0 0.0521411584 0.9450321284 0.0514999484 0.0507525684 0.4901426284 0.4905261584 0.9528078884 0.4152169984 0.9506791684 0.4145233484 0.4800498084 0.4624767284 0.1947857584 0.9840019284 0.9858560284
1.0080882284 0.2941957584 0.2919844584 0.7380239884 0.7406968284 0.7372239684 0.7390919784 0.7366911284 0.9592303284 0.9803073284 0.4961095584 0.4758998884 0.9810448284 0.9803073284 0.0521411584 0 0.9499710284 0.0454356584 0.0450119284 0.4912938084 0.4918700884 0.9567261784 0.4169539084 0.9552989284 0.4133110284 0.4804282084 0.4628463584 0.1960799684 0.9892051284 0.9951961284
0.5870117284 0.9528078884 0.9574408284 0.9689684284 0.9639032984 0.9639032984 0.9653469784 0.9660698684 0.1356295684 0.8901295284 0.9806759784 0.9631824284 0.8875197284 0.8930765284 0.9450321284 0.9499710284 0 0.9549425684 0.9443291884 0.9711497284 0.9726074284 0.0301225824 0.9722427584 0.0291887784 0.9667934684 0.9733373284 0.9613834284 0.9696947784 0.8920929284 0.8976838284
1.0023732284 0.2913958584 0.2905138584 0.7393591884 0.7396265284 0.7431105884 0.7412325584 0.7409646284 0.9563691284 0.9762641684 0.4955300284 0.4706511984 0.9769976584 0.9762641684 0.0514999484 0.0454356584 0.9549425684 0 0.0207339174 0.4893761484 0.4895676884 0.9621025784 0.4124462784 0.9599473984 0.4088251484 0.4753357684 0.4589741984 0.1965982984 0.9847430284 0.9843723684
1.0023732284 0.2940481284 0.2911017284 0.7382908284 0.7415005284 0.7409646284 0.7398939584 0.7374905284 0.9496171284 0.9773647284 0.4972699484 0.4717728084 0.9795706284 0.9777319284 0.0507525684 0.0450119284 0.9443291884 0.0207339174 0 0.4891846684 0.4895676884 0.9535187984 0.4121006284 0.9513881284 0.4107197284 0.4751478284 0.4606312284 0.1962095284 0.9865990284 0.9840019284
1.0161631284 0.4970764084 0.4951439284 0.7471507684 0.7401614684 0.7366911284 0.7340325284 0.7356265284 0.9780992784 0.9895781784 0.1057591384 0.4770293984 0.9788345284 0.9877148284 0.4901426284 0.4912938084 0.9711497284 0.4893761484 0.4891846684 0 0.0117652009 0.9733373284 0.4905261584 0.9729723284 0.4893761484 0.4827026584 0.4656244684 0.4893761484 0.9869707684 0.9940692284
1.0169368284 0.4957231484 0.4937941284 0.7447240284 0.7356265284 0.7361586284 0.7319123584 0.7342979284 0.9799388284 0.9903247784 0.1049557124 0.4766527284 0.9784668284 0.9888322784 0.4905261584 0.4918700884 0.9726074284 0.4895676884 0.4895676884 0.0117652009 0 0.9744335884 0.4911018284 0.9740679684 0.4899509284 0.4819437484 0.4643267284 0.4895676884 0.9877148284 0.9929439284
0.5833123784 0.9610242284 0.9646247284 0.9664315284 0.9603061284 0.9646247284 0.9660698684 0.9682427284 0.1349128984 0.8888234984 0.9828916284 0.9693315284 0.8888234984 0.8911105884 0.9528078884 0.9567261784 0.0301225824 0.9621025784 0.9535187984 0.9733373284 0.9744335884 0 0.9755313884 0.00470680000000002 0.9693315284 0.9792024984 0.9664315284 0.9733373284 0.8920929284 0.9019875284
1.0054158284 0.4119278984 0.4110647284 0.7327067284 0.7282164284 0.7300621284 0.7237529284 0.7297981884 0.9744335884 0.9784668284 0.4949509684 0.4847936484 0.9696947784 0.9836316284 0.4152169984 0.4169539084 0.9722427584 0.4124462784 0.4121006284 0.4905261584 0.4911018284 0.9755313884 0 0.9751652984 0.3097094284 0.4734584284 0.4573207984 0.4136572084 0.9993429684 0.9997210284
0.5826613784 0.9567261784 0.9603061284 0.9642639584 0.9588721284 0.9610242284 0.9624623284 0.9653469784 0.1339583884 0.8865433784 0.9828916284 0.9646247284 0.8865433784 0.8898028584 0.9506791684 0.9552989284 0.0291887784 0.9599473984 0.9513881284 0.9729723284 0.9740679684 0.00470680000000002 0.9751652984 0 0.9671555284 0.9758977284 0.9635428284 0.9696947784 0.8881713584 0.8986747684
1.0057970284 0.4100302284 0.4103749284 0.7385578284 0.7361586284 0.7353606284 0.7313832284 0.7300621284 0.9621025784 0.9854848884 0.4903343784 0.4774062784 0.9906983884 0.9936938784 0.4145233484 0.4133110284 0.9667934684 0.4088251484 0.4107197284 0.4893761484 0.4899509284 0.9693315284 0.3097094284 0.9671555284 0 0.4847936484 0.4626615284 0.4086531584 0.9997210284 0.9959484284
1.0073238284 0.4781606284 0.4742087884 0.7133541284 0.7167179284 0.7274268284 0.7180157784 0.7274268284 0.9843723684 0.9773647284 0.4889932284 0.3720687284 0.9858560284 0.9873427284 0.4800498084 0.4804282084 0.9733373284 0.4753357684 0.4751478284 0.4827026584 0.4819437484 0.9792024984 0.4734584284 0.9758977284 0.4847936484 0 0.2115228484 0.4730835084 0.9899513584 0.9978323284
0.9744335884 0.4634011584 0.4609999784 0.7087213284 0.7107768284 0.7130960284 0.7023339784 0.7120643684 0.9545863784 0.9606650984 0.4693447284 0.3640855684 0.9682427284 0.9740679684 0.4624767284 0.4628463584 0.9613834284 0.4589741984 0.4606312284 0.4656244684 0.4643267284 0.9664315284 0.4573207984 0.9635428284 0.4626615284 0.2115228484 0 0.4584226484 0.9649857784 0.9693315284
0.9948202884 0.2891927784 0.2845144284 0.7313832284 0.7261126284 0.7172368284 0.7232295784 0.7250629284 0.9599473984 0.9704218984 0.4934089284 0.4721470684 0.9726074284 0.9678801284 0.1947857584 0.1960799684 0.9696947784 0.1965982984 0.1962095284 0.4893761484 0.4895676884 0.9733373284 0.4136572084 0.9696947784 0.4086531584 0.4730835084 0.4584226484 0 0.9828916284 0.9814137684
0.9066500284 0.9686055284 0.9777319284 0.9696947784 0.9722427584 0.9718782284 0.9678801284 0.9851138284 0.9023195984 0.4755237584 0.9982097284 0.9693315284 0.4719599284 0.4830823984 0.9840019284 0.9892051284 0.8920929284 0.9847430284 0.9865990284 0.9869707684 0.9877148284 0.8920929284 0.9993429684 0.8881713584 0.9997210284 0.9899513584 0.9649857784 0.9828916284 0 0.1813296084
0.9049815284 0.9762641684 0.9751652984 0.9993429684 0.9970782284 0.9892051284 0.9873427284 1.0035128284 0.9059821884 0.4749599284 1.0023732284 0.9653469784 0.4757118084 0.4815645684 0.9858560284 0.9951961284 0.8976838284 0.9843723684 0.9840019284 0.9940692284 0.9929439284 0.9019875284 0.9997210284 0.8986747684 0.9959484284 0.9978323284 0.9693315284 0.9814137684 0.1813296084 0
