0 1.0133885 0.9901927 1.001891 0.9946995 0.97867405 0.98832285 1.0091523 1.0168724 0.99961257 0.9946995 0.9860852 1.0083846 1.0011308 1.0122308 1.014548 0.99885464 1.0168724 1.0068517 0.990942 0.9920673 0.9901927 1.0045581 0.99056727 1.015322 1.0011308 1.005704 1.014548 0.99169195 1.0091523
1.0133885 0 0.17363384 0.8495923 0.8480418 0.9256522 0.9222244 0.8864954 0.27873266 0.2746833 0.27338633 0.7609791 0.87677604 0.8803252 0.8858435 0.8897634 0.92017525 0.27858767 0.27554917 0.92017525 0.91406107 0.17818545 0.87645423 0.17920068 0.870685 0.9110226 0.25503898 0.8703658 0.35611138 0.35917228
0.9901927 0.17363384 0 0.84187144 0.8455675 0.9063204 0.9069903 0.86591095 0.267792 0.2675062 0.26550886 0.7554826 0.85864925 0.8611671 0.86559373 0.8636934 0.9006499 0.26707777 0.2623809 0.90164745 0.8979962 0.163617 0.85770726 0.1637414 0.8652767 0.903313 0.24776822 0.8605368 0.3484338 0.35098425
1.001891 0.8495923 0.84187144 0 0.15177076 0.9493862 0.9374253 0.6409265 0.85520095 0.83972377 0.83727676 0.8523914 0.63998693 0.64257354 0.6449328 0.64635193 0.9419761 0.86148244 0.85363877 0.94127417 0.93324894 0.8375822 0.5438397 0.8354467 0.66650665 0.9419761 0.8446418 0.20293847 0.847732 0.86274505
0.9946995 0.8480418 0.8455675 0.15177076 0 0.94903165 0.9304776 0.64045656 0.85332674 0.83727676 0.8345334 0.85520095 0.6421026 0.64163196 0.6442242 0.65134007 0.94549555 0.85864925 0.85207987 0.9391723 0.9301319 0.84217876 0.5434268 0.83972377 0.6501494 0.9433819 0.8468036 0.20306955 0.8486616 0.863061
0.97867405 0.9256522 0.9063204 0.9493862 0.94903165 0 0.13866363 0.92771643 0.91779155 0.92359364 0.92393637 0.9388226 0.927372 0.9353342 0.94549555 0.9402225 0.14022927 0.9133848 0.91575444 0.13770178 0.13458428 0.92462224 0.9518725 0.9263396 0.94903165 0.30200177 0.89469224 0.9680563 0.927372 0.9440858
0.98832285 0.9222244 0.9069903 0.9374253 0.9304776 0.13866363 0 0.9259958 0.91983426 0.91813165 0.91779155 0.93151563 0.92462224 0.9304776 0.9304776 0.9253087 0.13291097 0.91575444 0.91813165 0.1308841 0.12779474 0.9184719 0.9479691 0.9174517 0.9419761 0.29693317 0.895022 0.96010065 0.92119914 0.9322085
1.0091523 0.8864954 0.86591095 0.6409265 0.64045656 0.92771643 0.9259958 0 0.8800019 0.86148244 0.86813504 0.86749893 0.09303948 0.09134329 0.1288627 0.12815055 0.9259958 0.8800019 0.8713238 0.9301319 0.92017525 0.86813504 0.6522939 0.8684533 0.48948392 0.92771643 0.87806475 0.6439882 0.85864925 0.8800019
1.0168724 0.27873266 0.267792 0.85520095 0.85332674 0.91779155 0.91983426 0.8800019 0 0.27051222 0.27094263 0.7701374 0.8793556 0.8803252 0.8838912 0.8848668 0.90900373 0.09123035 0.08493251 0.9123715 0.9053166 0.2739625 0.86909026 0.27367437 0.8848668 0.91711193 0.27252296 0.87420535 0.35578993 0.3562722
0.99961257 0.2746833 0.2675062 0.83972377 0.83727676 0.92359364 0.91813165 0.86148244 0.27051222 0 0.088862464 0.7640195 0.86274505 0.8599071 0.86148244 0.863061 0.9229087 0.27079913 0.26650688 0.92154074 0.90900373 0.2754048 0.87100434 0.27526045 0.8636934 0.9160936 0.26893613 0.8611671 0.35066497 0.35162324
0.9946995 0.27338633 0.26550886 0.83727676 0.8345334 0.92393637 0.91779155 0.86813504 0.27094263 0.088862464 0 0.76540554 0.8643263 0.8652767 0.8649598 0.8684533 0.92119914 0.27209163 0.26850688 0.92359364 0.9127091 0.27008206 0.86718106 0.26979542 0.8640098 0.9150766 0.27065566 0.8523914 0.34700292 0.3484338
0.9860852 0.7609791 0.7554826 0.8523914 0.85520095 0.9388226 0.93151563 0.86749893 0.7701374 0.7640195 0.76540554 0 0.86718106 0.86909026 0.86877173 0.8754896 0.9322085 0.76707226 0.7590508 0.9259958 0.92359364 0.7535683 0.86274505 0.7524766 0.8694089 0.92017525 0.75411475 0.87356406 0.74975425 0.76457363
1.0083846 0.87677604 0.85864925 0.63998693 0.6421026 0.927372 0.92462224 0.09303948 0.8793556 0.86274505 0.8643263 0.86718106 0 0.07194278 0.12448191 0.12542693 0.92119914 0.87420535 0.863061 0.928061 0.9174517 0.8624292 0.6515784 0.8621135 0.49333504 0.92462224 0.8790327 0.6489606 0.85207987 0.8738847
1.0011308 0.8803252 0.8611671 0.64257354 0.64163196 0.9353342 0.9304776 0.09134329 0.8803252 0.8599071 0.8652767 0.86909026 0.07194278 0 0.12400984 0.12306659 0.9287507 0.8729233 0.8649598 0.9339434 0.9222244 0.8636934 0.6501494 0.8602219 0.48890796 0.93255514 0.8803252 0.64351636 0.85332674 0.87356406
1.0122308 0.8858435 0.86559373 0.6449328 0.6442242 0.94549555 0.9304776 0.1288627 0.8838912 0.86148244 0.8649598 0.86877173 0.12448191 0.12400984 0 0.07514155 0.93672764 0.8835664 0.87420535 0.944438 0.93568236 0.8652767 0.6520554 0.864643 0.49623638 0.93672764 0.87420535 0.6494359 0.8514572 0.86972773
1.014548 0.8897634 0.8636934 0.64635193 0.65134007 0.9402225 0.9253087 0.12815055 0.8848668 0.863061 0.8684533 0.8754896 0.12542693 0.12306659 0.07514155 0 0.9304776 0.87967867 0.87356406 0.93777436 0.9253087 0.8668633 0.65348804 0.86559373 0.493142 0.93324894 0.86909026 0.6515784 0.84928197 0.864643
0.99885464 0.92017525 0.9006499 0.9419761 0.94549555 0.14022927 0.13291097 0.9259958 0.90900373 0.9229087 0.92119914 0.9322085 0.92119914 0.9287507 0.93672764 0.9304776 0 0.9096761 0.90900373 0.06635024 0.06307988 0.91983426 0.9483231 0.9222244 0.9349863 0.3018522 0.9006499 0.9608204 0.927372 0.94267863
1.0168724 0.27858767 0.26707777 0.86148244 0.85864925 0.9133848 0.91575444 0.8800019 0.09123035 0.27079913 0.27209163 0.76707226 0.87420535 0.8729233 0.8835664 0.87967867 0.9096761 0 0.05798483 0.9127091 0.9063204 0.2741066 0.8716434 0.2746833 0.8855178 0.92017525 0.27051222 0.8848668 0.35578993 0.356433
1.0068517 0.27554917 0.2623809 0.85363877 0.85207987 0.91575444 0.91813165 0.8713238 0.08493251 0.26650688 0.26850688 0.7590508 0.863061 0.8649598 0.87420535 0.87356406 0.90900373 0.05798483 0 0.9133848 0.90665525 0.27008206 0.863061 0.2712297 0.8738847 0.9133848 0.26893613 0.87356406 0.35562924 0.35258272
0.990942 0.92017525 0.90164745 0.94127417 0.9391723 0.13770178 0.1308841 0.9301319 0.9123715 0.92154074 0.92359364 0.9259958 0.928061 0.9339434 0.944438 0.93777436 0.06635024 0.9127091 0.9133848 0 0.040789343 0.92085767 0.9557965 0.9232511 0.9346385 0.29604226 0.903313 0.96226203 0.93116945 0.94232726
0.9920673 0.91406107 0.8979962 0.93324894 0.9301319 0.13458428 0.12779474 0.92017525 0.9053166 0.90900373 0.9127091 0.92359364 0.9174517 0.9222244 0.93568236 0.9253087 0.06307988 0.9063204 0.90665525 0.040789343 0 0.91779155 0.95258445 0.9218825 0.9259958 0.29234147 0.8933747 0.9500957 0.92359364 0.929441
0.9901927 0.17818545 0.163617 0.8375822 0.84217876 0.92462224 0.9184719 0.86813504 0.2739625 0.2754048 0.27008206 0.7535683 0.8624292 0.8636934 0.8652767 0.8668633 0.91983426 0.2741066 0.27008206 0.92085767 0.91779155 0 0.8652767 0.029575553 0.86591095 0.91169673 0.25475803 0.85896355 0.35258272 0.35788196
1.0045581 0.87645423 0.85770726 0.5438397 0.5434268 0.9518725 0.9479691 0.6522939 0.86909026 0.87100434 0.86718106 0.86274505 0.6515784 0.6501494 0.6520554 0.65348804 0.9483231 0.8716434 0.863061 0.9557965 0.95258445 0.8652767 0 0.8621135 0.6616586 0.94092345 0.87677604 0.54902 0.8545757 0.88616943
0.99056727 0.17920068 0.1637414 0.8354467 0.83972377 0.9263396 0.9174517 0.8684533 0.27367437 0.27526045 0.26979542 0.7524766 0.8621135 0.8602219 0.864643 0.86559373 0.9222244 0.2746833 0.2712297 0.9232511 0.9218825 0.029575553 0.8621135 0 0.86909026 0.9106857 0.25475803 0.8608519 0.35146344 0.35723764
1.015322 0.870685 0.8652767 0.66650665 0.6501494 0.94903165 0.9419761 0.48948392 0.8848668 0.8636934 0.8640098 0.8694089 0.49333504 0.48890796 0.49623638 0.493142 0.9349863 0.8855178 0.8738847 0.9346385 0.9259958 0.86591095 0.6616586 0.86909026 0 0.9554389 0.8738847 0.67016345 0.86337715 0.8979962
1.0011308 0.9110226 0.903313 0.9419761 0.9433819 0.30200177 0.29693317 0.92771643 0.91711193 0.9160936 0.9150766 0.92017525 0.92462224 0.93255514 0.93672764 0.93324894 0.3018522 0.92017525 0.9133848 0.29604226 0.29234147 0.91169673 0.94092345 0.9106857 0.9554389 0 0.8943626 0.96479154 0.9225665 0.9249654
1.005704 0.25503898 0.24776822 0.8446418 0.8468036 0.89469224 0.895022 0.87806475 0.27252296 0.26893613 0.27065566 0.75411475 0.8790327 0.8803252 0.87420535 0.86909026 0.9006499 0.27051222 0.26893613 0.903313 0.8933747 0.25475803 0.87677604 0.25475803 0.8738847 0.8943626 0 0.8662283 0.34795654 0.3487521
1.014548 0.8703658 0.8605368 0.20293847 0.20306955 0.9680563 0.96010065 0.6439882 0.87420535 0.8611671 0.8523914 0.87356406 0.6489606 0.64351636 0.6494359 0.6515784 0.9608204 0.8848668 0.87356406 0.96226203 0.9500957 0.85896355 0.54902 0.8608519 0.67016345 0.96479154 0.8662283 0 0.8611671 0.87581104
0.99169195 0.35611138 0.3484338 0.847732 0.8486616 0.927372 0.92119914 0.85864925 0.35578993 0.35066497 0.34700292 0.74975425 0.85207987 0.85332674 0.8514572 0.84928197 0.927372 0.35578993 0.35562924 0.93116945 0.92359364 0.35258272 0.8545757 0.35146344 0.86337715 0.9225665 0.34795654 0.8611671 0 0.1762856
1.0091523 0.35917228 0.35098425 0.86274505 0.863061 0.9440858 0.9322085 0.8800019 0.3562722 0.35162324 0.3484338 0.76457363 0.8738847 0.87356406 0.86972773 0.864643 0.94267863 0.356433 0.35258272 0.94232726 0.929441 0.35788196 0.88616943 0.35723764 0.8979962 0.9249654 0.3487521 0.87581104 0.1762856 0
