0 0.7712552 0.98683035 0.76374257 0.7432607 0.9801504 0.9687838 0.9673296 0.97426224 0.990942 0.98907024 1.0011308 0.9695119 0.98237044 0.9842255 0.97573 0.9658782 0.9658782 0.97426224 0.97609735 0.97609735 0.98051995 0.97426224 0.97720057 0.7609791 0.9801504 0.9831119 0.9433819 0.97024083 0.9662408
0.7712552 0 0.98125964 0.25265422 0.24665588 0.9753628 0.98051995 0.9738958 0.9687838 0.99169195 0.9946995 1.002652 0.9779369 1.0003713 0.9980974 0.9853408 0.9924427 0.9779369 0.97573 0.9666036 0.959741 0.9695119 0.9651536 0.9687838 0.41948688 0.9768326 0.94267863 0.9504507 0.97426224 0.95508146
0.98683035 0.98125964 0 0.9924427 0.97573 0.42669424 0.43736804 0.43468532 0.4400604 1.0242808 1.0068517 1.0227151 0.1845533 1.0049399 1.0080011 0.18404187 0.18212713 0.44024023 0.44204095 0.43504247 0.43593606 0.43862328 0.9059856 0.43700978 0.99847597 0.90498227 0.44366533 0.4251062 0.90098226 0.89304566
0.76374257 0.25265422 0.9924427 0 0.16998726 0.97720057 0.98125964 0.9611805 0.96769285 1.015322 1.0103053 1.0203725 0.9931942 1.0160967 1.0207624 0.99658537 1.001891 0.9764649 0.9644296 0.9669665 0.9604604 0.9662408 0.9680563 0.96406794 0.41651866 0.99056727 0.9651536 0.9713354 0.9738958 0.9511613
0.7432607 0.24665588 0.97573 0.16998726 0 0.96010065 0.97170067 0.9543672 0.9669665 1.000751 1.0034139 1.0149349 0.9695119 0.99847597 0.99847597 0.97352946 0.97867405 0.9691478 0.9583042 0.9575869 0.9575869 0.96406794 0.9753628 0.9651536 0.414083 0.9801504 0.9583042 0.95615417 0.9637064 0.9342909
0.9801504 0.9753628 0.42669424 0.97720057 0.96010065 0 0.16088566 0.31057674 0.31802738 0.99169195 0.9808897 1.0137748 0.42387336 0.99056727 0.9962078 0.4236974 0.41773945 0.31695846 0.31711105 0.31103078 0.31300145 0.31391275 0.88259256 0.3143688 0.97352946 0.88943595 0.42475376 0.42088777 0.8914027 0.877098
0.9687838 0.98051995 0.43736804 0.98125964 0.97170067 0.16088566 0 0.31695846 0.32508987 1.0141612 0.9924427 1.019204 0.43076792 1.002652 1.0099207 0.43112323 0.43041283 0.32632494 0.32833627 0.3187918 0.32170385 0.32216468 0.8956819 0.32231835 0.98237044 0.90164745 0.43343666 0.42810866 0.8979962 0.890091
0.9673296 0.9738958 0.43468532 0.9611805 0.9543672 0.31057674 0.31695846 0 0.15582183 0.99999183 0.98496884 0.9860852 0.42988047 0.98832285 0.9977191 0.42722434 0.41913706 0.19862549 0.20241436 0.19524476 0.19563407 0.19875582 0.8774201 0.19784397 0.9604604 0.88682157 0.42917123 0.43147868 0.8716434 0.8545757
0.97426224 0.9687838 0.4400604 0.96769285 0.9669665 0.31802738 0.32508987 0.15582183 0 1.0095364 0.99885464 0.99734104 0.43575725 0.99658537 1.0072346 0.43539977 0.42881688 0.20189062 0.20674925 0.19615345 0.19498533 0.20175974 0.88780093 0.20097494 0.9680563 0.8914027 0.43700978 0.44294295 0.88910866 0.8694089
0.990942 0.99169195 1.0242808 1.015322 1.000751 0.99169195 1.0141612 0.99999183 1.0095364 0 0.15496069 0.6343742 1.0130024 0.21910232 0.21977226 1.0137748 1.0083846 0.99734104 1.0011308 0.98794943 0.98832285 0.99545324 0.9775687 0.9980974 0.9838541 1.0041765 0.97941184 0.9901927 1.0231062 1.0034139
0.98907024 0.9946995 1.0068517 1.0103053 1.0034139 0.9808897 0.9924427 0.98496884 0.99885464 0.15496069 0 0.6378772 0.9977191 0.2181654 0.22057699 1.0030329 0.9931942 0.97720057 0.9838541 0.96479154 0.96841997 0.9738958 0.9706055 0.97243166 0.9801504 1.0083846 0.9801504 0.9775687 1.0095364 0.9898184
1.0011308 1.002652 1.0227151 1.0203725 1.0149349 1.0137748 1.019204 0.9860852 0.99734104 0.6343742 0.6378772 0 1.018426 0.62373245 0.6306556 1.01069 1.0041765 1.0022715 0.99961257 1.0022715 0.99961257 1.0022715 1.0076177 1.001891 1.0015109 1.0083846 1.0083846 0.9969631 1.0293922 0.9958304
0.9695119 0.9779369 0.1845533 0.9931942 0.9695119 0.42387336 0.43076792 0.42988047 0.43575725 1.0130024 0.9977191 1.018426 0 0.99545324 0.9962078 0.12530875 0.12012657 0.43539977 0.4371889 0.4297031 0.43076792 0.43414992 0.908332 0.4345068 0.990942 0.90565103 0.4500159 0.42793173 0.90031767 0.8920595
0.98237044 1.0003713 1.0049399 1.0160967 0.99847597 0.99056727 1.002652 0.98832285 0.99658537 0.21910232 0.2181654 0.62373245 0.99545324 0 0.108480364 0.9980974 0.9842255 0.9860852 0.9894442 0.97941184 0.9779369 0.9779369 0.98794943 0.9816297 0.98869646 1.0099207 0.9783054 0.9894442 1.0164845 0.99357027
0.9842255 0.9980974 1.0080011 1.0207624 0.99847597 0.9962078 1.0099207 0.9977191 1.0072346 0.21977226 0.22057699 0.6306556 0.9962078 0.108480364 0 1.0030329 0.9920673 0.990942 0.9962078 0.98125964 0.9801504 0.98645765 0.97170067 0.98869646 0.9857129 0.99658537 0.9827411 0.98907024 1.0080011 0.99169195
0.97573 0.9853408 0.18404187 0.99658537 0.97352946 0.4236974 0.43112323 0.42722434 0.43539977 1.0137748 1.0030329 1.01069 0.12530875 0.9980974 1.0030329 0 0.09986288 0.43325844 0.43325844 0.42722434 0.42828566 0.43005788 0.890091 0.43094555 0.98757625 0.8983274 0.4471061 0.42881688 0.8973342 0.8914027
0.9658782 0.9924427 0.18212713 1.001891 0.97867405 0.41773945 0.43041283 0.41913706 0.42881688 1.0083846 0.9931942 1.0041765 0.12012657 0.9842255 0.9920673 0.09986288 0 0.42917123 0.42757794 0.4245776 0.42404935 0.42669424 0.90164745 0.4261645 0.9931942 0.89601207 0.44024023 0.42281827 0.9046481 0.8884545
0.9658782 0.9779369 0.44024023 0.9764649 0.9691478 0.31695846 0.32632494 0.19862549 0.20189062 0.99734104 0.97720057 1.0022715 0.43539977 0.9860852 0.990942 0.43325844 0.42917123 0 0.08347805 0.09258679 0.09224745 0.07902039 0.8983274 0.07957615 0.9666036 0.90098226 0.42863977 0.4352211 0.88194406 0.88291705
0.97426224 0.97573 0.44204095 0.9644296 0.9583042 0.31711105 0.32833627 0.20241436 0.20674925 1.0011308 0.9838541 0.99961257 0.4371889 0.9894442 0.9962078 0.43325844 0.42757794 0.08347805 0 0.0955342 0.09564779 0.05993204 0.8940332 0.059390638 0.9687838 0.9019803 0.43575725 0.43916187 0.8874743 0.87967867
0.97609735 0.9666036 0.43504247 0.9669665 0.9575869 0.31103078 0.3187918 0.19524476 0.19615345 0.98794943 0.96479154 1.0022715 0.4297031 0.97941184 0.98125964 0.42722434 0.4245776 0.09258679 0.0955342 0 0.036472633 0.091682225 0.8871479 0.090665884 0.9626228 0.8842163 0.42651764 0.43272406 0.87484723 0.864643
0.97609735 0.959741 0.43593606 0.9604604 0.9575869 0.31300145 0.32170385 0.19563407 0.19498533 0.98832285 0.96841997 0.99961257 0.43076792 0.9779369 0.9801504 0.42828566 0.42404935 0.09224745 0.09564779 0.036472633 0 0.09100451 0.88454145 0.09010185 0.9572284 0.88454145 0.42952576 0.43325844 0.87100434 0.86274505
0.98051995 0.9695119 0.43862328 0.9662408 0.96406794 0.31391275 0.32216468 0.19875582 0.20175974 0.99545324 0.9738958 1.0022715 0.43414992 0.9779369 0.98645765 0.43005788 0.42669424 0.07902039 0.05993204 0.091682225 0.09100451 0 0.8910746 0.012808756 0.9680563 0.8956819 0.4293485 0.4355785 0.88194406 0.8754896
0.97426224 0.9651536 0.9059856 0.9680563 0.9753628 0.88259256 0.8956819 0.8774201 0.88780093 0.9775687 0.9706055 1.0076177 0.908332 0.98794943 0.97170067 0.890091 0.90164745 0.8983274 0.8940332 0.8871479 0.88454145 0.8910746 0 0.89601207 0.95294064 0.51926064 0.87613255 0.8774201 0.5069718 0.51249665
0.97720057 0.9687838 0.43700978 0.96406794 0.9651536 0.3143688 0.32231835 0.19784397 0.20097494 0.9980974 0.97243166 1.001891 0.4345068 0.9816297 0.98869646 0.43094555 0.4261645 0.07957615 0.059390638 0.090665884 0.09010185 0.012808756 0.89601207 0 0.97024083 0.8983274 0.43005788 0.43504247 0.88616943 0.8790327
0.7609791 0.41948688 0.99847597 0.41651866 0.414083 0.97352946 0.98237044 0.9604604 0.9680563 0.9838541 0.9801504 1.0015109 0.990942 0.98869646 0.9857129 0.98757625 0.9931942 0.9666036 0.9687838 0.9626228 0.9572284 0.9680563 0.95294064 0.97024083 0 0.9608204 0.96334505 0.94514287 0.9698763 0.96010065
0.9801504 0.9768326 0.90498227 0.99056727 0.9801504 0.88943595 0.90164745 0.88682157 0.8914027 1.0041765 1.0083846 1.0083846 0.90565103 1.0099207 0.99658537 0.8983274 0.89601207 0.90098226 0.9019803 0.8842163 0.88454145 0.8956819 0.51926064 0.8983274 0.9608204 0 0.8897634 0.86909026 0.35772082 0.35755974
0.9831119 0.94267863 0.44366533 0.9651536 0.9583042 0.42475376 0.43343666 0.42917123 0.43700978 0.97941184 0.9801504 1.0083846 0.4500159 0.9783054 0.9827411 0.4471061 0.44024023 0.42863977 0.43575725 0.42651764 0.42952576 0.4293485 0.87613255 0.43005788 0.96334505 0.8897634 0 0.26707777 0.88616943 0.88259256
0.9433819 0.9504507 0.4251062 0.9713354 0.95615417 0.42088777 0.42810866 0.43147868 0.44294295 0.9901927 0.9775687 0.9969631 0.42793173 0.9894442 0.98907024 0.42881688 0.42281827 0.4352211 0.43916187 0.43272406 0.43325844 0.4355785 0.8774201 0.43504247 0.94514287 0.86909026 0.26707777 0 0.86909026 0.86909026
0.97024083 0.97426224 0.90098226 0.9738958 0.9637064 0.8914027 0.8979962 0.8716434 0.88910866 1.0231062 1.0095364 1.0293922 0.90031767 1.0164845 1.0080011 0.8973342 0.9046481 0.88194406 0.8874743 0.87484723 0.87100434 0.88194406 0.5069718 0.88616943 0.9698763 0.35772082 0.88616943 0.86909026 0 0.26266474
0.9662408 0.95508146 0.89304566 0.9511613 0.9342909 0.877098 0.890091 0.8545757 0.8694089 1.0034139 0.9898184 0.9958304 0.8920595 0.99357027 0.99169195 0.8914027 0.8884545 0.88291705 0.87967867 0.864643 0.86274505 0.8754896 0.51249665 0.8790327 0.96010065 0.35755974 0.88259256 0.86909026 0.26266474 0
