0 0.9669665 0.99169195 0.97170067 0.65876466 0.9658782 0.9472615 0.9554389 0.96298385 0.6777777 0.6694307 0.9543672 1.000751 0.6945033 0.6929902 0.99545324 0.98869646 0.99056727 0.99281836 0.6864684 0.6869681 0.9831119 0.98237044 0.9779369 1.0118452 1.0015109 0.66359407 0.6859691 0.6802505 0.6852207
0.9669665 0 0.26922247 0.26636422 0.96298385 0.9931942 0.9898184 0.982 0.990942 0.99131685 0.9801504 0.98125964 0.5707484 0.9924427 0.99961257 0.56541634 0.56393015 0.5641423 0.56733155 0.99056727 0.9857129 0.3447826 0.5569632 0.3447826 0.57590306 0.5711766 0.9775687 1.0053219 0.9695119 1.0022715
0.99169195 0.26922247 0 0.17679176 0.98348296 0.982 0.97499573 0.97206604 0.97978103 1.000751 0.9898184 0.9853408 0.5630822 1.0110749 1.0227151 0.5592783 0.5575939 0.5561231 0.55675304 0.99885464 0.99734104 0.33831772 0.55006033 0.34004673 0.5709624 0.56818426 0.9801504 1.0045581 0.9860852 1.0157093
0.97170067 0.26636422 0.17679176 0 0.96334505 0.9662408 0.9593815 0.9590223 0.9662408 0.99169195 0.97941184 0.9838541 0.56818426 1.0015109 1.0141612 0.56393015 0.56223524 0.56584156 0.56647974 0.99131685 0.98794943 0.34241092 0.54902 0.34304264 0.56839764 0.5761186 0.98832285 1.0030329 0.97426224 1.015322
0.65876466 0.96298385 0.98348296 0.96334505 0 0.9433819 0.932902 0.94373375 0.9430302 0.16748267 0.16823317 0.94162506 1.0095364 0.47899425 0.4788049 1.001891 1.0041765 1.001891 1.001891 0.46977088 0.46958384 0.9666036 0.97206604 0.9662408 1.000751 0.9857129 0.46920985 0.47823706 0.46864927 0.4752159
0.9658782 0.9931942 0.982 0.9662408 0.9433819 0 0.14300726 0.15066971 0.15091425 0.9593815 0.9493862 0.6465887 0.98496884 0.959741 0.96010065 0.98683035 0.982 0.9950763 0.9946995 0.9845971 0.98125964 1.0030329 0.99281836 1.0045581 1.0172604 0.99056727 0.9698763 0.98645765 0.98496884 0.9666036
0.9472615 0.9898184 0.97499573 0.9593815 0.932902 0.14300726 0 0.09906361 0.09974865 0.9493862 0.94232726 0.6444604 0.98794943 0.9497408 0.9504507 0.9838541 0.98125964 0.98757625 0.9857129 0.9611805 0.9583042 0.99169195 0.97573 0.9931942 1.0095364 0.9842255 0.94127417 0.9590223 0.95258445 0.95151687
0.9554389 0.982 0.97206604 0.9590223 0.94373375 0.15066971 0.09906361 0 0.08314281 0.9593815 0.9504507 0.64967364 0.98757625 0.9706055 0.97024083 0.9827411 0.97978103 0.9857129 0.9857129 0.97978103 0.9775687 0.9980974 0.97316337 0.99847597 1.0064689 0.9842255 0.95294064 0.9709704 0.9626228 0.959741
0.96298385 0.990942 0.97978103 0.9662408 0.9430302 0.15091425 0.09974865 0.08314281 0 0.959741 0.9511613 0.6539662 0.98907024 0.9753628 0.97573 0.98683035 0.9860852 0.9853408 0.9838541 0.9790429 0.97573 0.9946995 0.9801504 0.9958304 1.0195932 0.98496884 0.96841997 0.982 0.9768326 0.97316337
0.6777777 0.99131685 1.000751 0.99169195 0.16748267 0.9593815 0.9493862 0.9593815 0.959741 0 0.06362395 0.9572284 1.0080011 0.48718274 0.48507947 1.001891 0.99658537 1.0168724 1.019204 0.48051092 0.47918367 0.99545324 0.9753628 0.9950763 1.0003713 0.98237044 0.47277015 0.48622596 0.47578144 0.483363
0.6694307 0.9801504 0.9898184 0.97941184 0.16823317 0.9493862 0.94232726 0.9504507 0.9511613 0.06362395 0 0.9557965 1.002652 0.4837441 0.48355353 0.9946995 0.9901927 0.9980974 1.0015109 0.48051092 0.4797522 0.98051995 0.9673296 0.97941184 0.990942 0.97573 0.47483912 0.4837441 0.47578144 0.47804788
0.9543672 0.98125964 0.9853408 0.9838541 0.94162506 0.6465887 0.6444604 0.64967364 0.6539662 0.9572284 0.9557965 0 1.000751 0.96406794 0.9698763 0.99357027 0.9901927 1.0180373 1.0180373 0.9611805 0.9604604 0.99545324 0.9709704 0.9980974 1.0068517 0.9969631 0.9658782 0.9608204 0.9626228 0.9669665
1.000751 0.5707484 0.5630822 0.56818426 1.0095364 0.98496884 0.98794943 0.98757625 0.98907024 1.0080011 1.002652 1.000751 0 1.002652 1.0223241 0.055181086 0.053675707 0.37450224 0.37351432 0.990942 0.98757625 0.5832667 0.5022683 0.58304906 0.42952576 0.42229128 0.99961257 1.0195932 0.99885464 1.0149349
0.6945033 0.9924427 1.0110749 1.0015109 0.47899425 0.959741 0.9497408 0.9706055 0.9753628 0.48718274 0.4837441 0.96406794 1.002652 0 0.049177624 0.9946995 0.99357027 1.014548 1.0126165 0.24665588 0.24651696 0.98794943 1.0034139 0.98348296 0.99545324 0.9943229 0.36030313 0.3524227 0.36159766 0.3667981
0.6929902 0.99961257 1.0227151 1.0141612 0.4788049 0.96010065 0.9504507 0.97024083 0.97573 0.48507947 0.48355353 0.9698763 1.0223241 0.049177624 0 1.0130024 1.0091523 1.0176488 1.0157093 0.24999788 0.24985833 0.99545324 1.0080011 0.99056727 1.0045581 0.9980974 0.36111194 0.35354343 0.36224574 0.36794052
0.99545324 0.56541634 0.5592783 0.56393015 1.001891 0.98683035 0.9838541 0.9827411 0.98683035 1.001891 0.9946995 0.99357027 0.055181086 0.9946995 1.0130024 0 0.019142218 0.3690847 0.36826724 0.9779369 0.97720057 0.5784937 0.4975942 0.5784937 0.41931194 0.41512588 0.9775687 1.0015109 0.9801504 1.000751
0.98869646 0.56393015 0.5575939 0.56223524 1.0041765 0.982 0.98125964 0.97978103 0.9860852 0.99658537 0.9901927 0.9901927 0.053675707 0.99357027 1.0091523 0.019142218 0 0.36614606 0.36565742 0.97609735 0.9746289 0.5802258 0.497012 0.5793593 0.41931194 0.41582194 0.9779369 0.99999183 0.97720057 0.99999183
0.99056727 0.5641423 0.5561231 0.56584156 1.001891 0.9950763 0.98757625 0.9857129 0.9853408 1.0168724 0.9980974 1.0180373 0.37450224 1.014548 1.0176488 0.3690847 0.36614606 0 0.0097632725 1.0003713 0.9980974 0.5756876 0.49973288 0.5763342 0.4258116 0.41096306 1.0003713 1.0227151 1.0137748 1.0076177
0.99281836 0.56733155 0.55675304 0.56647974 1.001891 0.9946995 0.9857129 0.9857129 0.9838541 1.019204 1.0015109 1.0180373 0.37351432 1.0126165 1.0157093 0.36826724 0.36565742 0.0097632725 0 0.99885464 0.99658537 0.5765499 0.5018777 0.5767656 0.4251062 0.41096306 0.99885464 1.0199828 1.0103053 1.0045581
0.6864684 0.99056727 0.99885464 0.99131685 0.46977088 0.9845971 0.9611805 0.97978103 0.9790429 0.48051092 0.48051092 0.9611805 0.990942 0.24665588 0.24999788 0.9779369 0.97609735 1.0003713 0.99885464 0 0.007941901 0.97609735 0.98348296 0.9753628 0.98645765 0.97352946 0.35258272 0.34827465 0.35772082 0.3687576
0.6869681 0.9857129 0.99734104 0.98794943 0.46958384 0.98125964 0.9583042 0.9775687 0.97573 0.47918367 0.4797522 0.9604604 0.98757625 0.24651696 0.24985833 0.97720057 0.9746289 0.9980974 0.99658537 0.007941901 0 0.9746289 0.982 0.97426224 0.9857129 0.97573 0.35114396 0.3484338 0.35659385 0.3685941
0.9831119 0.3447826 0.33831772 0.34241092 0.9666036 1.0030329 0.99169195 0.9980974 0.9946995 0.99545324 0.98051995 0.99545324 0.5832667 0.98794943 0.99545324 0.5784937 0.5802258 0.5756876 0.5765499 0.97609735 0.9746289 0 0.56711847 0.0066292114 0.57806134 0.5778452 0.9565121 0.9853408 0.97609735 1.0049399
0.98237044 0.5569632 0.55006033 0.54902 0.97206604 0.99281836 0.97573 0.97316337 0.9801504 0.9753628 0.9673296 0.9709704 0.5022683 1.0034139 1.0080011 0.4975942 0.497012 0.49973288 0.5018777 0.98348296 0.982 0.56711847 0 0.5677578 0.5052045 0.50090206 0.98645765 0.9746289 0.97170067 1.0219333
0.9779369 0.3447826 0.34004673 0.34304264 0.9662408 1.0045581 0.9931942 0.99847597 0.9958304 0.9950763 0.97941184 0.9980974 0.58304906 0.98348296 0.99056727 0.5784937 0.5793593 0.5763342 0.5767656 0.9753628 0.97426224 0.0066292114 0.5677578 0 0.5767656 0.57871 0.95508146 0.982 0.9727974 1.0015109
1.0118452 0.57590306 0.5709624 0.56839764 1.000751 1.0172604 1.0095364 1.0064689 1.0195932 1.0003713 0.990942 1.0068517 0.42952576 0.99545324 1.0045581 0.41931194 0.41931194 0.4258116 0.4251062 0.98645765 0.9857129 0.57806134 0.5052045 0.5767656 0 0.41096306 0.9969631 1.0195932 1.0076177 1.0274222
1.0015109 0.5711766 0.56818426 0.5761186 0.9857129 0.99056727 0.9842255 0.9842255 0.98496884 0.98237044 0.97573 0.9969631 0.42229128 0.9943229 0.9980974 0.41512588 0.41582194 0.41096306 0.41096306 0.97352946 0.97573 0.5778452 0.50090206 0.57871 0.41096306 0 1.0015109 0.99961257 1.0080011 1.0080011
0.66359407 0.9775687 0.9801504 0.98832285 0.46920985 0.9698763 0.94127417 0.95294064 0.96841997 0.47277015 0.47483912 0.9658782 0.99961257 0.36030313 0.36111194 0.9775687 0.9779369 1.0003713 0.99885464 0.35258272 0.35114396 0.9565121 0.98645765 0.95508146 0.9969631 1.0015109 0 0.36030313 0.34986734 0.35546857
0.6859691 1.0053219 1.0045581 1.0030329 0.47823706 0.98645765 0.9590223 0.9709704 0.982 0.48622596 0.4837441 0.9608204 1.0195932 0.3524227 0.35354343 1.0015109 0.99999183 1.0227151 1.0199828 0.34827465 0.3484338 0.9853408 0.9746289 0.982 1.0195932 0.99961257 0.36030313 0 0.36794052 0.36810386
0.6802505 0.9695119 0.9860852 0.97426224 0.46864927 0.98496884 0.95258445 0.9626228 0.9768326 0.47578144 0.47578144 0.9626228 0.99885464 0.36159766 0.36224574 0.9801504 0.97720057 1.0137748 1.0103053 0.35772082 0.35659385 0.97609735 0.97170067 0.9727974 1.0076177 1.0080011 0.34986734 0.36794052 0 0.31680587
0.6852207 1.0022715 1.0157093 1.015322 0.4752159 0.9666036 0.95151687 0.959741 0.97316337 0.483363 0.47804788 0.9669665 1.0149349 0.3667981 0.36794052 1.000751 0.99999183 1.0076177 1.0045581 0.3687576 0.3685941 1.0049399 1.0219333 1.0015109 1.0274222 1.0080011 0.35546857 0.36810386 0.31680587 0
