0 0.9568702 0.9658782 0.9706055 0.9644296 0.9738958 0.9698763 0.95472425 1.000751 0.9969631 0.9924427 0.93987226 0.98237044 0.98794943 0.953297 0.98125964 0.97941184 1.0053219 1.0030329 0.9827411 0.98051995 0.95472425 0.982 0.95258445 0.9738958 0.96479154 0.9783054 0.9669665 1.0091523 1.0168724
0.9568702 0 0.1518932 0.71783453 0.7376246 0.7421839 0.47634742 0.47352183 1.001891 0.8910746 0.89601207 0.4028772 0.40923536 0.40476185 0.72779626 0.41878742 0.4189622 0.99734104 0.99357027 0.7196597 0.72044325 0.7317652 0.2990161 0.7328271 0.20965317 0.18506506 0.7254249 0.4718316 0.99545324 0.99847597
0.9658782 0.1518932 0 0.7186162 0.73789203 0.7328271 0.47370988 0.47051957 0.9950763 0.88454145 0.8835664 0.40270612 0.40682322 0.39912206 0.72148925 0.41234812 0.41113606 0.99281836 0.9894442 0.71887696 0.7207046 0.7267414 0.305901 0.72726864 0.21389721 0.18981557 0.7312348 0.47389796 1.0045581 1.0011308
0.9706055 0.71783453 0.7186162 0 0.37598658 0.3781358 0.72832423 0.7243734 0.990942 0.8542633 0.85770726 0.72832423 0.7129029 0.7110941 0.3667981 0.7209661 0.72044325 0.9853408 0.9872032 0.14920415 0.1488382 0.36663502 0.72253674 0.3648437 0.7139384 0.72044325 0.19136275 0.7341567 1.0022715 1.0099207
0.9644296 0.7376246 0.73789203 0.37598658 0 0.14373367 0.72858834 0.72700495 1.0015109 0.88194406 0.87581104 0.7251619 0.7241107 0.7191378 0.15656075 0.72700495 0.7301751 0.99961257 1.0060863 0.36924827 0.36794052 0.1577939 0.7346892 0.15668398 0.72253674 0.7330929 0.3672875 0.7365559 1.0211525 1.0188149
0.9738958 0.7421839 0.7328271 0.3781358 0.14373367 0 0.742453 0.7336246 1.0091523 0.8937039 0.8920595 0.72148925 0.72779626 0.7220128 0.1637414 0.72779626 0.7317652 1.0049399 1.0095364 0.37072223 0.37072223 0.16423915 0.74057156 0.16324396 0.72832423 0.7354886 0.37219912 0.7432607 1.0199828 1.0211525
0.9698763 0.47634742 0.47370988 0.72832423 0.72858834 0.742453 0 0.11567968 0.99847597 0.8754896 0.8783872 0.4662248 0.4771027 0.47370988 0.7196597 0.48622596 0.48527044 1.0049399 0.99885464 0.7209661 0.71992075 0.7220128 0.4869913 0.72044325 0.471644 0.4820307 0.7320306 0.18365853 0.99281836 1.0099207
0.95472425 0.47352183 0.47051957 0.7243734 0.72700495 0.7336246 0.11567968 0 1.0087683 0.87420535 0.8787099 0.46678358 0.4714565 0.46883607 0.71367943 0.48279172 0.48393473 1.0160967 1.01146 0.72018194 0.71992075 0.7152349 0.48013148 0.7152349 0.47108158 0.48355353 0.7243734 0.17742492 0.9980974 1.0037951
1.000751 1.001891 0.9950763 0.990942 1.0015109 1.0091523 0.99847597 1.0087683 0 0.9894442 0.98869646 0.9943229 0.98907024 0.9768326 0.9853408 0.9853408 0.9831119 0.065476745 0.06373281 0.98237044 0.98051995 0.9872032 1.0095364 0.98869646 1.005704 1.0137748 1.000751 1.0219333 0.21629508 0.21749689
0.9969631 0.8910746 0.88454145 0.8542633 0.88194406 0.8937039 0.8754896 0.87420535 0.9894442 0 0.063188665 0.86909026 0.8726031 0.8684533 0.87581104 0.88064873 0.8754896 0.98645765 0.98907024 0.8649598 0.86654574 0.864643 0.891731 0.86591095 0.8754896 0.8864954 0.8640098 0.8904187 1.0011308 1.0072346
0.9924427 0.89601207 0.8835664 0.85770726 0.87581104 0.8920595 0.8783872 0.8787099 0.98869646 0.063188665 0 0.87420535 0.8774201 0.8722831 0.8668633 0.8848668 0.8800019 0.9898184 0.99169195 0.8668633 0.8668633 0.85770726 0.88943595 0.8592779 0.87774235 0.8851922 0.86877173 0.8940332 1.0080011 1.0068517
0.93987226 0.4028772 0.40270612 0.72832423 0.7251619 0.72148925 0.4662248 0.46678358 0.9943229 0.86909026 0.87420535 0 0.3814544 0.38178706 0.71032023 0.39640284 0.3967422 0.99847597 0.99658537 0.7175742 0.7175742 0.71186876 0.4106172 0.7113522 0.41079012 0.4095806 0.7386949 0.46902296 1.0095364 1.0176488
0.98237044 0.40923536 0.40682322 0.7129029 0.7241107 0.72779626 0.4771027 0.4714565 0.98907024 0.8726031 0.8774201 0.3814544 0 0.0575528 0.7167936 0.11895377 0.12059619 0.9920673 0.9962078 0.71161044 0.7113522 0.7157541 0.41651866 0.7165336 0.41252142 0.41356212 0.721751 0.47370988 0.99357027 1.01069
0.98794943 0.40476185 0.39912206 0.7110941 0.7191378 0.7220128 0.47370988 0.46883607 0.9768326 0.8684533 0.8722831 0.38178706 0.0575528 0 0.71032023 0.11591307 0.11813391 0.982 0.9845971 0.70774645 0.7082605 0.7082605 0.417216 0.70903224 0.4087178 0.40699527 0.72148925 0.4720192 0.9801504 0.9950763
0.953297 0.72779626 0.72148925 0.3667981 0.15656075 0.1637414 0.7196597 0.71367943 0.9853408 0.87581104 0.8668633 0.71032023 0.7167936 0.71032023 0 0.7170537 0.721751 0.9779369 0.98348296 0.3609501 0.3601415 0.033329733 0.7186162 0.032807194 0.7186162 0.72700495 0.36273217 0.72332335 0.9977191 0.99923354
0.98125964 0.41878742 0.41234812 0.7209661 0.72700495 0.72779626 0.48622596 0.48279172 0.9853408 0.88064873 0.8848668 0.39640284 0.11895377 0.11591307 0.7170537 0 0.025012486 0.9901927 0.9894442 0.7152349 0.7149754 0.7165336 0.42740113 0.7175742 0.41948688 0.42211568 0.72700495 0.49025255 1.005704 1.0126165
0.97941184 0.4189622 0.41113606 0.72044325 0.7301751 0.7317652 0.48527044 0.48393473 0.9831119 0.8754896 0.8800019 0.3967422 0.12059619 0.11813391 0.721751 0.025012486 0 0.98683035 0.9853408 0.7141975 0.7149754 0.7209661 0.42740113 0.7220128 0.4200119 0.4224669 0.72568804 0.48833245 0.99961257 1.0072346
1.0053219 0.99734104 0.99281836 0.9853408 0.99961257 1.0049399 1.0049399 1.0160967 0.065476745 0.98645765 0.9898184 0.99847597 0.9920673 0.982 0.9779369 0.9901927 0.98683035 0 0.023876043 0.9816297 0.97941184 0.9801504 1.0137748 0.982 1.0064689 1.0141612 1.0034139 1.0227151 0.22286172 0.21977226
1.0030329 0.99357027 0.9894442 0.9872032 1.0060863 1.0095364 0.99885464 1.01146 0.06373281 0.98907024 0.99169195 0.99658537 0.9962078 0.9845971 0.98348296 0.9894442 0.9853408 0.023876043 0 0.9838541 0.98125964 0.98683035 1.0045581 0.98869646 1.001891 1.0099207 1.0064689 1.019204 0.21937022 0.21963823
0.9827411 0.7196597 0.71887696 0.14920415 0.36924827 0.37072223 0.7209661 0.72018194 0.98237044 0.8649598 0.8668633 0.7175742 0.71161044 0.70774645 0.3609501 0.7152349 0.7141975 0.9816297 0.9838541 0 0.0065283305 0.36062655 0.72463614 0.35981828 0.70928967 0.7167936 0.18647423 0.7227989 0.9827411 0.99847597
0.98051995 0.72044325 0.7207046 0.1488382 0.36794052 0.37072223 0.71992075 0.71992075 0.98051995 0.86654574 0.8668633 0.7175742 0.7113522 0.7082605 0.3601415 0.7149754 0.7149754 0.97941184 0.98125964 0.0065283305 0 0.3601415 0.7254249 0.35901088 0.70954716 0.71783453 0.18519306 0.7227989 0.9827411 0.9946995
0.95472425 0.7317652 0.7267414 0.36663502 0.1577939 0.16423915 0.7220128 0.7152349 0.9872032 0.864643 0.85770726 0.71186876 0.7157541 0.7082605 0.033329733 0.7165336 0.7209661 0.9801504 0.98683035 0.36062655 0.3601415 0 0.72148925 0.0054195337 0.72148925 0.7296458 0.36419335 0.7275324 0.9950763 0.99923354
0.982 0.2990161 0.305901 0.72253674 0.7346892 0.74057156 0.4869913 0.48013148 1.0095364 0.891731 0.88943595 0.4106172 0.41651866 0.417216 0.7186162 0.42740113 0.42740113 1.0137748 1.0045581 0.72463614 0.7254249 0.72148925 0 0.7222747 0.3043989 0.30785823 0.7264779 0.48013148 1.0141612 1.0305767
0.95258445 0.7328271 0.72726864 0.3648437 0.15668398 0.16324396 0.72044325 0.7152349 0.98869646 0.86591095 0.8592779 0.7113522 0.7165336 0.70903224 0.032807194 0.7175742 0.7220128 0.982 0.98869646 0.35981828 0.35901088 0.0054195337 0.7222747 0 0.72332335 0.7296458 0.36273217 0.7264779 0.9950763 0.99923354
0.9738958 0.20965317 0.21389721 0.7139384 0.72253674 0.72832423 0.471644 0.47108158 1.005704 0.8754896 0.87774235 0.41079012 0.41252142 0.4087178 0.7186162 0.41948688 0.4200119 1.0064689 1.001891 0.70928967 0.70954716 0.72148925 0.3043989 0.72332335 0 0.22299634 0.7267414 0.46902296 1.0072346 1.0141612
0.96479154 0.18506506 0.18981557 0.72044325 0.7330929 0.7354886 0.4820307 0.48355353 1.0137748 0.8864954 0.8851922 0.4095806 0.41356212 0.40699527 0.72700495 0.42211568 0.4224669 1.0141612 1.0099207 0.7167936 0.71783453 0.7296458 0.30785823 0.7296458 0.22299634 0 0.7267414 0.48146042 1.01146 1.0137748
0.9783054 0.7254249 0.7312348 0.19136275 0.3672875 0.37219912 0.7320306 0.7243734 1.000751 0.8640098 0.86877173 0.7386949 0.721751 0.72148925 0.36273217 0.72700495 0.72568804 1.0034139 1.0064689 0.18647423 0.18519306 0.36419335 0.7264779 0.36273217 0.7267414 0.7267414 0 0.7365559 1.014548 1.0164845
0.9669665 0.4718316 0.47389796 0.7341567 0.7365559 0.7432607 0.18365853 0.17742492 1.0219333 0.8904187 0.8940332 0.46902296 0.47370988 0.4720192 0.72332335 0.49025255 0.48833245 1.0227151 1.019204 0.7227989 0.7227989 0.7275324 0.48013148 0.7264779 0.46902296 0.48146042 0.7365559 0 1.0087683 1.0274222
1.0091523 0.99545324 1.0045581 1.0022715 1.0211525 1.0199828 0.99281836 0.9980974 0.21629508 1.0011308 1.0080011 1.0095364 0.99357027 0.9801504 0.9977191 1.005704 0.99961257 0.22286172 0.21937022 0.9827411 0.9827411 0.9950763 1.0141612 0.9950763 1.0072346 1.01146 1.014548 1.0087683 0 0.17793186
1.0168724 0.99847597 1.0011308 1.0099207 1.0188149 1.0211525 1.0099207 1.0037951 0.21749689 1.0072346 1.0068517 1.0176488 1.01069 0.9950763 0.99923354 1.0126165 1.0072346 0.21977226 0.21963823 0.99847597 0.9946995 0.99923354 1.0305767 0.99923354 1.0141612 1.0137748 1.0164845 1.0274222 0.17793186 0
