0 0.9493862 0.94232726 0.95151687 0.9479691 0.9568702 0.95080596 0.94903165 0.71992075 0.9374253 0.95294064 0.7262145 0.7113522 0.93116945 0.9353342 0.72332335 0.7243734 0.9395222 0.9374253 0.72463614 0.7262145 1.0199828 0.99999183 1.0207624 0.97609735 0.9522284 0.9565121 0.96190137 1.0034139 0.9335961
0.9493862 0 0.26479682 0.5926842 0.5977705 0.58828926 0.58850837 0.8038317 0.9360306 0.70903224 0.7264779 0.9430302 0.95151687 0.6033384 0.6082727 0.94092345 0.94092345 0.81234956 0.8114639 0.94267863 0.94267863 0.9946995 1.0103053 0.9977191 1.0195932 0.567971 0.56733155 0.5971051 1.0030329 0.5920233
0.94232726 0.26479682 0 0.58785117 0.5962188 0.58435565 0.582614 0.78394586 0.9419761 0.6962725 0.7193987 0.9511613 0.9608204 0.6028915 0.60804766 0.95080596 0.95080596 0.7980132 0.7936788 0.9465546 0.9458484 1.0053219 1.0180373 1.0076177 1.0133885 0.56754464 0.556333 0.5971051 1.0126165 0.58828926
0.95151687 0.5926842 0.58785117 0 0.2572904 0.5763342 0.56477904 0.7757428 0.9440858 0.71032023 0.7193987 0.9608204 0.9472615 0.58435565 0.5828315 0.9346385 0.9370764 0.78994244 0.7876524 0.9540103 0.9540103 0.990942 0.9924427 0.9946995 0.98907024 0.58588296 0.59004414 0.3979312 1.0068517 0.58807015
0.9479691 0.5977705 0.5962188 0.2572904 0 0.5763342 0.56967896 0.7853693 0.95294064 0.70928967 0.7126442 0.9644296 0.9554389 0.58785117 0.58850837 0.93672764 0.9395222 0.79627645 0.7928149 0.9554389 0.95794547 1.0080011 0.9860852 1.0103053 0.98237044 0.58239657 0.6040094 0.40014434 1.0060863 0.59004414
0.9568702 0.58828926 0.58435565 0.5763342 0.5763342 0 0.20189062 0.78879654 0.93812364 0.700841 0.695261 0.9419761 0.96010065 0.43147868 0.43290216 0.9518725 0.9540103 0.80120784 0.79598737 0.96226203 0.96010065 1.0195932 0.9857129 1.0219333 0.98832285 0.58588296 0.5887276 0.5713908 1.0188149 0.41234812
0.95080596 0.58850837 0.582614 0.56477904 0.56967896 0.20189062 0 0.7734957 0.92085767 0.6892207 0.68149 0.9297863 0.9346385 0.42299402 0.42281827 0.93082345 0.92771643 0.7853693 0.77884376 0.9322085 0.93255514 1.0045581 0.98125964 1.0080011 0.9816297 0.57957584 0.58544624 0.56626695 1.0080011 0.40665123
0.94903165 0.8038317 0.78394586 0.7757428 0.7853693 0.78879654 0.7734957 0 0.9511613 0.8026644 0.8023729 0.94267863 0.95508146 0.79598737 0.79512084 0.93987226 0.94514287 0.18391407 0.18314771 0.96190137 0.9611805 1.0270288 0.99056727 1.0258498 0.9920673 0.78793824 0.7796917 0.7885103 1.0313674 0.7968549
0.71992075 0.9360306 0.9419761 0.9440858 0.95294064 0.93812364 0.92085767 0.9511613 0 0.93324894 0.9335961 0.6631097 0.15964743 0.9458484 0.9479691 0.24415912 0.24402064 0.97243166 0.97499573 0.16898443 0.169235 1.0083846 0.98125964 1.0099207 0.98348296 0.9339434 0.9476152 0.97573 1.0160967 0.9287507
0.9374253 0.70903224 0.6962725 0.71032023 0.70928967 0.700841 0.6892207 0.8026644 0.93324894 0 0.1274391 0.95080596 0.9500957 0.7082605 0.7113522 0.9644296 0.9583042 0.8073446 0.80295604 0.94620144 0.94092345 0.99169195 0.97426224 0.9931942 1.0133885 0.6993151 0.6922348 0.7080034 1.0141612 0.70109564
0.95294064 0.7264779 0.7193987 0.7193987 0.7126442 0.695261 0.68149 0.8023729 0.9335961 0.1274391 0 0.94514287 0.95472425 0.70646286 0.70543754 0.9709704 0.9669665 0.8038317 0.8017901 0.95294064 0.9500957 1.001891 0.9827411 1.0030329 1.0325551 0.7018601 0.71316165 0.7129029 1.0266355 0.6967787
0.7262145 0.9430302 0.9511613 0.9608204 0.9644296 0.9419761 0.9297863 0.94267863 0.6631097 0.95080596 0.94514287 0 0.66577744 0.9493862 0.9440858 0.6667499 0.66553456 0.93568236 0.9388226 0.6760516 0.67629796 1.0137748 0.9845971 1.0149349 0.98496884 0.9465546 0.9575869 0.9779369 1.0072346 0.95294064
0.7113522 0.95151687 0.9608204 0.9472615 0.9554389 0.96010065 0.9346385 0.95508146 0.15964743 0.9500957 0.95472425 0.66577744 0 0.96298385 0.96334505 0.23548532 0.23712975 0.96298385 0.9680563 0.13040799 0.13112226 1.0076177 0.9768326 1.0110749 1.0011308 0.9575869 0.94903165 0.97573 1.0103053 0.94867724
0.93116945 0.6033384 0.6028915 0.58435565 0.58785117 0.43147868 0.42299402 0.79598737 0.9458484 0.7082605 0.70646286 0.9493862 0.96298385 0 0.10306851 0.944438 0.9430302 0.8082254 0.8041238 0.95866317 0.9611805 1.0238891 1.000751 1.025065 1.0034139 0.59865856 0.5933457 0.5810934 1.0293922 0.32725257
0.9353342 0.6082727 0.60804766 0.5828315 0.58850837 0.43290216 0.42281827 0.79512084 0.9479691 0.7113522 0.70543754 0.9440858 0.96334505 0.10306851 0 0.9479691 0.94373375 0.81294054 0.8105793 0.96226203 0.9626228 1.0266355 1.0041765 1.0289978 1.0149349 0.6033384 0.59932536 0.58544624 1.0405211 0.32942155
0.72332335 0.94092345 0.95080596 0.9346385 0.93672764 0.9518725 0.93082345 0.93987226 0.24415912 0.9644296 0.9709704 0.6667499 0.23548532 0.944438 0.9479691 0 0.03573811 0.9651536 0.96226203 0.2459615 0.24610032 1.0053219 0.98794943 1.0080011 0.98683035 0.9259958 0.9374253 0.9698763 1.0110749 0.9479691
0.7243734 0.94092345 0.95080596 0.9370764 0.9395222 0.9540103 0.92771643 0.94514287 0.24402064 0.9583042 0.9669665 0.66553456 0.23712975 0.9430302 0.94373375 0.03573811 0 0.97024083 0.9680563 0.24623917 0.24651696 1.0011308 0.98869646 1.0037951 0.98757625 0.91779155 0.93847305 0.9709704 1.0041765 0.9465546
0.9395222 0.81234956 0.7980132 0.78994244 0.79627645 0.80120784 0.7853693 0.18391407 0.97243166 0.8073446 0.8038317 0.93568236 0.96298385 0.8082254 0.81294054 0.9651536 0.97024083 0 0.033329733 0.9658782 0.9644296 1.0297868 0.97243166 1.0297868 0.9980974 0.8047084 0.78708094 0.79540956 1.0195932 0.8088132
0.9374253 0.8114639 0.7936788 0.7876524 0.7928149 0.79598737 0.77884376 0.18314771 0.97499573 0.80295604 0.8017901 0.9388226 0.9680563 0.8041238 0.8105793 0.96226203 0.9680563 0.033329733 0 0.9709704 0.97206604 1.0289978 0.9783054 1.0297868 0.99961257 0.80587894 0.7867954 0.7956984 1.0207624 0.8047084
0.72463614 0.94267863 0.9465546 0.9540103 0.9554389 0.96226203 0.9322085 0.96190137 0.16898443 0.94620144 0.95294064 0.6760516 0.13040799 0.95866317 0.96226203 0.2459615 0.24623917 0.9658782 0.9709704 0 0.018424466 1.0160967 0.98832285 1.0172604 1.0003713 0.95151687 0.94903165 0.9775687 1.0238891 0.94162506
0.7262145 0.94267863 0.9458484 0.9540103 0.95794547 0.96010065 0.93255514 0.9611805 0.169235 0.94092345 0.9500957 0.67629796 0.13112226 0.9611805 0.9626228 0.24610032 0.24651696 0.9644296 0.97206604 0.018424466 0 1.01146 0.9845971 1.0130024 0.9969631 0.94549555 0.9458484 0.97867405 1.0207624 0.9433819
1.0199828 0.9946995 1.0053219 0.990942 1.0080011 1.0195932 1.0045581 1.0270288 1.0083846 0.99169195 1.001891 1.0137748 1.0076177 1.0238891 1.0266355 1.0053219 1.0011308 1.0297868 1.0289978 1.0160967 1.01146 0 0.9479691 0.004312374 0.97352946 0.99169195 0.9845971 1.005704 0.33081922 1.0076177
0.99999183 1.0103053 1.0180373 0.9924427 0.9860852 0.9857129 0.98125964 0.99056727 0.98125964 0.97426224 0.9827411 0.9845971 0.9768326 1.000751 1.0041765 0.98794943 0.98869646 0.97243166 0.9783054 0.98832285 0.9845971 0.9479691 0 0.94620144 0.654684 0.9920673 1.0080011 0.99357027 0.9511613 1.0126165
1.0207624 0.9977191 1.0076177 0.9946995 1.0103053 1.0219333 1.0080011 1.0258498 1.0099207 0.9931942 1.0030329 1.0149349 1.0110749 1.025065 1.0289978 1.0080011 1.0037951 1.0297868 1.0297868 1.0172604 1.0130024 0.004312374 0.94620144 0 0.9753628 0.99545324 0.98794943 1.005704 0.3305084 1.0095364
0.97609735 1.0195932 1.0133885 0.98907024 0.98237044 0.98832285 0.9816297 0.9920673 0.98348296 1.0133885 1.0325551 0.98496884 1.0011308 1.0034139 1.0149349 0.98683035 0.98757625 0.9980974 0.99961257 1.0003713 0.9969631 0.97352946 0.654684 0.9753628 0 1.0049399 1.0064689 1.000751 0.95151687 1.0060863
0.9522284 0.567971 0.56754464 0.58588296 0.58239657 0.58588296 0.57957584 0.78793824 0.9339434 0.6993151 0.7018601 0.9465546 0.9575869 0.59865856 0.6033384 0.9259958 0.91779155 0.8047084 0.80587894 0.95151687 0.94549555 0.99169195 0.9920673 0.99545324 1.0049399 0 0.5632941 0.6026681 1.0064689 0.58960503
0.9565121 0.56733155 0.556333 0.59004414 0.6040094 0.5887276 0.58544624 0.7796917 0.9476152 0.6922348 0.71316165 0.9575869 0.94903165 0.5933457 0.59932536 0.9374253 0.93847305 0.78708094 0.7867954 0.94903165 0.9458484 0.9845971 1.0080011 0.98794943 1.0064689 0.5632941 0 0.5999927 0.99169195 0.5935663
0.96190137 0.5971051 0.5971051 0.3979312 0.40014434 0.5713908 0.56626695 0.7885103 0.97573 0.7080034 0.7129029 0.9779369 0.97573 0.5810934 0.58544624 0.9698763 0.9709704 0.79540956 0.7956984 0.9775687 0.97867405 1.005704 0.99357027 1.005704 1.000751 0.6026681 0.5999927 0 1.0122308 0.58828926
1.0034139 1.0030329 1.0126165 1.0068517 1.0060863 1.0188149 1.0080011 1.0313674 1.0160967 1.0141612 1.0266355 1.0072346 1.0103053 1.0293922 1.0405211 1.0110749 1.0041765 1.0195932 1.0207624 1.0238891 1.0207624 0.33081922 0.9511613 0.3305084 0.95151687 1.0064689 0.99169195 1.0122308 0 1.0172604
0.9335961 0.5920233 0.58828926 0.58807015 0.59004414 0.41234812 0.40665123 0.7968549 0.9287507 0.70109564 0.6967787 0.95294064 0.94867724 0.32725257 0.32942155 0.9479691 0.9465546 0.8088132 0.8047084 0.94162506 0.9433819 1.0076177 1.0126165 1.0095364 1.0060863 0.58960503 0.5935663 0.58828926 1.0172604 0
