0 0.7087749 0.7049255 0.71083605 0.7085177 0.58217925 0.5808764 0.58631986 0.70007765 0.58174473 0.585228 0.5850098 0.5902638 0.59092313 0.6955138 0.69349426 0.69855326 0.70466954 0.7062064 0.70954716 0.70543754 0.71032023 0.7129029 0.7098048 0.610075 0.60894805 0.60244477 0.71032023 0.9977191 0.9920673
0.7087749 0 0.42669424 0.34177974 0.33784685 0.70646286 0.7056938 0.7129029 0.19849518 0.70441365 0.7049255 0.70595 0.7170537 0.7149754 0.42088777 0.4215892 0.42793173 0.20045221 0.20058286 0.4297031 0.42757794 0.6304238 0.6350735 0.62810963 0.70007765 0.6922348 0.7026252 0.43005788 1.0099207 1.0199828
0.7049255 0.42669424 0 0.4293485 0.42669424 0.71342045 0.71186876 0.7152349 0.4258116 0.7129029 0.71006244 0.7033912 0.71006244 0.71161044 0.19966878 0.1997993 0.20058286 0.43147868 0.43254602 0.41148216 0.41148216 0.6364741 0.6348403 0.63414127 0.7072328 0.7141975 0.714716 0.41286817 1.0034139 1.005704
0.71083605 0.34177974 0.4293485 0 0.17149405 0.7085177 0.70903224 0.7262145 0.33596638 0.7072328 0.7049255 0.7005865 0.71887696 0.7220128 0.4245776 0.42881688 0.4355785 0.33988938 0.33831772 0.4212384 0.4200119 0.6313514 0.6395176 0.6304238 0.6982995 0.7056938 0.70646286 0.42740113 1.0011308 1.0087683
0.7085177 0.33784685 0.42669424 0.17149405 0 0.7013504 0.7049255 0.72044325 0.335497 0.7113522 0.70774645 0.7056938 0.71445674 0.714716 0.42475376 0.42722434 0.43076792 0.33706275 0.33659267 0.42440146 0.42211568 0.6283408 0.6364741 0.627186 0.6965256 0.6972853 0.70954716 0.42088777 1.0087683 1.0118452
0.58217925 0.70646286 0.71342045 0.7085177 0.7013504 0 0.15275083 0.34891135 0.7126442 0.15927635 0.15705377 0.52246493 0.35002682 0.34986734 0.7149754 0.70903224 0.7167936 0.70928967 0.7139384 0.7049255 0.70288044 0.69855326 0.6889701 0.69956917 0.5975486 0.60043794 0.59444946 0.71342045 0.9853408 0.97720057
0.5808764 0.7056938 0.71186876 0.70903224 0.7049255 0.15275083 0 0.34954855 0.7087749 0.15079197 0.14688952 0.52186304 0.35034582 0.34986734 0.71032023 0.7067194 0.71549445 0.7062064 0.70903224 0.7018601 0.7018601 0.7082605 0.68972224 0.7087749 0.5935663 0.58982456 0.59092313 0.71186876 0.9790429 0.9768326
0.58631986 0.7129029 0.7152349 0.7262145 0.72044325 0.34891135 0.34954855 0 0.71186876 0.35917228 0.35659385 0.5220636 0.13770178 0.13662118 0.71445674 0.7149754 0.721751 0.71212715 0.7157541 0.7196597 0.72018194 0.7072328 0.71212715 0.70748955 0.60557723 0.6060258 0.604457 0.72832423 0.9898184 0.98348296
0.70007765 0.19849518 0.4258116 0.33596638 0.335497 0.7126442 0.7087749 0.71186876 0 0.71316165 0.70903224 0.7080034 0.7141975 0.71445674 0.4224669 0.42404935 0.42793173 0.07073301 0.07216294 0.42106307 0.41983685 0.6283408 0.6369415 0.6262635 0.69956917 0.6950084 0.6955138 0.42440146 1.0060863 1.0087683
0.58174473 0.70441365 0.7129029 0.7072328 0.7113522 0.15927635 0.15079197 0.35917228 0.71316165 0 0.06395058 0.5287124 0.35611138 0.35611138 0.7141975 0.7098048 0.7152349 0.7072328 0.7139384 0.7023701 0.70160514 0.70543754 0.69779223 0.7062064 0.6033384 0.5951125 0.5957761 0.71161044 0.97720057 0.97024083
0.585228 0.7049255 0.71006244 0.7049255 0.70774645 0.15705377 0.14688952 0.35659385 0.70903224 0.06395058 0 0.52628785 0.35595062 0.35578993 0.7049255 0.702115 0.7072328 0.7031358 0.71212715 0.6962725 0.6955138 0.700841 0.69906104 0.70109564 0.6013292 0.5971051 0.5971051 0.71032023 0.98125964 0.97316337
0.5850098 0.70595 0.7033912 0.7005865 0.7056938 0.52246493 0.52186304 0.5220636 0.7080034 0.5287124 0.52628785 0 0.52447456 0.52106136 0.6955138 0.6927383 0.702115 0.70903224 0.7113522 0.7110941 0.7072328 0.70415795 0.69906104 0.70390224 0.5977705 0.603562 0.60222155 0.70390224 0.99847597 0.98051995
0.5902638 0.7170537 0.71006244 0.71887696 0.71445674 0.35002682 0.35034582 0.13770178 0.7141975 0.35611138 0.35595062 0.52447456 0 0.056366004 0.71161044 0.7087749 0.7175742 0.71032023 0.7170537 0.714716 0.70954716 0.7087749 0.7051815 0.7085177 0.6071484 0.6073731 0.6026681 0.7193987 0.9901927 0.982
0.59092313 0.7149754 0.71161044 0.7220128 0.714716 0.34986734 0.34986734 0.13662118 0.71445674 0.35611138 0.35578993 0.52106136 0.056366004 0 0.71186876 0.70748955 0.71601385 0.71212715 0.7191378 0.7186162 0.7139384 0.7085177 0.700841 0.70928967 0.60872287 0.60984945 0.6060258 0.7193987 0.9816297 0.97609735
0.6955138 0.42088777 0.19966878 0.4245776 0.42475376 0.7149754 0.71032023 0.71445674 0.4224669 0.7141975 0.7049255 0.6955138 0.71161044 0.71186876 0 0.052602287 0.053246155 0.4235215 0.42563516 0.40751162 0.40630734 0.6283408 0.6304238 0.6255724 0.70748955 0.7062064 0.7067194 0.40733945 1.000751 1.0095364
0.69349426 0.4215892 0.1997993 0.42881688 0.42722434 0.70903224 0.7067194 0.7149754 0.42404935 0.7098048 0.702115 0.6927383 0.7087749 0.70748955 0.052602287 0 0.05249503 0.42563516 0.42740113 0.40992597 0.41079012 0.6318157 0.62903446 0.6294973 0.70543754 0.69956917 0.70415795 0.4087178 1.0015109 1.0103053
0.69855326 0.42793173 0.20058286 0.4355785 0.43076792 0.7167936 0.71549445 0.721751 0.42793173 0.7152349 0.7072328 0.702115 0.7175742 0.71601385 0.053246155 0.05249503 0 0.43023533 0.43076792 0.4147781 0.4147781 0.6348403 0.6371753 0.6315835 0.71601385 0.71006244 0.71212715 0.41217485 0.99847597 1.0188149
0.70466954 0.20045221 0.43147868 0.33988938 0.33706275 0.70928967 0.7062064 0.71212715 0.07073301 0.7072328 0.7031358 0.70903224 0.71032023 0.71212715 0.4235215 0.42563516 0.43023533 0 0.046512943 0.4205373 0.41931194 0.6311194 0.632745 0.6285719 0.6955138 0.70390224 0.70109564 0.42194015 1.0080011 1.0157093
0.7062064 0.20058286 0.43254602 0.33831772 0.33659267 0.7139384 0.70903224 0.7157541 0.07216294 0.7139384 0.71212715 0.7113522 0.7170537 0.7191378 0.42563516 0.42740113 0.43076792 0.046512943 0 0.4224669 0.4215892 0.6369415 0.63881415 0.6343742 0.69906104 0.70364666 0.700841 0.42669424 1.0195932 1.0223241
0.70954716 0.4297031 0.41148216 0.4212384 0.42440146 0.7049255 0.7018601 0.7196597 0.42106307 0.7023701 0.6962725 0.7110941 0.714716 0.7186162 0.40751162 0.40992597 0.4147781 0.4205373 0.4224669 0 0.035004307 0.6311194 0.63414127 0.63019204 0.70109564 0.6998234 0.7080034 0.22097966 1.0022715 1.002652
0.70543754 0.42757794 0.41148216 0.4200119 0.42211568 0.70288044 0.7018601 0.72018194 0.41983685 0.70160514 0.6955138 0.7072328 0.70954716 0.7139384 0.40630734 0.41079012 0.4147781 0.41931194 0.4215892 0.035004307 0 0.632745 0.63228023 0.6313514 0.702115 0.7005865 0.71212715 0.21843298 0.9980974 0.9980974
0.71032023 0.6304238 0.6364741 0.6313514 0.6283408 0.69855326 0.7082605 0.7072328 0.6283408 0.70543754 0.700841 0.70415795 0.7087749 0.7085177 0.6283408 0.6318157 0.6348403 0.6311194 0.6369415 0.6311194 0.632745 0 0.36810386 0.008548534 0.7018601 0.71627367 0.70466954 0.6350735 1.0003713 1.0219333
0.7129029 0.6350735 0.6348403 0.6395176 0.6364741 0.6889701 0.68972224 0.71212715 0.6369415 0.69779223 0.69906104 0.69906104 0.7051815 0.700841 0.6304238 0.62903446 0.6371753 0.632745 0.63881415 0.63414127 0.63228023 0.36810386 0 0.36810386 0.6972853 0.7141975 0.7049255 0.63975227 0.99961257 1.0211525
0.7098048 0.62810963 0.63414127 0.6304238 0.627186 0.69956917 0.7087749 0.70748955 0.6262635 0.7062064 0.70109564 0.70390224 0.7085177 0.70928967 0.6255724 0.6294973 0.6315835 0.6285719 0.6343742 0.63019204 0.6313514 0.008548534 0.36810386 0 0.7018601 0.71549445 0.70441365 0.63414127 0.99999183 1.0207624
0.610075 0.70007765 0.7072328 0.6982995 0.6965256 0.5975486 0.5935663 0.60557723 0.69956917 0.6033384 0.6013292 0.5977705 0.6071484 0.60872287 0.70748955 0.70543754 0.71601385 0.6955138 0.69906104 0.70109564 0.702115 0.7018601 0.6972853 0.7018601 0 0.3284912 0.32586154 0.70774645 0.9939465 0.9946995
0.60894805 0.6922348 0.7141975 0.7056938 0.6972853 0.60043794 0.58982456 0.6060258 0.6950084 0.5951125 0.5971051 0.603562 0.6073731 0.60984945 0.7062064 0.69956917 0.71006244 0.70390224 0.70364666 0.6998234 0.7005865 0.71627367 0.7141975 0.71549445 0.3284912 0 0.2556012 0.70441365 0.99847597 1.0003713
0.60244477 0.7026252 0.714716 0.70646286 0.70954716 0.59444946 0.59092313 0.604457 0.6955138 0.5957761 0.5971051 0.60222155 0.6026681 0.6060258 0.7067194 0.70415795 0.71212715 0.70109564 0.700841 0.7080034 0.71212715 0.70466954 0.7049255 0.70441365 0.32586154 0.2556012 0 0.7062064 0.9860852 0.99281836
0.71032023 0.43005788 0.41286817 0.42740113 0.42088777 0.71342045 0.71186876 0.72832423 0.42440146 0.71161044 0.71032023 0.70390224 0.7193987 0.7193987 0.40733945 0.4087178 0.41217485 0.42194015 0.42669424 0.22097966 0.21843298 0.6350735 0.63975227 0.63414127 0.70774645 0.70441365 0.7062064 0 0.9939465 1.0011308
0.9977191 1.0099207 1.0034139 1.0011308 1.0087683 0.9853408 0.9790429 0.9898184 1.0060863 0.97720057 0.98125964 0.99847597 0.9901927 0.9816297 1.000751 1.0015109 0.99847597 1.0080011 1.0195932 1.0022715 0.9980974 1.0003713 0.99961257 0.99999183 0.9939465 0.99847597 0.9860852 0.9939465 0 0.2181654
0.9920673 1.0199828 1.005704 1.0087683 1.0118452 0.97720057 0.9768326 0.98348296 1.0087683 0.97024083 0.97316337 0.98051995 0.982 0.97609735 1.0095364 1.0103053 1.0188149 1.0157093 1.0223241 1.002652 0.9980974 1.0219333 1.0211525 1.0207624 0.9946995 1.0003713 0.99281836 1.0011308 0.2181654 0
