0 0.74030316 0.46399376 0.7579511 0.46827576 0.46808907 0.4268709 0.7362889 0.73789203 0.7475835 0.7397667 0.74353015 0.7376246 0.7338906 0.9857129 0.7565787 1.0049399 0.99056727 0.42387336 0.41983685 0.42229128 0.76457363 0.7709756 0.75960124 0.7805406 0.98757625 0.99545324 0.9950763 0.7429914 0.73923063
0.74030316 0 0.7511142 0.70928967 0.73789203 0.7394986 0.74030316 0.43005788 0.43147868 0.4224669 0.41756493 0.42722434 0.42757794 0.4235215 0.9572284 0.70364666 0.9764649 0.97243166 0.7341567 0.7330929 0.73789203 0.71627367 0.70543754 0.70954716 0.71887696 0.96479154 0.95794547 0.97170067 0.42846268 0.1818722
0.46399376 0.7511142 0 0.7532952 0.17111707 0.16623351 0.4566045 0.7502979 0.750842 0.7511142 0.73709005 0.750842 0.74650043 0.7421839 0.97941184 0.75822586 0.9969631 0.99357027 0.45770827 0.45495194 0.45531887 0.7598766 0.75165886 0.75466156 0.7673504 0.99658537 0.98757625 0.98683035 0.74704176 0.7585007
0.7579511 0.70928967 0.7532952 0 0.7524766 0.74921095 0.7557565 0.71549445 0.7157541 0.69906104 0.6965256 0.70954716 0.7139384 0.70903224 0.97499573 0.14530993 0.99545324 0.99056727 0.75302225 0.7448788 0.7522039 0.14786322 0.32124332 0.14494589 0.33004242 0.9920673 1.0030329 0.9842255 0.70364666 0.7152349
0.46827576 0.73789203 0.17111707 0.7524766 0 0.12083112 0.45531887 0.7427221 0.7437997 0.7362889 0.721751 0.74110866 0.7432607 0.73735726 0.9783054 0.7519313 0.9980974 0.9924427 0.45476854 0.45184028 0.45385224 0.7527494 0.74704176 0.7459595 0.7598766 0.98757625 0.9901927 0.9816297 0.7400349 0.74433905
0.46808907 0.7394986 0.16623351 0.74921095 0.12083112 0 0.4522057 0.74110866 0.74650043 0.7354886 0.7262145 0.74110866 0.73842716 0.7325615 0.9857129 0.7590508 1.0030329 0.9977191 0.4503804 0.44837776 0.4507451 0.7601521 0.7519313 0.7535683 0.7631891 0.9816297 0.9943229 0.9853408 0.7397667 0.7408401
0.4268709 0.74030316 0.4566045 0.7557565 0.45531887 0.4522057 0 0.74030316 0.7502979 0.7365559 0.7275324 0.7330929 0.7429914 0.7408401 1.0003713 0.761255 1.0068517 0.9946995 0.11836807 0.115796365 0.11836807 0.7601521 0.7805406 0.7557565 0.7656831 0.98794943 0.9980974 1.0049399 0.7413773 0.74164605
0.7362889 0.43005788 0.7502979 0.71549445 0.7427221 0.74110866 0.74030316 0 0.10686424 0.3911622 0.3849548 0.3914992 0.14228158 0.14107366 0.9395222 0.71445674 0.9687838 0.9557965 0.7338906 0.7293813 0.7320306 0.71887696 0.7049255 0.7157541 0.72991043 0.9493862 0.9518725 0.95794547 0.17767835 0.42810866
0.73789203 0.43147868 0.750842 0.7157541 0.7437997 0.74650043 0.7502979 0.10686424 0 0.38696238 0.37995923 0.38813597 0.13794214 0.13830279 0.9335961 0.7191378 0.9593815 0.946908 0.7419149 0.7346892 0.74164605 0.72018194 0.71083605 0.7149754 0.72463614 0.93847305 0.9405729 0.9554389 0.17489542 0.42899403
0.7475835 0.4224669 0.7511142 0.69906104 0.7362889 0.7354886 0.7365559 0.3911622 0.38696238 0 0.093379185 0.3481156 0.38830376 0.38645998 0.9440858 0.695261 0.9572284 0.94903165 0.7264779 0.72044325 0.7264779 0.70109564 0.6894714 0.6967787 0.7013504 0.9476152 0.95258445 0.946908 0.3872975 0.420187
0.7397667 0.41756493 0.73709005 0.6965256 0.721751 0.7262145 0.7275324 0.3849548 0.37995923 0.093379185 0 0.33988938 0.38345262 0.38178706 0.9430302 0.6967787 0.9543672 0.94549555 0.7191378 0.71238565 0.71887696 0.7005865 0.6882187 0.6960195 0.69779223 0.9465546 0.9497408 0.9493862 0.3812881 0.41582194
0.74353015 0.42722434 0.750842 0.70954716 0.74110866 0.74110866 0.7330929 0.3914992 0.38813597 0.3481156 0.33988938 0 0.3930176 0.38964754 0.96334505 0.70928967 0.97426224 0.9727974 0.7362889 0.72463614 0.72885257 0.71367943 0.6927383 0.7087749 0.7113522 0.9687838 0.9695119 0.97352946 0.392005 0.4251062
0.7376246 0.42757794 0.74650043 0.7139384 0.7432607 0.73842716 0.7429914 0.14228158 0.13794214 0.38830376 0.38345262 0.3930176 0 0.091795236 0.9242792 0.71238565 0.95472425 0.94162506 0.73923063 0.7344229 0.7394986 0.71887696 0.71032023 0.71367943 0.7264779 0.93672764 0.94232726 0.95080596 0.17717159 0.43183428
0.7338906 0.4235215 0.7421839 0.70903224 0.73735726 0.7325615 0.7408401 0.14107366 0.13830279 0.38645998 0.38178706 0.38964754 0.091795236 0 0.9335961 0.71006244 0.9572284 0.9419761 0.7346892 0.7309697 0.73522204 0.71186876 0.70441365 0.7082605 0.72018194 0.93568236 0.94232726 0.95294064 0.17704496 0.4245776
0.9857129 0.9572284 0.97941184 0.97499573 0.9783054 0.9857129 1.0003713 0.9395222 0.9335961 0.9440858 0.9430302 0.96334505 0.9242792 0.9335961 0 0.99169195 0.097239904 0.090778746 0.99847597 0.9943229 0.9969631 0.9939465 0.96406794 0.9872032 0.98683035 0.2718042 0.18250969 0.18263726 0.94373375 0.9662408
0.7565787 0.70364666 0.75822586 0.14530993 0.7519313 0.7590508 0.761255 0.71445674 0.7191378 0.695261 0.6967787 0.70928967 0.71238565 0.71006244 0.99169195 0 1.0195932 1.0110749 0.7574018 0.7475835 0.75767636 0.077910095 0.32539845 0.075473234 0.32539845 1.0076177 1.0110749 1.0015109 0.70160514 0.7126442
1.0049399 0.9764649 0.9969631 0.99545324 0.9980974 1.0030329 1.0068517 0.9687838 0.9593815 0.9572284 0.9543672 0.97426224 0.95472425 0.9572284 0.097239904 1.0195932 0 0.06635024 1.0095364 1.001891 1.0072346 1.0141612 0.9738958 1.0091523 1.005704 0.27974844 0.19097567 0.19317186 0.96841997 0.98051995
0.99056727 0.97243166 0.99357027 0.99056727 0.9924427 0.9977191 0.9946995 0.9557965 0.946908 0.94903165 0.94549555 0.9727974 0.94162506 0.9419761 0.090778746 1.0110749 0.06635024 0 0.99885464 0.99281836 0.9958304 1.01146 0.9687838 1.0049399 1.0003713 0.2712297 0.18673073 0.18634602 0.9568702 0.9790429
0.42387336 0.7341567 0.45770827 0.75302225 0.45476854 0.4503804 0.11836807 0.7338906 0.7419149 0.7264779 0.7191378 0.7362889 0.73923063 0.7346892 0.99847597 0.7574018 1.0095364 0.99885464 0 0.034271218 0.036577623 0.7543881 0.77405685 0.7502979 0.77321523 0.9831119 0.99847597 1.0003713 0.7362889 0.74164605
0.41983685 0.7330929 0.45495194 0.7448788 0.45184028 0.44837776 0.115796365 0.7293813 0.7346892 0.72044325 0.71238565 0.72463614 0.7344229 0.7309697 0.9943229 0.7475835 1.001891 0.99281836 0.034271218 0 0.023772815 0.7483968 0.76457363 0.7437997 0.76623845 0.9775687 0.9924427 0.9939465 0.7330929 0.7376246
0.42229128 0.73789203 0.45531887 0.7522039 0.45385224 0.4507451 0.11836807 0.7320306 0.74164605 0.7264779 0.71887696 0.72885257 0.7394986 0.73522204 0.9969631 0.75767636 1.0072346 0.9958304 0.036577623 0.023772815 0 0.7579511 0.7701374 0.75302225 0.7701374 0.97243166 0.99847597 0.9939465 0.73789203 0.7448788
0.76457363 0.71627367 0.7598766 0.14786322 0.7527494 0.7601521 0.7601521 0.71887696 0.72018194 0.70109564 0.7005865 0.71367943 0.71887696 0.71186876 0.9939465 0.077910095 1.0141612 1.01146 0.7543881 0.7483968 0.7579511 0 0.32988715 0.016684206 0.32957673 1.0060863 1.0118452 1.0049399 0.7067194 0.7207046
0.7709756 0.70543754 0.75165886 0.32124332 0.74704176 0.7519313 0.7805406 0.7049255 0.71083605 0.6894714 0.6882187 0.6927383 0.71032023 0.70441365 0.96406794 0.32539845 0.9738958 0.9687838 0.77405685 0.76457363 0.7701374 0.32988715 0 0.32787165 0.3081598 0.9775687 0.9894442 0.97024083 0.70109564 0.7072328
0.75960124 0.70954716 0.75466156 0.14494589 0.7459595 0.7535683 0.7557565 0.7157541 0.7149754 0.6967787 0.6960195 0.7087749 0.71367943 0.7082605 0.9872032 0.075473234 1.0091523 1.0049399 0.7502979 0.7437997 0.75302225 0.016684206 0.32787165 0 0.32663402 0.9962078 1.005704 0.99545324 0.7023701 0.7167936
0.7805406 0.71887696 0.7673504 0.33004242 0.7598766 0.7631891 0.7656831 0.72991043 0.72463614 0.7013504 0.69779223 0.7113522 0.7264779 0.72018194 0.98683035 0.32539845 1.005704 1.0003713 0.77321523 0.76623845 0.7701374 0.32957673 0.3081598 0.32663402 0 0.9857129 1.0049399 1.0034139 0.7193987 0.72148925
0.98757625 0.96479154 0.99658537 0.9920673 0.98757625 0.9816297 0.98794943 0.9493862 0.93847305 0.9476152 0.9465546 0.9687838 0.93672764 0.93568236 0.2718042 1.0076177 0.27974844 0.2712297 0.9831119 0.9775687 0.97243166 1.0060863 0.9775687 0.9962078 0.9857129 0 0.27425072 0.26979542 0.9540103 0.9626228
0.99545324 0.95794547 0.98757625 1.0030329 0.9901927 0.9943229 0.9980974 0.9518725 0.9405729 0.95258445 0.9497408 0.9695119 0.94232726 0.94232726 0.18250969 1.0110749 0.19097567 0.18673073 0.99847597 0.9924427 0.99847597 1.0118452 0.9894442 1.005704 1.0049399 0.27425072 0 0.18429753 0.9522284 0.9658782
0.9950763 0.97170067 0.98683035 0.9842255 0.9816297 0.9853408 1.0049399 0.95794547 0.9554389 0.946908 0.9493862 0.97352946 0.95080596 0.95294064 0.18263726 1.0015109 0.19317186 0.18634602 1.0003713 0.9939465 0.9939465 1.0049399 0.97024083 0.99545324 1.0034139 0.26979542 0.18429753 0 0.95508146 0.9779369
0.7429914 0.42846268 0.74704176 0.70364666 0.7400349 0.7397667 0.7413773 0.17767835 0.17489542 0.3872975 0.3812881 0.392005 0.17717159 0.17704496 0.94373375 0.70160514 0.96841997 0.9568702 0.7362889 0.7330929 0.73789203 0.7067194 0.70109564 0.7023701 0.7193987 0.9540103 0.9522284 0.95508146 0 0.4297031
0.73923063 0.1818722 0.7585007 0.7152349 0.74433905 0.7408401 0.74164605 0.42810866 0.42899403 0.420187 0.41582194 0.4251062 0.43183428 0.4245776 0.9662408 0.7126442 0.98051995 0.9790429 0.74164605 0.7376246 0.7448788 0.7207046 0.7072328 0.7167936 0.72148925 0.9626228 0.9658782 0.9779369 0.4297031 0
