0 1.0278266284 1.0433157284 0.9512868284 0.9677947284 0.9835615684 1.0317678284 1.0353326284 0.9876487784 0.9958906284 0.9484526284 1.0242973284 0.9573452984 1.0196171284 1.0130363284 1.0223436284 1.0084257284 1.0130363284 1.0325585284 1.0349358284 1.0313727284 0.9541317684 1.0172878284 0.9555583284 1.0211739284 0.9559153784 0.9813415284 1.0301889284 1.0357298284 0.9569876284
1.0278266284 0 0.3697852284 0.9696110984 1.0203951284 0.9278747284 0.9323605784 0.4087027484 0.9271869284 0.9316687284 0.9831911284 0.9189826784 0.9932584284 0.4088749484 0.4025298584 0.4064677884 0.9203438684 0.9234155284 0.9393147684 0.9431672284 0.9358296284 0.9906353284 0.9285631284 0.9921331284 0.9333996284 0.9872763284 1.0091922284 0.9254703284 0.9502227784 0.9828208284
1.0433157284 0.3697852284 0 0.9854166284 1.0242973284 0.9354820284 0.9347872284 0.4142327284 0.9289075584 0.9358296284 0.9947613984 0.9240998284 1.0153523284 0.4078423584 0.4059529784 0.4111170984 0.9230736284 0.9223902684 0.9337462684 0.9438697584 0.9365253284 0.9996670984 0.9354820284 0.9996670984 0.9438697584 1.0076600284 1.0004246684 0.9271869284 0.9470395284 0.9985321684
0.9512868284 0.9696110984 0.9854166284 0 0.3345015284 0.9977764984 0.9828208284 0.9802340284 0.9835615684 0.9895139784 0.3338779284 1.0030821284 0.3406086784 0.9857882284 0.9761868584 0.9857882284 0.9739885284 0.9739885284 0.9883943284 0.9910095284 0.9955140284 0.3401371084 0.9981542284 0.3413952484 1.0134219284 0.5717254784 0.5799011284 1.0157391284 1.0169004284 0.4021884084
0.9677947284 1.0203951284 1.0242973284 0.3345015284 0 1.0023219284 1.0141935284 1.0141935284 1.0034626284 1.0068951284 0.3341896684 1.0184515284 0.3374705784 1.0215636284 1.0095757284 1.0176756284 1.0076600284 1.0095757284 1.0072774284 1.0084257284 1.0065130284 0.3384106284 1.0161260284 0.3390379784 1.0297947284 0.5668200284 0.5866373684 1.0290068284 1.0207843284 0.4102539284
0.9835615684 0.9278747284 0.9354820284 0.9977764984 1.0023219284 0 0.5890422984 0.9306321284 0.2794888784 0.2796338284 1.0080428284 0.5446179284 1.0192284284 0.9108672284 0.9115401284 0.9189826784 0.5695887684 0.5723677284 0.5855467784 0.5903572884 0.5888233684 1.0130363284 0.5305108884 1.0157391284 0.4521186584 0.9936338284 1.0258638284 0.5732248284 0.5818505784 0.9891405584
1.0317678284 0.9323605784 0.9347872284 0.9828208284 1.0141935284 0.5890422984 0 0.9234155284 0.5663949784 0.5747272284 1.0057492284 0.5803339284 1.0130363284 0.9210253884 0.9155905784 0.9179634284 0.5103285284 0.5130938784 0.2751536284 0.2837036284 0.2805040684 1.0134219284 0.5777410284 1.0138076284 0.5844578284 1.0254719284 1.0223436284 0.5341654884 0.5210515284 0.9981542284
1.0353326284 0.4087027484 0.4142327284 0.9802340284 1.0141935284 0.9306321284 0.9234155284 0 0.9271869284 0.9289075584 0.9910095284 0.9085166284 1.0019421284 0.1858723284 0.1819172284 0.1848496584 0.9149140284 0.9183030584 0.9347872284 0.9442213284 0.9351345284 0.9951376284 0.9361774284 0.9962674284 0.9470395284 1.0057492284 1.0042240284 0.9152521984 0.9237576284 0.9854166284
0.9876487784 0.9271869284 0.9289075584 0.9835615684 1.0034626284 0.2794888784 0.5663949784 0.9271869284 0 0.1458944084 0.9977764984 0.5479273684 1.0038431284 0.9186428284 0.9189826784 0.9200033284 0.5568945284 0.5587850284 0.5721535284 0.5801175284 0.5770941884 0.9992885284 0.5260682584 1.0027020284 0.4362335984 0.9996670984 1.0057492284 0.5554274284 0.5594162284 0.9828208284
0.9958906284 0.9316687284 0.9358296284 0.9895139784 1.0068951284 0.2796338284 0.5747272284 0.9289075584 0.1458944084 0 0.9932584284 0.5495875284 0.9992885284 0.9112036284 0.9193227784 0.9227318684 0.5598373284 0.5623689784 0.5840226284 0.5903572884 0.5888233684 0.9951376284 0.5228536584 0.9985321684 0.4405326284 0.9966443684 1.0076600284 0.5646971984 0.5659701684 0.9824507684
0.9484526284 0.9831911284 0.9947613984 0.3338779284 0.3341896684 1.0080428284 1.0057492284 0.9910095284 0.9977764984 0.9932584284 0 0.9973989284 0.1262635484 0.9947613984 0.9872763284 0.9955140284 0.9828208284 0.9854166284 1.0114964284 1.0130363284 1.0103434284 0.1815355884 0.9902613684 0.1822990684 1.0192284284 0.5520847884 0.5683095984 1.0149659284 1.0068951284 0.3979333284
1.0242973284 0.9189826784 0.9240998284 1.0030821284 1.0184515284 0.5446179284 0.5803339284 0.9085166284 0.5479273684 0.5495875284 0.9973989284 0 1.0061310284 0.9058392284 0.9021733884 0.9055052284 0.5693753884 0.5704427284 0.5649092284 0.5687357684 0.5710838284 1.0057492284 0.5186553284 1.0088088284 0.5704427284 1.0141935284 1.0114964284 0.5792524684 0.5842401884 1.0076600284
0.9573452984 0.9932584284 1.0153523284 0.3406086784 0.3374705784 1.0192284284 1.0130363284 1.0019421284 1.0038431284 0.9992885284 0.1262635484 1.0061310284 0 0.9981542284 0.9947613984 1.0000457684 0.9958906284 1.0019421284 1.0200060284 1.0223436284 1.0239062284 0.1876653584 0.9985321684 0.1884351284 1.0278266284 0.5625803284 0.5773097284 1.0180635284 1.0211739284 0.4045818684
1.0196171284 0.4088749484 0.4078423584 0.9857882284 1.0215636284 0.9108672284 0.9210253884 0.1858723284 0.9186428284 0.9112036284 0.9947613984 0.9058392284 0.9981542284 0 0.0597163403999999 0.0627497103999999 0.9213663784 0.9240998284 0.9223902684 0.9295968884 0.9258133684 0.9985321684 0.9320145784 1.0008036984 0.9396641784 0.9898875884 1.0019421284 0.9213663784 0.9282188284 0.9973989284
1.0130363284 0.4025298584 0.4059529784 0.9761868584 1.0095757284 0.9115401284 0.9155905784 0.1819172284 0.9189826784 0.9193227784 0.9872763284 0.9021733884 0.9947613984 0.0597163403999999 0 0.0409253203999999 0.9078463784 0.9128878584 0.9240998284 0.9309774284 0.9254703284 0.9850452284 0.9289075584 0.9872763284 0.9344400684 0.9824507684 0.9891405584 0.9132251584 0.9344400684 0.9820808284
1.0223436284 0.4064677884 0.4111170984 0.9857882284 1.0176756284 0.9189826784 0.9179634284 0.1848496584 0.9200033284 0.9227318684 0.9955140284 0.9055052284 1.0000457684 0.0627497103999999 0.0409253203999999 0 0.9118768284 0.9145759284 0.9251274984 0.9330531284 0.9261565284 0.9970215284 0.9330531284 0.9992885284 0.9372217284 0.9891405584 0.9940094884 0.9230736284 0.9340931284 0.9951376284
1.0084257284 0.9203438684 0.9230736284 0.9739885284 1.0076600284 0.5695887684 0.5103285284 0.9149140284 0.5568945284 0.5598373284 0.9828208284 0.5693753884 0.9958906284 0.9213663784 0.9078463784 0.9118768284 0 0.0361954353999999 0.5166643784 0.5178583284 0.5174600984 0.9883943284 0.5708700884 0.9910095284 0.5745124284 0.9962674284 1.0274337284 0.4939472284 0.5005346984 0.9780237284
1.0130363284 0.9234155284 0.9223902684 0.9739885284 1.0095757284 0.5723677284 0.5130938784 0.9183030584 0.5587850284 0.5623689784 0.9854166284 0.5704427284 1.0019421284 0.9240998284 0.9128878584 0.9145759284 0.0361954353999999 0 0.5180575284 0.5186553284 0.5176591784 0.9962674284 0.5706563284 0.9989102284 0.5779567284 1.0015624284 1.0231244284 0.4918283084 0.4972337284 0.9828208284
1.0325585284 0.9393147684 0.9337462684 0.9883943284 1.0072774284 0.5855467784 0.2751536284 0.9347872284 0.5721535284 0.5840226284 1.0114964284 0.5649092284 1.0200060284 0.9223902684 0.9240998284 0.9251274984 0.5166643784 0.5180575284 0 0.0337894083999999 0.0328500163999999 1.0030821284 0.5801175284 1.0042240284 0.5801175284 1.0345391284 1.0417122284 0.5380425284 0.5280843884 0.9989102284
1.0349358284 0.9431672284 0.9438697584 0.9910095284 1.0084257284 0.5903572884 0.2837036284 0.9442213284 0.5801175284 0.5903572884 1.0130363284 0.5687357684 1.0223436284 0.9295968884 0.9309774284 0.9330531284 0.5178583284 0.5186553284 0.0337894083999999 0 0.0317034653999999 1.0027020284 0.5809835684 1.0038431284 0.5853288684 1.0381171284 1.0485507284 0.5425569284 0.5329453284 1.0023219284
1.0313727284 0.9358296284 0.9365253284 0.9955140284 1.0065130284 0.5888233684 0.2805040684 0.9351345284 0.5770941884 0.5888233684 1.0103434284 0.5710838284 1.0239062284 0.9258133684 0.9254703284 0.9261565284 0.5174600984 0.5176591784 0.0328500163999999 0.0317034653999999 0 0.9977764984 0.5822845284 0.9989102284 0.5801175284 1.0373205284 1.0445206284 0.5423511284 0.5347763284 1.0015624284
0.9541317684 0.9906353284 0.9996670984 0.3401371084 0.3384106284 1.0130363284 1.0134219284 0.9951376284 0.9992885284 0.9951376284 0.1815355884 1.0057492284 0.1876653584 0.9985321684 0.9850452284 0.9970215284 0.9883943284 0.9962674284 1.0030821284 1.0027020284 0.9977764984 0 1.0015624284 0.00389599999999991 1.0192284284 0.5604694284 0.5758021984 1.0192284284 1.0223436284 0.4030423284
1.0172878284 0.9285631284 0.9354820284 0.9981542284 1.0161260284 0.5305108884 0.5777410284 0.9361774284 0.5260682584 0.5228536584 0.9902613684 0.5186553284 0.9985321684 0.9320145784 0.9289075584 0.9330531284 0.5708700884 0.5706563284 0.5801175284 0.5809835684 0.5822845284 1.0015624284 0 1.0023219284 0.5581543284 1.0242973284 1.0317678284 0.5708700884 0.5738683784 0.9902613684
0.9555583284 0.9921331284 0.9996670984 0.3413952484 0.3390379784 1.0157391284 1.0138076284 0.9962674284 1.0027020284 0.9985321684 0.1822990684 1.0088088284 0.1884351284 1.0008036984 0.9872763284 0.9992885284 0.9910095284 0.9989102284 1.0042240284 1.0038431284 0.9989102284 0.00389599999999991 1.0023219284 0 1.0211739284 0.5615241284 0.5758021984 1.0231244284 1.0254719284 0.4038972484
1.0211739284 0.9333996284 0.9438697584 1.0134219284 1.0297947284 0.4521186584 0.5844578284 0.9470395284 0.4362335984 0.4405326284 1.0192284284 0.5704427284 1.0278266284 0.9396641784 0.9344400684 0.9372217284 0.5745124284 0.5779567284 0.5801175284 0.5853288684 0.5801175284 1.0192284284 0.5581543284 1.0211739284 0 1.0153523284 1.0341425284 0.5851110284 0.5899187284 1.0325585284
0.9559153784 0.9872763284 1.0076600284 0.5717254784 0.5668200284 0.9936338284 1.0254719284 1.0057492284 0.9996670984 0.9966443684 0.5520847884 1.0141935284 0.5625803284 0.9898875884 0.9824507684 0.9891405584 0.9962674284 1.0015624284 1.0345391284 1.0381171284 1.0373205284 0.5604694284 1.0242973284 0.5615241284 1.0153523284 0 0.4612964584 1.0349358284 1.0345391284 0.5483420284
0.9813415284 1.0091922284 1.0004246684 0.5799011284 0.5866373684 1.0258638284 1.0223436284 1.0042240284 1.0057492284 1.0076600284 0.5683095984 1.0114964284 0.5773097284 1.0019421284 0.9891405584 0.9940094884 1.0274337284 1.0231244284 1.0417122284 1.0485507284 1.0445206284 0.5758021984 1.0317678284 0.5758021984 1.0341425284 0.4612964584 0 1.0381171284 1.0393135284 0.5747272284
1.0301889284 0.9254703284 0.9271869284 1.0157391284 1.0290068284 0.5732248284 0.5341654884 0.9152521984 0.5554274284 0.5646971984 1.0149659284 0.5792524684 1.0180635284 0.9213663784 0.9132251584 0.9230736284 0.4939472284 0.4918283084 0.5380425284 0.5425569284 0.5423511284 1.0192284284 0.5708700884 1.0231244284 0.5851110284 1.0349358284 1.0381171284 0 0.4266499284 1.0107275284
1.0357298284 0.9502227784 0.9470395284 1.0169004284 1.0207843284 0.5818505784 0.5210515284 0.9237576284 0.5594162284 0.5659701684 1.0068951284 0.5842401884 1.0211739284 0.9282188284 0.9344400684 0.9340931284 0.5005346984 0.4972337284 0.5280843884 0.5329453284 0.5347763284 1.0223436284 0.5738683784 1.0254719284 0.5899187284 1.0345391284 1.0393135284 0.4266499284 0 1.0072774284
0.9569876284 0.9828208284 0.9985321684 0.4021884084 0.4102539284 0.9891405584 0.9981542284 0.9854166284 0.9828208284 0.9824507684 0.3979333284 1.0076600284 0.4045818684 0.9973989284 0.9820808284 0.9951376284 0.9780237284 0.9828208284 0.9989102284 1.0023219284 1.0015624284 0.4030423284 0.9902613684 0.4038972484 1.0325585284 0.5483420284 0.5747272284 1.0107275284 1.0072774284 0
