0 1.014548 1.0305767 1.0357314 1.01069 1.0270288 1.0254573 1.0049399 1.0297868 1.0293922 1.0176488 1.0234975 1.0262426 1.0083846 1.0176488 0.7791263 0.7763057 1.0122308 1.014548 0.77940893 0.7746184 1.0137748 0.78110707 1.0122308 0.7763057 1.0053219 1.0110749 1.0373245 1.0262426 1.0227151
1.014548 0 0.43808508 0.43575725 0.4398806 0.44601783 0.4231698 0.4313009 0.43647274 0.44078 0.43254602 0.43754724 0.4345068 0.43183428 0.43201217 0.99999183 1.0137748 0.43272406 0.43432835 1.0301816 1.0305767 0.43432835 1.0301816 0.43575725 1.019204 0.43575725 0.4366517 0.43468532 0.4366517 0.119774535
1.0305767 0.43808508 0 0.114746846 0.4161702 0.4235215 0.19849518 0.2022834 0.42299402 0.4270476 0.20661752 0.45881367 0.20530151 0.41582194 0.41686726 1.019204 1.0238891 0.41582194 0.4200119 1.0157093 1.019204 0.41564786 1.0164845 0.41686726 1.0022715 0.41582194 0.41582194 0.1577939 0.41651866 0.44330403
1.0357314 0.43575725 0.114746846 0 0.4231698 0.43005788 0.20306955 0.20490715 0.4235215 0.42988047 0.20886007 0.45734018 0.20925651 0.4215892 0.41913706 1.0262426 1.0305767 0.41686726 0.41983685 1.0293922 1.033348 0.4166929 1.0118452 0.41756493 1.0095364 0.41861266 0.41983685 0.16262265 0.41686726 0.44024023
1.01069 0.4398806 0.4161702 0.4231698 0 0.11719802 0.42106307 0.4215892 0.2916035 0.29308018 0.42475376 0.45019814 0.4231698 0.32771683 0.3306638 1.0195932 1.0262426 0.28777772 0.28983533 1.0041765 1.0053219 0.28675103 1.0064689 0.2868976 1.0286036 0.3215503 0.3241649 0.417216 0.32694325 0.43504247
1.0270288 0.44601783 0.4235215 0.43005788 0.11719802 0 0.4207125 0.4268709 0.29723036 0.3018522 0.42810866 0.4604748 0.43005788 0.32942155 0.3361229 1.0437315 1.0501935 0.2942636 0.29470786 1.0203725 1.0254573 0.29367164 1.025065 0.2942636 1.0465518 0.33565342 0.3344029 0.42334563 0.3344029 0.4463804
1.0254573 0.4231698 0.19849518 0.20306955 0.42106307 0.4207125 0 0.11114302 0.417216 0.42211568 0.15668398 0.4566045 0.15656075 0.41286817 0.41079012 1.0126165 1.0199828 0.40889028 0.4106172 1.0317632 1.0349361 0.4090628 1.0037951 0.4100987 0.9962078 0.4095806 0.41252142 0.20097494 0.40992597 0.43468532
1.0049399 0.4313009 0.2022834 0.20490715 0.4215892 0.4268709 0.11114302 0 0.41913706 0.42141378 0.1573004 0.4604748 0.1573004 0.40975326 0.4106172 1.002652 1.0091523 0.40940794 0.41113606 1.0160967 1.0180373 0.4090628 0.9969631 0.40975326 0.9920673 0.40923536 0.40665123 0.20372532 0.41252142 0.43880278
1.0297868 0.43647274 0.42299402 0.4235215 0.2916035 0.29723036 0.417216 0.41913706 0 0.10375721 0.42598802 0.44765082 0.4245776 0.33113015 0.33706275 1.0133885 1.0242808 0.18583338 0.1877576 1.0199828 1.0219333 0.1846812 1.0072346 0.18519306 1.0053219 0.32570714 0.33175245 0.4231698 0.33097467 0.44348466
1.0293922 0.44078 0.4270476 0.42988047 0.29308018 0.3018522 0.42211568 0.42141378 0.10375721 0 0.42775482 0.45293704 0.4261645 0.3326868 0.3361229 1.0160967 1.0266355 0.1859615 0.187244 1.0297868 1.0278157 0.18532108 1.0168724 0.18557718 1.0215429 0.33035305 0.33471534 0.42722434 0.3306638 0.4478325
1.0176488 0.43254602 0.20661752 0.20886007 0.42475376 0.42810866 0.15668398 0.1573004 0.42598802 0.42775482 0 0.46883607 0.10100618 0.41564786 0.4147781 1.0068517 1.0199828 0.41599607 0.4180886 1.0227151 1.0219333 0.4170416 1.0068517 0.4170416 0.98907024 0.41495198 0.41529983 0.20846385 0.41286817 0.43970087
1.0234975 0.43754724 0.45881367 0.45734018 0.45019814 0.4604748 0.4566045 0.4604748 0.44765082 0.45293704 0.46883607 0 0.46436512 0.44674316 0.45129248 1.002652 1.01146 0.44150028 0.44312346 1.0469556 1.0421246 0.44114006 1.0080011 0.442582 1.0110749 0.44946945 0.44874147 0.45918247 0.44819596 0.43504247
1.0262426 0.4345068 0.20530151 0.20925651 0.4231698 0.43005788 0.15656075 0.1573004 0.4245776 0.4261645 0.10100618 0.46436512 0 0.41773945 0.417914 1.0122308 1.0211525 0.41529983 0.41861266 1.0234975 1.0231062 0.41599607 0.9969631 0.41564786 0.99169195 0.417914 0.41913706 0.20833181 0.41547385 0.44114006
1.0083846 0.43183428 0.41582194 0.4215892 0.32771683 0.32942155 0.41286817 0.40975326 0.33113015 0.3326868 0.41564786 0.44674316 0.41773945 0 0.09417242 1.0095364 1.025065 0.32293335 0.32493562 1.0160967 1.0149349 0.32354885 1.0072346 0.3241649 1.0157093 0.30906525 0.23329833 0.4166929 0.15459192 0.43414992
1.0176488 0.43201217 0.41686726 0.41913706 0.3306638 0.3361229 0.41079012 0.4106172 0.33706275 0.3361229 0.4147781 0.45129248 0.417914 0.09417242 0 1.0227151 1.032159 0.32725257 0.32942155 1.0325551 1.0337447 0.3274073 1.0176488 0.3288012 1.0211525 0.30921626 0.23493797 0.41826323 0.15977116 0.4352211
0.7791263 0.99999183 1.019204 1.0262426 1.0195932 1.0437315 1.0126165 1.002652 1.0133885 1.0160967 1.0068517 1.002652 1.0122308 1.0095364 1.0227151 0 0.09519352 0.9958304 1.0045581 0.3768125 0.37598658 0.99847597 0.5399264 0.9969631 0.5337889 1.0099207 1.0091523 1.0188149 1.0195932 0.99734104
0.7763057 1.0137748 1.0238891 1.0305767 1.0262426 1.0501935 1.0199828 1.0091523 1.0242808 1.0266355 1.0199828 1.01146 1.0211525 1.025065 1.032159 0.09519352 0 1.0137748 1.0219333 0.3731853 0.37219912 1.0141612 0.54570043 1.0130024 0.537056 1.0223241 1.0176488 1.0203725 1.0365276 1.0126165
1.0122308 0.43272406 0.41582194 0.41686726 0.28777772 0.2942636 0.40889028 0.40940794 0.18583338 0.1859615 0.41599607 0.44150028 0.41529983 0.32293335 0.32725257 0.9958304 1.0137748 0 0.030199945 1.0064689 1.0076177 0.028120654 1.0083846 0.028120654 1.0099207 0.31833306 0.32462722 0.41443047 0.32339495 0.4345068
1.014548 0.43432835 0.4200119 0.41983685 0.28983533 0.29470786 0.4106172 0.41113606 0.1877576 0.187244 0.4180886 0.44312346 0.41861266 0.32493562 0.32942155 1.0045581 1.0219333 0.030199945 0 1.0160967 1.0168724 0.026461361 1.0080011 0.026668571 1.0110749 0.31955704 0.32694325 0.4166929 0.32493562 0.4352211
0.77940893 1.0301816 1.0157093 1.0293922 1.0041765 1.0203725 1.0317632 1.0160967 1.0199828 1.0297868 1.0227151 1.0469556 1.0234975 1.0160967 1.0325551 0.3768125 0.3731853 1.0064689 1.0160967 0 0.02480573 1.0118452 0.5393104 1.01069 0.5333815 1.0160967 1.0087683 1.0313674 1.030972 1.0317632
0.7746184 1.0305767 1.019204 1.033348 1.0053219 1.0254573 1.0349361 1.0180373 1.0219333 1.0278157 1.0219333 1.0421246 1.0231062 1.0149349 1.0337447 0.37598658 0.37219912 1.0076177 1.0168724 0.02480573 0 1.0137748 0.5389 1.0122308 0.5335852 1.0133885 1.0072346 1.0289978 1.0286036 1.030972
1.0137748 0.43432835 0.41564786 0.4166929 0.28675103 0.29367164 0.4090628 0.4090628 0.1846812 0.18532108 0.4170416 0.44114006 0.41599607 0.32354885 0.3274073 0.99847597 1.0141612 0.028120654 0.026461361 1.0118452 1.0137748 0 1.0080011 0.008447394 1.0080011 0.31833306 0.32447308 0.41321507 0.3230872 0.43575725
0.78110707 1.0301816 1.0164845 1.0118452 1.0064689 1.025065 1.0037951 0.9969631 1.0072346 1.0168724 1.0068517 1.0080011 0.9969631 1.0072346 1.0176488 0.5399264 0.54570043 1.0083846 1.0080011 0.5393104 0.5389 1.0080011 0 1.0041765 0.44294295 1.0068517 1.0083846 1.005704 1.0262426 1.0168724
1.0122308 0.43575725 0.41686726 0.41756493 0.2868976 0.2942636 0.4100987 0.40975326 0.18519306 0.18557718 0.4170416 0.442582 0.41564786 0.3241649 0.3288012 0.9969631 1.0130024 0.028120654 0.026668571 1.01069 1.0122308 0.008447394 1.0041765 0 1.0068517 0.3197102 0.32478142 0.41443047 0.3238568 0.43736804
0.7763057 1.019204 1.0022715 1.0095364 1.0286036 1.0465518 0.9962078 0.9920673 1.0053219 1.0215429 0.98907024 1.0110749 0.99169195 1.0157093 1.0211525 0.5337889 0.537056 1.0099207 1.0110749 0.5333815 0.5335852 1.0080011 0.44294295 1.0068517 0 1.0003713 1.0064689 1.0053219 1.0137748 1.0219333
1.0053219 0.43575725 0.41582194 0.41861266 0.3215503 0.33565342 0.4095806 0.40923536 0.32570714 0.33035305 0.41495198 0.44946945 0.417914 0.30906525 0.30921626 1.0099207 1.0223241 0.31833306 0.31955704 1.0160967 1.0133885 0.31833306 1.0068517 0.3197102 1.0003713 0 0.30575064 0.41182843 0.31012297 0.43754724
1.0110749 0.4366517 0.41582194 0.41983685 0.3241649 0.3344029 0.41252142 0.40665123 0.33175245 0.33471534 0.41529983 0.44874147 0.41913706 0.23329833 0.23493797 1.0091523 1.0176488 0.32462722 0.32694325 1.0087683 1.0072346 0.32447308 1.0083846 0.32478142 1.0064689 0.30575064 0 0.41390935 0.2311177 0.43647274
1.0373245 0.43468532 0.1577939 0.16262265 0.417216 0.42334563 0.20097494 0.20372532 0.4231698 0.42722434 0.20846385 0.45918247 0.20833181 0.4166929 0.41826323 1.0188149 1.0203725 0.41443047 0.4166929 1.0313674 1.0289978 0.41321507 1.005704 0.41443047 1.0053219 0.41182843 0.41390935 0 0.4180886 0.43952116
1.0262426 0.4366517 0.41651866 0.41686726 0.32694325 0.3344029 0.40992597 0.41252142 0.33097467 0.3306638 0.41286817 0.44819596 0.41547385 0.15459192 0.15977116 1.0195932 1.0365276 0.32339495 0.32493562 1.030972 1.0286036 0.3230872 1.0262426 0.3238568 1.0137748 0.31012297 0.2311177 0.4180886 0 0.4371889
1.0227151 0.119774535 0.44330403 0.44024023 0.43504247 0.4463804 0.43468532 0.43880278 0.44348466 0.4478325 0.43970087 0.43504247 0.44114006 0.43414992 0.4352211 0.99734104 1.0126165 0.4345068 0.4352211 1.0317632 1.030972 0.43575725 1.0168724 0.43736804 1.0219333 0.43754724 0.43647274 0.43952116 0.4371889 0
