0 1.59903193847276 1.25899646990001 1.44786581816152 1.29827173124067 0.968596215592697 1.43300994648598 1.71134313219227 1.3860537384171 1.85876820259728 1.76540165324695 1.79659701813944 1.44177055405453 1.49503101734444 1.07739207427949 1.1284577101469 1.82668593339622 1.31898664287291 1.42071513878182 1.95075921015814 1.163016570732 1.64236980490386 1.25478933239356 1.85600812430494 1.80345660820603 1.49558401620016 1.80550775676966 1.79022835986689 1.13369943900034 1.32121209707111
1.59903193847276 0 1.76442316477187 1.35999883036129 1.66096517513506 1.24649248900823 1.47134010354057 1.85401684697717 1.77549500903115 1.26568396389484 1.91353199793957 1.86752767185681 1.0134179147426 1.50830276263878 1.24306530924514 1.1698096934706 1.25017074286006 1.62908628047444 1.38833218999207 1.33825207082555 1.67382231820375 1.25302010891028 1.88469615485519 1.78614172479138 1.61216030525975 1.73480823985301 1.13869105582125 1.82656143000349 1.44906908622943 1.91190589917824
1.25899646990001 1.76442316477187 0 1.40512092621066 1.50766204670072 1.57530055567622 1.72058435715735 1.77970318100415 1.28473873180337 1.07056663907133 1.94147948059253 1.38088686089031 1.13852901756763 1.38542288704775 1.14516411162913 1.13483086647466 1.13034972478636 1.74525039107539 1.02124301507138 1.1969434954226 1.48826001444831 0.982931596459821 1.43058977671899 1.2782130704727 1.07502210955136 1.79427765961736 1.84006079239771 1.76896480540745 1.7457987035159 1.21355098299682
1.44786581816152 1.35999883036129 1.40512092621066 0 1.53992872871459 1.37706555286422 1.015950756846 1.05939952656627 1.63587445276789 1.47525860695168 1.78403915651143 1.45183423254639 1.60021787206642 1.73192448285408 1.02741632401012 1.17930621607229 1.86998325143941 1.95266031241044 0.96663486934267 1.37106982036494 1.72842556284741 1.4308932016138 1.39800008782186 1.9158761058934 1.61101000919007 1.62789672985673 1.42089272662997 1.08675437513739 1.6887887113262 1.64835177874193
1.29827173124067 1.66096517513506 1.50766204670072 1.53992872871459 0 1.26156525244005 1.19165898812935 0.958108810242265 1.04903325438499 1.9272266542539 1.57122548669577 1.587317452766 1.87755697965622 1.86918413965032 1.61508227465674 1.08766209916212 1.00243474682793 1.30099771427922 1.14554382232018 1.05002764216624 1.55478186463006 1.16225996147841 1.9114485073369 1.72448616987094 1.0133571785409 1.60702042141929 1.15821099188179 1.60351749206893 1.37546267546713 1.35828840080649
0.968596215592697 1.24649248900823 1.57530055567622 1.37706555286422 1.26156525244005 0 0.958054932300001 1.1118682383094 1.53533651703037 0.958468908909708 0.971169893164188 1.06328120152466 1.45823741168715 1.09182154200971 1.64533917442895 1.33349436568096 1.67490947130136 1.25107831158675 1.37784005724825 1.15167770301923 1.2124944999814 1.63160883286037 1.45988089242019 1.10344712086953 1.21253897366114 1.67057789559476 0.96480091731064 1.07857978018001 1.16575152799487 1.58059061295353
1.43300994648598 1.47134010354057 1.72058435715735 1.015950756846 1.19165898812935 0.958054932300001 0 1.50430550170131 1.73050965508446 1.06569663365372 1.59455302450806 1.24304801411927 1.24795221304521 1.33432738203555 1.23297625058331 0.992206322029233 1.03487540897913 1.89418491767719 1.36868367600255 1.03301272704266 1.77045053057373 1.53193291276693 1.87718274211511 1.34324553818442 1.8674894135911 1.72017791424878 1.40607759775594 1.70590656460263 1.63596612820402 1.11804362758994
1.71134313219227 1.85401684697717 1.77970318100415 1.05939952656627 0.958108810242265 1.1118682383094 1.50430550170131 0 1.94995338073932 1.92722216108814 1.47608395293355 1.88351388578303 1.4509050429333 1.30603068694472 1.51442062226124 1.28874243167229 0.961778989760205 1.44393274839967 1.75730995065533 1.90193727565929 1.25558041641489 1.67384322918952 1.24875221797265 1.0935713306535 1.19420361286029 1.01937003154308 1.50728685408831 1.78518306114711 1.2005423172377 1.02604593196884
1.3860537384171 1.77549500903115 1.28473873180337 1.63587445276789 1.04903325438499 1.53533651703037 1.73050965508446 1.94995338073932 0 1.7878110462334 1.94128520670347 1.02369353221729 1.48593954090029 1.88953011040576 1.41983578749932 1.1068452806212 0.988174390979111 1.11322218063287 1.49089464289136 1.51029205927625 1.55245018750429 1.19407471083105 1.42904645903036 1.60969797405414 1.89271782780997 0.973905727500096 1.30742015689611 1.09807058703154 1.53483439702541 1.90004002698697
1.85876820259728 1.26568396389484 1.07056663907133 1.47525860695168 1.9272266542539 0.958468908909708 1.06569663365372 1.92722216108814 1.7878110462334 0 1.65525383851491 1.76387636479922 1.81856325548142 1.5515225941781 1.95265007065609 1.2974426697474 1.08156692446209 1.65519943926483 1.02386704739183 1.91579696023837 1.3970354674384 1.7623702394776 1.45322971208952 1.69656241335906 1.35448424797505 1.32468238007277 1.583115888061 1.93111937842332 1.56937460787594 1.00302918441594
1.76540165324695 1.91353199793957 1.94147948059253 1.78403915651143 1.57122548669577 0.971169893164188 1.59455302450806 1.47608395293355 1.94128520670347 1.65525383851491 0 1.61265798099339 1.79002668615431 1.68298542802222 0.96751731284894 1.24458594340831 1.03676305199042 1.53080141823739 0.956394411623478 1.85888956137933 1.6762464735657 1.20569162629545 1.19226615107618 1.02685960172676 1.76615706877783 1.15221122675575 0.956987289246172 1.91662898543291 1.88534156419337 1.87439091620035
1.79659701813944 1.86752767185681 1.38088686089031 1.45183423254639 1.587317452766 1.06328120152466 1.24304801411927 1.88351388578303 1.02369353221729 1.76387636479922 1.61265798099339 0 1.18558882852085 1.23764661373571 1.13299335353076 1.86861322377808 1.80774617777206 1.67497012927197 0.966511380160227 1.27045248472132 1.16168088652194 1.87307820422575 1.55060206726193 1.37149037513882 1.67303854529746 1.46345933899283 1.76506587048061 1.6192120348569 1.74527494213544 1.60634969733655
1.44177055405453 1.0134179147426 1.13852901756763 1.60021787206642 1.87755697965622 1.45823741168715 1.24795221304521 1.4509050429333 1.48593954090029 1.81856325548142 1.79002668615431 1.18558882852085 0 1.70231554377824 1.109243580373 1.53552141645923 1.05694246618077 1.39461638987996 1.53486026008613 1.12691900669597 1.11799780465662 1.95414460659958 1.10926852142438 1.78549302369356 1.73503276240081 1.84451846289448 1.22092588990927 1.35013929288834 1.61742272158153 1.30731345620006
1.49503101734444 1.50830276263878 1.38542288704775 1.73192448285408 1.86918413965032 1.09182154200971 1.33432738203555 1.30603068694472 1.88953011040576 1.5515225941781 1.68298542802222 1.23764661373571 1.70231554377824 0 1.11394019261934 1.52393902442418 1.39088453352451 1.21556831151247 1.05840049823746 1.36343166674487 1.21027415199205 1.70116383535787 1.66487763891928 1.65243274043314 1.15928157907911 1.53876014938578 0.975238997954875 1.38307446031831 1.02156843082048 1.27761650714092
1.07739207427949 1.24306530924514 1.14516411162913 1.02741632401012 1.61508227465674 1.64533917442895 1.23297625058331 1.51442062226124 1.41983578749932 1.95265007065609 0.96751731284894 1.13299335353076 1.109243580373 1.11394019261934 0 1.620106684044 1.27757433964871 1.5990563055966 0.988495483295992 1.29238509899005 1.68327880115248 1.35129072098061 1.5435787725728 1.78804748388939 1.2995353389997 1.46146467630751 1.38816957455128 1.3799963274505 1.05090076592751 1.78849939373322
1.1284577101469 1.1698096934706 1.13483086647466 1.17930621607229 1.08766209916212 1.33349436568096 0.992206322029233 1.28874243167229 1.1068452806212 1.2974426697474 1.24458594340831 1.86861322377808 1.53552141645923 1.52393902442418 1.620106684044 0 1.52407659753226 1.45515647251159 1.72134863724932 1.6880618899595 1.48595077940263 1.15143251535483 1.06268071965314 1.95038710581139 1.51705148606561 1.82338708802126 1.53991825552657 1.4751009803731 1.64631129358895 1.85021053394303
1.82668593339622 1.25017074286006 1.13034972478636 1.86998325143941 1.00243474682793 1.67490947130136 1.03487540897913 0.961778989760205 0.988174390979111 1.08156692446209 1.03676305199042 1.80774617777206 1.05694246618077 1.39088453352451 1.27757433964871 1.52407659753226 0 1.07610283303075 1.24301937711425 1.50330280256458 1.67660558479838 1.33271463727579 1.08299281122163 1.77137866616249 1.16912860167213 1.36016503814608 1.63102621072903 1.91023280471563 1.57109669176862 1.18713770480826
1.31898664287291 1.62908628047444 1.74525039107539 1.95266031241044 1.30099771427922 1.25107831158675 1.89418491767719 1.44393274839967 1.11322218063287 1.65519943926483 1.53080141823739 1.67497012927197 1.39461638987996 1.21556831151247 1.5990563055966 1.45515647251159 1.07610283303075 0 1.31093016103841 1.33985065971501 1.57326897722669 0.990093030733988 1.7937202709727 1.32997309160419 1.40471736644395 1.12411703844555 1.09759965422563 1.90010757441632 1.13554547983222 1.28592359181494
1.42071513878182 1.38833218999207 1.02124301507138 0.96663486934267 1.14554382232018 1.37784005724825 1.36868367600255 1.75730995065533 1.49089464289136 1.02386704739183 0.956394411623478 0.966511380160227 1.53486026008613 1.05840049823746 0.988495483295992 1.72134863724932 1.24301937711425 1.31093016103841 0 1.58503110171296 1.77018735441379 1.58050516201183 0.960337499855086 1.6119446658995 1.47510534198955 1.78254113625735 1.82583179138601 1.91645757574588 1.90097378031351 1.34700992400758
1.95075921015814 1.33825207082555 1.1969434954226 1.37106982036494 1.05002764216624 1.15167770301923 1.03301272704266 1.90193727565929 1.51029205927625 1.91579696023837 1.85888956137933 1.27045248472132 1.12691900669597 1.36343166674487 1.29238509899005 1.6880618899595 1.50330280256458 1.33985065971501 1.58503110171296 0 1.46393172536045 1.84514562692493 0.967672232305631 1.8457655152306 1.90521283773705 1.68169027520344 1.21411594515666 1.40147918835282 1.08684589061886 1.86599819594994
1.163016570732 1.67382231820375 1.48826001444831 1.72842556284741 1.55478186463006 1.2124944999814 1.77045053057373 1.25558041641489 1.55245018750429 1.3970354674384 1.6762464735657 1.16168088652194 1.11799780465662 1.21027415199205 1.68327880115248 1.48595077940263 1.67660558479838 1.57326897722669 1.77018735441379 1.46393172536045 0 1.31588395731524 1.57041539740749 1.03596367430873 1.62266514147632 1.83143926621415 1.75102423760109 1.89745719661005 1.42556529119611 1.72311238455586
1.64236980490386 1.25302010891028 0.982931596459821 1.4308932016138 1.16225996147841 1.63160883286037 1.53193291276693 1.67384322918952 1.19407471083105 1.7623702394776 1.20569162629545 1.87307820422575 1.95414460659958 1.70116383535787 1.35129072098061 1.15143251535483 1.33271463727579 0.990093030733988 1.58050516201183 1.84514562692493 1.31588395731524 0 1.24702069908381 1.6954249413684 1.90074658440426 1.11143575143069 1.2066867086105 1.36086379177868 1.0446110679768 1.48628682317212
1.25478933239356 1.88469615485519 1.43058977671899 1.39800008782186 1.9114485073369 1.45988089242019 1.87718274211511 1.24875221797265 1.42904645903036 1.45322971208952 1.19226615107618 1.55060206726193 1.10926852142438 1.66487763891928 1.5435787725728 1.06268071965314 1.08299281122163 1.7937202709727 0.960337499855086 0.967672232305631 1.57041539740749 1.24702069908381 0 1.88024092186242 1.95127065107226 1.07575987791643 1.38346668286249 1.23707873211242 1.12161003449 1.1911701944191
1.85600812430494 1.78614172479138 1.2782130704727 1.9158761058934 1.72448616987094 1.10344712086953 1.34324553818442 1.0935713306535 1.60969797405414 1.69656241335906 1.02685960172676 1.37149037513882 1.78549302369356 1.65243274043314 1.78804748388939 1.95038710581139 1.77137866616249 1.32997309160419 1.6119446658995 1.8457655152306 1.03596367430873 1.6954249413684 1.88024092186242 0 1.70377528388053 1.22117233579047 1.91879587387666 1.845237870235 1.66088092885911 1.6351786821615
1.80345660820603 1.61216030525975 1.07502210955136 1.61101000919007 1.0133571785409 1.21253897366114 1.8674894135911 1.19420361286029 1.89271782780997 1.35448424797505 1.76615706877783 1.67303854529746 1.73503276240081 1.15928157907911 1.2995353389997 1.51705148606561 1.16912860167213 1.40471736644395 1.47510534198955 1.90521283773705 1.62266514147632 1.90074658440426 1.95127065107226 1.70377528388053 0 1.08326276973821 1.79551389324479 1.57492994144559 1.02604783140123 1.58953328197822
1.49558401620016 1.73480823985301 1.79427765961736 1.62789672985673 1.60702042141929 1.67057789559476 1.72017791424878 1.01937003154308 0.973905727500096 1.32468238007277 1.15221122675575 1.46345933899283 1.84451846289448 1.53876014938578 1.46146467630751 1.82338708802126 1.36016503814608 1.12411703844555 1.78254113625735 1.68169027520344 1.83143926621415 1.11143575143069 1.07575987791643 1.22117233579047 1.08326276973821 0 1.36509144026786 1.02748891757801 1.2318215125706 1.08263661246747
1.80550775676966 1.13869105582125 1.84006079239771 1.42089272662997 1.15821099188179 0.96480091731064 1.40607759775594 1.50728685408831 1.30742015689611 1.583115888061 0.956987289246172 1.76506587048061 1.22092588990927 0.975238997954875 1.38816957455128 1.53991825552657 1.63102621072903 1.09759965422563 1.82583179138601 1.21411594515666 1.75102423760109 1.2066867086105 1.38346668286249 1.91879587387666 1.79551389324479 1.36509144026786 0 1.6667279987596 1.70931877940893 1.70910406275652
1.79022835986689 1.82656143000349 1.76896480540745 1.08675437513739 1.60351749206893 1.07857978018001 1.70590656460263 1.78518306114711 1.09807058703154 1.93111937842332 1.91662898543291 1.6192120348569 1.35013929288834 1.38307446031831 1.3799963274505 1.4751009803731 1.91023280471563 1.90010757441632 1.91645757574588 1.40147918835282 1.89745719661005 1.36086379177868 1.23707873211242 1.845237870235 1.57492994144559 1.02748891757801 1.6667279987596 0 1.36506163561717 1.35813609976321
1.13369943900034 1.44906908622943 1.7457987035159 1.6887887113262 1.37546267546713 1.16575152799487 1.63596612820402 1.2005423172377 1.53483439702541 1.56937460787594 1.88534156419337 1.74527494213544 1.61742272158153 1.02156843082048 1.05090076592751 1.64631129358895 1.57109669176862 1.13554547983222 1.90097378031351 1.08684589061886 1.42556529119611 1.0446110679768 1.12161003449 1.66088092885911 1.02604783140123 1.2318215125706 1.70931877940893 1.36506163561717 0 1.0203935066238
1.32121209707111 1.91190589917824 1.21355098299682 1.64835177874193 1.35828840080649 1.58059061295353 1.11804362758994 1.02604593196884 1.90004002698697 1.00302918441594 1.87439091620035 1.60634969733655 1.30731345620006 1.27761650714092 1.78849939373322 1.85021053394303 1.18713770480826 1.28592359181494 1.34700992400758 1.86599819594994 1.72311238455586 1.48628682317212 1.1911701944191 1.6351786821615 1.58953328197822 1.08263661246747 1.70910406275652 1.35813609976321 1.0203935066238 0
