0 1.56914659985341 1.52593707386404 1.88192140706815 1.24280610238202 1.26828217017464 1.15293657407165 1.49832582380623 1.43935247673653 1.22710931603797 1.96068007219583 1.60376993496902 1.87924219458364 1.63313335366547 1.53083592979237 1.61462808586657 1.0742876206059 1.61528757354245 1.37981236632913 1.47562337177806 0.975276878569275 1.33865981618874 1.344776943326 1.38242435338907 1.5304421170149 1.30407326109707 1.94128996948712 1.71205475623719 1.71127246599644 0.978251048363745
1.56914659985341 0 1.48085494479164 1.09794553485699 1.12835487001576 1.84661635779776 1.75725043402053 1.21763428859413 1.30755375046283 1.52598085254431 1.03382174880244 1.58281251299195 1.62462419061922 1.09772499860264 1.5434413109906 0.998032508650795 1.74281174666248 1.7024911493063 0.978323041927069 1.13356492551975 1.34486624528654 1.76578052877448 1.87639549281448 1.40552086080424 1.09977056621574 1.66484571713954 1.47865997673944 1.01019964460284 1.015263290843 1.17840586346574
1.52593707386404 1.48085494479164 0 1.16158609790727 1.30263623129576 1.66979110892862 1.69054638035595 1.14920588699169 1.76084558735602 1.50080748670734 1.00923456554301 1.74734761170112 1.19806737569161 1.00529050570913 1.35160406283103 1.7761032008566 1.69431438809261 1.13486517756246 1.19051640038379 1.65117716323584 1.26934789121151 1.3276821966283 1.87406089319848 1.52761706919409 1.29233106714673 1.74614103534259 1.79227788117714 1.87715528672561 1.46518300683238 1.24926661443897
1.88192140706815 1.09794553485699 1.16158609790727 0 1.37592084612697 1.35865025571547 1.88809753023088 1.50228880392388 1.80472493148409 0.97093790047802 1.4545189794153 1.3902292442508 1.14149415167049 1.09299404756166 1.64931833138689 1.30892524286173 1.4465907048434 1.49531995132565 1.4026310404297 1.44561367738061 1.61259572743438 1.05849232245237 1.89584753103554 1.03531032986939 1.71556743909605 1.01997525594197 1.65391801297665 1.16877766442485 1.34326272760518 1.77356732846238
1.24280610238202 1.12835487001576 1.30263623129576 1.37592084612697 0 1.59151521115564 1.90564840938896 1.24227589950897 1.39795984444208 1.37947144079953 1.81532131833956 1.42368707363494 1.59149346291088 1.03361307969317 1.72595729352906 1.01155328867026 1.05961549421772 1.89874593936838 1.60809336556122 1.49843816668727 1.41410290286876 1.18416270217858 1.50515979039483 1.49657014617696 1.42793902521953 1.10636424133554 1.96820331923664 1.6177371784579 1.03324515465647 1.00054982025176
1.26828217017464 1.84661635779776 1.66979110892862 1.35865025571547 1.59151521115564 0 1.85505753965117 1.67437828890979 1.38777411077172 0.982558933785185 1.9045344972983 0.992160006193444 1.51033297879621 1.5470380987972 1.82008148054592 1.20885470765643 1.6291048459243 1.28778273425996 1.45712001551874 1.25933433719911 1.03651408595033 1.60064011788927 1.22738434397615 1.71688820980489 1.33740579592995 1.32652531261556 1.89183607394807 1.36328398925252 1.0055066649802 1.65897754463367
1.15293657407165 1.75725043402053 1.69054638035595 1.88809753023088 1.90564840938896 1.85505753965117 0 1.03503982583061 1.84231045842171 1.01917047169991 1.19297322910279 1.49612995004281 1.69736956688575 1.73298812960275 1.61011075112037 1.05502721457742 1.66404806589708 1.79103491059504 1.03940818412229 1.2276153578423 1.73219505813904 1.76845596195199 1.87740227277391 1.91184252942912 1.78403967199847 1.41917881625704 1.517655629199 1.74131200043485 1.18628585501574 1.77347445464693
1.49832582380623 1.21763428859413 1.14920588699169 1.50228880392388 1.24227589950897 1.67437828890979 1.03503982583061 0 1.38403752096929 1.65637773484923 1.15903131430969 1.0548820423428 1.52001434587874 1.22998185013421 1.95769056165591 1.96446775877848 1.20741113857366 1.03641101857647 1.78389613493346 1.42106497148052 1.67520623886958 1.25389532279223 1.24789689201862 1.77847464033403 1.33590548415668 1.00132325757295 1.4942857909482 1.67069220123813 1.51252829004079 1.62557968799956
1.43935247673653 1.30755375046283 1.76084558735602 1.80472493148409 1.39795984444208 1.38777411077172 1.84231045842171 1.38403752096929 0 1.66952175437473 1.39549286151305 1.82900012447499 1.60872385231778 1.52060007536784 1.79036033316515 1.44649869971909 1.1178041046951 1.59743461711332 1.86422069533728 1.06996173039079 1.69537357706577 1.12880206806585 1.77417293307371 1.61387629131787 1.91716523095965 1.10341365379281 1.76689866604283 1.01107811089605 1.25350534869358 1.7392487633042
1.22710931603797 1.52598085254431 1.50080748670734 0.97093790047802 1.37947144079953 0.982558933785185 1.01917047169991 1.65637773484923 1.66952175437473 0 1.56793253566138 1.40058454149403 1.86556269484572 1.51341016218066 1.64185164636001 1.11336169275455 1.52885585930198 0.983786225318909 1.06970320828259 1.26023371051997 1.84675352787599 1.62544300314039 1.13798150210641 1.23764241673052 1.95959080499597 1.0256035530474 1.04895213339478 1.46779915131629 1.02449541608803 1.48432592744939
1.96068007219583 1.03382174880244 1.00923456554301 1.4545189794153 1.81532131833956 1.9045344972983 1.19297322910279 1.15903131430969 1.39549286151305 1.56793253566138 0 1.36385646997951 1.25184347177856 1.41186557803303 1.29646428721026 1.01924971188419 1.3361079110764 1.9612103740219 1.01121445721947 1.93467171443626 1.81769920280203 1.27886108518578 1.90192903205752 1.64143898244947 0.989034928381443 1.79756172606722 0.990469600539654 1.16028149798512 1.79123623226769 0.982429023832083
1.60376993496902 1.58281251299195 1.74734761170112 1.3902292442508 1.42368707363494 0.992160006193444 1.49612995004281 1.0548820423428 1.82900012447499 1.40058454149403 1.36385646997951 0 1.17066722176969 1.86925238487311 1.84424826782197 1.74789443495683 1.05186031130143 1.74937515379861 1.29009311366826 1.58536556130275 1.53654689970426 1.83907899819314 1.94713436160237 1.16779576381668 1.67416048329324 1.35514119756408 1.69921034993604 1.92522169346921 1.58791134576313 1.48224475607276
1.87924219458364 1.62462419061922 1.19806737569161 1.14149415167049 1.59149346291088 1.51033297879621 1.69736956688575 1.52001434587874 1.60872385231778 1.86556269484572 1.25184347177856 1.17066722176969 0 1.0654373425059 1.40619079140015 1.11893279547803 1.60399179556407 1.60950466245413 1.00431643961929 1.82627057214268 1.1700716947671 1.9218222561758 0.999235813971609 1.05305260838941 1.26833658199757 1.62405238253996 1.53895576880313 1.31388578936458 1.73581852926873 1.89657268975861
1.63313335366547 1.09772499860264 1.00529050570913 1.09299404756166 1.03361307969317 1.5470380987972 1.73298812960275 1.22998185013421 1.52060007536784 1.51341016218066 1.41186557803303 1.86925238487311 1.0654373425059 0 1.59630169183947 1.12240272527561 1.95408971887082 1.31463773688301 1.42612623632886 1.17984924721532 1.90618409635499 1.47401567921042 1.89118261495605 1.12293123407289 1.41139295510948 1.20913515519351 1.32409985247068 1.08124214690179 1.95137767726555 1.91231145011261
1.53083592979237 1.5434413109906 1.35160406283103 1.64931833138689 1.72595729352906 1.82008148054592 1.61011075112037 1.95769056165591 1.79036033316515 1.64185164636001 1.29646428721026 1.84424826782197 1.40619079140015 1.59630169183947 0 1.42947599571198 1.15498964698054 1.75535984104499 1.46921072062105 1.27591175353155 1.30043361964636 1.61255828361027 1.82948264107108 1.74124034214765 1.77154632750899 1.83716697618365 1.30863288627006 1.12973460205831 1.44778963061981 1.68913947953843
1.61462808586657 0.998032508650795 1.7761032008566 1.30892524286173 1.01155328867026 1.20885470765643 1.05502721457742 1.96446775877848 1.44649869971909 1.11336169275455 1.01924971188419 1.74789443495683 1.11893279547803 1.12240272527561 1.42947599571198 0 1.4863752280362 1.33042620820925 1.24251111783087 1.21067613409832 1.67212872835808 1.22440772433765 1.54130970616825 0.986509847221896 1.69057895592414 1.59989458275959 1.36890508164652 1.30613467819057 1.08610662422143 1.38255193945952
1.0742876206059 1.74281174666248 1.69431438809261 1.4465907048434 1.05961549421772 1.6291048459243 1.66404806589708 1.20741113857366 1.1178041046951 1.52885585930198 1.3361079110764 1.05186031130143 1.60399179556407 1.95408971887082 1.15498964698054 1.4863752280362 0 1.79886020207778 1.12901094392873 1.71285359817557 1.6657873953227 1.91656301822513 1.23518069228157 1.83810569834895 1.32515732967295 1.79517497960478 1.36243748571724 1.65760803245939 1.33669548830949 1.035145659931
1.61528757354245 1.7024911493063 1.13486517756246 1.49531995132565 1.89874593936838 1.28778273425996 1.79103491059504 1.03641101857647 1.59743461711332 0.983786225318909 1.9612103740219 1.74937515379861 1.60950466245413 1.31463773688301 1.75535984104499 1.33042620820925 1.79886020207778 0 1.35382592002861 1.08989446586929 1.20858023199253 1.0763006277848 1.37186867860146 1.58989961910993 1.94172616046853 1.09779508830979 1.30965924495831 1.67699986160733 1.54297804296948 1.28886633808725
1.37981236632913 0.978323041927069 1.19051640038379 1.4026310404297 1.60809336556122 1.45712001551874 1.03940818412229 1.78389613493346 1.86422069533728 1.06970320828259 1.01121445721947 1.29009311366826 1.00431643961929 1.42612623632886 1.46921072062105 1.24251111783087 1.12901094392873 1.35382592002861 0 1.84327191696502 1.12270222301595 1.5553000960499 1.21973783429712 1.71784848091193 1.50877016922459 1.05702492664568 1.17739646695554 1.03696862165816 1.12827468686737 1.13268191996031
1.47562337177806 1.13356492551975 1.65117716323584 1.44561367738061 1.49843816668727 1.25933433719911 1.2276153578423 1.42106497148052 1.06996173039079 1.26023371051997 1.93467171443626 1.58536556130275 1.82627057214268 1.17984924721532 1.27591175353155 1.21067613409832 1.71285359817557 1.08989446586929 1.84327191696502 0 1.28559361188672 0.982306148158386 1.88545776368119 1.95508655859157 1.2229969270993 1.50438662013039 1.55607054568827 1.5390501471702 0.972135561984032 1.40137489093468
0.975276878569275 1.34486624528654 1.26934789121151 1.61259572743438 1.41410290286876 1.03651408595033 1.73219505813904 1.67520623886958 1.69537357706577 1.84675352787599 1.81769920280203 1.53654689970426 1.1700716947671 1.90618409635499 1.30043361964636 1.67212872835808 1.6657873953227 1.20858023199253 1.12270222301595 1.28559361188672 0 1.49162929062732 1.2540415097028 1.32985884486698 1.34064692049287 1.34718810277991 1.11391553352587 1.4713848172687 1.48701839195564 1.7780763048213
1.33865981618874 1.76578052877448 1.3276821966283 1.05849232245237 1.18416270217858 1.60064011788927 1.76845596195199 1.25389532279223 1.12880206806585 1.62544300314039 1.27886108518578 1.83907899819314 1.9218222561758 1.47401567921042 1.61255828361027 1.22440772433765 1.91656301822513 1.0763006277848 1.5553000960499 0.982306148158386 1.49162929062732 0 1.1498196569737 1.89938164874911 1.50747296330519 1.9132021102123 0.987757203634828 1.55216679954901 1.52933562756516 1.94610084942542
1.344776943326 1.87639549281448 1.87406089319848 1.89584753103554 1.50515979039483 1.22738434397615 1.87740227277391 1.24789689201862 1.77417293307371 1.13798150210641 1.90192903205752 1.94713436160237 0.999235813971609 1.89118261495605 1.82948264107108 1.54130970616825 1.23518069228157 1.37186867860146 1.21973783429712 1.88545776368119 1.2540415097028 1.1498196569737 0 1.01345914974809 1.02504496648908 1.06970323924907 1.63620142731816 1.44865510193631 1.55269838240929 1.36621829075739
1.38242435338907 1.40552086080424 1.52761706919409 1.03531032986939 1.49657014617696 1.71688820980489 1.91184252942912 1.77847464033403 1.61387629131787 1.23764241673052 1.64143898244947 1.16779576381668 1.05305260838941 1.12293123407289 1.74124034214765 0.986509847221896 1.83810569834895 1.58989961910993 1.71784848091193 1.95508655859157 1.32985884486698 1.89938164874911 1.01345914974809 0 1.50342138158157 1.7621031939052 1.03739181696437 0.993833529762924 1.41098381299525 1.25035521946847
1.5304421170149 1.09977056621574 1.29233106714673 1.71556743909605 1.42793902521953 1.33740579592995 1.78403967199847 1.33590548415668 1.91716523095965 1.95959080499597 0.989034928381443 1.67416048329324 1.26833658199757 1.41139295510948 1.77154632750899 1.69057895592414 1.32515732967295 1.94172616046853 1.50877016922459 1.2229969270993 1.34064692049287 1.50747296330519 1.02504496648908 1.50342138158157 0 1.4486687052995 1.05819906969555 1.64529363228939 1.85859827650711 0.981085282983258
1.30407326109707 1.66484571713954 1.74614103534259 1.01997525594197 1.10636424133554 1.32652531261556 1.41917881625704 1.00132325757295 1.10341365379281 1.0256035530474 1.79756172606722 1.35514119756408 1.62405238253996 1.20913515519351 1.83716697618365 1.59989458275959 1.79517497960478 1.09779508830979 1.05702492664568 1.50438662013039 1.34718810277991 1.9132021102123 1.06970323924907 1.7621031939052 1.4486687052995 0 1.41651596990414 1.5615643330384 1.74900599545799 1.05832130694762
1.94128996948712 1.47865997673944 1.79227788117714 1.65391801297665 1.96820331923664 1.89183607394807 1.517655629199 1.4942857909482 1.76689866604283 1.04895213339478 0.990469600539654 1.69921034993604 1.53895576880313 1.32409985247068 1.30863288627006 1.36890508164652 1.36243748571724 1.30965924495831 1.17739646695554 1.55607054568827 1.11391553352587 0.987757203634828 1.63620142731816 1.03739181696437 1.05819906969555 1.41651596990414 0 1.14598365058191 1.38197465031408 1.58116666716523
1.71205475623719 1.01019964460284 1.87715528672561 1.16877766442485 1.6177371784579 1.36328398925252 1.74131200043485 1.67069220123813 1.01107811089605 1.46779915131629 1.16028149798512 1.92522169346921 1.31388578936458 1.08124214690179 1.12973460205831 1.30613467819057 1.65760803245939 1.67699986160733 1.03696862165816 1.5390501471702 1.4713848172687 1.55216679954901 1.44865510193631 0.993833529762924 1.64529363228939 1.5615643330384 1.14598365058191 0 1.17317735240795 1.15114264003932
1.71127246599644 1.015263290843 1.46518300683238 1.34326272760518 1.03324515465647 1.0055066649802 1.18628585501574 1.51252829004079 1.25350534869358 1.02449541608803 1.79123623226769 1.58791134576313 1.73581852926873 1.95137767726555 1.44778963061981 1.08610662422143 1.33669548830949 1.54297804296948 1.12827468686737 0.972135561984032 1.48701839195564 1.52933562756516 1.55269838240929 1.41098381299525 1.85859827650711 1.74900599545799 1.38197465031408 1.17317735240795 0 1.49777117208578
0.978251048363745 1.17840586346574 1.24926661443897 1.77356732846238 1.00054982025176 1.65897754463367 1.77347445464693 1.62557968799956 1.7392487633042 1.48432592744939 0.982429023832083 1.48224475607276 1.89657268975861 1.91231145011261 1.68913947953843 1.38255193945952 1.035145659931 1.28886633808725 1.13268191996031 1.40137489093468 1.7780763048213 1.94610084942542 1.36621829075739 1.25035521946847 0.981085282983258 1.05832130694762 1.58116666716523 1.15114264003932 1.49777117208578 0
