0 1.59905139170587 0.962422603974119 0.93437536014244 1.33702314901166 0.96852598618716 1.12269661109895 1.01705329795368 1.55236019310541 1.10546674067155 1.09442280908115 1.08334317500703 1.05950939073227 1.64264450664632 1.15847956459038 1.53711059922352 1.05188289796934 1.53712786524557 1.08644071337767 1.47827608999796 0.963997253915295 1.34065149980597 1.85076962830499 1.8509997043293 1.5101960953325 1.02288755006157 1.01670454326086 0.998124823439866 0.989431541413069 1.76283295336179
1.59905139170587 0 0.978774775518104 1.10674777068198 1.48204009002075 1.75550862122327 1.23467659321614 0.872247996041551 1.16206977446564 1.42195046297275 1.66200835537165 0.996975386980921 0.871647524181753 1.26159163354896 0.96876344550401 1.76983363623731 1.49999117804691 0.950130266370252 1.35617139190435 0.963570640422404 1.3833836291451 1.60566619224846 1.34881996107288 1.49363886378706 1.2711906528566 1.54289066442288 1.64039489626884 1.08073745993897 1.24945533787832 0.985030902316794
0.962422603974119 0.978774775518104 0 1.34088138001971 1.08938364777714 1.09887221409008 1.24681982304901 1.74495210661553 1.47623866354115 1.27612147200853 1.36686488473788 1.42765789129771 1.28846679395065 1.204973295331 1.29512545769103 1.12730774842203 1.72440657578409 1.70315158064477 1.37338226800784 1.79669284704141 1.32810507365502 1.37670546094887 1.46240528742783 1.27878646249883 1.68523400556296 1.80574965034612 1.80844595236704 1.43722957768477 1.77531971060671 1.67374944756739
0.93437536014244 1.10674777068198 1.34088138001971 0 1.01439709728584 1.73791878693737 1.02706020674668 1.75841865688562 1.3629507496953 1.31499826186337 1.04506060271524 1.64421143196523 1.30228987452574 1.50603537471034 1.38024238892831 1.30317011312582 1.8139989702031 1.49325850233436 1.36167890066281 1.38661081506871 1.45999131398275 1.25036492804065 0.964299334213138 1.40676946309395 0.923086319118738 1.45391207234934 1.54289744771086 1.23993857949972 1.4261832467746 1.02159498003311
1.33702314901166 1.48204009002075 1.08938364777714 1.01439709728584 0 1.21716957911849 1.76721513550729 1.25941452919506 1.43015940976329 1.55251786764711 1.32775690057315 1.05250146356411 1.33942821458913 1.74616433633491 1.71396102919243 1.6905200923793 0.998215198516846 1.45740592316724 1.29556940495968 1.69347917987034 0.876759777078405 1.36285792477429 1.037470088806 1.71201990102418 0.885564884869382 1.41993778944016 1.84423880418763 1.58225101116113 1.08490286301821 1.15921935043298
0.96852598618716 1.75550862122327 1.09887221409008 1.73791878693737 1.21716957911849 0 1.42497031227686 1.16099663567729 0.916894077323377 0.902222306700423 1.47847800073214 1.56670669699088 0.982028539991006 1.81101940921508 0.930412160232663 1.51946156006306 1.56953421863727 0.929690784774721 1.5495789507404 1.73824495123699 1.32061565225013 0.887652560835704 1.69754177168943 1.5939262798056 1.72642024047673 1.55304264230654 1.16445837845095 1.58614318491891 1.44832746847533 0.865579911740497
1.12269661109895 1.23467659321614 1.24681982304901 1.02706020674668 1.76721513550729 1.42497031227686 0 1.55541024846025 1.27502204221673 1.83150529512204 0.956011817790568 0.905861961655319 1.79180002119392 1.71944786421955 1.79312013904564 0.999639147659764 1.16418660082854 1.19773576455191 1.54596097581089 1.74933769344352 1.4305803659372 1.63158855866641 1.2872283088509 1.6171326150652 1.23314731149003 1.17099772649817 0.970687753055245 1.14591849665157 0.862461193464696 1.80703619588166
1.01705329795368 0.872247996041551 1.74495210661553 1.75841865688562 1.25941452919506 1.16099663567729 1.55541024846025 0 1.44232851872221 1.82633837335743 0.905543084722012 1.09519043448381 1.7438955202233 1.76774232136086 1.58978283079341 1.0364646052476 1.48365948093124 1.08625920629129 1.47501249262132 1.06338242581114 1.75714943674393 0.976093041943386 1.84566618315876 1.72739271540195 1.52418948407285 1.0872956905514 0.945645315339789 1.7847470312845 1.13715650304221 1.66275130654685
1.55236019310541 1.16206977446564 1.47623866354115 1.3629507496953 1.43015940976329 0.916894077323377 1.27502204221673 1.44232851872221 0 1.24536726134829 1.01517270831391 1.43715519947 1.38008398003876 0.905042490456253 1.59289846383035 1.595913044177 1.04955963115208 1.23218357749283 1.71874392637983 1.48837607400492 1.73570301407017 1.12918913643807 1.26621627714485 1.09958354430273 1.74354605423287 1.3465668882709 1.14615679928102 1.34439852158539 0.980275972746313 0.995824328856543
1.10546674067155 1.42195046297275 1.27612147200853 1.31499826186337 1.55251786764711 0.902222306700423 1.83150529512204 1.82633837335743 1.24536726134829 0 0.972262547817081 0.975206698523834 1.40901321149431 1.59592948085628 1.70960452989675 1.25764706148766 1.46364218811505 1.10673607303761 1.45686652255245 1.73848900897428 1.44209603709169 1.12193903862499 1.83289926033467 0.866714502219111 0.97377327689901 1.117648873711 1.03396048024297 1.80884005059488 1.1581238755025 1.036115961615
1.09442280908115 1.66200835537165 1.36686488473788 1.04506060271524 1.32775690057315 1.47847800073214 0.956011817790568 0.905543084722012 1.01517270831391 0.972262547817081 0 1.02854712121189 1.15591083979234 1.53384015127085 0.991883849957958 0.987288813805208 1.55911695468239 1.3074646811001 1.28067551227286 1.40832874970511 1.7787254890427 0.977991511113942 1.59596192720346 1.66497816122137 1.71099512954243 1.18748312210664 1.54683584207669 1.12445790180936 1.43365634535439 0.941689755534753
1.08334317500703 0.996975386980921 1.42765789129771 1.64421143196523 1.05250146356411 1.56670669699088 0.905861961655319 1.09519043448381 1.43715519947 0.975206698523834 1.02854712121189 0 1.40722990687937 1.35098763206042 1.68641161150299 1.82548524532467 1.3353531351313 1.08153674914502 1.19346370873973 1.20343711948954 1.65665577934124 1.27835343056358 1.70856226421893 1.43694321415387 0.863679216243327 0.885275020264089 1.52296421257779 1.68091179314069 1.55166463111527 1.82238561171107
1.05950939073227 0.871647524181753 1.28846679395065 1.30228987452574 1.33942821458913 0.982028539991006 1.79180002119392 1.7438955202233 1.38008398003876 1.40901321149431 1.15591083979234 1.40722990687937 0 1.14921004138887 1.76708657341078 1.59948358498514 1.46432690625079 1.72890739073046 1.43594099301845 1.07067745225504 0.933464015601203 0.857027165824547 1.265822467627 1.06033300934359 1.07878755452111 1.33784514362924 1.42056144424714 1.25448711425997 0.968852403108031 1.64556179777719
1.64264450664632 1.26159163354896 1.204973295331 1.50603537471034 1.74616433633491 1.81101940921508 1.71944786421955 1.76774232136086 0.905042490456253 1.59592948085628 1.53384015127085 1.35098763206042 1.14921004138887 0 1.3626307589002 1.28377175983042 1.12228174577467 1.0267175163608 1.01466809213161 1.41576039907522 1.17212165007368 1.401960860705 1.80479901470244 1.34540602588095 1.58452918031253 1.69729719031602 1.10350095084868 1.77847014623694 1.22041686647572 1.104614994023
1.15847956459038 0.96876344550401 1.29512545769103 1.38024238892831 1.71396102919243 0.930412160232663 1.79312013904564 1.58978283079341 1.59289846383035 1.70960452989675 0.991883849957958 1.68641161150299 1.76708657341078 1.3626307589002 0 1.15982838720083 0.988159018335864 1.82216933439486 1.64352043136023 1.65586832980625 1.0348977544345 1.16741999681108 1.12721245060675 1.58122155722231 1.59271650435403 1.06491531757638 1.78263893164694 1.45446705119684 1.78403099742718 1.09188282326795
1.53711059922352 1.76983363623731 1.12730774842203 1.30317011312582 1.6905200923793 1.51946156006306 0.999639147659764 1.0364646052476 1.595913044177 1.25764706148766 0.987288813805208 1.82548524532467 1.59948358498514 1.28377175983042 1.15982838720083 0 0.985038910061121 1.26784657384269 1.1556625769008 1.2463724068366 1.77501302072778 0.984158286359161 1.58853990654461 1.09018447715789 1.52102648629807 1.20002620364539 1.72614976693876 1.40096200443804 1.46007184288464 1.68230134691112
1.05188289796934 1.49999117804691 1.72440657578409 1.8139989702031 0.998215198516846 1.56953421863727 1.16418660082854 1.48365948093124 1.04955963115208 1.46364218811505 1.55911695468239 1.3353531351313 1.46432690625079 1.12228174577467 0.988159018335864 0.985038910061121 0 1.35261648264714 1.28388990252279 1.55648613767698 1.64426751830615 0.903735302388668 1.3790705583524 1.4073473373428 1.53189134877175 1.32704713498242 0.90774700185284 1.31409570714459 0.967630558181554 1.06883130758069
1.53712786524557 0.950130266370252 1.70315158064477 1.49325850233436 1.45740592316724 0.929690784774721 1.19773576455191 1.08625920629129 1.23218357749283 1.10673607303761 1.3074646811001 1.08153674914502 1.72890739073046 1.0267175163608 1.82216933439486 1.26784657384269 1.35261648264714 0 1.33030442357995 1.26821985491551 1.71493249526247 0.956465324154124 1.63537165801972 1.76888794335537 0.927512851310894 1.81851253914647 1.17065880331211 1.43575547169894 1.38960937317461 1.651541788131
1.08644071337767 1.35617139190435 1.37338226800784 1.36167890066281 1.29556940495968 1.5495789507404 1.54596097581089 1.47501249262132 1.71874392637983 1.45686652255245 1.28067551227286 1.19346370873973 1.43594099301845 1.01466809213161 1.64352043136023 1.1556625769008 1.28388990252279 1.33030442357995 0 1.55873155826703 1.61854774830863 0.935989714926109 1.57442272547632 0.866385793546215 1.43613939266652 0.999366119736806 1.77107611834072 1.54638730222359 1.75696688191965 0.95363270281814
1.47827608999796 0.963570640422404 1.79669284704141 1.38661081506871 1.69347917987034 1.73824495123699 1.74933769344352 1.06338242581114 1.48837607400492 1.73848900897428 1.40832874970511 1.20343711948954 1.07067745225504 1.41576039907522 1.65586832980625 1.2463724068366 1.55648613767698 1.26821985491551 1.55873155826703 0 1.5884771309793 1.07623233273625 1.07311938586645 1.20233941427432 1.51165434345603 0.883873791433871 1.32689636875875 1.31346150138415 1.27579537103884 1.18866370548494
0.963997253915295 1.3833836291451 1.32810507365502 1.45999131398275 0.876759777078405 1.32061565225013 1.4305803659372 1.75714943674393 1.73570301407017 1.44209603709169 1.7787254890427 1.65665577934124 0.933464015601203 1.17212165007368 1.0348977544345 1.77501302072778 1.64426751830615 1.71493249526247 1.61854774830863 1.5884771309793 0 1.73811445664614 1.74857451370917 1.60388216050342 1.43742037401535 1.72292289324105 1.00322912959382 0.945235125022009 1.38177322503179 1.72920523420908
1.34065149980597 1.60566619224846 1.37670546094887 1.25036492804065 1.36285792477429 0.887652560835704 1.63158855866641 0.976093041943386 1.12918913643807 1.12193903862499 0.977991511113942 1.27835343056358 0.857027165824547 1.401960860705 1.16741999681108 0.984158286359161 0.903735302388668 0.956465324154124 0.935989714926109 1.07623233273625 1.73811445664614 0 1.64527444215491 1.33366075484082 0.950656850123778 1.05643999320455 1.09288125578314 1.06347784539685 0.905550497118384 1.53034469671547
1.85076962830499 1.34881996107288 1.46240528742783 0.964299334213138 1.037470088806 1.69754177168943 1.2872283088509 1.84566618315876 1.26621627714485 1.83289926033467 1.59596192720346 1.70856226421893 1.265822467627 1.80479901470244 1.12721245060675 1.58853990654461 1.3790705583524 1.63537165801972 1.57442272547632 1.07311938586645 1.74857451370917 1.64527444215491 0 1.57766991201788 1.3126932492014 1.03560969769023 1.06338755693287 1.62394339125603 1.47828699601814 0.957526263315231
1.8509997043293 1.49363886378706 1.27878646249883 1.40676946309395 1.71201990102418 1.5939262798056 1.6171326150652 1.72739271540195 1.09958354430273 0.866714502219111 1.66497816122137 1.43694321415387 1.06033300934359 1.34540602588095 1.58122155722231 1.09018447715789 1.4073473373428 1.76888794335537 0.866385793546215 1.20233941427432 1.60388216050342 1.33366075484082 1.57766991201788 0 1.37146073486656 1.4553887473885 1.06964726839215 1.45896357879974 1.51478950772434 1.18840816710144
1.5101960953325 1.2711906528566 1.68523400556296 0.923086319118738 0.885564884869382 1.72642024047673 1.23314731149003 1.52418948407285 1.74354605423287 0.97377327689901 1.71099512954243 0.863679216243327 1.07878755452111 1.58452918031253 1.59271650435403 1.52102648629807 1.53189134877175 0.927512851310894 1.43613939266652 1.51165434345603 1.43742037401535 0.950656850123778 1.3126932492014 1.37146073486656 0 1.22973747411743 1.52820598450489 0.970969028072432 1.39510203222744 1.61974436254241
1.02288755006157 1.54289066442288 1.80574965034612 1.45391207234934 1.41993778944016 1.55304264230654 1.17099772649817 1.0872956905514 1.3465668882709 1.117648873711 1.18748312210664 0.885275020264089 1.33784514362924 1.69729719031602 1.06491531757638 1.20002620364539 1.32704713498242 1.81851253914647 0.999366119736806 0.883873791433871 1.72292289324105 1.05643999320455 1.03560969769023 1.4553887473885 1.22973747411743 0 1.2486685202457 1.8273382501211 1.76614538673311 1.48624711553566
1.01670454326086 1.64039489626884 1.80844595236704 1.54289744771086 1.84423880418763 1.16445837845095 0.970687753055245 0.945645315339789 1.14615679928102 1.03396048024297 1.54683584207669 1.52296421257779 1.42056144424714 1.10350095084868 1.78263893164694 1.72614976693876 0.90774700185284 1.17065880331211 1.77107611834072 1.32689636875875 1.00322912959382 1.09288125578314 1.06338755693287 1.06964726839215 1.52820598450489 1.2486685202457 0 1.19998270901851 1.62702682148665 1.25728644710034
0.998124823439866 1.08073745993897 1.43722957768477 1.23993857949972 1.58225101116113 1.58614318491891 1.14591849665157 1.7847470312845 1.34439852158539 1.80884005059488 1.12445790180936 1.68091179314069 1.25448711425997 1.77847014623694 1.45446705119684 1.40096200443804 1.31409570714459 1.43575547169894 1.54638730222359 1.31346150138415 0.945235125022009 1.06347784539685 1.62394339125603 1.45896357879974 0.970969028072432 1.8273382501211 1.19998270901851 0 1.45064801350236 1.25189042184502
0.989431541413069 1.24945533787832 1.77531971060671 1.4261832467746 1.08490286301821 1.44832746847533 0.862461193464696 1.13715650304221 0.980275972746313 1.1581238755025 1.43365634535439 1.55166463111527 0.968852403108031 1.22041686647572 1.78403099742718 1.46007184288464 0.967630558181554 1.38960937317461 1.75696688191965 1.27579537103884 1.38177322503179 0.905550497118384 1.47828699601814 1.51478950772434 1.39510203222744 1.76614538673311 1.62702682148665 1.45064801350236 0 1.810891344212
1.76283295336179 0.985030902316794 1.67374944756739 1.02159498003311 1.15921935043298 0.865579911740497 1.80703619588166 1.66275130654685 0.995824328856543 1.036115961615 0.941689755534753 1.82238561171107 1.64556179777719 1.104614994023 1.09188282326795 1.68230134691112 1.06883130758069 1.651541788131 0.95363270281814 1.18866370548494 1.72920523420908 1.53034469671547 0.957526263315231 1.18840816710144 1.61974436254241 1.48624711553566 1.25728644710034 1.25189042184502 1.810891344212 0
