0 1.64486916456372 1.45863014669158 1.50258275936358 1.32068025064655 1.38275849842466 0.954483541660011 1.76324618211947 1.01112670172006 1.08898316300474 1.06995917018503 1.29445985332131 1.42100634309463 1.68292526225559 1.7837248169817 1.37876441166736 1.03056383575313 1.81033291877247 1.31095246761106 1.33320689527318 1.27568663889542 1.6204456249252 1.17787727504037 0.990709152072668 1.92313035856932 1.03161527938209 1.65856695873663 1.88596131652594 1.40312647563405 0.958329679910094
1.64486916456372 0 1.92776437406428 1.41002676868811 1.11124417372048 1.2510506270919 1.8284718056675 1.06591152516194 1.41675450582989 1.01494378177449 1.58936524298042 1.35996817843989 1.62691656453535 1.22255766065791 1.07515824423172 1.6251953553874 1.16588074690662 1.29962742119096 1.07625598972663 1.43598529021256 1.58528083516285 1.62575460458174 1.612492055865 1.23449968057685 1.746608245885 1.68365088943392 1.50210831477307 1.13707950804383 1.31050860555843 1.63179535535164
1.45863014669158 1.92776437406428 0 1.26285275584087 1.78036212618463 1.00057854712941 1.20773532637395 1.7074015182443 1.89493501326069 1.32671737670898 1.15460543031804 1.93300864426419 1.65350389387459 1.64770013396628 1.81454283907078 1.58651922200806 1.48917560768314 1.40214970498346 1.45958096138202 1.60303256497718 1.47775716055185 1.74941306863911 1.73803056008182 1.67834310000762 1.57751883403398 1.10287997825071 1.15767932799645 1.65017055766657 1.6727178581059 1.89687077794224
1.50258275936358 1.41002676868811 1.26285275584087 0 1.71634434419684 1.63045250554569 1.37249350082129 1.64769115881063 0.937770946882665 1.56649466138333 1.08234046725556 1.19684896524996 1.33463363349438 1.45810831850395 1.4020742282737 1.47046206681989 0.940857024630532 1.66998221515678 1.37500847340561 1.32737657451071 1.56714999862015 1.25143727101386 1.5441439631395 1.03731345734559 1.75874463655055 1.91240959707648 1.5281857973896 1.55944106914103 1.65905262390152 1.9153469116427
1.32068025064655 1.11124417372048 1.78036212618463 1.71634434419684 0 1.64960896153934 1.03973542503081 1.49396066879854 1.04810580331832 1.60042795678601 1.32462956360541 1.83277956489474 1.50523945363238 1.72366108139977 1.44524040468968 1.11145339976065 1.78835554304533 1.39962227665819 1.4005043443758 1.23350866627879 1.49869619379751 1.76329052099027 1.44516986072995 1.91619926411659 1.17789039434865 1.60264711990021 0.99511438398622 1.54579417523928 1.80958314961754 1.86583743290976
1.38275849842466 1.2510506270919 1.00057854712941 1.63045250554569 1.64960896153934 0 1.87248570239171 1.66231150203384 1.2963707530871 1.04555262811482 1.11828479310498 1.00245467899367 1.52030011173338 1.70697034941986 1.17013441585004 0.943748395424336 1.25457698432729 1.80303810257465 1.61190700996667 1.86722861230373 1.65574023849331 1.18787067756057 1.07284943712875 0.968998960684985 1.05784275941551 1.38455269834958 1.70047382381745 1.5811476202216 1.78039578930475 1.40196310728788
0.954483541660011 1.8284718056675 1.20773532637395 1.37249350082129 1.03973542503081 1.87248570239171 0 1.46162724588066 0.937442088499665 1.33165590511635 1.43827499658801 0.982559327734634 1.35266048694029 1.18435518187471 1.46226662397385 1.63315018219873 0.988064976641908 1.03094483609311 1.17142810346559 1.5772737453226 1.70284021901898 1.09457580698654 1.09644657094032 1.56711714738049 1.13642878481187 1.31080205389298 1.80170390428975 1.36205906351097 1.70391652500257 1.9128132215701
1.76324618211947 1.06591152516194 1.7074015182443 1.64769115881063 1.49396066879854 1.66231150203384 1.46162724588066 0 1.24967190646566 1.69065411784686 1.39331409311853 1.39185737888329 1.33983205608092 1.00698937079869 1.50789990345947 0.959948911797255 1.80450127436779 1.65183022432029 1.09461908368394 1.0689479096327 1.70990259456448 0.986168802250177 1.00840450450778 1.40940113458782 1.42045891052112 1.01930729066953 1.29786071972921 1.01111529697664 0.971686935285106 1.24672031519003
1.01112670172006 1.41675450582989 1.89493501326069 0.937770946882665 1.04810580331832 1.2963707530871 0.937442088499665 1.24967190646566 0 1.62957872916013 1.90437284624204 1.4632295682095 1.43686089734547 1.38095379318111 0.994176216190681 1.45605655200779 1.68905711104162 1.08670777780935 1.21097802254371 1.13749727606773 1.66056876955554 1.60098626720719 1.30447811470367 1.38109428226016 1.41374221234582 1.39739482593723 1.58723930735141 1.03022596193478 1.62340749124996 1.72192800510675
1.08898316300474 1.01494378177449 1.32671737670898 1.56649466138333 1.60042795678601 1.04555262811482 1.33165590511635 1.69065411784686 1.62957872916013 0 1.32996531040408 1.71726579242386 1.86710716737434 1.17907496774569 1.05100786802359 1.44554396346211 1.52264784020372 1.85954010253772 1.63492508674972 1.41487684077583 1.43746314430609 1.62222733814269 1.49768407247029 1.38138795178384 1.08939534099773 1.62898233928718 1.61418101075105 1.45214821188711 1.18987814499997 1.76966986362822
1.06995917018503 1.58936524298042 1.15460543031804 1.08234046725556 1.32462956360541 1.11828479310498 1.43827499658801 1.39331409311853 1.90437284624204 1.32996531040408 0 1.70232692593709 1.81032338296063 1.65617491863668 1.76820592721924 1.62577975611202 1.07620239793323 1.03274282068014 1.43983850488439 1.41910205688328 1.53712239838205 1.47611608612351 1.17975702998228 1.614970915718 1.01335221319459 1.42872424260713 1.66717285919003 1.40027281572111 1.17999546858482 1.22164553939365
1.29445985332131 1.35996817843989 1.93300864426419 1.19684896524996 1.83277956489474 1.00245467899367 0.982559327734634 1.39185737888329 1.4632295682095 1.71726579242386 1.70232692593709 0 1.21465284167789 1.25212821527384 0.991181433899328 1.47176350257359 1.71847782284021 1.52919786167331 1.70087697100826 1.02823621709831 1.48555595939979 1.72593558393419 1.64861710323021 1.84368853457272 1.65270396065898 1.62916845967993 1.37218215176836 1.76936516212299 1.14892119960859 1.58010748401284
1.42100634309463 1.62691656453535 1.65350389387459 1.33463363349438 1.50523945363238 1.52030011173338 1.35266048694029 1.33983205608092 1.43686089734547 1.86710716737434 1.81032338296063 1.21465284167789 0 0.950389641569927 1.01273285644129 1.57037885813043 1.49236472812481 1.44852063851431 1.52981271408498 1.21746957744472 1.12950208340771 0.943583715939894 1.06797310314141 1.03389903483912 1.84795544948429 1.16400389210321 0.984155433252454 1.13204651605338 1.4597085674759 1.73376011801884
1.68292526225559 1.22255766065791 1.64770013396628 1.45810831850395 1.72366108139977 1.70697034941986 1.18435518187471 1.00698937079869 1.38095379318111 1.17907496774569 1.65617491863668 1.25212821527384 0.950389641569927 0 1.83435595128685 1.200606205035 1.14387139468454 1.4460039192345 1.66569056897424 1.32097787968814 1.6109906733036 1.08917942340486 1.47232132870704 1.48921108129434 1.28806189051829 1.51875712140463 1.43541513010859 1.04416744527407 1.93417059001513 1.82373922271654
1.7837248169817 1.07515824423172 1.81454283907078 1.4020742282737 1.44524040468968 1.17013441585004 1.46226662397385 1.50789990345947 0.994176216190681 1.05100786802359 1.76820592721924 0.991181433899328 1.01273285644129 1.83435595128685 0 1.41348195611499 1.64563539065421 1.46934664738365 1.91717605199665 1.80621635098942 1.46189496084116 1.00975941773504 1.23492847988382 0.970887058181688 1.29877580190077 1.79762284038588 1.83482473273762 1.31666476838291 1.18773527233861 1.08554496755823
1.37876441166736 1.6251953553874 1.58651922200806 1.47046206681989 1.11145339976065 0.943748395424336 1.63315018219873 0.959948911797255 1.45605655200779 1.44554396346211 1.62577975611202 1.47176350257359 1.57037885813043 1.200606205035 1.41348195611499 0 1.45455650892109 1.10738684237003 1.08296196372248 0.957942629698664 1.39201562292874 1.22212057979777 1.2041877573356 0.982942874310538 1.73362641059794 1.52174692321569 1.45209750765935 1.1378599468153 1.20136051019654 1.70035105803981
1.03056383575313 1.16588074690662 1.48917560768314 0.940857024630532 1.78835554304533 1.25457698432729 0.988064976641908 1.80450127436779 1.68905711104162 1.52264784020372 1.07620239793323 1.71847782284021 1.49236472812481 1.14387139468454 1.64563539065421 1.45455650892109 0 1.00417141523212 1.66582951671444 1.40640557091683 1.24731339514256 1.34511113236658 1.8905087725725 1.13974863360636 1.26316763274372 1.88486889074557 1.00253013917245 1.44122246815823 1.03325000125915 1.59723666100763
1.81033291877247 1.29962742119096 1.40214970498346 1.66998221515678 1.39962227665819 1.80303810257465 1.03094483609311 1.65183022432029 1.08670777780935 1.85954010253772 1.03274282068014 1.52919786167331 1.44852063851431 1.4460039192345 1.46934664738365 1.10738684237003 1.00417141523212 0 1.93639094429091 1.51437635719776 1.39252290758304 1.85977821890265 1.37562095746398 1.50402826676145 1.00983641203493 1.68175951810554 1.04988273466006 1.48632863350213 1.87621670681983 1.85912554501556
1.31095246761106 1.07625598972663 1.45958096138202 1.37500847340561 1.4005043443758 1.61190700996667 1.17142810346559 1.09461908368394 1.21097802254371 1.63492508674972 1.43983850488439 1.70087697100826 1.52981271408498 1.66569056897424 1.91717605199665 1.08296196372248 1.66582951671444 1.93639094429091 0 1.30634148931131 1.48075413890183 1.69464833242819 1.51622574194334 1.06161149591208 1.35613608779386 1.07559662032872 1.20660338317975 1.53772014495917 1.35470404475927 1.74063619109802
1.33320689527318 1.43598529021256 1.60303256497718 1.32737657451071 1.23350866627879 1.86722861230373 1.5772737453226 1.0689479096327 1.13749727606773 1.41487684077583 1.41910205688328 1.02823621709831 1.21746957744472 1.32097787968814 1.80621635098942 0.957942629698664 1.40640557091683 1.51437635719776 1.30634148931131 0 1.36241196002811 1.01863151043653 1.88711385754868 1.34256341843866 1.45221755467355 1.50269756116904 1.91933487076312 1.10849187523127 1.17483019130304 1.41964420443401
1.27568663889542 1.58528083516285 1.47775716055185 1.56714999862015 1.49869619379751 1.65574023849331 1.70284021901898 1.70990259456448 1.66056876955554 1.43746314430609 1.53712239838205 1.48555595939979 1.12950208340771 1.6109906733036 1.46189496084116 1.39201562292874 1.24731339514256 1.39252290758304 1.48075413890183 1.36241196002811 0 1.06300637195818 1.82042679586448 1.31655052141286 1.91284739109688 1.82261206069961 1.2138332631439 0.961809778818861 1.75051032332703 1.58642206084915
1.6204456249252 1.62575460458174 1.74941306863911 1.25143727101386 1.76329052099027 1.18787067756057 1.09457580698654 0.986168802250177 1.60098626720719 1.62222733814269 1.47611608612351 1.72593558393419 0.943583715939894 1.08917942340486 1.00975941773504 1.22212057979777 1.34511113236658 1.85977821890265 1.69464833242819 1.01863151043653 1.06300637195818 0 1.82581475982442 1.61076948884875 1.39023637864739 1.43501474661753 1.6271168217063 1.30845004855655 1.63346314406954 1.7785325224977
1.17787727504037 1.612492055865 1.73803056008182 1.5441439631395 1.44516986072995 1.07284943712875 1.09644657094032 1.00840450450778 1.30447811470367 1.49768407247029 1.17975702998228 1.64861710323021 1.06797310314141 1.47232132870704 1.23492847988382 1.2041877573356 1.8905087725725 1.37562095746398 1.51622574194334 1.88711385754868 1.82042679586448 1.82581475982442 0 1.88336756639183 1.64445154229179 1.60800563334487 1.6884677244816 1.21150754741393 0.998804659117013 1.76266768411733
0.990709152072668 1.23449968057685 1.67834310000762 1.03731345734559 1.91619926411659 0.968998960684985 1.56711714738049 1.40940113458782 1.38109428226016 1.38138795178384 1.614970915718 1.84368853457272 1.03389903483912 1.48921108129434 0.970887058181688 0.982942874310538 1.13974863360636 1.50402826676145 1.06161149591208 1.34256341843866 1.31655052141286 1.61076948884875 1.88336756639183 0 1.22652930556796 1.21680103847757 1.25259607098997 1.49940549489111 1.02181598963216 1.13015229208395
1.92313035856932 1.746608245885 1.57751883403398 1.75874463655055 1.17789039434865 1.05784275941551 1.13642878481187 1.42045891052112 1.41374221234582 1.08939534099773 1.01335221319459 1.65270396065898 1.84795544948429 1.28806189051829 1.29877580190077 1.73362641059794 1.26316763274372 1.00983641203493 1.35613608779386 1.45221755467355 1.91284739109688 1.39023637864739 1.64445154229179 1.22652930556796 0 1.73415342415683 1.55251289554872 1.43612781888805 1.3379449842032 1.84744687192142
1.03161527938209 1.68365088943392 1.10287997825071 1.91240959707648 1.60264711990021 1.38455269834958 1.31080205389298 1.01930729066953 1.39739482593723 1.62898233928718 1.42872424260713 1.62916845967993 1.16400389210321 1.51875712140463 1.79762284038588 1.52174692321569 1.88486889074557 1.68175951810554 1.07559662032872 1.50269756116904 1.82261206069961 1.43501474661753 1.60800563334487 1.21680103847757 1.73415342415683 0 1.60503291524947 1.82317672250792 1.2424489047844 1.51104041165672
1.65856695873663 1.50210831477307 1.15767932799645 1.5281857973896 0.99511438398622 1.70047382381745 1.80170390428975 1.29786071972921 1.58723930735141 1.61418101075105 1.66717285919003 1.37218215176836 0.984155433252454 1.43541513010859 1.83482473273762 1.45209750765935 1.00253013917245 1.04988273466006 1.20660338317975 1.91933487076312 1.2138332631439 1.6271168217063 1.6884677244816 1.25259607098997 1.55251289554872 1.60503291524947 0 1.01289486372843 1.27512943651527 1.66707827756181
1.88596131652594 1.13707950804383 1.65017055766657 1.55944106914103 1.54579417523928 1.5811476202216 1.36205906351097 1.01111529697664 1.03022596193478 1.45214821188711 1.40027281572111 1.76936516212299 1.13204651605338 1.04416744527407 1.31666476838291 1.1378599468153 1.44122246815823 1.48632863350213 1.53772014495917 1.10849187523127 0.961809778818861 1.30845004855655 1.21150754741393 1.49940549489111 1.43612781888805 1.82317672250792 1.01289486372843 0 1.4907793791499 1.56450779107399
1.40312647563405 1.31050860555843 1.6727178581059 1.65905262390152 1.80958314961754 1.78039578930475 1.70391652500257 0.971686935285106 1.62340749124996 1.18987814499997 1.17999546858482 1.14892119960859 1.4597085674759 1.93417059001513 1.18773527233861 1.20136051019654 1.03325000125915 1.87621670681983 1.35470404475927 1.17483019130304 1.75051032332703 1.63346314406954 0.998804659117013 1.02181598963216 1.3379449842032 1.2424489047844 1.27512943651527 1.4907793791499 0 1.86703338799998
0.958329679910094 1.63179535535164 1.89687077794224 1.9153469116427 1.86583743290976 1.40196310728788 1.9128132215701 1.24672031519003 1.72192800510675 1.76966986362822 1.22164553939365 1.58010748401284 1.73376011801884 1.82373922271654 1.08554496755823 1.70035105803981 1.59723666100763 1.85912554501556 1.74063619109802 1.41964420443401 1.58642206084915 1.7785325224977 1.76266768411733 1.13015229208395 1.84744687192142 1.51104041165672 1.66707827756181 1.56450779107399 1.86703338799998 0
