0 1.52141147572547 1.72523227357306 1.49083550251089 1.73306636069901 1.24994663265534 1.65824167965911 1.74612382939085 1.46941826515831 1.78690732899122 1.76392456190661 1.86010136641562 1.32605029735714 1.42859341506846 1.29461051197723 1.60985738807358 1.07744447351433 0.98714992729947 1.42046295944601 1.07303232210688 1.25161818484776 0.987702571088448 1.7484633103013 1.03767737536691 1.03444028412923 1.66167655703612 1.80798929533921 1.71140193357132 1.76707011647522 1.63742097164504
1.52141147572547 0 1.12251428235322 1.33470964990556 1.3823372554034 1.43199068703689 1.07058092043735 1.42543908301741 1.41323380265385 1.034263381036 1.20103364880197 1.18213044665754 1.77142396220006 1.91528201848269 1.11089067673311 1.85459574428387 0.948419086635113 1.01295577804558 1.49492370849475 1.61943524191156 1.73169383429922 0.946651733713225 0.956894120434299 1.75101828482002 1.28756396495737 1.71983068878762 0.989376875106245 1.20626985700801 1.30159339611419 1.45885745645501
1.72523227357306 1.12251428235322 0 1.24010370788164 1.26600924623199 1.88300020433962 1.35781270172447 1.82962384517305 1.27850533369929 1.88553956872784 0.990391940111294 1.16719023953192 1.08267507702112 0.949548063101247 1.20763488858938 1.82125121494755 0.926881385967135 1.72512878407724 0.987890546442941 1.80562310246751 1.06067229458131 1.22614270914346 0.95188219868578 1.87658387375996 1.10336881573312 1.5775162524078 1.7997405375354 1.51895321556367 1.21359376842156 1.65672789677046
1.49083550251089 1.33470964990556 1.24010370788164 0 1.62452426669188 1.09260338358581 1.88938607298769 1.79304151027463 1.66730765555985 1.37358223553747 0.975282582221553 1.7288970882073 1.4261740797665 1.51330615067855 1.86227022134699 1.46780109312385 1.53692219289951 1.59907090221532 1.02334397751838 1.5573215954937 1.36893387744203 0.98104066378437 1.1053144109901 1.14490003162064 1.11101191001944 0.933494206750765 1.59963368601166 1.54234683071263 0.985685722669587 1.61039963085204
1.73306636069901 1.3823372554034 1.26600924623199 1.62452426669188 0 1.89008750556968 1.26206954498775 1.67013352341019 1.70921364589594 1.84806165564805 1.29044858925045 1.52891539502889 1.53901570546441 1.20162858255208 1.26551118236966 1.38344772043638 1.86004066769965 1.28427134011872 1.67910458659753 1.4839269737713 1.00657421490178 1.16029235348105 1.8099358715117 1.80991982994601 1.21430067811161 0.989133629482239 1.13561993930489 1.01123570092022 1.25012631621212 1.67668635235168
1.24994663265534 1.43199068703689 1.88300020433962 1.09260338358581 1.89008750556968 0 1.26673952490091 0.932998032309115 1.87427200819366 1.53555907006375 1.26104251202196 1.90699564665556 1.5627618317958 1.46066175051965 1.76501041278243 1.28089989279397 1.32640501111746 1.13839953718707 1.68004751997069 1.01749247522093 0.950486793648452 1.71381955966353 1.71344187716022 1.66349643864669 1.1630016930867 1.70484909182414 1.54936968814582 1.78285869886167 1.3433142863214 0.964002636726946
1.65824167965911 1.07058092043735 1.35781270172447 1.88938607298769 1.26206954498775 1.26673952490091 0 1.37771330913529 1.49852224718779 1.67953824787401 1.83896026504226 0.991992281517014 1.13268300704658 1.51530031161383 0.936472807079554 1.83029683772475 1.25870686676353 1.2591736947652 1.12178336479701 1.45861492445692 1.64868606580421 1.021336782258 1.56424259557389 1.41841526376083 1.79471714259125 1.31488364888355 1.60705111850984 1.04488524445333 1.83060655975714 1.35028310725465
1.74612382939085 1.42543908301741 1.82962384517305 1.79304151027463 1.67013352341019 0.932998032309115 1.37771330913529 0 1.84057252947241 1.7823980958201 1.62871745158918 1.8091491102241 0.920575801748782 1.46706834295765 1.24512762553059 0.965041130781174 1.5682126681786 1.90491036628373 1.02322666230612 1.83180376328528 1.348167384509 1.31559008127078 1.36476566200145 1.29366960306652 1.17639785236679 0.924326469190419 1.08794681518339 1.13370625884272 1.7842471266631 1.49453232926317
1.46941826515831 1.41323380265385 1.27850533369929 1.66730765555985 1.70921364589594 1.87427200819366 1.49852224718779 1.84057252947241 0 1.8649309463799 1.44324732292444 1.54239038610831 1.84051160048693 1.51131489267573 1.56521316198632 1.09650960378349 1.52222451753914 0.985138729214668 1.85109181748703 1.02831519208848 1.54391609830782 1.65555568016134 1.88360789348371 1.87047857418656 1.4072654065676 1.70904762810096 1.20469189505093 1.65817133733071 1.39968682732433 1.48018627963029
1.78690732899122 1.034263381036 1.88553956872784 1.37358223553747 1.84806165564805 1.53555907006375 1.67953824787401 1.7823980958201 1.8649309463799 0 1.87453524535522 1.29599905153736 1.28708255384117 0.954309490509331 1.21293833618984 1.41573701589368 1.64406846184283 1.64787350781262 0.968975604278967 1.72561282035895 1.80836059572175 1.25597881386057 0.933657370042056 1.5278821841348 1.16801469423808 1.53444900386967 1.12381762382574 0.987113008042797 1.46982893440872 0.934025106253102
1.76392456190661 1.20103364880197 0.990391940111294 0.975282582221553 1.29044858925045 1.26104251202196 1.83896026504226 1.62871745158918 1.44324732292444 1.87453524535522 0 1.42185797146522 1.36474621412344 1.60331131680869 1.29574759025127 1.79175556800328 1.05227808095515 1.15571196633391 1.42899859207682 1.69701065728441 1.87790362536907 1.85652225487866 1.35559826600365 0.9365961747244 1.61588944401592 1.25552247581072 0.990159206092358 1.65809679566883 1.10489364736713 1.40681446995586
1.86010136641562 1.18213044665754 1.16719023953192 1.7288970882073 1.52891539502889 1.90699564665556 0.991992281517014 1.8091491102241 1.54239038610831 1.29599905153736 1.42185797146522 0 1.77845221851021 0.973057817667723 1.2651626104489 1.64070305484347 1.68573358422145 1.39561119815335 1.70203606458381 1.42960950755514 1.85707351472229 0.997234029928222 0.925071728648618 1.8682513111271 1.90114601887763 1.40014457912184 1.00407304009423 1.19695496396162 1.65389620885253 1.6493854066357
1.32605029735714 1.77142396220006 1.08267507702112 1.4261740797665 1.53901570546441 1.5627618317958 1.13268300704658 0.920575801748782 1.84051160048693 1.28708255384117 1.36474621412344 1.77845221851021 0 1.68569246702828 1.70761061017402 1.81156335258856 1.09406034555286 1.08272506226785 1.37104232562706 1.22853990970179 1.81428077165037 1.625113962451 1.17467600409873 1.44769920711406 1.24795697815716 1.23838955443352 1.63851179042831 1.15670018643141 1.63993713911623 1.50698570022359
1.42859341506846 1.91528201848269 0.949548063101247 1.51330615067855 1.20162858255208 1.46066175051965 1.51530031161383 1.46706834295765 1.51131489267573 0.954309490509331 1.60331131680869 0.973057817667723 1.68569246702828 0 1.48509096447378 1.17744519072585 1.4765593749471 1.43789519206621 1.60798762924969 1.45604516426101 1.30620418302715 1.19949883338995 1.59911494236439 1.73245266498998 0.968443615594879 1.90494872652926 1.24373466754332 1.22166617307812 0.92577161360532 1.56113257282414
1.29461051197723 1.11089067673311 1.20763488858938 1.86227022134699 1.26551118236966 1.76501041278243 0.936472807079554 1.24512762553059 1.56521316198632 1.21293833618984 1.29574759025127 1.2651626104489 1.70761061017402 1.48509096447378 0 1.31527660274878 1.42137514706701 1.27378175919876 1.76389696146362 1.42090903269127 1.17464792146347 1.20475108153187 1.74367840006016 1.86694786488079 1.86526154261082 1.54092620685697 1.45099478540942 1.36971113155596 1.76310398406349 1.55485319253057
1.60985738807358 1.85459574428387 1.82125121494755 1.46780109312385 1.38344772043638 1.28089989279397 1.83029683772475 0.965041130781174 1.09650960378349 1.41573701589368 1.79175556800328 1.64070305484347 1.81156335258856 1.17744519072585 1.31527660274878 0 1.17183538898826 1.83437314722687 1.34215191518888 1.37928950949572 1.27688841894269 1.81065512890927 1.70571811962873 1.54051158763468 1.23615610483103 1.40160206216387 0.98898710613139 1.26414432888851 1.26746180234477 1.35233409446664
1.07744447351433 0.948419086635113 0.926881385967135 1.53692219289951 1.86004066769965 1.32640501111746 1.25870686676353 1.5682126681786 1.52222451753914 1.64406846184283 1.05227808095515 1.68573358422145 1.09406034555286 1.4765593749471 1.42137514706701 1.17183538898826 0 1.32959291036241 1.39965619449504 1.51495881564915 1.73356254887767 1.48455524258316 1.79306366550736 1.70912377210334 1.49574777623639 1.58601890364662 1.15867039747536 1.08924324507825 1.08132650563493 1.43558960594237
0.98714992729947 1.01295577804558 1.72512878407724 1.59907090221532 1.28427134011872 1.13839953718707 1.2591736947652 1.90491036628373 0.985138729214668 1.64787350781262 1.15571196633391 1.39561119815335 1.08272506226785 1.43789519206621 1.27378175919876 1.83437314722687 1.32959291036241 0 1.88736825832166 1.12799292174168 1.46626746538095 0.949949586065486 1.1934787533246 1.84638023911975 1.36419166089036 1.01286163297482 1.28343402012251 1.30028707697056 0.95504217967391 1.77844249689952
1.42046295944601 1.49492370849475 0.987890546442941 1.02334397751838 1.67910458659753 1.68004751997069 1.12178336479701 1.02322666230612 1.85109181748703 0.968975604278967 1.42899859207682 1.70203606458381 1.37104232562706 1.60798762924969 1.76389696146362 1.34215191518888 1.39965619449504 1.88736825832166 0 0.948154770070687 1.72754224017262 1.19741423660889 1.71119241672568 0.938836307264864 1.15790895652026 1.75795906805433 1.79504511924461 1.77425878541544 1.7485033411067 1.52204143116251
1.07303232210688 1.61943524191156 1.80562310246751 1.5573215954937 1.4839269737713 1.01749247522093 1.45861492445692 1.83180376328528 1.02831519208848 1.72561282035895 1.69701065728441 1.42960950755514 1.22853990970179 1.45604516426101 1.42090903269127 1.37928950949572 1.51495881564915 1.12799292174168 0.948154770070687 0 1.17223646841012 1.16479886532761 0.93154538422823 1.66520313057117 1.50362611585297 1.83249361114576 1.89588292129338 1.18905308609828 1.03838671604171 1.66078110435046
1.25161818484776 1.73169383429922 1.06067229458131 1.36893387744203 1.00657421490178 0.950486793648452 1.64868606580421 1.348167384509 1.54391609830782 1.80836059572175 1.87790362536907 1.85707351472229 1.81428077165037 1.30620418302715 1.17464792146347 1.27688841894269 1.73356254887767 1.46626746538095 1.72754224017262 1.17223646841012 0 1.54681729106233 1.41763306013308 1.46419422212057 1.81155739817768 1.66841978393495 1.47214798606001 1.61481024534442 1.03798622707836 1.45864513493143
0.987702571088448 0.946651733713225 1.22614270914346 0.98104066378437 1.16029235348105 1.71381955966353 1.021336782258 1.31559008127078 1.65555568016134 1.25597881386057 1.85652225487866 0.997234029928222 1.625113962451 1.19949883338995 1.20475108153187 1.81065512890927 1.48455524258316 0.949949586065486 1.19741423660889 1.16479886532761 1.54681729106233 0 0.926325208041817 1.78650928079151 1.34820674755611 1.18980671954341 1.62586383614689 1.77512205136009 1.90126104000956 0.933809918584302
1.7484633103013 0.956894120434299 0.95188219868578 1.1053144109901 1.8099358715117 1.71344187716022 1.56424259557389 1.36476566200145 1.88360789348371 0.933657370042056 1.35559826600365 0.925071728648618 1.17467600409873 1.59911494236439 1.74367840006016 1.70571811962873 1.79306366550736 1.1934787533246 1.71119241672568 0.93154538422823 1.41763306013308 0.926325208041817 0 1.1800991166383 1.75245076417923 1.29352143220603 1.44923746865243 1.7497435468249 1.60797642706893 1.18707265146077
1.03767737536691 1.75101828482002 1.87658387375996 1.14490003162064 1.80991982994601 1.66349643864669 1.41841526376083 1.29366960306652 1.87047857418656 1.5278821841348 0.9365961747244 1.8682513111271 1.44769920711406 1.73245266498998 1.86694786488079 1.54051158763468 1.70912377210334 1.84638023911975 0.938836307264864 1.66520313057117 1.46419422212057 1.78650928079151 1.1800991166383 0 1.57344867102802 1.79018610413186 0.979309174697846 0.958578864112496 1.91148382565007 1.53137570945546
1.03444028412923 1.28756396495737 1.10336881573312 1.11101191001944 1.21430067811161 1.1630016930867 1.79471714259125 1.17639785236679 1.4072654065676 1.16801469423808 1.61588944401592 1.90114601887763 1.24795697815716 0.968443615594879 1.86526154261082 1.23615610483103 1.49574777623639 1.36419166089036 1.15790895652026 1.50362611585297 1.81155739817768 1.34820674755611 1.75245076417923 1.57344867102802 0 1.11503378953785 1.22237526928075 1.49414347298443 1.18852974544279 1.31926570576616
1.66167655703612 1.71983068878762 1.5775162524078 0.933494206750765 0.989133629482239 1.70484909182414 1.31488364888355 0.924326469190419 1.70904762810096 1.53444900386967 1.25552247581072 1.40014457912184 1.23838955443352 1.90494872652926 1.54092620685697 1.40160206216387 1.58601890364662 1.01286163297482 1.75795906805433 1.83249361114576 1.66841978393495 1.18980671954341 1.29352143220603 1.79018610413186 1.11503378953785 0 1.86950713326223 1.02218189765699 1.77181618730538 1.44250746048056
1.80798929533921 0.989376875106245 1.7997405375354 1.59963368601166 1.13561993930489 1.54936968814582 1.60705111850984 1.08794681518339 1.20469189505093 1.12381762382574 0.990159206092358 1.00407304009423 1.63851179042831 1.24373466754332 1.45099478540942 0.98898710613139 1.15867039747536 1.28343402012251 1.79504511924461 1.89588292129338 1.47214798606001 1.62586383614689 1.44923746865243 0.979309174697846 1.22237526928075 1.86950713326223 0 0.91972441971302 1.10190965048969 1.3919436626602
1.71140193357132 1.20626985700801 1.51895321556367 1.54234683071263 1.01123570092022 1.78285869886167 1.04488524445333 1.13370625884272 1.65817133733071 0.987113008042797 1.65809679566883 1.19695496396162 1.15670018643141 1.22166617307812 1.36971113155596 1.26414432888851 1.08924324507825 1.30028707697056 1.77425878541544 1.18905308609828 1.61481024534442 1.77512205136009 1.7497435468249 0.958578864112496 1.49414347298443 1.02218189765699 0.91972441971302 0 1.25063942628913 1.34684187732637
1.76707011647522 1.30159339611419 1.21359376842156 0.985685722669587 1.25012631621212 1.3433142863214 1.83060655975714 1.7842471266631 1.39968682732433 1.46982893440872 1.10489364736713 1.65389620885253 1.63993713911623 0.92577161360532 1.76310398406349 1.26746180234477 1.08132650563493 0.95504217967391 1.7485033411067 1.03838671604171 1.03798622707836 1.90126104000956 1.60797642706893 1.91148382565007 1.18852974544279 1.77181618730538 1.10190965048969 1.25063942628913 0 1.41279371990822
1.63742097164504 1.45885745645501 1.65672789677046 1.61039963085204 1.67668635235168 0.964002636726946 1.35028310725465 1.49453232926317 1.48018627963029 0.934025106253102 1.40681446995586 1.6493854066357 1.50698570022359 1.56113257282414 1.55485319253057 1.35233409446664 1.43558960594237 1.77844249689952 1.52204143116251 1.66078110435046 1.45864513493143 0.933809918584302 1.18707265146077 1.53137570945546 1.31926570576616 1.44250746048056 1.3919436626602 1.34684187732637 1.41279371990822 0
