0 1.83981684688479 1.39529408025555 1.92301641288213 1.95069680712186 1.34949866798706 1.19502972345799 1.72059325384907 1.84610099787824 1.15695500234142 1.14948317664675 1.92113693826832 1.74222607957199 1.57646634313278 1.41767032397911 1.87759113078937 1.64716298738495 1.75273635145277 1.77458180650137 1.91019990807399 1.2790068059694 1.34720590547659 1.60986382514238 1.20379002904519 1.81563749746419 1.44240759219974 1.88598583359271 0.989906998816878 0.975653893314302 1.63979964936152
1.83981684688479 0 1.01895197900012 1.39210355700925 1.72219487093389 1.78355912398547 1.63519354606979 1.21261344966479 1.09700133954175 1.29408510867506 1.50782240112312 1.20226533105597 1.50322424201295 1.69946520379744 1.64433802780695 1.50809839973226 0.98728916188702 1.3683735516388 1.10646082134917 1.77486690692604 1.33914087549783 1.09459196939133 1.63717918354087 1.29395434213802 1.16855295677669 1.96817906596698 1.67896948708221 1.47704707295634 1.27660650853068 1.91553528886288
1.39529408025555 1.01895197900012 0 1.25889922096394 1.80085014901124 1.23247829941101 1.43986674188636 1.48285057791509 0.997577606001869 1.34120059735142 1.3189913420938 1.91770814871415 1.09227159363218 1.79647834203206 1.91344183147885 1.77590670320205 1.89418241335079 1.59648632141761 1.0084793525748 1.09054608247243 1.62747790571302 1.82624488091096 1.55296180956066 1.22923998814076 1.73292187973857 1.57229788438417 1.82684591482393 1.01885086507536 1.33143612369895 1.50144779821858
1.92301641288213 1.39210355700925 1.25889922096394 0 1.27240425767377 1.65835912642069 1.3418386047706 0.972307642223313 1.79786694794893 1.5098517939914 1.15968421846628 1.73563941312023 1.08929519285448 1.25058546708897 1.92781782126985 1.31159990956075 1.48125962587073 1.00456944154575 0.980364852119237 1.27282796800137 1.77991059585474 1.19244787958451 1.77539056842215 1.24401898914948 1.74145939410664 1.43227108474821 1.26991653861478 1.34139377693646 1.44833397306502 1.63749951473437
1.95069680712186 1.72219487093389 1.80085014901124 1.27240425767377 0 1.76745054707862 1.53307998832315 1.41344051458873 1.89762876788154 1.57007448584773 1.92487735045142 1.8397955216933 1.79295536829159 1.36136397789232 1.11741311848164 1.01025428436697 1.54971646424383 1.0807794155553 1.50463876547292 1.92487004538998 1.74324233829975 1.04682690091431 1.66373678506352 1.76168364356272 0.997377554653212 1.46658388758078 1.27113061421551 1.03678864007816 1.03393169841729 1.29876056266949
1.34949866798706 1.78355912398547 1.23247829941101 1.65835912642069 1.76745054707862 0 1.87341622821987 1.83138532144949 1.80744548188522 1.37663064571097 1.9115841917228 1.09438375546597 1.05322826607153 1.81322843837552 1.30519085633568 1.0723795176018 1.53197262226604 1.26090470142663 1.11890186718665 1.1899474572856 1.53655287274159 1.34294139151461 1.93788351886906 1.05007254448719 1.86358211911283 1.90067796362564 1.36527881235816 1.3869477501139 1.89540872070938 1.2096677548252
1.19502972345799 1.63519354606979 1.43986674188636 1.3418386047706 1.53307998832315 1.87341622821987 0 1.86179005214944 1.93276656488888 1.92937930161133 1.63960610190406 1.37196107441559 1.17905658134259 1.96463335165754 1.47916347184218 1.78163340128958 1.27833750657737 1.78234091983177 1.52464809035882 1.37482585548423 1.49642025795765 1.8892818337772 1.2667409426067 1.80807125219144 1.25316754309461 1.1567421189975 1.78124324022792 1.1507251248695 1.6899462165311 1.30703740124591
1.72059325384907 1.21261344966479 1.48285057791509 0.972307642223313 1.41344051458873 1.83138532144949 1.86179005214944 0 1.32969860499725 1.80120512773283 1.12925441539846 1.30332495947368 1.71757166343741 1.19703146442771 1.39777825307101 1.09725026623346 1.12780694803223 1.05030917399563 1.00329748494551 1.96034549595788 0.978081581182778 1.57552795205265 1.00723491888493 1.6999197693076 1.87388513586484 1.54039315576665 1.2353443687316 1.72646242985502 1.04166984884068 1.67115742573515
1.84610099787824 1.09700133954175 0.997577606001869 1.79786694794893 1.89762876788154 1.80744548188522 1.93276656488888 1.32969860499725 0 1.64316232153215 1.92159940698184 1.73043512227014 1.05635850760154 1.88657361501828 1.8210545447655 0.999275387730449 1.75074034347199 1.58943223045208 1.79404906439595 1.93387173395604 1.39463148848154 1.80212310166098 0.994064989732578 1.58829217404127 1.17052324372344 1.383230534615 1.1274107915815 1.67944181268103 1.23086227755994 1.49424578179605
1.15695500234142 1.29408510867506 1.34120059735142 1.5098517939914 1.57007448584773 1.37663064571097 1.92937930161133 1.80120512773283 1.64316232153215 0 1.02405524905771 1.85997542180121 1.68275089561939 1.49186504725367 0.991920838132501 1.52903107949533 1.15818187664263 1.11330572096631 1.67517513548955 1.1539375197608 1.73259858158417 1.61957493470982 1.83794465777464 1.29969757143408 1.63928645290434 1.81197548424825 1.76511616935022 1.02670819335617 1.41554826381616 1.34266864648089
1.14948317664675 1.50782240112312 1.3189913420938 1.15968421846628 1.92487735045142 1.9115841917228 1.63960610190406 1.12925441539846 1.92159940698184 1.02405524905771 0 1.07314906944521 1.83242270513438 1.75995923602022 1.58863246557303 1.80039663449861 1.43083861167543 1.68859612219967 1.61255722539499 1.18614114099182 1.41763181239367 1.43443487631157 1.86138667352498 1.47029590117745 1.94079154916108 1.09543041652068 1.24444157024845 1.25991373509169 1.44093676586635 1.9151767892763
1.92113693826832 1.20226533105597 1.91770814871415 1.73563941312023 1.8397955216933 1.09438375546597 1.37196107441559 1.30332495947368 1.73043512227014 1.85997542180121 1.07314906944521 0 1.91398082743399 1.22664619237185 0.987978552933782 1.44031436112709 1.00341709447093 1.59202366275713 1.40362985990942 1.17515117838047 1.55540205072612 1.72790138842538 1.5100344165694 1.0272372639738 1.61462571052834 1.38681057654321 1.29213716438971 1.40098343440332 1.67226699762978 1.79601396271028
1.74222607957199 1.50322424201295 1.09227159363218 1.08929519285448 1.79295536829159 1.05322826607153 1.17905658134259 1.71757166343741 1.05635850760154 1.68275089561939 1.83242270513438 1.91398082743399 0 1.4873817092739 1.96093096467666 1.10489168972708 1.3553436906077 1.67693560058251 1.65213927230798 1.30446447199211 1.71120401821099 1.1793760068249 1.96124162967317 1.42797481291927 1.02565155364573 1.40230309171602 1.4132297351025 1.69735469366424 1.93665030156262 1.72315810923465
1.57646634313278 1.69946520379744 1.79647834203206 1.25058546708897 1.36136397789232 1.81322843837552 1.96463335165754 1.19703146442771 1.88657361501828 1.49186504725367 1.75995923602022 1.22664619237185 1.4873817092739 0 1.56148598855361 1.44536230061203 1.38399247103371 1.56916873133741 1.77716089761816 1.43192733870819 1.52635327214375 1.30089344340377 1.70606216508895 1.13251143041998 1.80801709415391 1.04145898553543 1.64630084554665 1.1776276291348 1.87511304323561 1.55620223819278
1.41767032397911 1.64433802780695 1.91344183147885 1.92781782126985 1.11741311848164 1.30519085633568 1.47916347184218 1.39777825307101 1.8210545447655 0.991920838132501 1.58863246557303 0.987978552933782 1.96093096467666 1.56148598855361 0 1.92786765960045 1.03094440535642 1.28860446577892 1.91421997523867 1.83171027037315 1.84448481397703 1.9437397820875 1.83043455518782 1.08565275534056 1.57226175256073 1.66159042925574 1.48566170432605 1.58785545569845 1.14246466360055 1.06022361875512
1.87759113078937 1.50809839973226 1.77590670320205 1.31159990956075 1.01025428436697 1.0723795176018 1.78163340128958 1.09725026623346 0.999275387730449 1.52903107949533 1.80039663449861 1.44031436112709 1.10489168972708 1.44536230061203 1.92786765960045 0 1.6889122785069 1.27809858741239 1.56551250186749 1.417634726502 1.89685153285973 1.30368757992983 1.83390847709961 1.53946568001993 1.16896191239357 1.7557172535453 1.55230403062887 1.19960225676186 1.48730432381853 1.60581585066393
1.64716298738495 0.98728916188702 1.89418241335079 1.48125962587073 1.54971646424383 1.53197262226604 1.27833750657737 1.12780694803223 1.75074034347199 1.15818187664263 1.43083861167543 1.00341709447093 1.3553436906077 1.38399247103371 1.03094440535642 1.6889122785069 0 1.24814763967879 1.3353133299388 1.52661749022081 1.81059970171191 1.80042875232175 1.77396678854711 1.94675354473293 1.63674173038453 1.51056712074205 1.01680969633162 1.56061541382223 1.96154414233752 1.50764002022333
1.75273635145277 1.3683735516388 1.59648632141761 1.00456944154575 1.0807794155553 1.26090470142663 1.78234091983177 1.05030917399563 1.58943223045208 1.11330572096631 1.68859612219967 1.59202366275713 1.67693560058251 1.56916873133741 1.28860446577892 1.27809858741239 1.24814763967879 0 1.70226851361804 1.17982160183601 1.28414108185098 1.60379709932022 1.38626144151203 1.59879195527174 1.73006205703132 1.76189307053573 1.33848126209341 1.88821212342009 1.96623794012703 1.29995852103457
1.77458180650137 1.10646082134917 1.0084793525748 0.980364852119237 1.50463876547292 1.11890186718665 1.52464809035882 1.00329748494551 1.79404906439595 1.67517513548955 1.61255722539499 1.40362985990942 1.65213927230798 1.77716089761816 1.91421997523867 1.56551250186749 1.3353133299388 1.70226851361804 0 1.20025290781632 1.36028751567937 1.68545142700896 1.07852671435103 1.5784823698923 1.92519945115782 1.81032882025465 1.2367646980565 1.55070585408248 1.59769381745718 1.9198958419729
1.91019990807399 1.77486690692604 1.09054608247243 1.27282796800137 1.92487004538998 1.1899474572856 1.37482585548423 1.96034549595788 1.93387173395604 1.1539375197608 1.18614114099182 1.17515117838047 1.30446447199211 1.43192733870819 1.83171027037315 1.417634726502 1.52661749022081 1.17982160183601 1.20025290781632 0 1.21546933916397 1.70986756193452 1.93724662344903 1.32727027824149 1.05596379516646 1.63785383547656 1.65505109378137 1.94706075778231 1.4955493430607 1.18247144017369
1.2790068059694 1.33914087549783 1.62747790571302 1.77991059585474 1.74324233829975 1.53655287274159 1.49642025795765 0.978081581182778 1.39463148848154 1.73259858158417 1.41763181239367 1.55540205072612 1.71120401821099 1.52635327214375 1.84448481397703 1.89685153285973 1.81059970171191 1.28414108185098 1.36028751567937 1.21546933916397 0 1.37670535733923 1.62268928159028 1.50103037268855 1.19170861691236 1.83541849581525 1.04455116484314 1.00593790551648 1.9063794023823 1.09333988116123
1.34720590547659 1.09459196939133 1.82624488091096 1.19244787958451 1.04682690091431 1.34294139151461 1.8892818337772 1.57552795205265 1.80212310166098 1.61957493470982 1.43443487631157 1.72790138842538 1.1793760068249 1.30089344340377 1.9437397820875 1.30368757992983 1.80042875232175 1.60379709932022 1.68545142700896 1.70986756193452 1.37670535733923 0 1.14104236173443 1.14600794669241 1.58022425789386 1.21201230608858 1.71898893197067 1.36010147351772 1.5689234638121 1.63758002058603
1.60986382514238 1.63717918354087 1.55296180956066 1.77539056842215 1.66373678506352 1.93788351886906 1.2667409426067 1.00723491888493 0.994064989732578 1.83794465777464 1.86138667352498 1.5100344165694 1.96124162967317 1.70606216508895 1.83043455518782 1.83390847709961 1.77396678854711 1.38626144151203 1.07852671435103 1.93724662344903 1.62268928159028 1.14104236173443 0 1.35256874840707 1.88786923582666 1.6814698332455 1.33047336060554 1.14316743891686 1.38516936847009 1.75440142140724
1.20379002904519 1.29395434213802 1.22923998814076 1.24401898914948 1.76168364356272 1.05007254448719 1.80807125219144 1.6999197693076 1.58829217404127 1.29969757143408 1.47029590117745 1.0272372639738 1.42797481291927 1.13251143041998 1.08565275534056 1.53946568001993 1.94675354473293 1.59879195527174 1.5784823698923 1.32727027824149 1.50103037268855 1.14600794669241 1.35256874840707 0 1.03130048257299 1.72602137899958 1.37196603091434 1.19919758033939 1.57801773585379 1.74349149689078
1.81563749746419 1.16855295677669 1.73292187973857 1.74145939410664 0.997377554653212 1.86358211911283 1.25316754309461 1.87388513586484 1.17052324372344 1.63928645290434 1.94079154916108 1.61462571052834 1.02565155364573 1.80801709415391 1.57226175256073 1.16896191239357 1.63674173038453 1.73006205703132 1.92519945115782 1.05596379516646 1.19170861691236 1.58022425789386 1.88786923582666 1.03130048257299 0 1.38995382189751 1.30867696157657 0.985663637518883 1.60449184593745 1.49115514173172
1.44240759219974 1.96817906596698 1.57229788438417 1.43227108474821 1.46658388758078 1.90067796362564 1.1567421189975 1.54039315576665 1.383230534615 1.81197548424825 1.09543041652068 1.38681057654321 1.40230309171602 1.04145898553543 1.66159042925574 1.7557172535453 1.51056712074205 1.76189307053573 1.81032882025465 1.63785383547656 1.83541849581525 1.21201230608858 1.6814698332455 1.72602137899958 1.38995382189751 0 1.13357241591439 0.980552766937762 1.20565630681813 1.67289624363184
1.88598583359271 1.67896948708221 1.82684591482393 1.26991653861478 1.27113061421551 1.36527881235816 1.78124324022792 1.2353443687316 1.1274107915815 1.76511616935022 1.24444157024845 1.29213716438971 1.4132297351025 1.64630084554665 1.48566170432605 1.55230403062887 1.01680969633162 1.33848126209341 1.2367646980565 1.65505109378137 1.04455116484314 1.71898893197067 1.33047336060554 1.37196603091434 1.30867696157657 1.13357241591439 0 1.95119247003458 1.0891087197233 1.88366551906802
0.989906998816878 1.47704707295634 1.01885086507536 1.34139377693646 1.03678864007816 1.3869477501139 1.1507251248695 1.72646242985502 1.67944181268103 1.02670819335617 1.25991373509169 1.40098343440332 1.69735469366424 1.1776276291348 1.58785545569845 1.19960225676186 1.56061541382223 1.88821212342009 1.55070585408248 1.94706075778231 1.00593790551648 1.36010147351772 1.14316743891686 1.19919758033939 0.985663637518883 0.980552766937762 1.95119247003458 0 1.96556089213118 1.34579361765645
0.975653893314302 1.27660650853068 1.33143612369895 1.44833397306502 1.03393169841729 1.89540872070938 1.6899462165311 1.04166984884068 1.23086227755994 1.41554826381616 1.44093676586635 1.67226699762978 1.93665030156262 1.87511304323561 1.14246466360055 1.48730432381853 1.96154414233752 1.96623794012703 1.59769381745718 1.4955493430607 1.9063794023823 1.5689234638121 1.38516936847009 1.57801773585379 1.60449184593745 1.20565630681813 1.0891087197233 1.96556089213118 0 1.8405963499099
1.63979964936152 1.91553528886288 1.50144779821858 1.63749951473437 1.29876056266949 1.2096677548252 1.30703740124591 1.67115742573515 1.49424578179605 1.34266864648089 1.9151767892763 1.79601396271028 1.72315810923465 1.55620223819278 1.06022361875512 1.60581585066393 1.50764002022333 1.29995852103457 1.9198958419729 1.18247144017369 1.09333988116123 1.63758002058603 1.75440142140724 1.74349149689078 1.49115514173172 1.67289624363184 1.88366551906802 1.34579361765645 1.8405963499099 0
