0 1.27841528807767 1.13230080786161 1.93181249150075 0.999502511695027 1.59195087384433 1.43735737237148 1.74867030396126 1.84123354568146 1.89295641286299 1.02963433600962 1.77584208967164 1.47372540063225 1.38014836213551 1.26916300435551 1.3125306260772 1.76649978780188 1.01942603592761 1.3570030736737 1.56536113051698 1.43180188187398 1.66734452196397 1.4649344321806 1.80904826195911 1.61170458933339 1.67926660669036 1.81000558938831 1.04116857517511 1.7276077575516 0.94725332246162
1.27841528807767 0 1.63341528968886 1.1461158178281 1.56832440942526 1.3814452602528 1.75636631855741 1.65502414503135 1.39961477951147 1.25501813087612 1.87712286110036 1.005861149868 1.25285782874562 1.89395951409824 1.0677021224983 1.53430651989765 1.1324403998442 1.39203401096165 1.33572811167687 1.71561533305794 1.00275598396547 1.52948425826617 1.82151702046394 1.68617496150546 1.20114026055671 1.57163063110784 1.72778172628023 1.51148929074407 0.993807496037334 1.07014902518131
1.13230080786161 1.63341528968886 0 1.93335631908849 1.89126979396679 1.46647032839246 1.63023573206738 1.24058350035921 1.40951283182949 1.79768573958427 1.81648725783452 1.25001049693674 1.30184102011845 0.998124731471762 1.19139669439755 1.85606232937425 1.04791098623537 1.39151077298447 1.89844676433131 1.23039141786285 1.69979480537586 1.48495192732662 1.81410257914104 1.02834862144664 1.13460078253411 1.46988871041685 1.17334271105938 1.11284383456223 1.00600446038879 1.56564371124841
1.93181249150075 1.1461158178281 1.93335631908849 0 1.83596090902574 0.958218812011182 1.00374795030802 1.46741156233475 1.71828154311515 1.92639293777756 1.45011987886392 1.76959555619396 1.61570820631459 1.32645076420158 1.56976096099243 1.67232465185225 1.13329670019448 1.15036471141502 1.48635953152552 1.90262037352659 1.04826725483872 1.09840449807234 1.36838136659935 1.13192239194177 1.88026698981412 1.5312603735365 0.966300163883716 1.52300595422275 1.22720553586259 1.41926621226594
0.999502511695027 1.56832440942526 1.89126979396679 1.83596090902574 0 1.61611490533687 1.87915941188112 1.15088827954605 1.5394254589919 1.01759473700076 1.86353503214195 1.01821976783685 1.52241369499825 1.08154317829758 1.89427988114767 1.1758941821754 1.59423419320956 1.69231589371338 1.48118947818875 1.27334207925014 1.79862599819899 1.4027867433615 1.05340460222214 1.05052186897956 1.2013362806756 1.62296855589375 1.55030423123389 1.76240596803837 1.24091629567556 1.79656346421689
1.59195087384433 1.3814452602528 1.46647032839246 0.958218812011182 1.61611490533687 0 0.982290226267651 1.48883348843083 1.11303346557543 1.65267311828211 1.6437863826286 1.19179206131957 1.32735618483275 1.1273782113567 1.89802719443105 1.41276572854258 1.07077127252705 1.12571279122494 1.93800337635912 1.667911906261 1.44177023298107 1.09984482591972 1.44865620089695 0.95396670489572 1.89805869059637 1.19249442103319 1.51959069259465 1.62615814665332 1.53323245421052 1.00131357577629
1.43735737237148 1.75636631855741 1.63023573206738 1.00374795030802 1.87915941188112 0.982290226267651 0 1.8005586809013 1.1901399011258 1.47955467156135 1.30965244676918 1.89081563428044 1.79168402100913 1.74554789345711 1.86978570790961 1.29356892732903 1.47424365649931 1.17443437688053 1.50907909427769 0.949306742055342 1.1382248911541 1.07723241136409 1.84784056805074 1.2924961138051 1.53691283683293 1.13390745641664 1.90122305648401 0.96626933477819 1.54847605782561 1.09193206508644
1.74867030396126 1.65502414503135 1.24058350035921 1.46741156233475 1.15088827954605 1.48883348843083 1.8005586809013 0 1.65771031263284 1.30747036449611 1.14684802200645 1.37335823010653 1.84832165925764 1.45369352120906 0.983044562628493 1.01703093573451 1.57234481628984 1.36014075065032 1.86660907417536 1.9167977666948 1.08022951264866 1.91936473641545 1.57469585095532 0.957908677868545 1.72965220105834 1.35703030694276 1.17405846249312 1.4009761409834 1.05901678418741 1.57301572780125
1.84123354568146 1.39961477951147 1.40951283182949 1.71828154311515 1.5394254589919 1.11303346557543 1.1901399011258 1.65771031263284 0 1.23713732766919 1.114161307225 1.10430447245017 1.87628733180463 1.62110313493758 1.4118173897732 1.73150459094904 1.79220308526419 1.17043273732997 0.950037746923044 1.3663828431163 0.998357051284984 1.19706831825897 1.07971223630011 1.87638408085331 1.57455223589204 0.999879571376368 1.73722280678339 1.36640078760684 1.53660073806532 1.40065977512859
1.89295641286299 1.25501813087612 1.79768573958427 1.92639293777756 1.01759473700076 1.65267311828211 1.47955467156135 1.30747036449611 1.23713732766919 0 1.05493774241768 1.08379249740392 1.37869965611026 1.21244065719657 1.37426590221003 0.997606442077085 1.37116560153663 1.04330748389475 1.71460369299166 1.85030631767586 1.51038736756891 1.9271919101011 1.13578572520055 1.17866524402052 1.83895186986774 1.21747061144561 1.84570809453726 1.81724588619545 1.27451895154081 1.73830846999772
1.02963433600962 1.87712286110036 1.81648725783452 1.45011987886392 1.86353503214195 1.6437863826286 1.30965244676918 1.14684802200645 1.114161307225 1.05493774241768 0 1.43733648443595 1.37861915561371 0.945175521541387 1.36945267254487 1.06228648824617 1.75213128188625 1.70255133556202 1.32825528853573 1.80553017952479 1.18067547609098 0.949187587015331 1.57581276586279 1.62199189537205 1.35792818502523 0.988470763666555 1.41453821328469 1.68426336697303 1.91440385021269 1.00541437021457
1.77584208967164 1.005861149868 1.25001049693674 1.76959555619396 1.01821976783685 1.19179206131957 1.89081563428044 1.37335823010653 1.10430447245017 1.08379249740392 1.43733648443595 0 1.84244903409854 1.90157802961767 1.49802748369984 1.27407219493762 1.46081962413155 1.28725573327392 0.976390703814104 1.44474200042896 1.03876672289334 1.48930834792554 1.34811516501941 1.93141482630745 1.77884808205999 0.949510806240141 1.35632268036716 1.07890964834951 1.78741055657156 1.36932041170076
1.47372540063225 1.25285782874562 1.30184102011845 1.61570820631459 1.52241369499825 1.32735618483275 1.79168402100913 1.84832165925764 1.87628733180463 1.37869965611026 1.37861915561371 1.84244903409854 0 1.15398640674539 1.85741459648125 1.06427756883204 1.40079255984165 1.67166903940961 1.57571069081314 1.23152904282324 1.64673565514386 1.781615027925 1.1617599981837 0.985117304604501 1.36832182737999 1.57445750874467 1.90729693579488 1.80151710077189 1.52554614190012 1.47151132114232
1.38014836213551 1.89395951409824 0.998124731471762 1.32645076420158 1.08154317829758 1.1273782113567 1.74554789345711 1.45369352120906 1.62110313493758 1.21244065719657 0.945175521541387 1.90157802961767 1.15398640674539 0 1.59327222732827 1.36850190348923 1.34752411395311 1.11579280230217 1.17394748399965 1.58514374960214 1.88812119164504 1.10672388994135 1.35629776166752 1.52446349547245 1.40827785478905 1.06659082649276 1.59921028302051 1.55123761668801 0.969228328671306 1.58770873094909
1.26916300435551 1.0677021224983 1.19139669439755 1.56976096099243 1.89427988114767 1.89802719443105 1.86978570790961 0.983044562628493 1.4118173897732 1.37426590221003 1.36945267254487 1.49802748369984 1.85741459648125 1.59327222732827 0 1.34350464073941 1.93330879532732 1.27004902088083 1.34860423905775 1.93810384301469 1.70266696368344 1.28382185380906 0.943574054166675 1.33883282728493 1.1167169699911 1.5801517018117 1.68297789338976 1.4277299749665 1.34966774471104 0.951691755792126
1.3125306260772 1.53430651989765 1.85606232937425 1.67232465185225 1.1758941821754 1.41276572854258 1.29356892732903 1.01703093573451 1.73150459094904 0.997606442077085 1.06228648824617 1.27407219493762 1.06427756883204 1.36850190348923 1.34350464073941 0 1.27307653147727 1.26406146795489 1.52014184370637 1.5774240787141 1.24319415725768 1.02729685441591 1.15557860722765 1.77296336693689 1.11596222384833 1.86621207883582 1.33556641219184 1.42815682501532 1.83541024359874 0.992273012408987
1.76649978780188 1.1324403998442 1.04791098623537 1.13329670019448 1.59423419320956 1.07077127252705 1.47424365649931 1.57234481628984 1.79220308526419 1.37116560153663 1.75213128188625 1.46081962413155 1.40079255984165 1.34752411395311 1.93330879532732 1.27307653147727 0 1.53765388019383 1.5653119913768 1.71369635290466 1.15482709975913 1.39726484916173 1.52457110141404 1.74203043407761 1.07818839862011 1.91696653934196 1.84151507960632 1.10545335733332 1.14116980717517 1.5252171556931
1.01942603592761 1.39203401096165 1.39151077298447 1.15036471141502 1.69231589371338 1.12571279122494 1.17443437688053 1.36014075065032 1.17043273732997 1.04330748389475 1.70255133556202 1.28725573327392 1.67166903940961 1.11579280230217 1.27004902088083 1.26406146795489 1.53765388019383 0 0.945992350811139 1.60776071529835 1.42212218558416 1.60089287906885 1.59506333246827 1.4857809280511 0.994528874056414 1.49959022272378 1.56105397036299 1.06828580843285 1.14820596389472 1.00522972922772
1.3570030736737 1.33572811167687 1.89844676433131 1.48635953152552 1.48118947818875 1.93800337635912 1.50907909427769 1.86660907417536 0.950037746923044 1.71460369299166 1.32825528853573 0.976390703814104 1.57571069081314 1.17394748399965 1.34860423905775 1.52014184370637 1.5653119913768 0.945992350811139 0 1.19283911725506 1.88556799991056 1.11559823225252 1.81192928366363 1.91836720216088 1.65782865672372 1.1221688434016 1.60352638014592 1.36013711802661 0.985731670865789 1.04392241756432
1.56536113051698 1.71561533305794 1.23039141786285 1.90262037352659 1.27334207925014 1.667911906261 0.949306742055342 1.9167977666948 1.3663828431163 1.85030631767586 1.80553017952479 1.44474200042896 1.23152904282324 1.58514374960214 1.93810384301469 1.5774240787141 1.71369635290466 1.60776071529835 1.19283911725506 0 1.52161754807457 1.63805066561326 1.85335996607319 1.35679976968095 1.64895103103481 1.12920501013286 1.07683127466589 1.71114094671793 1.07678856980056 1.01903469744138
1.43180188187398 1.00275598396547 1.69979480537586 1.04826725483872 1.79862599819899 1.44177023298107 1.1382248911541 1.08022951264866 0.998357051284984 1.51038736756891 1.18067547609098 1.03876672289334 1.64673565514386 1.88812119164504 1.70266696368344 1.24319415725768 1.15482709975913 1.42212218558416 1.88556799991056 1.52161754807457 0 1.10833011916839 1.2936143532861 1.61156557337381 1.50387317105196 1.59370976104401 1.23192586586811 1.27294996147975 1.60454494087026 1.46296312240884
1.66734452196397 1.52948425826617 1.48495192732662 1.09840449807234 1.4027867433615 1.09984482591972 1.07723241136409 1.91936473641545 1.19706831825897 1.9271919101011 0.949187587015331 1.48930834792554 1.781615027925 1.10672388994135 1.28382185380906 1.02729685441591 1.39726484916173 1.60089287906885 1.11559823225252 1.63805066561326 1.10833011916839 0 1.5586166207213 1.49849389959127 1.49344149511307 1.90722998208366 1.79699161066674 1.82786356261931 1.67539226310328 1.36121500097215
1.4649344321806 1.82151702046394 1.81410257914104 1.36838136659935 1.05340460222214 1.44865620089695 1.84784056805074 1.57469585095532 1.07971223630011 1.13578572520055 1.57581276586279 1.34811516501941 1.1617599981837 1.35629776166752 0.943574054166675 1.15557860722765 1.52457110141404 1.59506333246827 1.81192928366363 1.85335996607319 1.2936143532861 1.5586166207213 0 1.32433767756447 1.59612233610824 1.21489472314715 1.87796476157382 1.92314177448861 1.13316531991586 1.01217847573571
1.80904826195911 1.68617496150546 1.02834862144664 1.13192239194177 1.05052186897956 0.95396670489572 1.2924961138051 0.957908677868545 1.87638408085331 1.17866524402052 1.62199189537205 1.93141482630745 0.985117304604501 1.52446349547245 1.33883282728493 1.77296336693689 1.74203043407761 1.4857809280511 1.91836720216088 1.35679976968095 1.61156557337381 1.49849389959127 1.32433767756447 0 1.5664822193794 1.35203216969967 1.05484574940056 1.80128346430138 1.67751597054303 1.8833389969077
1.61170458933339 1.20114026055671 1.13460078253411 1.88026698981412 1.2013362806756 1.89805869059637 1.53691283683293 1.72965220105834 1.57455223589204 1.83895186986774 1.35792818502523 1.77884808205999 1.36832182737999 1.40827785478905 1.1167169699911 1.11596222384833 1.07818839862011 0.994528874056414 1.65782865672372 1.64895103103481 1.50387317105196 1.49344149511307 1.59612233610824 1.5664822193794 0 1.38581178896129 1.42657791124657 1.57811210397631 1.74922808283009 1.332511567045
1.67926660669036 1.57163063110784 1.46988871041685 1.5312603735365 1.62296855589375 1.19249442103319 1.13390745641664 1.35703030694276 0.999879571376368 1.21747061144561 0.988470763666555 0.949510806240141 1.57445750874467 1.06659082649276 1.5801517018117 1.86621207883582 1.91696653934196 1.49959022272378 1.1221688434016 1.12920501013286 1.59370976104401 1.90722998208366 1.21489472314715 1.35203216969967 1.38581178896129 0 1.36257299804129 1.33467699959874 1.28143771854229 0.946773265488446
1.81000558938831 1.72778172628023 1.17334271105938 0.966300163883716 1.55030423123389 1.51959069259465 1.90122305648401 1.17405846249312 1.73722280678339 1.84570809453726 1.41453821328469 1.35632268036716 1.90729693579488 1.59921028302051 1.68297789338976 1.33556641219184 1.84151507960632 1.56105397036299 1.60352638014592 1.07683127466589 1.23192586586811 1.79699161066674 1.87796476157382 1.05484574940056 1.42657791124657 1.36257299804129 0 1.9330312400125 1.93332393257879 1.29110533441417
1.04116857517511 1.51148929074407 1.11284383456223 1.52300595422275 1.76240596803837 1.62615814665332 0.96626933477819 1.4009761409834 1.36640078760684 1.81724588619545 1.68426336697303 1.07890964834951 1.80151710077189 1.55123761668801 1.4277299749665 1.42815682501532 1.10545335733332 1.06828580843285 1.36013711802661 1.71114094671793 1.27294996147975 1.82786356261931 1.92314177448861 1.80128346430138 1.57811210397631 1.33467699959874 1.9330312400125 0 1.17358636111021 1.37339999666438
1.7276077575516 0.993807496037334 1.00600446038879 1.22720553586259 1.24091629567556 1.53323245421052 1.54847605782561 1.05901678418741 1.53660073806532 1.27451895154081 1.91440385021269 1.78741055657156 1.52554614190012 0.969228328671306 1.34966774471104 1.83541024359874 1.14116980717517 1.14820596389472 0.985731670865789 1.07678856980056 1.60454494087026 1.67539226310328 1.13316531991586 1.67751597054303 1.74922808283009 1.28143771854229 1.93332393257879 1.17358636111021 0 1.30246912152506
0.94725332246162 1.07014902518131 1.56564371124841 1.41926621226594 1.79656346421689 1.00131357577629 1.09193206508644 1.57301572780125 1.40065977512859 1.73830846999772 1.00541437021457 1.36932041170076 1.47151132114232 1.58770873094909 0.951691755792126 0.992273012408987 1.5252171556931 1.00522972922772 1.04392241756432 1.01903469744138 1.46296312240884 1.36121500097215 1.01217847573571 1.8833389969077 1.332511567045 0.946773265488446 1.29110533441417 1.37339999666438 1.30246912152506 0
