0 1.67200637538917 1.41189333121292 1.32943588588387 1.35314996284433 1.79152368777432 1.04259137180634 1.67001022468321 1.43244422227144 1.29513258929364 1.81967788236216 1.82899024989456 1.77375428052619 1.09781013755128 1.152090231888 1.30050078616478 1.45350715168752 1.12321857921779 1.17847383604385 1.03532510250807 1.02231687516905 1.41521256277338 1.86219964385964 1.40090644126758 1.88426674995571 1.61181245511398 1.46438113204204 1.91279508033767 1.11945811542682 1.5891999877058
1.67200637538917 0 1.38303722627461 1.44920987519436 1.58429174264893 1.58790207095444 1.53396527678706 1.0930381375365 1.13317248015665 1.80201908200979 1.81250274227932 1.35002684267238 1.40441437065601 1.23233969695866 0.934784328565001 1.23744439729489 1.24652891559526 1.62614278448746 1.69165598833933 1.54952987330034 1.77508899662644 1.65789391612634 1.60183355631307 1.39686149801128 1.25236143055372 1.29215415450744 1.14025600859895 1.87343349959701 1.3967582588084 1.92971431091428
1.41189333121292 1.38303722627461 0 1.70368089736439 1.19200779101811 1.38601549528539 1.2837305853609 1.74398479564115 1.19933206192218 1.67424480291083 1.04039851762354 1.58111320179887 1.24430004740134 1.339464741759 0.958723886404186 1.3839511545375 0.96893925499171 1.61618788586929 0.946726322174072 1.87090453878045 0.93186477641575 1.51111164246686 1.22869203402661 1.63220025296323 1.18334263120778 1.88111848477274 1.70497010275722 1.03431712067686 1.62526278849691 1.1941858229693
1.32943588588387 1.44920987519436 1.70368089736439 0 1.19669442879967 1.77020942023955 1.50016965228133 1.69532910152338 1.15311050601304 1.85802777181379 1.78565094759688 1.07611131900921 1.35616375994869 1.09724897169508 0.988061476731673 1.79216283443384 1.41343883355148 1.78549883933738 1.75406629336067 0.955854609142989 1.30426740180701 0.974386913701892 1.64733853354119 1.50430945982225 1.53962764679454 1.09212941862643 1.09156666160561 1.84451609407552 1.20891891582869 1.02363356109709
1.35314996284433 1.58429174264893 1.19200779101811 1.19669442879967 0 1.52022969769314 1.28279279917479 1.22133784950711 1.51880769850686 1.27758738631383 1.5207888961304 1.65162319270894 1.74477333924733 1.57533895317465 1.72475318121724 1.74012832297012 1.37290584226139 1.90966410469264 0.930798632325605 1.6112269021105 1.80665249424055 1.45428091729991 1.18306017806754 1.64876814302988 1.37669177213684 1.59357609786093 1.53511268016882 0.976245496189222 0.930221451679245 1.4030217982363
1.79152368777432 1.58790207095444 1.38601549528539 1.77020942023955 1.52022969769314 0 0.992796360282227 1.18992789206095 1.15488523663953 1.62552943336777 1.45639556786045 1.5922194281593 1.92927723284811 1.5401510419324 1.28075405070558 1.45122393686324 1.35993711999618 1.37358217430301 1.88436173391528 1.50286872754805 1.62909775646403 0.938017924316227 1.68184095108882 1.32841327646747 1.49711559829302 1.02665704581887 0.956468420568854 1.84200137364678 1.11266033235006 1.77650565723889
1.04259137180634 1.53396527678706 1.2837305853609 1.50016965228133 1.28279279917479 0.992796360282227 0 1.66852448950522 1.10589099349454 1.3293487271294 1.16938182502054 1.57194992201403 1.47481966926716 1.14348280313425 1.73874419671483 1.68209337559529 1.74792674835771 1.05885067488998 1.66407325980254 1.28616043576039 1.75174643239006 1.45653763506562 1.47516132332385 1.15824357210658 1.20618153107353 1.3742648048792 1.7156701083295 1.18925909837708 1.75729834777303 1.55154359084554
1.67001022468321 1.0930381375365 1.74398479564115 1.69532910152338 1.22133784950711 1.18992789206095 1.66852448950522 0 1.13110320433043 1.72586471773684 1.25167817785405 1.47838425915688 1.12758559873328 1.30297165107913 1.25802241452038 1.19934875192121 1.46677470463328 1.89357051160187 1.10325356270187 1.21344081638381 1.87441049399786 1.33536146837287 1.57853354350664 1.3953827933874 1.8651609478984 1.58677560975775 0.93776409723796 1.72241469449364 1.8191577680409 1.33989029470831
1.43244422227144 1.13317248015665 1.19933206192218 1.15311050601304 1.51880769850686 1.15488523663953 1.10589099349454 1.13110320433043 0 1.54955891752616 1.53808182175271 1.86902071046643 1.81995616154745 1.14459562464617 1.48365998524241 1.11138706607744 1.37354080867954 1.60721120610833 1.04993493412621 1.80305727897212 0.985303724650294 1.82575103617273 1.48313586297445 1.06223446223885 1.15583251416683 1.61592943151481 1.44164651236497 1.1493753194809 0.981029472779483 1.29490319546312
1.29513258929364 1.80201908200979 1.67424480291083 1.85802777181379 1.27758738631383 1.62552943336777 1.3293487271294 1.72586471773684 1.54955891752616 0 1.37775494344532 1.4887213986367 1.8936147314962 1.6336920724716 1.13872392498888 1.79839788819663 1.90632102172822 1.51618857914582 1.55473540956154 1.21749762888066 1.34160881745629 1.47210248513147 1.03874874860048 1.30585971195251 1.45807386492379 1.42947317706421 1.53236222686246 0.954167576972395 1.83282921649516 1.5193494267296
1.81967788236216 1.81250274227932 1.04039851762354 1.78565094759688 1.5207888961304 1.45639556786045 1.16938182502054 1.25167817785405 1.53808182175271 1.37775494344532 0 1.69572320720181 1.48711503553204 1.60740596824326 1.41919044521637 1.90168974269181 1.61120180273429 1.06046972586773 1.83217816264369 1.51931289047934 1.66330799437128 0.995720569277182 1.55553644290194 1.15201168949716 1.90845223306678 0.998373380862176 1.67887900792994 1.59796313918196 0.943667839514092 1.40030719223432
1.82899024989456 1.35002684267238 1.58111320179887 1.07611131900921 1.65162319270894 1.5922194281593 1.57194992201403 1.47838425915688 1.86902071046643 1.4887213986367 1.69572320720181 0 1.33639055490494 1.69789143791422 1.40055581717752 1.90370370168239 1.78123652073555 1.08572019101121 1.2112517899368 1.51265430310741 1.59140817867592 1.8136813447345 1.26809600228444 1.70447367476299 1.643400818808 1.6348327237647 1.82777966023423 1.29935568734072 1.67206292413175 0.984554822091013
1.77375428052619 1.40441437065601 1.24430004740134 1.35616375994869 1.74477333924733 1.92927723284811 1.47481966926716 1.12758559873328 1.81995616154745 1.8936147314962 1.48711503553204 1.33639055490494 0 1.22871459275484 1.78805844322778 1.88498239615001 1.39944877848029 1.80754352733493 1.35883379122242 1.73857528017834 1.25144512183033 1.81421450991184 1.57366396044381 1.15622250852175 1.24558859551325 0.940150914946571 1.01658433815464 1.51784433820285 1.71790162706748 1.25190988788381
1.09781013755128 1.23233969695866 1.339464741759 1.09724897169508 1.57533895317465 1.5401510419324 1.14348280313425 1.30297165107913 1.14459562464617 1.6336920724716 1.60740596824326 1.69789143791422 1.22871459275484 0 1.41623894777149 1.82571239117533 1.14802934252657 1.39824828528799 0.956900991965085 0.945480551337823 1.32837771927007 1.88380307541229 0.965528056723997 1.25655479636043 0.972553028725088 1.27487999130972 1.27593824989162 1.37221679254435 1.50824142736383 1.85246785217896
1.152090231888 0.934784328565001 0.958723886404186 0.988061476731673 1.72475318121724 1.28075405070558 1.73874419671483 1.25802241452038 1.48365998524241 1.13872392498888 1.41919044521637 1.40055581717752 1.78805844322778 1.41623894777149 0 1.03344963327982 1.58462022314779 1.23154394002631 1.26064497092739 1.11472070263699 1.84332893136889 1.44170010555536 1.40534508205019 1.46759677235968 1.4301880968269 1.91023767995648 1.7256254600361 1.1200422598049 1.2248956176918 1.62149663409218
1.30050078616478 1.23744439729489 1.3839511545375 1.79216283443384 1.74012832297012 1.45122393686324 1.68209337559529 1.19934875192121 1.11138706607744 1.79839788819663 1.90168974269181 1.90370370168239 1.88498239615001 1.82571239117533 1.03344963327982 0 1.7232364884112 1.59430114040151 1.13612612150609 1.53701637894846 1.28031179006211 1.65136582800187 1.48519909149036 1.69933210127056 1.28223704779521 1.59459365811199 0.951631148578599 1.44884714041837 1.2876270939596 1.00612457864918
1.45350715168752 1.24652891559526 0.96893925499171 1.41343883355148 1.37290584226139 1.35993711999618 1.74792674835771 1.46677470463328 1.37354080867954 1.90632102172822 1.61120180273429 1.78123652073555 1.39944877848029 1.14802934252657 1.58462022314779 1.7232364884112 0 1.87386843608692 1.77151762391441 1.3522505608853 1.32741864863783 1.38753051660024 1.12748673232272 1.10002857632935 1.37011740333401 1.03064122027718 1.16653225640766 1.43880709121004 1.24701290926896 0.98791176546365
1.12321857921779 1.62614278448746 1.61618788586929 1.78549883933738 1.90966410469264 1.37358217430301 1.05885067488998 1.89357051160187 1.60721120610833 1.51618857914582 1.06046972586773 1.08572019101121 1.80754352733493 1.39824828528799 1.23154394002631 1.59430114040151 1.87386843608692 0 1.8605249109678 1.02037762780674 1.4639915318694 1.84913393808529 1.51378715480678 1.80409683659673 1.34478899743408 1.28245902783237 1.40232547256164 1.4369996166788 1.67832357762381 1.74292256613262
1.17847383604385 1.69165598833933 0.946726322174072 1.75406629336067 0.930798632325605 1.88436173391528 1.66407325980254 1.10325356270187 1.04993493412621 1.55473540956154 1.83217816264369 1.2112517899368 1.35883379122242 0.956900991965085 1.26064497092739 1.13612612150609 1.77151762391441 1.8605249109678 0 0.995231476379558 1.87859109858982 1.14285515761003 1.03393657272682 1.60262240003794 1.60105621628463 1.47349671670236 1.74433263018727 1.43564897589386 1.61623627669178 1.12189187505282
1.03532510250807 1.54952987330034 1.87090453878045 0.955854609142989 1.6112269021105 1.50286872754805 1.28616043576039 1.21344081638381 1.80305727897212 1.21749762888066 1.51931289047934 1.51265430310741 1.73857528017834 0.945480551337823 1.11472070263699 1.53701637894846 1.3522505608853 1.02037762780674 0.995231476379558 0 1.18128684093244 1.05960145941935 1.57514934660867 1.81374789145775 0.998501541558653 0.973860585596412 1.81758693000302 1.75653842417523 1.13538028439507 1.62011873326264
1.02231687516905 1.77508899662644 0.93186477641575 1.30426740180701 1.80665249424055 1.62909775646403 1.75174643239006 1.87441049399786 0.985303724650294 1.34160881745629 1.66330799437128 1.59140817867592 1.25144512183033 1.32837771927007 1.84332893136889 1.28031179006211 1.32741864863783 1.4639915318694 1.87859109858982 1.18128684093244 0 1.90523760649376 1.39391975384206 1.89358698320575 1.02343907603063 1.19777491386048 1.30079886852764 1.39121913607232 1.21254041325301 1.05118701979518
1.41521256277338 1.65789391612634 1.51111164246686 0.974386913701892 1.45428091729991 0.938017924316227 1.45653763506562 1.33536146837287 1.82575103617273 1.47210248513147 0.995720569277182 1.8136813447345 1.81421450991184 1.88380307541229 1.44170010555536 1.65136582800187 1.38753051660024 1.84913393808529 1.14285515761003 1.05960145941935 1.90523760649376 0 0.93572085769847 1.28440313506871 1.6600641857367 1.79196131322533 1.4188761129044 1.07767106941901 1.71133495052345 1.67856098152697
1.86219964385964 1.60183355631307 1.22869203402661 1.64733853354119 1.18306017806754 1.68184095108882 1.47516132332385 1.57853354350664 1.48313586297445 1.03874874860048 1.55553644290194 1.26809600228444 1.57366396044381 0.965528056723997 1.40534508205019 1.48519909149036 1.12748673232272 1.51378715480678 1.03393657272682 1.57514934660867 1.39391975384206 0.93572085769847 0 1.80156585504301 1.86846021213569 1.03549639158882 1.0422011227347 1.3038602466695 1.02259573549964 1.2235088723246
1.40090644126758 1.39686149801128 1.63220025296323 1.50430945982225 1.64876814302988 1.32841327646747 1.15824357210658 1.3953827933874 1.06223446223885 1.30585971195251 1.15201168949716 1.70447367476299 1.15622250852175 1.25655479636043 1.46759677235968 1.69933210127056 1.10002857632935 1.80409683659673 1.60262240003794 1.81374789145775 1.89358698320575 1.28440313506871 1.80156585504301 0 1.1685867975466 1.879468789557 1.53364964225329 1.39116478711367 1.19669304648414 1.86578498152085
1.88426674995571 1.25236143055372 1.18334263120778 1.53962764679454 1.37669177213684 1.49711559829302 1.20618153107353 1.8651609478984 1.15583251416683 1.45807386492379 1.90845223306678 1.643400818808 1.24558859551325 0.972553028725088 1.4301880968269 1.28223704779521 1.37011740333401 1.34478899743408 1.60105621628463 0.998501541558653 1.02343907603063 1.6600641857367 1.86846021213569 1.1685867975466 0 1.72141460119747 1.06245689443313 1.39358519902453 1.30502398614772 1.03779849759303
1.61181245511398 1.29215415450744 1.88111848477274 1.09212941862643 1.59357609786093 1.02665704581887 1.3742648048792 1.58677560975775 1.61592943151481 1.42947317706421 0.998373380862176 1.6348327237647 0.940150914946571 1.27487999130972 1.91023767995648 1.59459365811199 1.03064122027718 1.28245902783237 1.47349671670236 0.973860585596412 1.19777491386048 1.79196131322533 1.03549639158882 1.879468789557 1.72141460119747 0 1.69645160879008 1.00896876375191 1.4460842483677 1.43553951964714
1.46438113204204 1.14025600859895 1.70497010275722 1.09156666160561 1.53511268016882 0.956468420568854 1.7156701083295 0.93776409723796 1.44164651236497 1.53236222686246 1.67887900792994 1.82777966023423 1.01658433815464 1.27593824989162 1.7256254600361 0.951631148578599 1.16653225640766 1.40232547256164 1.74433263018727 1.81758693000302 1.30079886852764 1.4188761129044 1.0422011227347 1.53364964225329 1.06245689443313 1.69645160879008 0 0.947185996454209 1.67566581023857 1.01012030942366
1.91279508033767 1.87343349959701 1.03431712067686 1.84451609407552 0.976245496189222 1.84200137364678 1.18925909837708 1.72241469449364 1.1493753194809 0.954167576972395 1.59796313918196 1.29935568734072 1.51784433820285 1.37221679254435 1.1200422598049 1.44884714041837 1.43880709121004 1.4369996166788 1.43564897589386 1.75653842417523 1.39121913607232 1.07767106941901 1.3038602466695 1.39116478711367 1.39358519902453 1.00896876375191 0.947185996454209 0 1.51248815841973 1.73845158144832
1.11945811542682 1.3967582588084 1.62526278849691 1.20891891582869 0.930221451679245 1.11266033235006 1.75729834777303 1.8191577680409 0.981029472779483 1.83282921649516 0.943667839514092 1.67206292413175 1.71790162706748 1.50824142736383 1.2248956176918 1.2876270939596 1.24701290926896 1.67832357762381 1.61623627669178 1.13538028439507 1.21254041325301 1.71133495052345 1.02259573549964 1.19669304648414 1.30502398614772 1.4460842483677 1.67566581023857 1.51248815841973 0 1.32686405046843
1.5891999877058 1.92971431091428 1.1941858229693 1.02363356109709 1.4030217982363 1.77650565723889 1.55154359084554 1.33989029470831 1.29490319546312 1.5193494267296 1.40030719223432 0.984554822091013 1.25190988788381 1.85246785217896 1.62149663409218 1.00612457864918 0.98791176546365 1.74292256613262 1.12189187505282 1.62011873326264 1.05118701979518 1.67856098152697 1.2235088723246 1.86578498152085 1.03779849759303 1.43553951964714 1.01012030942366 1.73845158144832 1.32686405046843 0
