0 1.15980702545494 1.76827893871814 1.42720983177423 1.01610644627362 1.73162018298171 1.2280147713609 1.6358204362914 1.84391505853273 1.6137492232956 1.59647406940348 1.62023027217947 1.48088424513116 1.90040020970628 1.01367108756676 1.18554348987527 1.12476981896907 1.23765757028013 1.84818035969511 1.78846090915613 1.32927534240298 1.86206473247148 1.57512657111511 1.78586628264748 1.91125021665357 1.4328412769828 1.6302696778439 1.71635583555326 1.65894862217829 1.51373473997228
1.15980702545494 0 1.83745593461208 1.40098828007467 1.36464062379673 1.08940929523669 1.19619226502255 1.35804571374319 1.76220379304141 1.04851689003408 1.79399759927765 1.48333113500848 1.56374974106438 1.78207242419012 1.45978022785857 1.56019034842029 1.13614956149831 1.10224401787855 1.27547082770616 0.970122711500153 1.8005382604897 1.78309019980952 0.96091495337896 1.76741221197881 1.17033302295022 1.18642560904846 1.41683796746656 1.64811614458449 1.37812521797605 1.62493089493364
1.76827893871814 1.83745593461208 0 1.6069327602163 1.50587976700626 1.45172505266964 1.26747430488467 1.64336313051172 1.91055293870158 0.949994341935962 1.1438635699451 1.46963222348131 1.59560612891801 0.990611591609195 1.72492240136489 1.07767613953911 1.49278087657876 1.57961400807835 1.14864344336092 1.15688782115467 1.5970405547414 1.55970687116496 1.85689548868686 0.955714595271274 1.21540871937759 1.6897150776349 1.00865513971075 1.32124882075004 1.15746576013044 1.32979339710437
1.42720983177423 1.40098828007467 1.6069327602163 0 1.40545113221742 1.66995480819605 1.04813128546812 1.46136790933087 0.967919602291659 1.18975091655739 1.55647800653242 1.11061947722919 1.07477914681658 1.86284659593366 1.39070755103603 1.31957920943387 1.28264517034404 1.83027891255915 1.51583333779126 1.01364524359815 1.48208410735242 1.25177571899258 1.03131731366739 0.934703483246267 1.41649461095221 1.21927802800201 1.81823356542736 1.61052822927013 1.66556177590974 1.01050197146833
1.01610644627362 1.36464062379673 1.50587976700626 1.40545113221742 0 1.34257489722222 1.68421812122688 1.48502511391416 1.38943824823946 1.70995768695138 1.48084471933544 1.83153174608015 1.43028172152117 1.23983753402717 0.928880845895037 1.05217446107417 1.63200093084015 1.51460960344411 1.89397128345445 1.88990772166289 1.04321904294193 1.25911106169224 1.43186301551759 1.05058636376634 1.83871190086938 1.27236166363582 1.87012749910355 1.83724550716579 1.39211181737483 1.1813389272429
1.73162018298171 1.08940929523669 1.45172505266964 1.66995480819605 1.34257489722222 0 1.1560593675822 1.54086923738942 1.28601497551426 1.51514419773594 1.36894449428655 1.63563797133975 1.07331490213983 1.30739062745124 1.59487632894889 1.10490431264043 1.28239694423974 1.86982276989147 1.91492244927213 1.08256143983454 1.67239712341689 1.15906553599052 1.311764807906 1.22567895031534 1.42644828208722 1.81974307144992 1.51578546431847 1.1924369900953 1.35621135518886 1.43567842966877
1.2280147713609 1.19619226502255 1.26747430488467 1.04813128546812 1.68421812122688 1.1560593675822 0 1.13258337462321 1.50571846170351 1.12521607778035 0.954146999400109 1.73607561085373 1.64700203039683 1.35169592732564 1.45397738018073 1.41362561937422 1.10429170774296 1.35547446459532 1.37108845240436 1.0596548654139 0.960158854490146 1.21182579058222 1.81834923895076 1.02956885751337 1.50146543071605 0.941027293214574 1.19521318143234 1.31966923037544 1.80820118542761 1.03131630271673
1.6358204362914 1.35804571374319 1.64336313051172 1.46136790933087 1.48502511391416 1.54086923738942 1.13258337462321 0 1.63404645211995 1.39303794759326 1.61781513202004 1.10826941160485 1.13961307425052 1.15580141567625 1.30761694768444 1.15282077016309 0.976720753358677 1.41132818674669 1.38791244127788 1.8654360154178 1.00025042565539 1.36015457333997 1.05822552880272 1.59424576861784 1.62212411127985 1.29927517171018 1.17376871150918 1.38587721972726 1.51684630149975 1.67931038700044
1.84391505853273 1.76220379304141 1.91055293870158 0.967919602291659 1.38943824823946 1.28601497551426 1.50571846170351 1.63404645211995 0 1.78649929421954 1.86946926428936 0.928439778042957 1.35097796726041 1.7393416413106 1.25975178438239 1.40958461165428 1.17235983442515 1.72579845320433 1.27074610162526 0.948459082748741 1.24023769376799 1.15512036252767 1.11568535864353 1.19684698525816 1.01990274246782 1.13343423162587 1.48577586654574 1.72885397472419 1.34867895953357 1.55605877307244
1.6137492232956 1.04851689003408 0.949994341935962 1.18975091655739 1.70995768695138 1.51514419773594 1.12521607778035 1.39303794759326 1.78649929421954 0 1.01730426237918 1.00977331306785 1.05990693485364 1.70676526310854 1.57521837344393 1.3348092646338 1.8054748356808 1.01329143205658 1.82263149227947 1.30466583487578 1.29120860947296 1.57061872119084 1.90223906002939 0.964614547789097 1.56862524547614 1.51259285514243 1.75103139644489 1.43985871435143 1.5565108335577 1.24357629567385
1.59647406940348 1.79399759927765 1.1438635699451 1.55647800653242 1.48084471933544 1.36894449428655 0.954146999400109 1.61781513202004 1.86946926428936 1.01730426237918 0 1.37588437576778 1.68783430242911 1.62222829996608 1.38863311102614 1.69181233551353 0.945308453403413 1.21860967366956 1.2682305125054 1.41664491617121 1.68479492445476 0.960444180062041 1.53172436309978 1.9055825623218 1.04794603819028 1.31567779346369 1.52384342928417 1.71561442245729 0.95161637570709 1.68780828476883
1.62023027217947 1.48333113500848 1.46963222348131 1.11061947722919 1.83153174608015 1.63563797133975 1.73607561085373 1.10826941160485 0.928439778042957 1.00977331306785 1.37588437576778 0 1.22482170723379 1.51561488001607 1.59020125656389 1.67963726189919 1.5489827087149 1.21354289073497 1.09469443024136 1.85828806855716 1.50696624815464 1.71612459281459 1.24389443150721 1.15763009735383 1.57841568579897 1.74317758157849 1.44075390556827 1.7755991818849 1.17476364201866 0.953504283213988
1.48088424513116 1.56374974106438 1.59560612891801 1.07477914681658 1.43028172152117 1.07331490213983 1.64700203039683 1.13961307425052 1.35097796726041 1.05990693485364 1.68783430242911 1.22482170723379 0 1.3884662790224 1.27376443147659 1.87288998626173 1.28572580358014 1.08634444512427 1.39443801343441 1.77571225026622 1.24517147871666 1.55981035414152 1.59813944087364 1.9091714983806 1.32148051052354 1.01123763411306 1.05462606856599 1.12781715905294 1.41761794080958 1.58598047494888
1.90040020970628 1.78207242419012 0.990611591609195 1.86284659593366 1.23983753402717 1.30739062745124 1.35169592732564 1.15580141567625 1.7393416413106 1.70676526310854 1.62222829996608 1.51561488001607 1.3884662790224 0 1.36689251521602 1.41724293353036 1.14502427331172 1.66654842346907 1.10838728351519 1.91843538032845 0.968753274995834 1.11688411002979 1.23478345107287 1.32054053433239 1.56126366462559 1.69158009951934 1.45269204839133 1.44828077149577 1.47107727569528 0.957640149630606
1.01367108756676 1.45978022785857 1.72492240136489 1.39070755103603 0.928880845895037 1.59487632894889 1.45397738018073 1.30761694768444 1.25975178438239 1.57521837344393 1.38863311102614 1.59020125656389 1.27376443147659 1.36689251521602 0 1.76014382415451 1.10476515605114 1.42654898553155 1.4019848681055 1.3841415788047 1.88339535403065 1.36167992767878 1.29588335030712 1.12271824921481 1.48948303097859 1.40535055240616 1.10684857331216 1.37676357431337 1.47960273688659 1.83700493094511
1.18554348987527 1.56019034842029 1.07767613953911 1.31957920943387 1.05217446107417 1.10490431264043 1.41362561937422 1.15282077016309 1.40958461165428 1.3348092646338 1.69181233551353 1.67963726189919 1.87288998626173 1.41724293353036 1.76014382415451 0 1.7853865402285 1.10619294364005 1.75561279593967 1.11797594674863 0.989020403241739 1.50048981676809 1.14577841036953 1.20832988107577 1.83739296952263 1.62433314998634 1.6497823332902 1.01040680753067 1.65687503735535 1.20910042850301
1.12476981896907 1.13614956149831 1.49278087657876 1.28264517034404 1.63200093084015 1.28239694423974 1.10429170774296 0.976720753358677 1.17235983442515 1.8054748356808 0.945308453403413 1.5489827087149 1.28572580358014 1.14502427331172 1.10476515605114 1.7853865402285 0 1.71956080384552 0.998567014466971 1.29768228810281 1.78370582056232 1.10680099972524 1.75044626626186 1.46906075486913 1.49269010219723 1.48725684941746 1.14745649416 1.70896639954299 1.82617520145141 1.61183362780139
1.23765757028013 1.10224401787855 1.57961400807835 1.83027891255915 1.51460960344411 1.86982276989147 1.35547446459532 1.41132818674669 1.72579845320433 1.01329143205658 1.21860967366956 1.21354289073497 1.08634444512427 1.66654842346907 1.42654898553155 1.10619294364005 1.71956080384552 0 0.961019897600636 1.69087855354883 1.5529622209724 1.81378051964566 1.05328514915891 1.44562856829725 1.50210321997292 1.3216526415199 1.79519979842007 1.77494005206972 1.87287797965109 1.21692935144529
1.84818035969511 1.27547082770616 1.14864344336092 1.51583333779126 1.89397128345445 1.91492244927213 1.37108845240436 1.38791244127788 1.27074610162526 1.82263149227947 1.2682305125054 1.09469443024136 1.39443801343441 1.10838728351519 1.4019848681055 1.75561279593967 0.998567014466971 0.961019897600636 0 1.70202895416878 0.95789803750813 0.937411163700745 1.01584424288012 1.2731744828634 1.35820282693021 1.35001744795591 1.07920291624032 1.74311707052402 1.41562787466682 0.937440781155601
1.78846090915613 0.970122711500153 1.15688782115467 1.01364524359815 1.88990772166289 1.08256143983454 1.0596548654139 1.8654360154178 0.948459082748741 1.30466583487578 1.41664491617121 1.85828806855716 1.77571225026622 1.91843538032845 1.3841415788047 1.11797594674863 1.29768228810281 1.69087855354883 1.70202895416878 0 1.12515688175336 1.56789108645171 1.01087121036835 1.02084892941639 1.55784139921889 1.12156945862807 1.71233084239066 1.54881939152256 1.27562626474537 1.14961934275925
1.32927534240298 1.8005382604897 1.5970405547414 1.48208410735242 1.04321904294193 1.67239712341689 0.960158854490146 1.00025042565539 1.24023769376799 1.29120860947296 1.68479492445476 1.50696624815464 1.24517147871666 0.968753274995834 1.88339535403065 0.989020403241739 1.78370582056232 1.5529622209724 0.95789803750813 1.12515688175336 0 1.61451687477529 1.12044300278649 1.61735304770991 1.89211602229625 1.71580692683347 1.91543506225571 1.1602241799701 1.56262117391452 1.89533881866373
1.86206473247148 1.78309019980952 1.55970687116496 1.25177571899258 1.25911106169224 1.15906553599052 1.21182579058222 1.36015457333997 1.15512036252767 1.57061872119084 0.960444180062041 1.71612459281459 1.55981035414152 1.11688411002979 1.36167992767878 1.50048981676809 1.10680099972524 1.81378051964566 0.937411163700745 1.56789108645171 1.61451687477529 0 1.68468720349483 1.75173027510755 1.73520063539036 1.08050363510847 1.44099863036536 1.08466316759586 1.15856722719036 1.22848558425903
1.57512657111511 0.96091495337896 1.85689548868686 1.03131731366739 1.43186301551759 1.311764807906 1.81834923895076 1.05822552880272 1.11568535864353 1.90223906002939 1.53172436309978 1.24389443150721 1.59813944087364 1.23478345107287 1.29588335030712 1.14577841036953 1.75044626626186 1.05328514915891 1.01584424288012 1.01087121036835 1.12044300278649 1.68468720349483 0 1.08211722457781 1.35940036922693 1.71793854259886 1.91982749034651 1.04373687598854 1.07747626653872 1.76592008862644
1.78586628264748 1.76741221197881 0.955714595271274 0.934703483246267 1.05058636376634 1.22567895031534 1.02956885751337 1.59424576861784 1.19684698525816 0.964614547789097 1.9055825623218 1.15763009735383 1.9091714983806 1.32054053433239 1.12271824921481 1.20832988107577 1.46906075486913 1.44562856829725 1.2731744828634 1.02084892941639 1.61735304770991 1.75173027510755 1.08211722457781 0 1.79477568110451 1.45982070220634 1.55146867199801 0.959339364431798 1.03782901749946 1.87872068560682
1.91125021665357 1.17033302295022 1.21540871937759 1.41649461095221 1.83871190086938 1.42644828208722 1.50146543071605 1.62212411127985 1.01990274246782 1.56862524547614 1.04794603819028 1.57841568579897 1.32148051052354 1.56126366462559 1.48948303097859 1.83739296952263 1.49269010219723 1.50210321997292 1.35820282693021 1.55784139921889 1.89211602229625 1.73520063539036 1.35940036922693 1.79477568110451 0 1.86887264135294 0.984144443646073 1.14719647495076 1.28530989959836 1.59850897593424
1.4328412769828 1.18642560904846 1.6897150776349 1.21927802800201 1.27236166363582 1.81974307144992 0.941027293214574 1.29927517171018 1.13343423162587 1.51259285514243 1.31567779346369 1.74317758157849 1.01123763411306 1.69158009951934 1.40535055240616 1.62433314998634 1.48725684941746 1.3216526415199 1.35001744795591 1.12156945862807 1.71580692683347 1.08050363510847 1.71793854259886 1.45982070220634 1.86887264135294 0 1.22790132043883 1.24001684668474 1.84606165881269 1.73187023377977
1.6302696778439 1.41683796746656 1.00865513971075 1.81823356542736 1.87012749910355 1.51578546431847 1.19521318143234 1.17376871150918 1.48577586654574 1.75103139644489 1.52384342928417 1.44075390556827 1.05462606856599 1.45269204839133 1.10684857331216 1.6497823332902 1.14745649416 1.79519979842007 1.07920291624032 1.71233084239066 1.91543506225571 1.44099863036536 1.91982749034651 1.55146867199801 0.984144443646073 1.22790132043883 0 1.6947436882183 1.31178971519694 1.86670975363813
1.71635583555326 1.64811614458449 1.32124882075004 1.61052822927013 1.83724550716579 1.1924369900953 1.31966923037544 1.38587721972726 1.72885397472419 1.43985871435143 1.71561442245729 1.7755991818849 1.12781715905294 1.44828077149577 1.37676357431337 1.01040680753067 1.70896639954299 1.77494005206972 1.74311707052402 1.54881939152256 1.1602241799701 1.08466316759586 1.04373687598854 0.959339364431798 1.14719647495076 1.24001684668474 1.6947436882183 0 1.06937924516387 1.75031637889333
1.65894862217829 1.37812521797605 1.15746576013044 1.66556177590974 1.39211181737483 1.35621135518886 1.80820118542761 1.51684630149975 1.34867895953357 1.5565108335577 0.95161637570709 1.17476364201866 1.41761794080958 1.47107727569528 1.47960273688659 1.65687503735535 1.82617520145141 1.87287797965109 1.41562787466682 1.27562626474537 1.56262117391452 1.15856722719036 1.07747626653872 1.03782901749946 1.28530989959836 1.84606165881269 1.31178971519694 1.06937924516387 0 1.78121788566932
1.51373473997228 1.62493089493364 1.32979339710437 1.01050197146833 1.1813389272429 1.43567842966877 1.03131630271673 1.67931038700044 1.55605877307244 1.24357629567385 1.68780828476883 0.953504283213988 1.58598047494888 0.957640149630606 1.83700493094511 1.20910042850301 1.61183362780139 1.21692935144529 0.937440781155601 1.14961934275925 1.89533881866373 1.22848558425903 1.76592008862644 1.87872068560682 1.59850897593424 1.73187023377977 1.86670975363813 1.75031637889333 1.78121788566932 0
