0 1.19078411418013 1.10711166961119 1.90404543653131 1.67369957943447 1.68391373218037 1.09829954244196 1.87006109929644 1.58374925493263 1.79766851966269 1.77101581962779 1.35531032131985 1.24953494104557 0.926619522739202 1.55103761842474 1.86917384341359 1.00689693610184 1.58501469204202 1.55011557182297 1.28579087951221 1.80777813587338 1.31035302043892 0.942491236608475 1.29174943780527 1.50253235478885 1.10907489457168 1.10014504473656 1.29962498508394 1.82937764050439 1.5079626084771
1.19078411418013 0 1.29017771384679 1.49345026351511 1.63655100064352 1.70262594055384 1.88867270504124 1.30298744118772 0.964893958996981 1.12428647908382 1.48120082821697 1.35536401998252 1.11662083351985 1.90397127252072 1.1891094816383 0.973603517282754 1.24926606146619 1.64919256907888 1.19323396426626 1.82597007742152 1.77918867720291 1.83793510659598 1.08105824841186 1.54174006381072 0.974814917193726 1.27930944459513 1.21554026124068 1.81348232389428 0.957276947796345 1.54499544459395
1.10711166961119 1.29017771384679 0 1.31573955318891 1.48017231165431 1.09036554582417 1.84629282192327 1.3589195990935 1.56529620569199 1.02759068040177 1.20492194918916 1.76799130043946 1.50904600531794 1.02725160843693 1.1493166978471 1.1169624812901 1.55081928055733 1.24231094052084 1.88827931438573 0.987954415846616 1.86898659635335 1.66673290240578 1.08716517896391 1.72800292330794 1.75430198060349 1.3941534711048 1.24572750995867 1.44294891809113 1.24847703031264 1.38663841388188
1.90404543653131 1.49345026351511 1.31573955318891 0 1.61554085533135 1.08743940130807 1.269870972028 1.10869819438085 1.40788344456814 1.10445559537038 1.5759969339706 1.15991622954607 1.61584234959446 1.68450125935487 1.32534482330084 1.69124417705461 1.16506368666887 1.84209836879745 1.26518999948166 1.54933041729964 1.60667528701015 1.38762050471269 1.10905976872891 1.74381133541465 1.88391998736188 1.55748440697789 1.60004161554389 1.8424302553758 1.05174369039014 1.26868150942028
1.67369957943447 1.63655100064352 1.48017231165431 1.61554085533135 0 1.36775895883329 1.86826504743658 1.49410374602303 1.53895344072953 1.40816162782721 1.1096609767992 1.72295900527388 1.18046602257527 1.58693224540912 1.47254550806247 1.11892238794826 1.03478297567926 1.43399630137719 1.22535628871992 1.39351239008829 1.69841413386166 1.24412618461065 1.63542808964849 1.68837350676768 1.54472492262721 1.40398754482158 1.71929953200743 0.990550216753036 1.10887610004283 1.46074560796842
1.68391373218037 1.70262594055384 1.09036554582417 1.08743940130807 1.36775895883329 0 1.35631498531438 1.28764631506056 1.3701997960452 0.979886931367218 0.980277016758919 1.83255352638662 1.80278583103791 0.980078779859468 1.01137467590161 0.945893151452765 1.26608930411749 1.8236243466381 1.37375407968648 1.6340804619249 1.56537377880886 1.90607311180793 1.56043266900815 1.00997485779226 0.977224939735606 1.59071764769033 1.22082906309515 1.25046787015162 1.85911300848238 1.17073211469688
1.09829954244196 1.88867270504124 1.84629282192327 1.269870972028 1.86826504743658 1.35631498531438 0 1.2111636037007 1.57292777253315 1.79394739517011 1.26131659979001 1.28702879371122 1.04604825866409 1.40101628494449 1.42813732847571 1.15403503528796 1.17718091374263 1.50998319755308 1.63975401897915 1.67458763089962 1.21269763447344 1.16149180941284 1.18100739642978 1.54149946128018 1.90457566338591 1.08580672182143 1.75109013146721 1.7385682973545 0.96993231959641 1.53706566942856
1.87006109929644 1.30298744118772 1.3589195990935 1.10869819438085 1.49410374602303 1.28764631506056 1.2111636037007 0 1.34173436416313 1.2779908773955 1.70808172505349 1.59669039095752 1.6679443763569 1.26487975753844 1.55475105508231 1.66903021675535 1.52606924297288 1.65657354565337 1.02617283491418 1.63360233837739 1.33247326291166 1.20876332861371 1.19093846296892 1.07472536806017 1.54037868627347 1.90323147596791 1.34186574281193 1.24202709342353 1.16400612005964 1.25753038725816
1.58374925493263 0.964893958996981 1.56529620569199 1.40788344456814 1.53895344072953 1.3701997960452 1.57292777253315 1.34173436416313 0 1.76810654974543 1.13482602708973 1.84120130073279 1.82292350241914 0.974793687229976 1.73086913698353 1.57315133605152 1.35866059712134 0.935600215103477 1.75705045647919 1.54529647179879 1.84139639651403 1.74002662720159 1.15609818953089 1.88409810024314 1.02728415327147 1.07922137668356 1.38112294301391 1.35664862953126 1.89871054165997 1.32108213775791
1.79766851966269 1.12428647908382 1.02759068040177 1.10445559537038 1.40816162782721 0.979886931367218 1.79394739517011 1.2779908773955 1.76810654974543 0 1.23873370722868 1.33271921728738 0.989959383150563 1.0950706966687 0.935031164903194 1.34751102793962 0.931493835989386 1.4227418510709 1.02563801850192 1.82119229296222 1.48400060925633 1.051553173922 1.0400201829616 1.66437943791971 1.37885887315497 1.59387810435146 1.07351180352271 1.64976043114439 0.968699565390125 1.18565421574749
1.77101581962779 1.48120082821697 1.20492194918916 1.5759969339706 1.1096609767992 0.980277016758919 1.26131659979001 1.70808172505349 1.13482602708973 1.23873370722868 0 1.29127312661149 1.16921350243501 1.45091425790451 1.26499354466796 1.28890533791855 1.90538785560057 1.04577291454189 1.89678678056225 1.53448291309178 1.45636165607721 1.74457947700284 1.40635406342335 1.42141749104485 0.972865092102438 1.63446285272948 1.15349765238352 1.31099717365578 1.73901004972868 1.12457592156716
1.35531032131985 1.35536401998252 1.76799130043946 1.15991622954607 1.72295900527388 1.83255352638662 1.28702879371122 1.59669039095752 1.84120130073279 1.33271921728738 1.29127312661149 0 1.86248080478981 1.69183744909242 1.57165248366073 1.84108069771901 1.71697720047086 1.46175506035797 0.950257679680362 1.28255869634449 1.47775153373368 1.04061009618454 1.46770955785178 1.74274082388729 1.39988436573185 1.86475415178575 1.48456968506798 1.44758911663666 1.31880973861553 0.928605002816767
1.24953494104557 1.11662083351985 1.50904600531794 1.61584234959446 1.18046602257527 1.80278583103791 1.04604825866409 1.6679443763569 1.82292350241914 0.989959383150563 1.16921350243501 1.86248080478981 0 0.97768155275844 1.59821782377549 1.59979293355718 1.36867866665125 1.38918944937177 0.959764037048444 0.983578607672825 1.26764319068752 0.927155865589157 1.91455026017502 1.44239628198557 1.44270806433633 1.40073033585213 1.82539617153816 1.01358989696018 1.06269119749777 1.28493608301505
0.926619522739202 1.90397127252072 1.02725160843693 1.68450125935487 1.58693224540912 0.980078779859468 1.40101628494449 1.26487975753844 0.974793687229976 1.0950706966687 1.45091425790451 1.69183744909242 0.97768155275844 0 1.09026188217103 0.992529843235388 1.4847231474705 1.18183625326492 0.982222612714395 1.24614404537715 1.60819650860503 1.07784091099165 0.94051110255532 1.78164665563963 0.964987568790093 1.85754050454125 1.60298875207081 1.0551547810901 1.13512814138085 1.17212144704536
1.55103761842474 1.1891094816383 1.1493166978471 1.32534482330084 1.47254550806247 1.01137467590161 1.42813732847571 1.55475105508231 1.73086913698353 0.935031164903194 1.26499354466796 1.57165248366073 1.59821782377549 1.09026188217103 0 1.50770721700974 1.48559890105389 1.42566957417876 1.47097402834333 1.80547289713286 1.65957115241326 1.44924479536712 1.75161632313393 1.85548710194416 1.26817753701471 1.436759700533 1.59272979199886 1.59136625356041 1.46025217231363 1.73897554376163
1.86917384341359 0.973603517282754 1.1169624812901 1.69124417705461 1.11892238794826 0.945893151452765 1.15403503528796 1.66903021675535 1.57315133605152 1.34751102793962 1.28890533791855 1.84108069771901 1.59979293355718 0.992529843235388 1.50770721700974 0 1.42632967536338 1.7230883857701 1.77565406402573 1.13366883574054 1.72909305780195 1.03353619296104 1.49177773669362 1.66908181714825 1.24859615368769 1.04642310854979 1.62458483292721 0.978444633772597 1.11116635450162 1.35764610464685
1.00689693610184 1.24926606146619 1.55081928055733 1.16506368666887 1.03478297567926 1.26608930411749 1.17718091374263 1.52606924297288 1.35866059712134 0.931493835989386 1.90538785560057 1.71697720047086 1.36867866665125 1.4847231474705 1.48559890105389 1.42632967536338 0 1.42000733572058 1.39622613065876 1.35192777006887 1.19593943562359 1.35203811642714 1.80157098872587 1.63125938712619 1.55655048880726 1.59921639715321 1.77609242219478 1.27521789143793 1.20721500273794 0.950336544075981
1.58501469204202 1.64919256907888 1.24231094052084 1.84209836879745 1.43399630137719 1.8236243466381 1.50998319755308 1.65657354565337 0.935600215103477 1.4227418510709 1.04577291454189 1.46175506035797 1.38918944937177 1.18183625326492 1.42566957417876 1.7230883857701 1.42000733572058 0 1.73021360766143 1.8859673794359 1.49681342463009 0.92273272247985 1.63343724072911 1.75924920104444 1.34380548261106 0.943454523338005 1.58345878822729 1.53722841781564 1.42795131821185 1.6086627242621
1.55011557182297 1.19323396426626 1.88827931438573 1.26518999948166 1.22535628871992 1.37375407968648 1.63975401897915 1.02617283491418 1.75705045647919 1.02563801850192 1.89678678056225 0.950257679680362 0.959764037048444 0.982222612714395 1.47097402834333 1.77565406402573 1.39622613065876 1.73021360766143 0 1.59751604753546 1.07305585336871 1.27071984601207 1.22948529757559 1.07305297651328 0.923921688459814 1.70120491762646 1.67501163459383 1.10131414886564 1.58493153727613 1.43005869281478
1.28579087951221 1.82597007742152 0.987954415846616 1.54933041729964 1.39351239008829 1.6340804619249 1.67458763089962 1.63360233837739 1.54529647179879 1.82119229296222 1.53448291309178 1.28255869634449 0.983578607672825 1.24614404537715 1.80547289713286 1.13366883574054 1.35192777006887 1.8859673794359 1.59751604753546 0 1.79848316521384 1.89258010173216 1.25736521137878 1.28590325056575 1.68615053058602 1.41708690766245 1.25728844059631 1.66718910913914 1.29886453272775 1.39748737495393
1.80777813587338 1.77918867720291 1.86898659635335 1.60667528701015 1.69841413386166 1.56537377880886 1.21269763447344 1.33247326291166 1.84139639651403 1.48400060925633 1.45636165607721 1.47775153373368 1.26764319068752 1.60819650860503 1.65957115241326 1.72909305780195 1.19593943562359 1.49681342463009 1.07305585336871 1.79848316521384 0 1.30976271256804 1.01690131379291 1.50270226597786 1.34456316963769 1.79965676134452 1.21185615612194 1.37430202006362 1.02392067527398 1.44718512613326
1.31035302043892 1.83793510659598 1.66673290240578 1.38762050471269 1.24412618461065 1.90607311180793 1.16149180941284 1.20876332861371 1.74002662720159 1.051553173922 1.74457947700284 1.04061009618454 0.927155865589157 1.07784091099165 1.44924479536712 1.03353619296104 1.35203811642714 0.92273272247985 1.27071984601207 1.89258010173216 1.30976271256804 0 1.17033850564621 1.80520501499996 1.80341699300334 1.47443001926877 1.63757390342653 1.25865868851542 1.04277929500677 1.14168359641917
0.942491236608475 1.08105824841186 1.08716517896391 1.10905976872891 1.63542808964849 1.56043266900815 1.18100739642978 1.19093846296892 1.15609818953089 1.0400201829616 1.40635406342335 1.46770955785178 1.91455026017502 0.94051110255532 1.75161632313393 1.49177773669362 1.80157098872587 1.63343724072911 1.22948529757559 1.25736521137878 1.01690131379291 1.17033850564621 0 1.69295839779079 1.39424641616642 1.41402582149021 1.85668039345182 1.2141054708045 0.973712593317032 1.17509102029726
1.29174943780527 1.54174006381072 1.72800292330794 1.74381133541465 1.68837350676768 1.00997485779226 1.54149946128018 1.07472536806017 1.88409810024314 1.66437943791971 1.42141749104485 1.74274082388729 1.44239628198557 1.78164665563963 1.85548710194416 1.66908181714825 1.63125938712619 1.75924920104444 1.07305297651328 1.28590325056575 1.50270226597786 1.80520501499996 1.69295839779079 0 1.0174476725515 1.64219563081861 1.32182680303231 1.58229159004986 1.15121214301325 1.21657547191717
1.50253235478885 0.974814917193726 1.75430198060349 1.88391998736188 1.54472492262721 0.977224939735606 1.90457566338591 1.54037868627347 1.02728415327147 1.37885887315497 0.972865092102438 1.39988436573185 1.44270806433633 0.964987568790093 1.26817753701471 1.24859615368769 1.55655048880726 1.34380548261106 0.923921688459814 1.68615053058602 1.34456316963769 1.80341699300334 1.39424641616642 1.0174476725515 0 1.10295662586577 1.57726294896565 1.57542622671463 1.35540204658173 1.18037543864921
1.10907489457168 1.27930944459513 1.3941534711048 1.55748440697789 1.40398754482158 1.59071764769033 1.08580672182143 1.90323147596791 1.07922137668356 1.59387810435146 1.63446285272948 1.86475415178575 1.40073033585213 1.85754050454125 1.436759700533 1.04642310854979 1.59921639715321 0.943454523338005 1.70120491762646 1.41708690766245 1.79965676134452 1.47443001926877 1.41402582149021 1.64219563081861 1.10295662586577 0 1.90040560089983 1.3144647567533 1.78757481183857 1.64622949645855
1.10014504473656 1.21554026124068 1.24572750995867 1.60004161554389 1.71929953200743 1.22082906309515 1.75109013146721 1.34186574281193 1.38112294301391 1.07351180352271 1.15349765238352 1.48456968506798 1.82539617153816 1.60298875207081 1.59272979199886 1.62458483292721 1.77609242219478 1.58345878822729 1.67501163459383 1.25728844059631 1.21185615612194 1.63757390342653 1.85668039345182 1.32182680303231 1.57726294896565 1.90040560089983 0 1.75508932839148 1.69713623076677 1.80370497843251
1.29962498508394 1.81348232389428 1.44294891809113 1.8424302553758 0.990550216753036 1.25046787015162 1.7385682973545 1.24202709342353 1.35664862953126 1.64976043114439 1.31099717365578 1.44758911663666 1.01358989696018 1.0551547810901 1.59136625356041 0.978444633772597 1.27521789143793 1.53722841781564 1.10131414886564 1.66718910913914 1.37430202006362 1.25865868851542 1.2141054708045 1.58229159004986 1.57542622671463 1.3144647567533 1.75508932839148 0 1.25274737551808 1.44919925788417
1.82937764050439 0.957276947796345 1.24847703031264 1.05174369039014 1.10887610004283 1.85911300848238 0.96993231959641 1.16400612005964 1.89871054165997 0.968699565390125 1.73901004972868 1.31880973861553 1.06269119749777 1.13512814138085 1.46025217231363 1.11116635450162 1.20721500273794 1.42795131821185 1.58493153727613 1.29886453272775 1.02392067527398 1.04277929500677 0.973712593317032 1.15121214301325 1.35540204658173 1.78757481183857 1.69713623076677 1.25274737551808 0 1.33787964726798
1.5079626084771 1.54499544459395 1.38663841388188 1.26868150942028 1.46074560796842 1.17073211469688 1.53706566942856 1.25753038725816 1.32108213775791 1.18565421574749 1.12457592156716 0.928605002816767 1.28493608301505 1.17212144704536 1.73897554376163 1.35764610464685 0.950336544075981 1.6086627242621 1.43005869281478 1.39748737495393 1.44718512613326 1.14168359641917 1.17509102029726 1.21657547191717 1.18037543864921 1.64622949645855 1.80370497843251 1.44919925788417 1.33787964726798 0
