0 1.33708477555774 1.76177528500557 1.84219362027943 1.24744955892675 1.79743850976229 1.80856936611235 1.46494702226482 1.05572002264671 1.39303837995976 1.85880154767074 1.66384450090118 1.03935761190951 1.54278602288105 0.990731955971569 1.45141091151163 1.52327860961668 0.955622978974134 1.42656119144522 1.72543989121914 1.72094996832311 1.40595228085294 1.58580337115563 1.17913439450786 1.52475651050918 1.56113454489969 1.17243183706887 1.71424795291387 1.79745928617194 1.61456579528749
1.33708477555774 0 1.04022351233289 1.18294377811253 0.975576970493421 1.41947052511387 1.08883875026368 1.30270428326912 1.08683460974135 1.82980992062949 1.27778113842942 1.6076664282009 1.10849064541981 1.75553282210603 1.51831655530259 1.67318714014255 1.80489394743927 1.44374338770285 1.12035010429099 1.34356185281649 1.79415847803466 1.6006432462018 1.71965913870372 1.59794163587503 1.10376969538629 1.54605725989677 1.6163955386728 1.39602271071635 1.14745018351823 1.24593639466912
1.76177528500557 1.04022351233289 0 1.67175165098161 1.58510172786191 1.60229553980753 1.89937816769816 1.02716733957641 1.41149393189698 1.63311148621142 1.37043206370436 1.40713952318765 1.76888597058132 0.989451769739389 1.2507710326463 1.2139345461037 1.34026295901276 1.20011651539244 1.79170135781169 1.04960682126693 1.3777068676427 1.39042773842812 1.8870726369787 1.62301527732052 1.41548798209988 0.918964094948024 1.52235799981281 1.49118112563156 1.05643936921842 1.26914078067057
1.84219362027943 1.18294377811253 1.67175165098161 0 1.2202355444897 1.07566053792834 1.25475491746329 1.72376860212535 1.34218135732226 1.22811690182425 1.15268119075336 1.39049355569296 1.00168013316579 1.1819367101416 1.51569558144547 1.60133634065278 1.07663363800384 1.68334701354615 1.86410401528701 1.28888964885846 0.973127351375297 1.55831948225386 1.23845120612532 1.33063232433051 1.5483501998242 1.2154535879381 1.66809627879411 1.88285969733261 1.24720919970423 1.75431218370795
1.24744955892675 0.975576970493421 1.58510172786191 1.2202355444897 0 1.7316690494772 1.70844971598126 1.74983787001111 1.86877525481395 1.42509252252057 1.0611737924628 1.25404487620108 1.89345127902925 1.3689541562926 0.966418201103806 1.50783148943447 1.63639122457244 1.44009680324234 1.6470670234412 1.43338419566862 1.32892782287672 1.67212610552087 1.02623886195943 1.0075007583946 1.56162046571262 0.928222415735945 1.09557239571586 1.51408607512712 1.34821475180797 1.14140101405792
1.79743850976229 1.41947052511387 1.60229553980753 1.07566053792834 1.7316690494772 0 1.46624134620652 1.62798202736303 1.06060115597211 1.10914111766033 1.82870537927374 1.62681842781603 1.43446293333545 1.29399742349051 1.26885090675205 1.61936733871698 1.29609555564821 1.12420404306613 1.64753901422955 1.41712465207092 1.35579910152592 1.13932260195725 1.90191184449941 1.37201000773348 1.71329514309764 1.52022588532418 1.90044597582892 1.36749578057788 0.921341121196747 1.38212545285933
1.80856936611235 1.08883875026368 1.89937816769816 1.25475491746329 1.70844971598126 1.46624134620652 0 1.77781553613022 1.80712404521182 1.50849398248829 1.71268722251989 1.9016809198074 1.26197601156309 1.6393475101795 1.35491977469064 1.27941216644831 1.6284603883978 1.01232224423438 1.15313115599565 1.79291170393117 1.09643057640642 1.41469455533661 1.8078029290773 1.66331135947257 0.973997987573966 1.29478103807196 1.65943233063444 1.21287754899822 1.75345571618527 1.90047158487141
1.46494702226482 1.30270428326912 1.02716733957641 1.72376860212535 1.74983787001111 1.62798202736303 1.77781553613022 0 1.03464572108351 1.36764730745926 1.26546628098004 1.47708233934827 1.25513059040532 1.44296238478273 0.993574605090544 1.79448906332254 0.921150314155966 0.994281246792525 1.86359611083753 1.30463849753141 1.34567563328892 1.72714559896849 1.09172641695477 0.920884143095464 1.12267025699839 1.53121774969622 0.978094592224807 1.82738677365705 1.36405942146666 1.35152748133987
1.05572002264671 1.08683460974135 1.41149393189698 1.34218135732226 1.86877525481395 1.06060115597211 1.80712404521182 1.03464572108351 0 1.09920327807777 1.57152333599515 1.51827807631344 1.52571004373021 1.62579701957293 1.54142738389783 1.58372599561699 0.978172951377928 1.39669927908108 1.70990267442539 1.5234642799478 0.966255260165781 1.52339107636362 1.247809530003 1.3204587046057 1.84182917443104 1.43397141247988 1.25375546002761 0.953612378798425 1.66156362276524 1.04005964961834
1.39303837995976 1.82980992062949 1.63311148621142 1.22811690182425 1.42509252252057 1.10914111766033 1.50849398248829 1.36764730745926 1.09920327807777 0 1.89108710270375 1.74521201918833 1.16715211374685 1.22343319910578 1.51241699256934 1.81888598506339 1.35880526830442 1.83256516023539 1.24272555764765 0.972919373307377 1.77734096464701 1.75402782903984 1.1989107162226 1.59719556430355 1.16327973920852 1.46169000281952 1.2858029846102 1.71275008423254 1.8744725973811 1.08376779523678
1.85880154767074 1.27778113842942 1.37043206370436 1.15268119075336 1.0611737924628 1.82870537927374 1.71268722251989 1.26546628098004 1.57152333599515 1.89108710270375 0 1.07703125453554 1.71093147201464 1.20526098553091 1.40272306534462 1.68819707003422 1.82635296951048 1.73235322022811 1.71058086259291 1.45744990813546 0.960639344062656 1.50293806078844 1.06826569675468 1.41403773915954 1.25829793978482 1.05127255991101 1.4934315981809 1.19279319699854 1.1392305532936 1.12845030263998
1.66384450090118 1.6076664282009 1.40713952318765 1.39049355569296 1.25404487620108 1.62681842781603 1.9016809198074 1.47708233934827 1.51827807631344 1.74521201918833 1.07703125453554 0 0.977195264771581 1.66386517928913 1.19880312588066 1.79642077744938 1.59928085422143 1.52682812488638 1.35787425446324 1.72655063332058 1.12448010127991 1.88842681003734 0.929878807161003 1.09916095528752 1.64621241157874 1.66575083066709 0.927027706755325 1.30676582292654 1.20101445284672 1.72014895500615
1.03935761190951 1.10849064541981 1.76888597058132 1.00168013316579 1.89345127902925 1.43446293333545 1.26197601156309 1.25513059040532 1.52571004373021 1.16715211374685 1.71093147201464 0.977195264771581 0 1.18350170669146 1.69579050200991 1.30343177751638 1.59049138030969 1.22962026204914 1.4562187246047 1.71189725771546 1.0830662320368 1.44293132354505 1.36635750764981 1.03451120737009 1.21396418218501 1.14478130405769 1.01687300903723 1.79087784118019 1.02136992732994 1.32689687958919
1.54278602288105 1.75553282210603 0.989451769739389 1.1819367101416 1.3689541562926 1.29399742349051 1.6393475101795 1.44296238478273 1.62579701957293 1.22343319910578 1.20526098553091 1.66386517928913 1.18350170669146 0 1.31414597178809 1.04090059176087 1.66818090085872 1.07381958561018 1.48450614302419 1.88594350707717 1.79196561686695 1.49522941675968 1.77900605811737 1.31616935622878 1.66657669423148 1.58290670649149 1.09976430283859 1.12172234384343 1.89806166104972 1.53737347992137
0.990731955971569 1.51831655530259 1.2507710326463 1.51569558144547 0.966418201103806 1.26885090675205 1.35491977469064 0.993574605090544 1.54142738389783 1.51241699256934 1.40272306534462 1.19880312588066 1.69579050200991 1.31414597178809 0 1.610359569313 1.18522699619643 1.86811807705089 1.7913942898158 1.32016885629855 1.40172930550762 1.87573842331767 1.22113843564875 1.39798533939756 1.74885613634251 1.71943462407216 1.71778672607616 1.12128108763136 0.914378485409543 1.06706326734275
1.45141091151163 1.67318714014255 1.2139345461037 1.60133634065278 1.50783148943447 1.61936733871698 1.27941216644831 1.79448906332254 1.58372599561699 1.81888598506339 1.68819707003422 1.79642077744938 1.30343177751638 1.04090059176087 1.610359569313 0 1.39839404891245 1.73188159521669 1.66395434690639 0.979922524187714 1.61496473685838 1.35045725340024 1.59563399269246 1.5406910115853 1.3756365715526 1.56588385859504 1.30928221717477 1.29012734466232 1.32268334645778 1.66149268834852
1.52327860961668 1.80489394743927 1.34026295901276 1.07663363800384 1.63639122457244 1.29609555564821 1.6284603883978 0.921150314155966 0.978172951377928 1.35880526830442 1.82635296951048 1.59928085422143 1.59049138030969 1.66818090085872 1.18522699619643 1.39839404891245 0 1.20365192275494 1.03715388732962 1.70233634556644 0.971638673217967 1.89294810662977 1.70106594404206 1.71082890802063 1.88845756161027 1.31281641498208 0.942641475470737 1.33558348682709 1.75321372854523 1.84424542076886
0.955622978974134 1.44374338770285 1.20011651539244 1.68334701354615 1.44009680324234 1.12420404306613 1.01232224423438 0.994281246792525 1.39669927908108 1.83256516023539 1.73235322022811 1.52682812488638 1.22962026204914 1.07381958561018 1.86811807705089 1.73188159521669 1.20365192275494 0 1.03715422283858 1.36771147861145 1.52754041971639 0.9651399475988 1.4573665636126 1.23145977873355 1.31857082736678 1.20330862351693 0.909565466456115 0.947831600904465 1.22040713857859 1.64828294375911
1.42656119144522 1.12035010429099 1.79170135781169 1.86410401528701 1.6470670234412 1.64753901422955 1.15313115599565 1.86359611083753 1.70990267442539 1.24272555764765 1.71058086259291 1.35787425446324 1.4562187246047 1.48450614302419 1.7913942898158 1.66395434690639 1.03715388732962 1.03715422283858 0 1.48067635903135 1.65373839857057 1.22969810990617 1.06817295891233 1.02049598633312 0.950879890471697 1.38605396985076 1.45713641797192 1.79368461063132 1.1806810896378 1.26837941049598
1.72543989121914 1.34356185281649 1.04960682126693 1.28888964885846 1.43338419566862 1.41712465207092 1.79291170393117 1.30463849753141 1.5234642799478 0.972919373307377 1.45744990813546 1.72655063332058 1.71189725771546 1.88594350707717 1.32016885629855 0.979922524187714 1.70233634556644 1.36771147861145 1.48067635903135 0 1.74533880548552 1.42838050681166 1.45655925665051 1.73659459501505 1.45263385563157 1.07789496006444 1.47779279318638 0.999893372645602 1.02026506327093 1.65109429438598
1.72094996832311 1.79415847803466 1.3777068676427 0.973127351375297 1.32892782287672 1.35579910152592 1.09643057640642 1.34567563328892 0.966255260165781 1.77734096464701 0.960639344062656 1.12448010127991 1.0830662320368 1.79196561686695 1.40172930550762 1.61496473685838 0.971638673217967 1.52754041971639 1.65373839857057 1.74533880548552 0 1.0875582061708 0.957378683611751 1.39341130061075 1.03167570475489 1.14907607296482 1.90065306192264 0.92049134708941 0.974318596767262 1.1403299223166
1.40595228085294 1.6006432462018 1.39042773842812 1.55831948225386 1.67212610552087 1.13932260195725 1.41469455533661 1.72714559896849 1.52339107636362 1.75402782903984 1.50293806078844 1.88842681003734 1.44293132354505 1.49522941675968 1.87573842331767 1.35045725340024 1.89294810662977 0.9651399475988 1.22969810990617 1.42838050681166 1.0875582061708 0 1.64396645314991 1.823077239329 1.06331749539822 0.917277825763449 1.83874343219213 1.58753771521151 0.961359937908128 1.18581655877642
1.58580337115563 1.71965913870372 1.8870726369787 1.23845120612532 1.02623886195943 1.90191184449941 1.8078029290773 1.09172641695477 1.247809530003 1.1989107162226 1.06826569675468 0.929878807161003 1.36635750764981 1.77900605811737 1.22113843564875 1.59563399269246 1.70106594404206 1.4573665636126 1.06817295891233 1.45655925665051 0.957378683611751 1.64396645314991 0 0.941848787013441 1.11690291436389 1.33285983256064 1.16739328601398 1.80142848356627 1.1403013097588 1.89566269074567
1.17913439450786 1.59794163587503 1.62301527732052 1.33063232433051 1.0075007583946 1.37201000773348 1.66331135947257 0.920884143095464 1.3204587046057 1.59719556430355 1.41403773915954 1.09916095528752 1.03451120737009 1.31616935622878 1.39798533939756 1.5406910115853 1.71082890802063 1.23145977873355 1.02049598633312 1.73659459501505 1.39341130061075 1.823077239329 0.941848787013441 0 1.18462345027365 1.67290344205685 1.03918101103045 1.05872454261407 1.87639022851363 1.17304221843369
1.52475651050918 1.10376969538629 1.41548798209988 1.5483501998242 1.56162046571262 1.71329514309764 0.973997987573966 1.12267025699839 1.84182917443104 1.16327973920852 1.25829793978482 1.64621241157874 1.21396418218501 1.66657669423148 1.74885613634251 1.3756365715526 1.88845756161027 1.31857082736678 0.950879890471697 1.45263385563157 1.03167570475489 1.06331749539822 1.11690291436389 1.18462345027365 0 1.57291925954632 1.80579119012691 1.41811055131257 1.60161591437645 1.07057280931622
1.56113454489969 1.54605725989677 0.918964094948024 1.2154535879381 0.928222415735945 1.52022588532418 1.29478103807196 1.53121774969622 1.43397141247988 1.46169000281952 1.05127255991101 1.66575083066709 1.14478130405769 1.58290670649149 1.71943462407216 1.56588385859504 1.31281641498208 1.20330862351693 1.38605396985076 1.07789496006444 1.14907607296482 0.917277825763449 1.33285983256064 1.67290344205685 1.57291925954632 0 1.79555308795534 1.12883659731597 1.13069683033973 1.85514451679774
1.17243183706887 1.6163955386728 1.52235799981281 1.66809627879411 1.09557239571586 1.90044597582892 1.65943233063444 0.978094592224807 1.25375546002761 1.2858029846102 1.4934315981809 0.927027706755325 1.01687300903723 1.09976430283859 1.71778672607616 1.30928221717477 0.942641475470737 0.909565466456115 1.45713641797192 1.47779279318638 1.90065306192264 1.83874343219213 1.16739328601398 1.03918101103045 1.80579119012691 1.79555308795534 0 1.09407861833461 1.61859246296808 1.2131785179954
1.71424795291387 1.39602271071635 1.49118112563156 1.88285969733261 1.51408607512712 1.36749578057788 1.21287754899822 1.82738677365705 0.953612378798425 1.71275008423254 1.19279319699854 1.30676582292654 1.79087784118019 1.12172234384343 1.12128108763136 1.29012734466232 1.33558348682709 0.947831600904465 1.79368461063132 0.999893372645602 0.92049134708941 1.58753771521151 1.80142848356627 1.05872454261407 1.41811055131257 1.12883659731597 1.09407861833461 0 1.65701412945054 1.13451829669066
1.79745928617194 1.14745018351823 1.05643936921842 1.24720919970423 1.34821475180797 0.921341121196747 1.75345571618527 1.36405942146666 1.66156362276524 1.8744725973811 1.1392305532936 1.20101445284672 1.02136992732994 1.89806166104972 0.914378485409543 1.32268334645778 1.75321372854523 1.22040713857859 1.1806810896378 1.02026506327093 0.974318596767262 0.961359937908128 1.1403013097588 1.87639022851363 1.60161591437645 1.13069683033973 1.61859246296808 1.65701412945054 0 1.45565187232569
1.61456579528749 1.24593639466912 1.26914078067057 1.75431218370795 1.14140101405792 1.38212545285933 1.90047158487141 1.35152748133987 1.04005964961834 1.08376779523678 1.12845030263998 1.72014895500615 1.32689687958919 1.53737347992137 1.06706326734275 1.66149268834852 1.84424542076886 1.64828294375911 1.26837941049598 1.65109429438598 1.1403299223166 1.18581655877642 1.89566269074567 1.17304221843369 1.07057280931622 1.85514451679774 1.2131785179954 1.13451829669066 1.45565187232569 0
