0 1.22590456227772 1.76844078907743 1.70533707621507 1.54229514393955 1.53968625934795 1.73145017423667 1.73264618543908 1.72870216867886 1.12161881430075 1.6181117806118 1.47569163306616 1.19513677922077 1.02958191465586 1.89598697400652 1.43586760782637 1.53581317304634 1.03444296051748 1.39100372768007 1.07621124666184 1.49186470569111 1.89371841889806 1.01069899601862 1.58195038349368 1.20933162793517 1.38878671173006 1.79348598560318 1.50489415810443 1.52372402441688 1.24678442534059
1.22590456227772 0 1.12021720432676 1.339430029504 1.27577527752146 1.28074896754697 1.55281965038739 1.56225272198208 1.92925842688419 1.64447188936174 1.83922017086297 1.72916239919141 1.58236389304511 1.51699447142892 1.47611905634403 1.42581008817069 1.56698890565895 1.07067026174627 1.86418342147954 1.0026606307365 1.51540691568516 1.54200574941933 1.62205977574922 1.72753726132214 1.85353459254839 1.67415634263307 1.37598795816302 1.0846057231538 0.947395508410409 1.67293546628207
1.76844078907743 1.12021720432676 0 1.28476936509833 1.84461606340483 1.22645965428092 1.4193722771015 1.08821477228776 0.978522414108738 0.961963386042044 1.32021207455546 1.41632070904598 1.82348598563112 1.13084933068603 1.45134428725578 1.92249570717104 0.979928905144334 1.12909410195425 1.87637370708399 1.8148979539983 1.27144681848586 1.36262103612535 1.18419448635541 1.90949509432539 1.13675757567398 1.87872149865143 1.04313887213357 1.26308425306343 1.09672268829308 1.24471775977872
1.70533707621507 1.339430029504 1.28476936509833 0 1.8502850679215 1.6579395015724 1.74776287027635 1.7593988601584 1.72592045669444 1.68033580528572 1.00605960004032 1.33816606202163 1.30345548992045 1.22211494017392 1.41879122518003 1.87056445912458 1.50427992455661 1.52092408319004 1.10519123519771 1.05423237057403 1.05774219729938 1.06475423858501 1.75305589428172 1.32049874681979 1.01622356264852 1.02562273712829 1.43384539126419 1.43397688330151 1.02719972934574 1.32911623106338
1.54229514393955 1.27577527752146 1.84461606340483 1.8502850679215 0 1.33153857546858 1.79612670675851 1.18355264374986 1.04797178809531 1.41816359036602 1.17165014171042 1.8836617465131 1.36818152340129 1.91621524444781 1.34254309907556 1.64659659098834 1.861575511517 0.996081694494933 1.9441497719381 1.87935413676314 1.84426339622587 1.79725504177622 1.04312284756452 1.13712706719525 1.02636821428314 1.01708406442776 1.53341631218791 1.24431732064113 1.01462672650814 1.17169246589765
1.53968625934795 1.28074896754697 1.22645965428092 1.6579395015724 1.33153857546858 0 1.9099830891937 1.00790147855878 1.16354209417477 0.98707418772392 0.967624783748761 1.65136700565927 1.7212170639541 1.43379254825413 1.13601484545507 1.58422737265937 1.79493338265456 1.33143537770957 1.8298002067022 1.3371767795179 1.3980223427061 1.35867081396282 1.73356798128225 0.975975078064948 1.05482868594117 1.93677663081326 1.41030844254419 0.974348035408184 1.52524013957009 1.25102551630698
1.73145017423667 1.55281965038739 1.4193722771015 1.74776287027635 1.79612670675851 1.9099830891937 0 1.05573668843135 1.37725523510017 1.32431620475836 1.33995257504284 1.11191910505295 1.03429888444953 1.8402515030466 1.12256706599146 1.14395798044279 1.25917938910425 1.74940479593351 1.53450189018622 1.30021295603365 1.35522540681995 1.41298345383257 1.28571091825143 1.15979751665145 1.85357503429987 1.09578338591382 1.84641253692098 1.08057293971069 1.36412818985991 1.76014994480647
1.73264618543908 1.56225272198208 1.08821477228776 1.7593988601584 1.18355264374986 1.00790147855878 1.05573668843135 0 1.18101268471219 1.2621040076483 1.3962723929435 1.20878602657467 1.61491246847436 1.33086229185574 1.43688112846576 1.22456847736612 1.52995905396529 1.02976429206319 1.38707480672747 1.25441994494759 1.17082224739715 1.74230773211457 1.87542813480832 1.73465713136829 1.54901978629641 1.50217670528218 1.45537267834879 1.57458612928167 1.36242141225375 1.58280130196363
1.72870216867886 1.92925842688419 0.978522414108738 1.72592045669444 1.04797178809531 1.16354209417477 1.37725523510017 1.18101268471219 0 1.3443379548844 1.83369126822799 1.86811627820134 1.10637455317192 1.91690228879452 1.89498750120401 1.86738686263561 1.78974820487201 0.976568173617125 1.56085073016584 1.8572703327518 1.6850837636739 1.70156775088981 1.31727697374299 0.963349368423223 1.24447698774748 1.26068750908598 0.968879957916215 1.18979826453142 1.75988720706664 1.15682461601682
1.12161881430075 1.64447188936174 0.961963386042044 1.68033580528572 1.41816359036602 0.98707418772392 1.32431620475836 1.2621040076483 1.3443379548844 0 1.62572911893949 1.17263669124804 1.46087343269028 1.58526378823444 1.17541669402272 1.87607906875201 1.58018411369994 1.88029966736212 1.86614008434117 1.53568282001652 0.967583609046414 1.64143161545508 1.71176775963977 1.92169735208154 1.44840713823214 1.58081438834779 1.69325497024693 1.60575338662602 1.63677251106128 1.35193980461918
1.6181117806118 1.83922017086297 1.32021207455546 1.00605960004032 1.17165014171042 0.967624783748761 1.33995257504284 1.3962723929435 1.83369126822799 1.62572911893949 0 1.79341073893011 1.76704477611929 1.16790459724143 1.06236253888346 1.78618322499096 1.33803830738179 1.25959926866926 1.47484447481111 1.10656701005064 1.2150147780776 1.69459996162914 1.1514689985197 1.7041853624396 1.44083320442587 1.20796100352891 1.93706975295208 1.46525103459135 1.16464391560294 1.63035062374547
1.47569163306616 1.72916239919141 1.41632070904598 1.33816606202163 1.8836617465131 1.65136700565927 1.11191910505295 1.20878602657467 1.86811627820134 1.17263669124804 1.79341073893011 0 1.07672941940837 1.66590197244659 1.55920015275478 1.62826930498704 1.75392640032806 1.20287647121586 1.57271042536013 1.61041668313555 1.49134481791407 1.68271403992549 0.969237391138449 1.53690451104194 1.03603656636551 1.46532179857604 1.22163253719918 1.39261559722945 1.3427189362701 0.949507098644972
1.19513677922077 1.58236389304511 1.82348598563112 1.30345548992045 1.36818152340129 1.7212170639541 1.03429888444953 1.61491246847436 1.10637455317192 1.46087343269028 1.76704477611929 1.07672941940837 0 1.03510164632462 1.11828322499059 1.42364077665843 1.44616079586558 1.07881400897168 1.52665010700002 1.42113076313399 1.03179528866895 0.951338336104527 1.11608258681372 0.963029580190778 1.69543297402561 1.04387714038603 1.61297280760482 1.28266169270501 1.23001639754511 1.05947816534899
1.02958191465586 1.51699447142892 1.13084933068603 1.22211494017392 1.91621524444781 1.43379254825413 1.8402515030466 1.33086229185574 1.91690228879452 1.58526378823444 1.16790459724143 1.66590197244659 1.03510164632462 0 1.50806526350789 0.94995295535773 1.42117573367432 0.958345358725637 1.64951360970736 1.21536415652372 1.10617489274591 1.1023089333903 1.42494690627791 1.75996799091808 1.43539552949369 1.18772223661654 1.18631302192807 1.65215779817663 1.39580287900753 0.991835621651262
1.89598697400652 1.47611905634403 1.45134428725578 1.41879122518003 1.34254309907556 1.13601484545507 1.12256706599146 1.43688112846576 1.89498750120401 1.17541669402272 1.06236253888346 1.55920015275478 1.11828322499059 1.50806526350789 0 1.04381593316793 1.03119236673228 1.29764550132677 1.03859767201357 1.44609754253179 1.85744873201475 1.43333565793 1.69561468157917 1.35772841004655 1.12423557718284 1.47433007438667 1.6840841495432 1.72584342560731 1.48462622053921 1.62907050084323
1.43586760782637 1.42581008817069 1.92249570717104 1.87056445912458 1.64659659098834 1.58422737265937 1.14395798044279 1.22456847736612 1.86738686263561 1.87607906875201 1.78618322499096 1.62826930498704 1.42364077665843 0.94995295535773 1.04381593316793 0 1.02344949916005 1.55363056552596 1.89543887367472 1.02796397707425 1.47218939452432 1.29724527290091 1.1988195287995 1.16963535756804 1.2295315482188 1.90593440597877 1.72762506874278 1.05077763320878 0.98567543271929 1.93808168708347
1.53581317304634 1.56698890565895 0.979928905144334 1.50427992455661 1.861575511517 1.79493338265456 1.25917938910425 1.52995905396529 1.78974820487201 1.58018411369994 1.33803830738179 1.75392640032806 1.44616079586558 1.42117573367432 1.03119236673228 1.02344949916005 0 1.9169734895695 1.68486766354181 1.00893192877993 1.64580892515369 1.46774452202953 1.43362630833872 1.71589805441909 1.40609613526613 1.17120647290722 1.19952319003642 1.1592275435105 1.44416798627935 1.29346376820467
1.03444296051748 1.07067026174627 1.12909410195425 1.52092408319004 0.996081694494933 1.33143537770957 1.74940479593351 1.02976429206319 0.976568173617125 1.88029966736212 1.25959926866926 1.20287647121586 1.07881400897168 0.958345358725637 1.29764550132677 1.55363056552596 1.9169734895695 0 1.79387223953381 1.29587076720782 1.29305698303506 1.93843461945653 1.85580575559288 1.66932637663558 1.2538111647591 1.52337977965362 1.51262718299404 1.83890207554214 1.92256703600287 1.93101421860047
1.39100372768007 1.86418342147954 1.87637370708399 1.10519123519771 1.9441497719381 1.8298002067022 1.53450189018622 1.38707480672747 1.56085073016584 1.86614008434117 1.47484447481111 1.57271042536013 1.52665010700002 1.64951360970736 1.03859767201357 1.89543887367472 1.68486766354181 1.79387223953381 0 1.85498354514129 1.76791391242296 1.24144976306707 1.53816603310406 1.56176369497553 1.39850639575161 1.0127629917115 1.60574887902476 1.44455911242403 1.20234258589335 1.48579066270031
1.07621124666184 1.0026606307365 1.8148979539983 1.05423237057403 1.87935413676314 1.3371767795179 1.30021295603365 1.25441994494759 1.8572703327518 1.53568282001652 1.10656701005064 1.61041668313555 1.42113076313399 1.21536415652372 1.44609754253179 1.02796397707425 1.00893192877993 1.29587076720782 1.85498354514129 0 1.91468528052792 1.50744335120544 1.29664979898371 1.16278821323067 1.90117981238291 1.6623556627892 0.955529778497294 1.45314070605673 1.76441305479966 1.5236532848794
1.49186470569111 1.51540691568516 1.27144681848586 1.05774219729938 1.84426339622587 1.3980223427061 1.35522540681995 1.17082224739715 1.6850837636739 0.967583609046414 1.2150147780776 1.49134481791407 1.03179528866895 1.10617489274591 1.85744873201475 1.47218939452432 1.64580892515369 1.29305698303506 1.76791391242296 1.91468528052792 0 1.92149272118695 1.60657082661055 1.84938634326681 1.50043754884973 1.18717122706585 1.21622387529351 1.56680226442404 1.29148755222559 1.26883544307202
1.89371841889806 1.54200574941933 1.36262103612535 1.06475423858501 1.79725504177622 1.35867081396282 1.41298345383257 1.74230773211457 1.70156775088981 1.64143161545508 1.69459996162914 1.68271403992549 0.951338336104527 1.1023089333903 1.43333565793 1.29724527290091 1.46774452202953 1.93843461945653 1.24144976306707 1.50744335120544 1.92149272118695 0 1.4764452567324 1.30208059120923 1.30026514455676 1.47464386606589 1.89492598874494 1.46051992219873 1.64938485645689 1.62652158737183
1.01069899601862 1.62205977574922 1.18419448635541 1.75305589428172 1.04312284756452 1.73356798128225 1.28571091825143 1.87542813480832 1.31727697374299 1.71176775963977 1.1514689985197 0.969237391138449 1.11608258681372 1.42494690627791 1.69561468157917 1.1988195287995 1.43362630833872 1.85580575559288 1.53816603310406 1.29664979898371 1.60657082661055 1.4764452567324 0 1.86620037443936 1.15144836041145 1.21440396644175 1.72484011971392 1.8107493033167 1.59123043133877 1.10605739778839
1.58195038349368 1.72753726132214 1.90949509432539 1.32049874681979 1.13712706719525 0.975975078064948 1.15979751665145 1.73465713136829 0.963349368423223 1.92169735208154 1.7041853624396 1.53690451104194 0.963029580190778 1.75996799091808 1.35772841004655 1.16963535756804 1.71589805441909 1.66932637663558 1.56176369497553 1.16278821323067 1.84938634326681 1.30208059120923 1.86620037443936 0 0.958725124597549 1.54068910120986 1.93222932633944 1.64239665237255 1.47619988815859 1.81985277985223
1.20933162793517 1.85353459254839 1.13675757567398 1.01622356264852 1.02636821428314 1.05482868594117 1.85357503429987 1.54901978629641 1.24447698774748 1.44840713823214 1.44083320442587 1.03603656636551 1.69543297402561 1.43539552949369 1.12423557718284 1.2295315482188 1.40609613526613 1.2538111647591 1.39850639575161 1.90117981238291 1.50043754884973 1.30026514455676 1.15144836041145 0.958725124597549 0 1.2017196349334 1.65645687491633 1.73975629522465 1.65788671863265 1.66424759593792
1.38878671173006 1.67415634263307 1.87872149865143 1.02562273712829 1.01708406442776 1.93677663081326 1.09578338591382 1.50217670528218 1.26068750908598 1.58081438834779 1.20796100352891 1.46532179857604 1.04387714038603 1.18772223661654 1.47433007438667 1.90593440597877 1.17120647290722 1.52337977965362 1.0127629917115 1.6623556627892 1.18717122706585 1.47464386606589 1.21440396644175 1.54068910120986 1.2017196349334 0 1.52596986643039 1.77780729415826 1.5772102822084 1.14952060533687
1.79348598560318 1.37598795816302 1.04313887213357 1.43384539126419 1.53341631218791 1.41030844254419 1.84641253692098 1.45537267834879 0.968879957916215 1.69325497024693 1.93706975295208 1.22163253719918 1.61297280760482 1.18631302192807 1.6840841495432 1.72762506874278 1.19952319003642 1.51262718299404 1.60574887902476 0.955529778497294 1.21622387529351 1.89492598874494 1.72484011971392 1.93222932633944 1.65645687491633 1.52596986643039 0 1.79334207228385 0.959208015585318 1.33082973840646
1.50489415810443 1.0846057231538 1.26308425306343 1.43397688330151 1.24431732064113 0.974348035408184 1.08057293971069 1.57458612928167 1.18979826453142 1.60575338662602 1.46525103459135 1.39261559722945 1.28266169270501 1.65215779817663 1.72584342560731 1.05077763320878 1.1592275435105 1.83890207554214 1.44455911242403 1.45314070605673 1.56680226442404 1.46051992219873 1.8107493033167 1.64239665237255 1.73975629522465 1.77780729415826 1.79334207228385 0 1.319852250861 1.65845550736412
1.52372402441688 0.947395508410409 1.09672268829308 1.02719972934574 1.01462672650814 1.52524013957009 1.36412818985991 1.36242141225375 1.75988720706664 1.63677251106128 1.16464391560294 1.3427189362701 1.23001639754511 1.39580287900753 1.48462622053921 0.98567543271929 1.44416798627935 1.92256703600287 1.20234258589335 1.76441305479966 1.29148755222559 1.64938485645689 1.59123043133877 1.47619988815859 1.65788671863265 1.5772102822084 0.959208015585318 1.319852250861 0 1.91307232878171
1.24678442534059 1.67293546628207 1.24471775977872 1.32911623106338 1.17169246589765 1.25102551630698 1.76014994480647 1.58280130196363 1.15682461601682 1.35193980461918 1.63035062374547 0.949507098644972 1.05947816534899 0.991835621651262 1.62907050084323 1.93808168708347 1.29346376820467 1.93101421860047 1.48579066270031 1.5236532848794 1.26883544307202 1.62652158737183 1.10605739778839 1.81985277985223 1.66424759593792 1.14952060533687 1.33082973840646 1.65845550736412 1.91307232878171 0
