0 1.67378659034148 1.41200818424113 0.998020131606609 1.27281002816744 1.31845220038667 1.87981857918203 1.49615899054334 1.45982187124901 1.34705615486018 1.51437223306857 1.78976105549373 1.04440295905806 1.37184555269778 0.95256954501383 1.70780459512025 1.62440929072909 1.84395155939274 1.38644299237058 1.39929040451534 1.61920176399872 1.15476414375007 1.45511763263494 1.59192549041472 1.59102780302055 1.90735044889152 1.53638669196516 1.00942074903287 1.33760635345243 1.88530658208765
1.67378659034148 0 1.7801190901082 1.79656398179941 0.931354226311669 1.59958587097935 1.43489340413362 1.44209663011134 0.95438324357383 1.55744852055795 0.982644648291171 1.90435872436501 1.33940953249112 1.31229819706641 1.00343643291853 1.36965772463009 1.2342134162318 1.02293840842322 1.3288806497585 1.22966989804991 1.64309087675065 1.08637998159975 1.08004496456124 1.0088054605294 1.79528039507568 1.25017771078274 1.42737661371939 1.75999388075434 1.47883279551752 1.19569740653969
1.41200818424113 1.7801190901082 0 1.01996920746751 1.87913908646442 1.58085928624496 1.33316931710579 1.29368696571328 1.83906383719295 1.47720306296833 1.67652070056647 0.928358655888587 1.2617541202344 1.54218603041954 1.70947659970261 1.41310884081759 1.38746681204066 1.05997719755396 0.993896666448563 1.35850798222236 1.4221186619252 1.51334639429115 1.15604149363935 1.07044868147932 1.89288829057477 1.42744938121177 1.66960012144409 1.06282003084198 1.83364371978678 1.74338344205171
0.998020131606609 1.79656398179941 1.01996920746751 0 1.09772386820987 0.960046846419573 1.43284599133767 1.5353909174446 1.21682347496971 1.08176453527994 1.0457367261406 0.97117006778717 1.44874916318804 1.69142154674046 1.68421147554182 1.23165926616639 1.28156304149888 1.83682478475384 1.46350558381528 1.62054450856522 1.17475080932491 1.32146454136819 1.74111126642674 1.61639578896575 1.60014989995398 1.59879251662642 1.14425590750761 1.8874641971197 1.12075492809527 0.916808063397184
1.27281002816744 0.931354226311669 1.87913908646442 1.09772386820987 0 1.79847983201034 1.76696789357811 1.85471196821891 1.39554688869976 1.28801834653132 1.50409777835011 1.27753719780594 1.47672285768203 1.35922029917128 1.6202703549061 1.78964044386521 1.19293891103007 1.79776590457186 1.41249489784241 1.56484663346782 1.34306712588295 1.09367771772668 0.95333659206517 1.3738630793523 1.60521088144742 1.6631037814077 1.36234418139793 1.66730796708725 1.35086819087155 1.53385481820442
1.31845220038667 1.59958587097935 1.58085928624496 0.960046846419573 1.79847983201034 0 1.69634858728386 1.34577153879218 1.28916582674719 1.24569837446325 1.67345104459673 1.21919299010187 0.928079540142789 1.84111161855981 1.50735683878884 1.1599992592819 1.71249632467516 1.46944166021422 1.46873077680357 1.49989834078588 1.86682913033292 1.88499748730101 1.6933851223439 1.15183754777536 1.18544359412044 1.44867370952852 1.04189635626972 1.86450399365276 1.85010823491029 1.06003217329271
1.87981857918203 1.43489340413362 1.33316931710579 1.43284599133767 1.76696789357811 1.69634858728386 0 1.82876707450487 1.68834505951963 1.28568853903562 1.50581294554286 1.80016575171612 1.57527028722689 1.35597582021728 1.49348929687403 1.87384661287069 1.2997613705229 1.82814846932888 1.56194614758715 1.37296698638238 1.24441577121615 1.06542027415708 1.36401570029557 1.13028723536991 1.16411226568744 1.7361006741412 1.3974247938022 1.40665584197268 0.982911935308948 1.63188302284107
1.49615899054334 1.44209663011134 1.29368696571328 1.5353909174446 1.85471196821891 1.34577153879218 1.82876707450487 0 1.76366105512716 1.54957038396969 1.86548953154124 1.44030139758252 1.37010276340879 1.77292409143411 1.65297458227724 1.20277994940989 1.52087167021818 1.35262223985046 1.80461719864979 1.11342147085816 1.43506722617894 1.20157466642559 1.71308593847789 1.808022092795 1.88452193047851 1.23416262026876 1.12406074465252 1.87938740779646 1.58707383996807 1.18617314798757
1.45982187124901 0.95438324357383 1.83906383719295 1.21682347496971 1.39554688869976 1.28916582674719 1.68834505951963 1.76366105512716 0 1.0264623966068 1.0082872970961 1.52248517703265 1.00150484382175 1.65857073734514 1.24316392000765 1.32100557652302 1.55789001402445 1.69472534791566 1.40591854974627 1.43703748914413 1.87399434740655 1.28402382391505 1.7555716810748 1.18117086123675 1.14001630246639 1.31367565318942 1.89844373753294 1.89644195372239 1.39648670237511 1.9038344847504
1.34705615486018 1.55744852055795 1.47720306296833 1.08176453527994 1.28801834653132 1.24569837446325 1.28568853903562 1.54957038396969 1.0264623966068 0 0.997570145176724 1.1331523898989 1.90840173023753 1.12027731607668 1.33344757207669 1.20992669998668 1.71320151607506 1.09662014548667 0.915444594342262 1.50883838348091 1.75684989872389 1.68219788046554 1.88304606848396 1.34713583858684 1.44045071024448 1.63509596092626 1.52757992083207 1.07531735301018 1.85251346114092 1.37291329959407
1.51437223306857 0.982644648291171 1.67652070056647 1.0457367261406 1.50409777835011 1.67345104459673 1.50581294554286 1.86548953154124 1.0082872970961 0.997570145176724 0 1.37696720520034 1.54676627973095 1.11821877374314 1.81657794164494 1.83634692709893 1.66983523522504 1.68551130406559 1.71106082480401 1.90641627996229 1.43699123337865 1.42338066827506 1.51907426840626 1.42828836967237 1.28338581533171 1.07737424201332 1.475400877418 1.03684788267128 1.00786873372272 1.09454148774967
1.78976105549373 1.90435872436501 0.928358655888587 0.97117006778717 1.27753719780594 1.21919299010187 1.80016575171612 1.44030139758252 1.52248517703265 1.1331523898989 1.37696720520034 0 1.50969052664004 1.88677943963557 1.75622186879627 1.84586347732693 1.11893802671693 1.26731388736516 1.20937758265063 1.02284983964637 1.65605988283642 1.30680177384056 1.18954981863499 1.89037379459478 1.5068452579435 1.25456351228058 1.8958308880683 1.67464193422347 1.69033468468115 1.68030932056718
1.04440295905806 1.33940953249112 1.2617541202344 1.44874916318804 1.47672285768203 0.928079540142789 1.57527028722689 1.37010276340879 1.00150484382175 1.90840173023753 1.54676627973095 1.50969052664004 0 1.34478366584517 1.09263615612872 1.87452343758196 1.64222363196313 0.950878552626818 1.27813689503819 1.26880964706652 1.83011877164245 1.22040231409483 1.06180493952706 1.66471353196539 1.54993714462034 1.50607647700235 1.67173291416839 1.1163206466008 1.84863269771449 1.09569284250028
1.37184555269778 1.31229819706641 1.54218603041954 1.69142154674046 1.35922029917128 1.84111161855981 1.35597582021728 1.77292409143411 1.65857073734514 1.12027731607668 1.11821877374314 1.88677943963557 1.34478366584517 0 1.83964829985052 1.34857609705068 1.86264345236123 1.90825932635926 1.24660884262994 1.33330291649327 1.56290963827632 1.8857049967628 0.934623898239806 1.07747760624625 1.59415296209045 1.26326840906404 1.02401565085165 1.59220724715851 1.7726566856727 1.26985954353586
0.95256954501383 1.00343643291853 1.70947659970261 1.68421147554182 1.6202703549061 1.50735683878884 1.49348929687403 1.65297458227724 1.24316392000765 1.33344757207669 1.81657794164494 1.75622186879627 1.09263615612872 1.83964829985052 0 1.54759991448373 1.50491520948708 1.67511309008114 1.46748074493371 1.00315454229712 1.1401072347071 1.72497011418454 1.0665148512926 1.2623356282711 1.44723657984287 1.33165490278043 1.21431973623112 1.870191459544 1.86355195823126 0.932737037073821
1.70780459512025 1.36965772463009 1.41310884081759 1.23165926616639 1.78964044386521 1.1599992592819 1.87384661287069 1.20277994940989 1.32100557652302 1.20992669998668 1.83634692709893 1.84586347732693 1.87452343758196 1.34857609705068 1.54759991448373 0 1.51841415883973 1.53472975012846 1.31228921422735 1.83946242253296 1.8657664177008 1.4039258796256 1.60304200742394 1.66254418087192 1.06436027190648 1.85302663268521 1.7251703501679 1.33857326838188 1.68079175171442 0.922887483378872
1.62440929072909 1.2342134162318 1.38746681204066 1.28156304149888 1.19293891103007 1.71249632467516 1.2997613705229 1.52087167021818 1.55789001402445 1.71320151607506 1.66983523522504 1.11893802671693 1.64222363196313 1.86264345236123 1.50491520948708 1.51841415883973 0 1.11341961589642 0.976673678960651 1.47500872053206 1.16045562294312 0.921755409101024 1.06156090204604 1.29261382762343 1.41989795654081 1.14962654700503 0.934169293381274 1.48196992976591 1.3143921867013 1.25668289931491
1.84395155939274 1.02293840842322 1.05997719755396 1.83682478475384 1.79776590457186 1.46944166021422 1.82814846932888 1.35262223985046 1.69472534791566 1.09662014548667 1.68551130406559 1.26731388736516 0.950878552626818 1.90825932635926 1.67511309008114 1.53472975012846 1.11341961589642 0 1.85804384294897 1.76402240339667 1.26474357419647 1.68152057332918 1.88664870080538 1.32422234420665 1.79384765145369 1.64951918879524 1.72047356772237 1.02487633936107 1.77583120553754 1.73682902147993
1.38644299237058 1.3288806497585 0.993896666448563 1.46350558381528 1.41249489784241 1.46873077680357 1.56194614758715 1.80461719864979 1.40591854974627 0.915444594342262 1.71106082480401 1.20937758265063 1.27813689503819 1.24660884262994 1.46748074493371 1.31228921422735 0.976673678960651 1.85804384294897 0 1.80248632514849 1.78827531263232 1.43593268003315 1.78508856357075 1.38661991036497 1.60566232958809 1.24418054753914 1.02874002186581 1.63685041223653 1.18288180767559 1.42014003265649
1.39929040451534 1.22966989804991 1.35850798222236 1.62054450856522 1.56484663346782 1.49989834078588 1.37296698638238 1.11342147085816 1.43703748914413 1.50883838348091 1.90641627996229 1.02284983964637 1.26880964706652 1.33330291649327 1.00315454229712 1.83946242253296 1.47500872053206 1.76402240339667 1.80248632514849 0 1.24930933001451 1.46388953132555 1.56573771266267 1.29850969300605 1.57317902264185 1.6061928011477 1.53831177041866 1.80749328131787 1.10499829589389 1.50328468997031
1.61920176399872 1.64309087675065 1.4221186619252 1.17475080932491 1.34306712588295 1.86682913033292 1.24441577121615 1.43506722617894 1.87399434740655 1.75684989872389 1.43699123337865 1.65605988283642 1.83011877164245 1.56290963827632 1.1401072347071 1.8657664177008 1.16045562294312 1.26474357419647 1.78827531263232 1.24930933001451 0 0.931114313658327 1.07717345003039 0.978204964194447 1.23980528488755 1.41337645123713 1.05734336446039 1.19839493464679 1.86135038663633 1.63546992000192
1.15476414375007 1.08637998159975 1.51334639429115 1.32146454136819 1.09367771772668 1.88499748730101 1.06542027415708 1.20157466642559 1.28402382391505 1.68219788046554 1.42338066827506 1.30680177384056 1.22040231409483 1.8857049967628 1.72497011418454 1.4039258796256 0.921755409101024 1.68152057332918 1.43593268003315 1.46388953132555 0.931114313658327 0 1.07100190361962 1.45904931845143 1.00553605542518 1.68807814014144 1.27919966564514 1.53826711815782 1.41256181290373 1.3142284732312
1.45511763263494 1.08004496456124 1.15604149363935 1.74111126642674 0.95333659206517 1.6933851223439 1.36401570029557 1.71308593847789 1.7555716810748 1.88304606848396 1.51907426840626 1.18954981863499 1.06180493952706 0.934623898239806 1.0665148512926 1.60304200742394 1.06156090204604 1.88664870080538 1.78508856357075 1.56573771266267 1.07717345003039 1.07100190361962 0 1.38219623290934 1.75980473868549 0.969327025581151 1.07122154952958 1.3579493064899 1.78183846059255 1.39966970542446
1.59192549041472 1.0088054605294 1.07044868147932 1.61639578896575 1.3738630793523 1.15183754777536 1.13028723536991 1.808022092795 1.18117086123675 1.34713583858684 1.42828836967237 1.89037379459478 1.66471353196539 1.07747760624625 1.2623356282711 1.66254418087192 1.29261382762343 1.32422234420665 1.38661991036497 1.29850969300605 0.978204964194447 1.45904931845143 1.38219623290934 0 1.18234994914383 1.54478159360588 1.63409867114387 0.916595498099923 1.52317112637684 1.48072709189728
1.59102780302055 1.79528039507568 1.89288829057477 1.60014989995398 1.60521088144742 1.18544359412044 1.16411226568744 1.88452193047851 1.14001630246639 1.44045071024448 1.28338581533171 1.5068452579435 1.54993714462034 1.59415296209045 1.44723657984287 1.06436027190648 1.41989795654081 1.79384765145369 1.60566232958809 1.57317902264185 1.23980528488755 1.00553605542518 1.75980473868549 1.18234994914383 0 1.06708250427619 1.85169296758249 1.48733470775187 1.55793130933307 1.07466448424384
1.90735044889152 1.25017771078274 1.42744938121177 1.59879251662642 1.6631037814077 1.44867370952852 1.7361006741412 1.23416262026876 1.31367565318942 1.63509596092626 1.07737424201332 1.25456351228058 1.50607647700235 1.26326840906404 1.33165490278043 1.85302663268521 1.14962654700503 1.64951918879524 1.24418054753914 1.6061928011477 1.41337645123713 1.68807814014144 0.969327025581151 1.54478159360588 1.06708250427619 0 1.72394619090483 1.89808299648575 1.72135971789248 1.55855854717083
1.53638669196516 1.42737661371939 1.66960012144409 1.14425590750761 1.36234418139793 1.04189635626972 1.3974247938022 1.12406074465252 1.89844373753294 1.52757992083207 1.475400877418 1.8958308880683 1.67173291416839 1.02401565085165 1.21431973623112 1.7251703501679 0.934169293381274 1.72047356772237 1.02874002186581 1.53831177041866 1.05734336446039 1.27919966564514 1.07122154952958 1.63409867114387 1.85169296758249 1.72394619090483 0 1.25834594410844 1.63239134172909 1.06867812038399
1.00942074903287 1.75999388075434 1.06282003084198 1.8874641971197 1.66730796708725 1.86450399365276 1.40665584197268 1.87938740779646 1.89644195372239 1.07531735301018 1.03684788267128 1.67464193422347 1.1163206466008 1.59220724715851 1.870191459544 1.33857326838188 1.48196992976591 1.02487633936107 1.63685041223653 1.80749328131787 1.19839493464679 1.53826711815782 1.3579493064899 0.916595498099923 1.48733470775187 1.89808299648575 1.25834594410844 0 1.65038848435506 1.67359208525158
1.33760635345243 1.47883279551752 1.83364371978678 1.12075492809527 1.35086819087155 1.85010823491029 0.982911935308948 1.58707383996807 1.39648670237511 1.85251346114092 1.00786873372272 1.69033468468115 1.84863269771449 1.7726566856727 1.86355195823126 1.68079175171442 1.3143921867013 1.77583120553754 1.18288180767559 1.10499829589389 1.86135038663633 1.41256181290373 1.78183846059255 1.52317112637684 1.55793130933307 1.72135971789248 1.63239134172909 1.65038848435506 0 1.71863373927772
1.88530658208765 1.19569740653969 1.74338344205171 0.916808063397184 1.53385481820442 1.06003217329271 1.63188302284107 1.18617314798757 1.9038344847504 1.37291329959407 1.09454148774967 1.68030932056718 1.09569284250028 1.26985954353586 0.932737037073821 0.922887483378872 1.25668289931491 1.73682902147993 1.42014003265649 1.50328468997031 1.63546992000192 1.3142284732312 1.39966970542446 1.48072709189728 1.07466448424384 1.55855854717083 1.06867812038399 1.67359208525158 1.71863373927772 0
