0 1.85792735102586 1.82257957756519 1.23869151971303 1.58368025836535 0.873662563739344 0.986952026374638 1.60572650539689 1.64590416499414 1.22295552794822 1.10615576244891 1.71794604393654 1.62323783733882 1.44250463275239 1.04268179391511 1.06060344609432 1.47964389668778 1.8222980608698 1.19673387380317 1.44500997592695 1.62350814766251 1.16050581913441 1.36872222879902 1.74845064687543 0.929121974157169 1.28635672316886 1.26730212732218 1.67190892575309 0.903108810074627 1.55326277716085
1.85792735102586 0 1.22283688490279 0.915451631881297 1.07433602726087 1.14178864238784 1.16831330745481 1.36453682626598 1.57189645292237 1.14143770490773 1.35029848176055 1.31060604122467 0.994622717611492 1.80364148388617 1.85701015405357 1.27563670277596 1.72915272647515 1.48347084992565 1.16170381568372 1.37121565826237 1.86044127191417 1.23913367581554 1.19803669210523 1.38970220950432 1.01019270159304 0.980670696357265 1.25750703481026 1.42638096213341 1.39867373346351 1.8414558947552
1.82257957756519 1.22283688490279 0 1.86437853076495 0.975148843368515 1.17244745581411 1.00088999816217 1.77913071168587 1.62905119010247 1.28154446929693 1.2744492769707 0.908921374939382 1.6107539110817 1.11788373906165 1.22622829978354 1.12414923426695 1.13203705940396 1.38156337407418 1.60426726914011 1.54956195689738 1.49283705581911 1.66654365556315 1.55968700046651 1.76255290396512 1.65945689752698 1.50855744350702 1.24673515651375 1.12501048017293 1.61204681429081 1.6041979668662
1.23869151971303 0.915451631881297 1.86437853076495 0 1.09578554402106 1.23498287703842 1.1468160492368 1.35868080542423 1.47468421375379 1.05501799075864 1.12312904372811 1.21658349409699 1.64849388645962 1.00078152189963 0.966708951629698 1.26903005177155 1.13962417282164 1.00944016803987 1.59063123818487 1.49267195351422 1.83756065974012 1.48253756738268 1.41538500948809 1.27516949805431 1.67800010670908 1.28778734756634 0.974768781801686 1.45536281983368 1.29960432974622 1.60923492093571
1.58368025836535 1.07433602726087 0.975148843368515 1.09578554402106 0 0.912512685637921 1.64112170645967 1.01800808985718 1.59633949957788 1.30596158327535 1.30955454404466 1.83969690650702 0.941062099067494 1.42774327285588 1.68294028518721 1.27126830210909 1.0290484612342 1.13505305489525 1.14594162185676 1.8182063777931 1.25794977974147 1.8187996589113 0.899608931038529 1.76477936445735 1.40275487257168 1.8468673073221 1.23611124861054 1.10988052026369 0.935108597623184 1.75319469487295
0.873662563739344 1.14178864238784 1.17244745581411 1.23498287703842 0.912512685637921 0 0.905167419463396 1.09266372350976 1.73425033176318 1.13945224066265 1.05554065713659 1.78998601506464 1.15139252692461 1.03106046305038 1.62107460596599 1.23489179601893 1.01960216928273 1.37127443077043 1.55735866283067 1.23059616261162 1.78418430034071 1.82163040176965 1.03760653850622 0.995723286876455 1.56735992222093 1.66234939871356 1.77992828330025 1.64354733447544 1.5514495272655 1.19828997110017
0.986952026374638 1.16831330745481 1.00088999816217 1.1468160492368 1.64112170645967 0.905167419463396 0 0.883782186545432 1.73738057678565 1.67574896919541 1.43496037647128 1.31122903060168 0.915800016140565 0.920818419661373 1.78665591380559 1.11411403235979 1.4671165975742 1.28590995632112 0.930720817530528 1.58329738816246 1.52041814522818 1.8312489008531 1.45724278502166 1.47274623508565 1.72178946528584 1.13342832052149 1.65160632389598 1.78113472647965 1.11709154513665 1.49554306338541
1.60572650539689 1.36453682626598 1.77913071168587 1.35868080542423 1.01800808985718 1.09266372350976 0.883782186545432 0 1.56874892022461 1.07817087625153 1.31197973433882 1.75298105785623 1.22513670986518 1.49060629541054 1.3579711348284 1.62973505374976 1.11525905574672 1.26642845990136 1.21646151249297 1.1156735480763 1.24498926592059 1.41415565414354 0.916110623860732 1.34077518153936 1.52761365799233 1.83196845720522 1.27819268335588 1.4170163506642 0.876153375487775 1.58294265088625
1.64590416499414 1.57189645292237 1.62905119010247 1.47468421375379 1.59633949957788 1.73425033176318 1.73738057678565 1.56874892022461 0 1.5158141348511 1.10333252721466 1.03836397919804 1.63787820516154 1.77845910657197 1.62889308831654 1.03654251713306 1.86038253782317 1.16064898227341 0.892376773990691 1.1226726800669 0.962577139027417 1.6960836071521 1.49939450039528 1.23905249987729 1.24010552070104 1.13670440181158 1.35495295515284 1.75316131324507 1.8575740030501 1.45984040736221
1.22295552794822 1.14143770490773 1.28154446929693 1.05501799075864 1.30596158327535 1.13945224066265 1.67574896919541 1.07817087625153 1.5158141348511 0 0.901401240611449 1.51156740752049 1.82392198895104 1.52574360789731 1.07244088035077 1.80241332901642 1.43996533704922 1.08806295366958 1.45499560283497 1.56342185614631 1.63324882113375 1.38701108959503 1.76328763901256 1.26214367174543 1.32744105556048 1.53487392049283 1.58733244403265 1.83723942330107 1.29745358671062 1.74198925984092
1.10615576244891 1.35029848176055 1.2744492769707 1.12312904372811 1.30955454404466 1.05554065713659 1.43496037647128 1.31197973433882 1.10333252721466 0.901401240611449 0 1.62427014368586 1.55076723406091 1.6451660534367 1.66773571609519 1.36933134682477 1.80980626493692 1.27643918199465 1.48797992197797 1.48575977468863 1.67098525143228 1.39245905261487 1.39040956739336 1.69896534830332 1.77517805364914 1.02926598931663 1.09684820752591 1.62757476791739 1.4622153849341 1.24903082358651
1.71794604393654 1.31060604122467 0.908921374939382 1.21658349409699 1.83969690650702 1.78998601506464 1.31122903060168 1.75298105785623 1.03836397919804 1.51156740752049 1.62427014368586 0 1.12376878131181 1.01907522976398 1.24990105023608 0.9433001303114 0.901220015250146 1.82280904892832 1.76989723090082 1.09275142592378 0.904899383429438 1.57796298293397 1.53766439063475 1.6130238652695 1.67394459573552 1.59079623199068 1.82438913802616 0.914959119167179 1.32153401407413 1.77099461806938
1.62323783733882 0.994622717611492 1.6107539110817 1.64849388645962 0.941062099067494 1.15139252692461 0.915800016140565 1.22513670986518 1.63787820516154 1.82392198895104 1.55076723406091 1.12376878131181 0 1.52024150476791 1.14573370828293 1.06633607507683 1.0074211594183 1.10340228350833 1.46715544047765 1.75893185567111 0.986682081129402 1.02109861932695 0.978714650962502 0.972643984481692 1.49589847074822 0.936492332722992 1.18504958529957 0.954606030136347 1.40463108359836 1.10991410119459
1.44250463275239 1.80364148388617 1.11788373906165 1.00078152189963 1.42774327285588 1.03106046305038 0.920818419661373 1.49060629541054 1.77845910657197 1.52574360789731 1.6451660534367 1.01907522976398 1.52024150476791 0 1.86474968283437 1.27964884485118 1.83185435645282 1.59640895063058 1.13538210978732 1.18744024029002 1.6817563388031 1.53518881509081 1.55335771176033 1.72689082007855 1.02170254476368 1.07416219171137 1.77995477546938 1.10728659620509 0.941646100021899 1.64730568020605
1.04268179391511 1.85701015405357 1.22622829978354 0.966708951629698 1.68294028518721 1.62107460596599 1.78665591380559 1.3579711348284 1.62889308831654 1.07244088035077 1.66773571609519 1.24990105023608 1.14573370828293 1.86474968283437 0 1.38534852094017 1.5483383545652 1.10552003700286 1.36207373067737 1.19214153662324 1.08233723416924 1.17471706029028 1.54175152489915 1.82883358630352 1.61639243224636 1.1809665937908 1.73661745269783 1.18267854000442 1.23944120458327 1.03168239328079
1.06060344609432 1.27563670277596 1.12414923426695 1.26903005177155 1.27126830210909 1.23489179601893 1.11411403235979 1.62973505374976 1.03654251713306 1.80241332901642 1.36933134682477 0.9433001303114 1.06633607507683 1.27964884485118 1.38534852094017 0 1.48366295453161 0.923679784871638 1.45667135436088 1.48612296674401 1.36624325206503 1.07262983801775 1.27429263084196 1.26136769982986 1.235892042052 1.0652695260942 1.85168905882165 0.962727362988517 1.84556702664122 1.4689786019735
1.47964389668778 1.72915272647515 1.13203705940396 1.13962417282164 1.0290484612342 1.01960216928273 1.4671165975742 1.11525905574672 1.86038253782317 1.43996533704922 1.80980626493692 0.901220015250146 1.0074211594183 1.83185435645282 1.5483383545652 1.48366295453161 0 1.30354785686359 1.05254032695666 1.66312654456124 1.53833465091884 1.44674993352965 1.34123053960502 0.888254812220111 1.13824863848276 1.19415816827677 1.86211583786644 1.6732742395252 1.4790099170059 1.31482775323093
1.8222980608698 1.48347084992565 1.38156337407418 1.00944016803987 1.13505305489525 1.37127443077043 1.28590995632112 1.26642845990136 1.16064898227341 1.08806295366958 1.27643918199465 1.82280904892832 1.10340228350833 1.59640895063058 1.10552003700286 0.923679784871638 1.30354785686359 0 0.893012329936028 0.99567960225977 1.49279019469395 1.67032454931177 1.65425040083937 1.60075334226713 1.6416248716414 1.30290711484849 1.24935332941823 1.33846906549297 1.44599813292734 1.06974744703621
1.19673387380317 1.16170381568372 1.60426726914011 1.59063123818487 1.14594162185676 1.55735866283067 0.930720817530528 1.21646151249297 0.892376773990691 1.45499560283497 1.48797992197797 1.76989723090082 1.46715544047765 1.13538210978732 1.36207373067737 1.45667135436088 1.05254032695666 0.893012329936028 0 1.69915812113322 1.20700553106144 1.06445254874416 1.0734758710023 1.25619692308828 1.70103922346607 1.25352128129452 1.09641542448662 1.25528211286291 1.76701900316402 1.19073276035488
1.44500997592695 1.37121565826237 1.54956195689738 1.49267195351422 1.8182063777931 1.23059616261162 1.58329738816246 1.1156735480763 1.1226726800669 1.56342185614631 1.48575977468863 1.09275142592378 1.75893185567111 1.18744024029002 1.19214153662324 1.48612296674401 1.66312654456124 0.99567960225977 1.69915812113322 0 1.57492694910616 1.23220032989047 1.5654587901663 1.72700096317567 1.82201025658287 1.61873481585644 1.11342919943854 1.14758081408218 1.4148515178822 1.50106593570672
1.62350814766251 1.86044127191417 1.49283705581911 1.83756065974012 1.25794977974147 1.78418430034071 1.52041814522818 1.24498926592059 0.962577139027417 1.63324882113375 1.67098525143228 0.904899383429438 0.986682081129402 1.6817563388031 1.08233723416924 1.36624325206503 1.53833465091884 1.49279019469395 1.20700553106144 1.57492694910616 0 1.16166724544019 1.21416517742909 1.79174676653929 1.18947553029284 0.978057140018791 1.84810849255882 1.54490108648315 0.894996864022687 1.01170473149978
1.16050581913441 1.23913367581554 1.66654365556315 1.48253756738268 1.8187996589113 1.82163040176965 1.8312489008531 1.41415565414354 1.6960836071521 1.38701108959503 1.39245905261487 1.57796298293397 1.02109861932695 1.53518881509081 1.17471706029028 1.07262983801775 1.44674993352965 1.67032454931177 1.06445254874416 1.23220032989047 1.16166724544019 0 1.77628913684748 0.90708063938655 1.53406681190245 1.76163673819974 1.35429798462428 1.39363486226648 0.914216828066856 1.15663179429248
1.36872222879902 1.19803669210523 1.55968700046651 1.41538500948809 0.899608931038529 1.03760653850622 1.45724278502166 0.916110623860732 1.49939450039528 1.76328763901256 1.39040956739336 1.53766439063475 0.978714650962502 1.55335771176033 1.54175152489915 1.27429263084196 1.34123053960502 1.65425040083937 1.0734758710023 1.5654587901663 1.21416517742909 1.77628913684748 0 1.40770277427509 1.74645198346116 1.23369091306813 1.36137795774266 1.23801513318904 0.927745786495507 1.6427935808897
1.74845064687543 1.38970220950432 1.76255290396512 1.27516949805431 1.76477936445735 0.995723286876455 1.47274623508565 1.34077518153936 1.23905249987729 1.26214367174543 1.69896534830332 1.6130238652695 0.972643984481692 1.72689082007855 1.82883358630352 1.26136769982986 0.888254812220111 1.60075334226713 1.25619692308828 1.72700096317567 1.79174676653929 0.90708063938655 1.40770277427509 0 1.30227376753464 1.65884979488328 1.25894970586523 1.68633994064294 1.39976420206949 1.20795520511456
0.929121974157169 1.01019270159304 1.65945689752698 1.67800010670908 1.40275487257168 1.56735992222093 1.72178946528584 1.52761365799233 1.24010552070104 1.32744105556048 1.77517805364914 1.67394459573552 1.49589847074822 1.02170254476368 1.61639243224636 1.235892042052 1.13824863848276 1.6416248716414 1.70103922346607 1.82201025658287 1.18947553029284 1.53406681190245 1.74645198346116 1.30227376753464 0 1.29436215455644 1.20451870723628 0.989393902709708 1.35672828438692 1.56744664325379
1.28635672316886 0.980670696357265 1.50855744350702 1.28778734756634 1.8468673073221 1.66234939871356 1.13342832052149 1.83196845720522 1.13670440181158 1.53487392049283 1.02926598931663 1.59079623199068 0.936492332722992 1.07416219171137 1.1809665937908 1.0652695260942 1.19415816827677 1.30290711484849 1.25352128129452 1.61873481585644 0.978057140018791 1.76163673819974 1.23369091306813 1.65884979488328 1.29436215455644 0 1.06193306157365 0.903147238073871 1.2798047803808 0.934992570895702
1.26730212732218 1.25750703481026 1.24673515651375 0.974768781801686 1.23611124861054 1.77992828330025 1.65160632389598 1.27819268335588 1.35495295515284 1.58733244403265 1.09684820752591 1.82438913802616 1.18504958529957 1.77995477546938 1.73661745269783 1.85168905882165 1.86211583786644 1.24935332941823 1.09641542448662 1.11342919943854 1.84810849255882 1.35429798462428 1.36137795774266 1.25894970586523 1.20451870723628 1.06193306157365 0 1.74830515403301 1.20404073945247 1.8121473910287
1.67190892575309 1.42638096213341 1.12501048017293 1.45536281983368 1.10988052026369 1.64354733447544 1.78113472647965 1.4170163506642 1.75316131324507 1.83723942330107 1.62757476791739 0.914959119167179 0.954606030136347 1.10728659620509 1.18267854000442 0.962727362988517 1.6732742395252 1.33846906549297 1.25528211286291 1.14758081408218 1.54490108648315 1.39363486226648 1.23801513318904 1.68633994064294 0.989393902709708 0.903147238073871 1.74830515403301 0 1.44121568463743 1.22954600956291
0.903108810074627 1.39867373346351 1.61204681429081 1.29960432974622 0.935108597623184 1.5514495272655 1.11709154513665 0.876153375487775 1.8575740030501 1.29745358671062 1.4622153849341 1.32153401407413 1.40463108359836 0.941646100021899 1.23944120458327 1.84556702664122 1.4790099170059 1.44599813292734 1.76701900316402 1.4148515178822 0.894996864022687 0.914216828066856 0.927745786495507 1.39976420206949 1.35672828438692 1.2798047803808 1.20404073945247 1.44121568463743 0 1.75537130050361
1.55326277716085 1.8414558947552 1.6041979668662 1.60923492093571 1.75319469487295 1.19828997110017 1.49554306338541 1.58294265088625 1.45984040736221 1.74198925984092 1.24903082358651 1.77099461806938 1.10991410119459 1.64730568020605 1.03168239328079 1.4689786019735 1.31482775323093 1.06974744703621 1.19073276035488 1.50106593570672 1.01170473149978 1.15663179429248 1.6427935808897 1.20795520511456 1.56744664325379 0.934992570895702 1.8121473910287 1.22954600956291 1.75537130050361 0
