0 1.67828357545659 1.19222426135093 1.18830470903777 1.53551777196117 1.92359705641866 1.12407757295296 1.09287774469703 1.91953068017028 1.7715143035166 1.60839446098544 1.82782359281555 1.31959645496681 1.07508513214998 0.938703303458169 1.51493569370359 1.17172304354608 1.43460447411053 1.04299953044392 1.73704916448332 1.24151205387898 1.1794934568461 1.05980484117754 1.68597461772151 1.7695335377939 1.65854716673493 1.57348089222796 1.198117476888 1.18298294441774 1.22610854101367
1.67828357545659 0 1.23021091916598 1.80987099721096 1.89377584145404 1.92981569748372 1.78194197244011 1.1805445139762 1.86810344364494 1.07871514977887 1.18880953430198 1.29017596296035 1.66334418277256 1.73175976215862 1.91748168040067 1.23147952393629 1.21857888624072 1.0129467328079 1.92558502964675 1.6968895830214 1.55464358255267 1.85662749572657 1.64866896229796 0.984150868374854 1.85325592430308 1.29030622402206 1.77097095199861 0.989028882933781 1.09614311903715 1.40905454312451
1.19222426135093 1.23021091916598 0 1.66211940022185 1.19743319111876 1.64954004948959 1.00713773909956 1.19062306638807 1.02485847217031 1.39935342036188 1.62376012513414 1.09544103569351 1.88519153487869 1.76904258900322 1.85616164421663 1.18706586980261 1.59900878299959 1.78188586747274 1.19519084063359 1.67549791559577 1.59928535972722 1.15236835903488 1.71495835995302 1.5732728545554 1.08518502907827 1.64307070616633 1.83509789709933 1.51141382800415 1.70484687574208 1.30355496285483
1.18830470903777 1.80987099721096 1.66211940022185 0 1.29697646899149 1.50315009430051 1.8371000145562 1.51339402119629 1.14757243567146 0.966754921711981 1.740250519244 1.59074268955737 1.71380753768608 1.35962881008163 1.30732889985666 1.25009835185483 1.21833802340552 0.955158116528764 1.15927695459686 1.61890806443989 1.66176180331968 1.06733717513271 0.937996623339131 1.39598991186358 1.81199583550915 1.11315110931173 1.73142269463278 1.72530447528698 1.00535286380909 1.88228561077267
1.53551777196117 1.89377584145404 1.19743319111876 1.29697646899149 0 0.986619168426841 1.06418842612766 1.43707196624018 1.35606841067784 1.30103177647106 1.01513339066878 1.29709765734151 1.84913208638318 1.24493355886079 1.87685141339898 1.86386042414233 1.91981497360393 1.49259960488416 1.1669335605111 1.86417477112263 1.02068181522191 1.04958934383467 1.43177957390435 1.88258464820683 1.84907781262882 1.15738556464203 0.98621312668547 1.01804204424843 1.85890301433392 1.07229823828675
1.92359705641866 1.92981569748372 1.64954004948959 1.50315009430051 0.986619168426841 0 1.00612793653272 1.18167756730691 1.57329404400662 1.06290370761417 1.68076386884786 1.50153671298176 1.6891421333421 1.79899357515387 1.31707377987914 1.68922788929194 1.87405596766621 1.54502341896296 1.88463118416257 0.974091667914763 1.31937611172907 1.72590870992281 1.89559116424061 1.85611003334634 1.27068095724098 1.52131163561717 1.07575917011127 1.43723398144357 1.73981641745195 0.973847146611661
1.12407757295296 1.78194197244011 1.00713773909956 1.8371000145562 1.06418842612766 1.00612793653272 0 1.5808756724 0.954978351015598 1.59666311135516 1.91357941855676 1.35390438954346 1.52609529159963 1.08076547994278 1.53225682955235 1.53975112130865 1.62721677822992 1.84055622038431 1.45452889124863 1.16611737268977 1.35187295894139 1.39738977723755 1.80164664820768 1.81040718941949 1.26104634720832 1.63304631109349 1.24820281937718 1.30820773961022 1.58208446297795 1.73753517610021
1.09287774469703 1.1805445139762 1.19062306638807 1.51339402119629 1.43707196624018 1.18167756730691 1.5808756724 0 1.5698108880315 1.1557404298801 1.35114957718179 1.40012693055905 1.26536530512385 1.04104478051886 1.2441635390278 0.95674165058881 1.28492189012468 1.73160057538189 1.43003662745468 0.980377171887085 1.79661239450797 1.22516894387081 1.48354291426949 1.89272512262687 1.28728457004763 1.12722636945546 1.69246420636773 1.9179911671672 1.09541255584918 1.40516022848897
1.91953068017028 1.86810344364494 1.02485847217031 1.14757243567146 1.35606841067784 1.57329404400662 0.954978351015598 1.5698108880315 0 1.60807072394527 1.65093507431448 1.70063977874815 1.01142519945279 1.63422173680738 1.05723115545698 1.33427687967196 1.5815754244104 1.89946081512608 1.02318773348816 1.00542933633551 1.04165467037819 1.89514061622322 1.51119002350606 1.35287145595066 1.26652452652343 0.964858733816072 1.82213025284 1.52856993954629 1.47655825200491 1.53071122220717
1.7715143035166 1.07871514977887 1.39935342036188 0.966754921711981 1.30103177647106 1.06290370761417 1.59666311135516 1.1557404298801 1.60807072394527 0 1.49151908117346 1.768777071964 0.953816211549565 1.32789614214562 1.76048795785755 1.20236958796158 1.09296466270462 1.73199789552018 1.36311498563737 1.84306984581053 1.10533428797498 1.90867316140793 1.70361379627138 1.90072670485824 1.00866796076298 1.78944588894956 1.1105478645768 1.55990519584157 1.56291361711919 1.5398412651848
1.60839446098544 1.18880953430198 1.62376012513414 1.740250519244 1.01513339066878 1.68076386884786 1.91357941855676 1.35114957718179 1.65093507431448 1.49151908117346 0 1.46919889980927 1.62252277205698 1.36327376938425 1.19893017271534 1.18779316195287 1.03635496948846 1.84760720655322 1.36490734503604 0.934464984806255 0.991759098367766 1.2159890208859 1.49474209174514 1.22129317838699 1.69111981731839 1.70774589013308 1.14116218383424 1.84380695247091 1.37564996397123 1.89199361251667
1.82782359281555 1.29017596296035 1.09544103569351 1.59074268955737 1.29709765734151 1.50153671298176 1.35390438954346 1.40012693055905 1.70063977874815 1.768777071964 1.46919889980927 0 1.04817696334794 1.24402851355262 1.1391345213633 1.17964413762093 0.973610977642238 1.43934959592298 1.42533038160764 1.49823145871051 1.46739237499423 1.46659774146974 1.09119123150595 1.91066059004515 1.13413606048562 1.29208708833903 1.2189726268407 1.61055042920634 0.955381034640595 1.48586901091039
1.31959645496681 1.66334418277256 1.88519153487869 1.71380753768608 1.84913208638318 1.6891421333421 1.52609529159963 1.26536530512385 1.01142519945279 0.953816211549565 1.62252277205698 1.04817696334794 0 1.24263142608106 0.93541358364746 1.00454269931652 1.32473207660951 1.05086790281348 1.15111950971186 1.57142426539212 1.12053045490757 1.7710921280086 1.22076497925445 1.15169441676699 1.50663341605105 1.01019937032834 1.39347880100831 1.92884180787951 1.78117172070779 1.38754581892863
1.07508513214998 1.73175976215862 1.76904258900322 1.35962881008163 1.24493355886079 1.79899357515387 1.08076547994278 1.04104478051886 1.63422173680738 1.32789614214562 1.36327376938425 1.24402851355262 1.24263142608106 0 1.07865174999461 1.41879716515541 1.82077744370326 1.45721875876188 1.76932533155195 1.76340607716702 1.26813161070459 1.52175618638285 1.21313234977424 1.08559146872722 1.39130840543658 1.81866205343977 1.0040757805109 1.04647105000913 1.71516036055982 1.20401256927289
0.938703303458169 1.91748168040067 1.85616164421663 1.30732889985666 1.87685141339898 1.31707377987914 1.53225682955235 1.2441635390278 1.05723115545698 1.76048795785755 1.19893017271534 1.1391345213633 0.93541358364746 1.07865174999461 0 1.75774958217517 0.983159025898203 1.59155099838972 1.76802265411243 1.32646708539687 1.77998936036602 1.10108651942573 1.19619542500004 1.18488682061434 1.23783677397296 0.953199656913057 1.66896919417195 1.34144683787599 1.47531215450726 1.81440016557463
1.51493569370359 1.23147952393629 1.18706586980261 1.25009835185483 1.86386042414233 1.68922788929194 1.53975112130865 0.95674165058881 1.33427687967196 1.20236958796158 1.18779316195287 1.17964413762093 1.00454269931652 1.41879716515541 1.75774958217517 0 1.09972018864937 1.45612285099924 0.999189513502643 1.75830870540813 1.40249751787633 1.37465235800482 1.82270656176843 1.82411119365133 1.2085871656891 1.20298425783403 1.48574979789555 1.13764778990299 1.06630347087048 1.30762725556269
1.17172304354608 1.21857888624072 1.59900878299959 1.21833802340552 1.91981497360393 1.87405596766621 1.62721677822992 1.28492189012468 1.5815754244104 1.09296466270462 1.03635496948846 0.973610977642238 1.32473207660951 1.82077744370326 0.983159025898203 1.09972018864937 0 1.55001900251955 1.69577335868962 1.51487848884426 0.957074886653572 1.09915573522449 1.65795468329452 0.989817661698908 1.66049894783646 1.00924122100696 1.11882434203289 1.33474254887551 1.8340466581285 1.35300943884067
1.43460447411053 1.0129467328079 1.78188586747274 0.955158116528764 1.49259960488416 1.54502341896296 1.84055622038431 1.73160057538189 1.89946081512608 1.73199789552018 1.84760720655322 1.43934959592298 1.05086790281348 1.45721875876188 1.59155099838972 1.45612285099924 1.55001900251955 0 0.998241647612303 1.40946797211654 1.88796834577806 1.88769162143581 1.83500991412438 1.0675497346092 1.87275335844606 1.24888459779322 1.71028654905967 1.76591220125556 1.06440351414494 1.29910652968101
1.04299953044392 1.92558502964675 1.19519084063359 1.15927695459686 1.1669335605111 1.88463118416257 1.45452889124863 1.43003662745468 1.02318773348816 1.36311498563737 1.36490734503604 1.42533038160764 1.15111950971186 1.76932533155195 1.76802265411243 0.999189513502643 1.69577335868962 0.998241647612303 0 1.52087561460212 1.39594093640335 1.61368558229879 1.50081107672304 1.43098363792524 1.05436703609303 1.86960195866413 1.18277344177477 1.32025157799944 1.55203683278523 1.78440942103043
1.73704916448332 1.6968895830214 1.67549791559577 1.61890806443989 1.86417477112263 0.974091667914763 1.16611737268977 0.980377171887085 1.00542933633551 1.84306984581053 0.934464984806255 1.49823145871051 1.57142426539212 1.76340607716702 1.32646708539687 1.75830870540813 1.51487848884426 1.40946797211654 1.52087561460212 0 1.15095461020246 1.82060758629814 1.11404043063521 1.3474264931865 1.14966315310448 1.5841037160717 1.45007209875621 0.937613995280117 1.67585022561252 1.44417996006086
1.24151205387898 1.55464358255267 1.59928535972722 1.66176180331968 1.02068181522191 1.31937611172907 1.35187295894139 1.79661239450797 1.04165467037819 1.10533428797498 0.991759098367766 1.46739237499423 1.12053045490757 1.26813161070459 1.77998936036602 1.40249751787633 0.957074886653572 1.88796834577806 1.39594093640335 1.15095461020246 0 1.58671941305511 1.25538187217899 1.12351283547468 1.43999137752689 1.5078304996714 1.00012679258361 1.47373603796586 1.46579316817224 1.09342332254164
1.1794934568461 1.85662749572657 1.15236835903488 1.06733717513271 1.04958934383467 1.72590870992281 1.39738977723755 1.22516894387081 1.89514061622322 1.90867316140793 1.2159890208859 1.46659774146974 1.7710921280086 1.52175618638285 1.10108651942573 1.37465235800482 1.09915573522449 1.88769162143581 1.61368558229879 1.82060758629814 1.58671941305511 0 1.89061067881994 1.49674006155692 1.55106364609674 1.42233560071327 1.54517089412548 1.82542302738875 1.2022191430442 1.68353782990016
1.05980484117754 1.64866896229796 1.71495835995302 0.937996623339131 1.43177957390435 1.89559116424061 1.80164664820768 1.48354291426949 1.51119002350606 1.70361379627138 1.49474209174514 1.09119123150595 1.22076497925445 1.21313234977424 1.19619542500004 1.82270656176843 1.65795468329452 1.83500991412438 1.50081107672304 1.11404043063521 1.25538187217899 1.89061067881994 0 1.06433382746764 1.50362614309415 1.62977258698083 1.43517104978673 0.998480272013694 1.62483141827397 1.72834344417788
1.68597461772151 0.984150868374854 1.5732728545554 1.39598991186358 1.88258464820683 1.85611003334634 1.81040718941949 1.89272512262687 1.35287145595066 1.90072670485824 1.22129317838699 1.91066059004515 1.15169441676699 1.08559146872722 1.18488682061434 1.82411119365133 0.989817661698908 1.0675497346092 1.43098363792524 1.3474264931865 1.12351283547468 1.49674006155692 1.06433382746764 0 1.11845374270342 1.75734383100644 1.59578232630156 1.55813082144596 1.093578025233 1.5860959335696
1.7695335377939 1.85325592430308 1.08518502907827 1.81199583550915 1.84907781262882 1.27068095724098 1.26104634720832 1.28728457004763 1.26652452652343 1.00866796076298 1.69111981731839 1.13413606048562 1.50663341605105 1.39130840543658 1.23783677397296 1.2085871656891 1.66049894783646 1.87275335844606 1.05436703609303 1.14966315310448 1.43999137752689 1.55106364609674 1.50362614309415 1.11845374270342 0 1.53338381368667 1.10697218053974 1.75122033734806 1.45600081258453 1.32617973722517
1.65854716673493 1.29030622402206 1.64307070616633 1.11315110931173 1.15738556464203 1.52131163561717 1.63304631109349 1.12722636945546 0.964858733816072 1.78944588894956 1.70774589013308 1.29208708833903 1.01019937032834 1.81866205343977 0.953199656913057 1.20298425783403 1.00924122100696 1.24888459779322 1.86960195866413 1.5841037160717 1.5078304996714 1.42233560071327 1.62977258698083 1.75734383100644 1.53338381368667 0 1.71236236649565 1.04272830602713 1.10427929926664 1.10407857690006
1.57348089222796 1.77097095199861 1.83509789709933 1.73142269463278 0.98621312668547 1.07575917011127 1.24820281937718 1.69246420636773 1.82213025284 1.1105478645768 1.14116218383424 1.2189726268407 1.39347880100831 1.0040757805109 1.66896919417195 1.48574979789555 1.11882434203289 1.71028654905967 1.18277344177477 1.45007209875621 1.00012679258361 1.54517089412548 1.43517104978673 1.59578232630156 1.10697218053974 1.71236236649565 0 1.18480814783834 1.92599948286079 1.36297353124246
1.198117476888 0.989028882933781 1.51141382800415 1.72530447528698 1.01804204424843 1.43723398144357 1.30820773961022 1.9179911671672 1.52856993954629 1.55990519584157 1.84380695247091 1.61055042920634 1.92884180787951 1.04647105000913 1.34144683787599 1.13764778990299 1.33474254887551 1.76591220125556 1.32025157799944 0.937613995280117 1.47373603796586 1.82542302738875 0.998480272013694 1.55813082144596 1.75122033734806 1.04272830602713 1.18480814783834 0 1.62075774534605 1.46114716841839
1.18298294441774 1.09614311903715 1.70484687574208 1.00535286380909 1.85890301433392 1.73981641745195 1.58208446297795 1.09541255584918 1.47655825200491 1.56291361711919 1.37564996397123 0.955381034640595 1.78117172070779 1.71516036055982 1.47531215450726 1.06630347087048 1.8340466581285 1.06440351414494 1.55203683278523 1.67585022561252 1.46579316817224 1.2022191430442 1.62483141827397 1.093578025233 1.45600081258453 1.10427929926664 1.92599948286079 1.62075774534605 0 1.91218183515593
1.22610854101367 1.40905454312451 1.30355496285483 1.88228561077267 1.07229823828675 0.973847146611661 1.73753517610021 1.40516022848897 1.53071122220717 1.5398412651848 1.89199361251667 1.48586901091039 1.38754581892863 1.20401256927289 1.81440016557463 1.30762725556269 1.35300943884067 1.29910652968101 1.78440942103043 1.44417996006086 1.09342332254164 1.68353782990016 1.72834344417788 1.5860959335696 1.32617973722517 1.10407857690006 1.36297353124246 1.46114716841839 1.91218183515593 0
