0 1.10420851549134 1.87943010427989 1.94150903378613 1.88902953732759 1.3216567481868 1.03911375976168 0.94610877125524 1.55329303909093 1.03841798775829 1.86404153937474 1.37036304571666 1.36139599513263 1.37392065115273 1.78835065220483 1.10032599023543 1.62142188753933 1.86547225178219 1.34768274612725 1.21286411699839 1.1477260789834 1.34964545350522 1.16161176166497 1.19359202706255 1.66506229829974 1.21283877920359 1.90343902329914 1.35001703235321 1.77394472016022 0.970964143052697
1.10420851549134 0 1.17997126816772 1.43173079192638 1.13014932931401 0.961032780120149 1.81099670543335 1.16116411518306 1.00125913415104 1.20028419815935 1.25151969841681 1.49990821490064 1.13899810472503 1.77989814663306 1.35308141144924 1.22227798681706 1.11876340652816 1.44017992634326 1.56350117409602 1.0920813602861 1.62532157660462 1.56138495961204 1.25536443828605 1.35008599585854 1.365958761191 1.76905740704387 1.14761036890559 1.54758541798219 1.34372859355062 0.992473083548248
1.87943010427989 1.17997126816772 0 1.11767940269783 1.91593447094783 1.37577487411909 1.00383308832534 1.50114646158181 1.49955706810579 1.27547657792456 1.06042791623622 1.10476004029624 1.31528069404885 1.46404533740133 1.25777048501186 1.02366079506464 1.09357689227909 1.9398408064153 0.964521059999242 1.57373245595954 1.49823462660424 1.11675556888804 0.949497058987617 1.24309636815451 1.12506034085527 1.50542117003351 1.47250137175433 1.61353771435097 1.63699697400443 1.11812124354765
1.94150903378613 1.43173079192638 1.11767940269783 0 1.70135089638643 1.3402545498684 1.15675657358952 1.88432527636178 0.952768922550604 0.999824831960723 1.68730704952031 0.982920937705785 1.32592572551221 1.55610145442188 1.02199295465834 1.6312830990646 1.30502152582631 1.8826101727318 1.39478975557722 1.6704023310449 1.85659813485108 1.20045690168627 1.36007220577449 0.976442874176428 1.93946786900051 1.86335158417933 1.35886762640439 1.65181828220375 1.79316449328326 1.76647364953533
1.88902953732759 1.13014932931401 1.91593447094783 1.70135089638643 0 1.7114335258957 1.71326584904455 1.05433566332795 0.959977508056909 1.32230807701126 1.72064706659876 1.70192822138779 1.09548490168527 1.17820358765312 1.74630274274386 1.32434703642502 1.88793652132154 1.19923885748722 1.03290470479988 1.66748703666963 1.55996299348772 1.04753614054061 1.16797682805918 1.50524786207825 0.970936697209254 1.49521469743922 1.18779499060474 1.45085667725652 1.66247788001783 1.78373121027835
1.3216567481868 0.961032780120149 1.37577487411909 1.3402545498684 1.7114335258957 0 1.79787730518728 1.6798545923084 0.948933922685683 1.70505568943918 1.30901689827442 1.63929807394743 1.70336355781183 1.7614648246672 1.0010762179736 1.65186800062656 1.33945743227378 1.10782912792638 1.51819173269905 1.59115180606022 1.51209318032488 1.83398066926748 0.965588091872633 1.56072752759792 1.73628634982742 1.19370053266175 1.17793502402492 1.81574605521746 0.958674215711653 1.44258209783584
1.03911375976168 1.81099670543335 1.00383308832534 1.15675657358952 1.71326584904455 1.79787730518728 0 1.92875859839842 1.44021604233421 1.04062459501438 1.77391186053865 1.04908745898865 1.72821287065744 1.80512803979218 1.62990565039217 1.24503658805043 1.84927783417515 1.86117436271161 1.67654919414781 1.09938996518031 1.27724115131423 1.66067266953178 1.31163878017105 1.83460205537267 1.71303802425973 1.69316159328446 1.36723088799044 1.03636940009892 0.964828638127074 1.01295313215815
0.94610877125524 1.16116411518306 1.50114646158181 1.88432527636178 1.05433566332795 1.6798545923084 1.92875859839842 0 1.92919982364401 1.27987274015322 1.6078282748349 0.968783114338294 1.62350576929748 1.07494923309423 1.10194057784975 1.54377579852007 1.05516753345728 1.19453420699574 1.71724687400274 1.48764903587289 1.01518674124964 1.75647625583224 1.24623511894606 1.48142386623658 1.57006445596926 1.17292040353641 1.45037261093967 1.76262412359938 1.30527464183979 1.58958824514411
1.55329303909093 1.00125913415104 1.49955706810579 0.952768922550604 0.959977508056909 0.948933922685683 1.44021604233421 1.92919982364401 0 1.0392942216713 1.0101252682507 1.21479517314583 1.83383440435864 1.0712805276271 1.6596521853935 1.17381634097546 1.67125990707427 1.6588285502512 1.0530409461353 1.16434021596797 1.71967260329984 1.39280427154154 1.64800334977917 1.46556859253906 0.986698946449906 1.72291423240677 1.38391717663035 1.65535490238108 1.42709090746939 1.88787746825255
1.03841798775829 1.20028419815935 1.27547657792456 0.999824831960723 1.32230807701126 1.70505568943918 1.04062459501438 1.27987274015322 1.0392942216713 0 1.89414185727946 1.18536916119047 1.04908989067189 1.37164271739312 1.2925212807022 1.55369123304263 1.5529384794645 1.75355815375224 1.24533524806611 1.43075928417966 1.16065002209507 0.989491464104503 1.5085216332227 1.70989762665704 1.8240850768052 1.84448349499144 1.75058252969757 1.79248524759896 1.21612554928288 1.37981365527958
1.86404153937474 1.25151969841681 1.06042791623622 1.68730704952031 1.72064706659876 1.30901689827442 1.77391186053865 1.6078282748349 1.0101252682507 1.89414185727946 0 1.70101450989023 1.70879279868677 1.75022642430849 1.5424549637828 1.71354049770162 1.03630168386735 1.2973183512222 0.959344584494829 1.90640544402413 1.564834643621 0.964905308792368 1.19748296053149 1.38604526245035 1.9439556945581 1.83382032020018 1.56884450418875 1.32697045849636 1.25011996203102 1.63962345500477
1.37036304571666 1.49990821490064 1.10476004029624 0.982920937705785 1.70192822138779 1.63929807394743 1.04908745898865 0.968783114338294 1.21479517314583 1.18536916119047 1.70101450989023 0 1.80343684065156 1.59868014906533 1.37579456227832 1.78103937022388 0.949878536863253 1.40134935756214 1.62481654528528 1.42451359657571 1.59719875897281 1.33448506006971 1.58729912503622 1.46153129427694 1.74004946858622 1.40130944177508 1.1793551791925 1.03753940318711 1.13632787577808 1.15125323389657
1.36139599513263 1.13899810472503 1.31528069404885 1.32592572551221 1.09548490168527 1.70336355781183 1.72821287065744 1.62350576929748 1.83383440435864 1.04908989067189 1.70879279868677 1.80343684065156 0 1.1722759178374 1.83084873505868 1.40633090655319 1.19259256240912 1.10885009914637 1.39248622953892 1.26339142862707 0.986433944432065 1.29473880724981 1.26848967885599 1.61276170518249 1.24814014043659 1.83360665244982 1.42041696258821 1.94055738905445 1.30497192358598 1.15737822395749
1.37392065115273 1.77989814663306 1.46404533740133 1.55610145442188 1.17820358765312 1.7614648246672 1.80512803979218 1.07494923309423 1.0712805276271 1.37164271739312 1.75022642430849 1.59868014906533 1.1722759178374 0 0.978228578809649 1.47713050083257 1.18473025225103 1.05233027786016 0.972376568010077 1.38947413139977 1.18215839122422 1.1539330938831 1.19096433091909 1.37084487872198 1.85807602899149 1.87613389338367 1.34619609382935 1.35128151020035 1.41686940658838 1.51502022892237
1.78835065220483 1.35308141144924 1.25777048501186 1.02199295465834 1.74630274274386 1.0010762179736 1.62990565039217 1.10194057784975 1.6596521853935 1.2925212807022 1.5424549637828 1.37579456227832 1.83084873505868 0.978228578809649 0 1.66339639038779 1.89765437995084 1.05006973608397 1.32004050607793 0.967259370023385 0.970681562321261 1.49441978917457 1.14421589300036 1.11634296434931 1.81102786329575 1.23395178979263 1.82222105609253 1.28344993456267 1.67035580473021 1.31046591838822
1.10032599023543 1.22227798681706 1.02366079506464 1.6312830990646 1.32434703642502 1.65186800062656 1.24503658805043 1.54377579852007 1.17381634097546 1.55369123304263 1.71354049770162 1.78103937022388 1.40633090655319 1.47713050083257 1.66339639038779 0 0.951065065804869 1.41478143353015 1.74681071355008 1.42944106482901 1.11168698896654 1.48798813205212 1.89529292332008 1.79309579101391 1.3229197410401 1.46862180158496 1.80195836955681 1.88661580253392 0.994110635016114 1.36503047379665
1.62142188753933 1.11876340652816 1.09357689227909 1.30502152582631 1.88793652132154 1.33945743227378 1.84927783417515 1.05516753345728 1.67125990707427 1.5529384794645 1.03630168386735 0.949878536863253 1.19259256240912 1.18473025225103 1.89765437995084 0.951065065804869 0 1.84695775411092 1.81353631499223 1.25783963641152 1.23324220464565 1.89189840340987 1.58319118642248 1.05050611868501 1.22061390406452 1.40749406628311 1.39354151883163 1.14046054705977 1.19850886799395 1.44223930803128
1.86547225178219 1.44017992634326 1.9398408064153 1.8826101727318 1.19923885748722 1.10782912792638 1.86117436271161 1.19453420699574 1.6588285502512 1.75355815375224 1.2973183512222 1.40134935756214 1.10885009914637 1.05233027786016 1.05006973608397 1.41478143353015 1.84695775411092 0 1.52372061298229 1.23811219632626 1.36587962391786 1.49143969011493 1.66013455623761 1.92829401697963 1.01395058189519 1.62011696421541 1.03020864003338 1.17272637761198 1.37065019505098 1.49861555569805
1.34768274612725 1.56350117409602 0.964521059999242 1.39478975557722 1.03290470479988 1.51819173269905 1.67654919414781 1.71724687400274 1.0530409461353 1.24533524806611 0.959344584494829 1.62481654528528 1.39248622953892 0.972376568010077 1.32004050607793 1.74681071355008 1.81353631499223 1.52372061298229 0 1.83447811286896 1.22793360077776 1.91283378750086 1.68634116207249 1.71898958971724 1.8169263722375 1.24234159849584 1.1758306522388 1.55972701963037 1.93271087412722 1.49960818095133
1.21286411699839 1.0920813602861 1.57373245595954 1.6704023310449 1.66748703666963 1.59115180606022 1.09938996518031 1.48764903587289 1.16434021596797 1.43075928417966 1.90640544402413 1.42451359657571 1.26339142862707 1.38947413139977 0.967259370023385 1.42944106482901 1.25783963641152 1.23811219632626 1.83447811286896 0 1.03608974325471 1.05576399364509 1.72645019879565 1.78116266941652 1.37881320528686 1.66406009881757 1.66641656309366 1.335879141232 1.59921937831677 1.75470323162153
1.1477260789834 1.62532157660462 1.49823462660424 1.85659813485108 1.55996299348772 1.51209318032488 1.27724115131423 1.01518674124964 1.71967260329984 1.16065002209507 1.564834643621 1.59719875897281 0.986433944432065 1.18215839122422 0.970681562321261 1.11168698896654 1.23324220464565 1.36587962391786 1.22793360077776 1.03608974325471 0 1.78820123942569 1.50687244930305 1.49336615600623 0.99698750465177 1.4480895861052 1.05130689195357 1.82295551523566 1.55482245399617 1.21210716851056
1.34964545350522 1.56138495961204 1.11675556888804 1.20045690168627 1.04753614054061 1.83398066926748 1.66067266953178 1.75647625583224 1.39280427154154 0.989491464104503 0.964905308792368 1.33448506006971 1.29473880724981 1.1539330938831 1.49441978917457 1.48798813205212 1.89189840340987 1.49143969011493 1.91283378750086 1.05576399364509 1.78820123942569 0 1.38663217914291 1.05863492796198 1.33448273991235 1.53718057088554 1.57012746087275 1.16695612599142 1.26930410275236 1.80115808057599
1.16161176166497 1.25536443828605 0.949497058987617 1.36007220577449 1.16797682805918 0.965588091872633 1.31163878017105 1.24623511894606 1.64800334977917 1.5085216332227 1.19748296053149 1.58729912503622 1.26848967885599 1.19096433091909 1.14421589300036 1.89529292332008 1.58319118642248 1.66013455623761 1.68634116207249 1.72645019879565 1.50687244930305 1.38663217914291 0 1.51735787186772 1.40500468830578 1.56544875586405 1.78021504799835 1.61412321100943 1.07280777208507 1.02840080857277
1.19359202706255 1.35008599585854 1.24309636815451 0.976442874176428 1.50524786207825 1.56072752759792 1.83460205537267 1.48142386623658 1.46556859253906 1.70989762665704 1.38604526245035 1.46153129427694 1.61276170518249 1.37084487872198 1.11634296434931 1.79309579101391 1.05050611868501 1.92829401697963 1.71898958971724 1.78116266941652 1.49336615600623 1.05863492796198 1.51735787186772 0 1.45385193219408 1.46874204440974 1.85221714316867 1.55545117543079 1.1249675641302 1.39933180250227
1.66506229829974 1.365958761191 1.12506034085527 1.93946786900051 0.970936697209254 1.73628634982742 1.71303802425973 1.57006445596926 0.986698946449906 1.8240850768052 1.9439556945581 1.74004946858622 1.24814014043659 1.85807602899149 1.81102786329575 1.3229197410401 1.22061390406452 1.01395058189519 1.8169263722375 1.37881320528686 0.99698750465177 1.33448273991235 1.40500468830578 1.45385193219408 0 1.30404151068069 1.84436191548593 1.49996104300953 1.13848552526906 1.40288930130191
1.21283877920359 1.76905740704387 1.50542117003351 1.86335158417933 1.49521469743922 1.19370053266175 1.69316159328446 1.17292040353641 1.72291423240677 1.84448349499144 1.83382032020018 1.40130944177508 1.83360665244982 1.87613389338367 1.23395178979263 1.46862180158496 1.40749406628311 1.62011696421541 1.24234159849584 1.66406009881757 1.4480895861052 1.53718057088554 1.56544875586405 1.46874204440974 1.30404151068069 0 1.50955722457729 1.23499766876921 1.14207867532969 1.17529481858946
1.90343902329914 1.14761036890559 1.47250137175433 1.35886762640439 1.18779499060474 1.17793502402492 1.36723088799044 1.45037261093967 1.38391717663035 1.75058252969757 1.56884450418875 1.1793551791925 1.42041696258821 1.34619609382935 1.82222105609253 1.80195836955681 1.39354151883163 1.03020864003338 1.1758306522388 1.66641656309366 1.05130689195357 1.57012746087275 1.78021504799835 1.85221714316867 1.84436191548593 1.50955722457729 0 1.28762373700738 1.81401592725888 1.57073477329686
1.35001703235321 1.54758541798219 1.61353771435097 1.65181828220375 1.45085667725652 1.81574605521746 1.03636940009892 1.76262412359938 1.65535490238108 1.79248524759896 1.32697045849636 1.03753940318711 1.94055738905445 1.35128151020035 1.28344993456267 1.88661580253392 1.14046054705977 1.17272637761198 1.55972701963037 1.335879141232 1.82295551523566 1.16695612599142 1.61412321100943 1.55545117543079 1.49996104300953 1.23499766876921 1.28762373700738 0 1.29691427294165 1.30887289484963
1.77394472016022 1.34372859355062 1.63699697400443 1.79316449328326 1.66247788001783 0.958674215711653 0.964828638127074 1.30527464183979 1.42709090746939 1.21612554928288 1.25011996203102 1.13632787577808 1.30497192358598 1.41686940658838 1.67035580473021 0.994110635016114 1.19850886799395 1.37065019505098 1.93271087412722 1.59921937831677 1.55482245399617 1.26930410275236 1.07280777208507 1.1249675641302 1.13848552526906 1.14207867532969 1.81401592725888 1.29691427294165 0 1.92201691027731
0.970964143052697 0.992473083548248 1.11812124354765 1.76647364953533 1.78373121027835 1.44258209783584 1.01295313215815 1.58958824514411 1.88787746825255 1.37981365527958 1.63962345500477 1.15125323389657 1.15737822395749 1.51502022892237 1.31046591838822 1.36503047379665 1.44223930803128 1.49861555569805 1.49960818095133 1.75470323162153 1.21210716851056 1.80115808057599 1.02840080857277 1.39933180250227 1.40288930130191 1.17529481858946 1.57073477329686 1.30887289484963 1.92201691027731 0
