0 1.53880757419392 1.26911676931195 1.7234735833481 1.40096880914643 1.33921275520697 1.48282407317311 1.87873417860828 1.67487348639406 1.16664780047722 1.94589007156901 0.983807154232636 1.5462257580366 1.71200689999387 1.82057930110022 1.4833765453659 1.37833298533224 1.32234269799665 1.02293483517133 1.88735982426442 0.972416759002954 1.17022104817443 1.29883328941651 1.80839676270261 1.85515369498171 1.49455043952912 1.28543211868964 1.80430636322126 1.57227232819423 1.95214361185208
1.53880757419392 0 1.28671364719048 1.90262358193286 1.33990262099542 1.53377226763405 1.24844724661671 1.11417142162099 1.85951518756337 1.74797468516044 1.91169824288227 1.84223202452995 1.16471543558873 1.1870140216779 1.60764805204235 1.37922916118987 0.998430644860491 1.46523931086995 1.89846325130202 1.38552405196242 1.6918130570557 1.65467072860338 1.93760984414257 1.46601508138701 1.38426148006693 1.28858745051548 1.57743930118158 1.9491730609443 1.49545971583575 1.84830453433096
1.26911676931195 1.28671364719048 0 1.05432606302202 1.59356927941553 1.49850106821395 0.972304644063115 1.87990095023997 1.8404819178395 1.74978685681708 1.89559689164162 1.18308040453121 1.0774429559242 1.58853812073357 1.10397120006382 1.10336761013605 1.02159876516089 1.60433659260161 1.77942392555997 1.36366909230128 1.51351483585313 1.68432504776865 1.54093084577471 1.0690832787659 1.86178015777841 1.66105800913647 1.62554703420028 1.70596445701085 1.63212166633457 1.2523839934729
1.7234735833481 1.90262358193286 1.05432606302202 0 1.11732590734027 1.38597613992169 1.76443038904108 1.50692145200446 1.93828303785995 1.78115123161115 1.17388884839602 1.60803742473945 1.63550041429698 1.88955798652023 1.01215889235027 1.11981687275693 1.42522440874018 1.81511757825501 1.7959367884323 1.6222355896607 1.02872440987267 1.21122602652758 1.5661749667488 1.62824830296449 1.11848879768513 1.24190548760816 1.71202767430805 1.17716018296778 1.04161022230983 1.6921541870106
1.40096880914643 1.33990262099542 1.59356927941553 1.11732590734027 0 1.67011581081897 1.40598976891488 1.2034703749232 1.90707126515917 1.79172551631927 1.69821843039244 1.74367382447235 1.01621276326478 1.3215850351844 1.94663861580193 1.32076516305096 1.90966810961254 1.68162097549066 1.40319807780907 1.41466616652906 1.07610354456119 1.72323610750027 0.969267552020028 1.64718971820548 1.94018829939887 1.82440083101392 1.0402251794003 1.84313413407654 1.30403040070087 1.21666632732376
1.33921275520697 1.53377226763405 1.49850106821395 1.38597613992169 1.67011581081897 0 1.5954187810421 1.08747771265917 1.75616403366439 1.39328787615523 1.39620533119887 1.39614849630743 1.36979294358753 1.06491946638562 1.15378906740807 1.02370354509912 0.989554520696402 0.970339735271409 1.55665876995772 1.50535149732605 1.75928739458323 1.14387038047425 1.36237358953804 1.78598920628428 1.15700319851749 1.4138364221435 1.78984050010331 1.27772045484744 1.41925918171182 1.56098286039196
1.48282407317311 1.24844724661671 0.972304644063115 1.76443038904108 1.40598976891488 1.5954187810421 0 1.90653054532595 1.56853628065437 1.51706789876334 1.71069894707762 1.63055065833032 1.50852999533527 1.81994065293111 1.88476876635104 1.67198020266369 1.46128278179094 1.62523729191162 1.06399970082566 1.07832683925517 1.70981272286735 1.20843191840686 1.60514312749729 1.85022268258035 1.82228020508774 1.14751733420417 1.88607263565063 1.53634490957484 1.36028218595311 1.83321944740601
1.87873417860828 1.11417142162099 1.87990095023997 1.50692145200446 1.2034703749232 1.08747771265917 1.90653054532595 0 1.19893106096424 1.37695934134535 1.15892507461831 1.45840919041075 1.19603310688399 1.63683303142898 1.69778709160164 1.69120554765686 1.48834827099927 1.95681611681357 1.10771058755927 1.76787925162353 1.16657704627141 1.52094401605427 1.13230642909184 1.78464316902682 1.95143070910126 1.04931835457683 1.44115342688747 1.53505423408933 1.20375863509253 1.13779636332765
1.67487348639406 1.85951518756337 1.8404819178395 1.93828303785995 1.90707126515917 1.75616403366439 1.56853628065437 1.19893106096424 0 0.965351397404447 1.87461754516698 1.73258834495209 1.72079546167515 1.65929930238053 1.15089136199094 1.11137668369338 1.0443242660258 1.82074413239025 1.75353204249404 1.36365199717693 1.85344386543147 1.24776570498943 1.84092509304173 1.50320270308293 1.18338692304678 1.67965351557359 1.45639555505477 1.6905735230539 1.37247306760401 1.11784842447378
1.16664780047722 1.74797468516044 1.74978685681708 1.78115123161115 1.79172551631927 1.39328787615523 1.51706789876334 1.37695934134535 0.965351397404447 0 1.47250920627266 1.24110565916635 1.7072568340227 1.11004670057446 1.90105189592578 1.79467978724279 1.81181701668538 1.58315444062464 1.11412303312682 1.41308415774256 1.03984701633453 1.72204665001482 1.24881686223671 1.12888837163337 1.55967772356234 1.29539151466452 1.41645065415651 1.75355579680763 1.46570272254758 1.77767205634154
1.94589007156901 1.91169824288227 1.89559689164162 1.17388884839602 1.69821843039244 1.39620533119887 1.71069894707762 1.15892507461831 1.87461754516698 1.47250920627266 0 1.87442633183673 1.49286394822411 1.20103193889372 1.22527130111121 1.47230116208084 1.83406831487082 1.37868009298109 1.58405840420164 1.69595163385384 1.6679090380203 1.23462937935255 1.57557862903923 1.01457180525176 1.81373115396127 1.32150142733008 1.50462005077861 1.11213096836582 1.50047474028543 1.37620784225874
0.983807154232636 1.84223202452995 1.18308040453121 1.60803742473945 1.74367382447235 1.39614849630743 1.63055065833032 1.45840919041075 1.73258834495209 1.24110565916635 1.87442633183673 0 1.75164042063989 1.89714024914429 1.75077711092308 1.8799854463432 1.02633563871495 1.24268553382717 1.17814903077669 1.61324343807064 1.95622391323559 1.10077481670305 1.57610826403834 1.71902610687539 1.03316353447735 1.15133812255226 1.1828214013949 1.07463171682321 1.00087753892876 1.29648338444531
1.5462257580366 1.16471543558873 1.0774429559242 1.63550041429698 1.01621276326478 1.36979294358753 1.50852999533527 1.19603310688399 1.72079546167515 1.7072568340227 1.49286394822411 1.75164042063989 0 1.55391200236045 1.63104648375884 1.56174262287095 1.28472698829137 1.26049761753529 1.68745862855576 1.36009727162309 1.90801797644235 1.83137563453056 1.50287329405546 1.32995850336738 1.89043747168034 1.19377898215316 1.74432244477794 1.80413210624829 1.2431003684178 1.94749905657955
1.71200689999387 1.1870140216779 1.58853812073357 1.88955798652023 1.3215850351844 1.06491946638562 1.81994065293111 1.63683303142898 1.65929930238053 1.11004670057446 1.20103193889372 1.89714024914429 1.55391200236045 0 1.8941349897068 1.10968273994513 1.65231505734846 1.93305654102005 1.20710661774501 1.16079039266333 1.77333444496617 1.17977974843234 1.60703813703731 1.75917245843448 1.70982216182165 1.23690422112122 1.06625414430164 1.76363698369823 1.84297181619331 1.1822516375687
1.82057930110022 1.60764805204235 1.10397120006382 1.01215889235027 1.94663861580193 1.15378906740807 1.88476876635104 1.69778709160164 1.15089136199094 1.90105189592578 1.22527130111121 1.75077711092308 1.63104648375884 1.8941349897068 0 1.93374439701438 1.02811195678078 0.965431902324781 1.82270161155611 1.72738523990847 1.67520753247663 1.7384511353448 1.74488876387477 1.6247258875519 1.79026220669039 1.90940245008096 1.75465783220716 1.45795089425519 1.93792736018077 1.48270146921277
1.4833765453659 1.37922916118987 1.10336761013605 1.11981687275693 1.32076516305096 1.02370354509912 1.67198020266369 1.69120554765686 1.11137668369338 1.79467978724279 1.47230116208084 1.8799854463432 1.56174262287095 1.10968273994513 1.93374439701438 0 1.32100983755663 1.58315570210107 1.76723715057597 1.64671949972399 1.90901043405756 1.22235810337588 1.5463224707637 1.19940173509531 1.07825256837532 1.14587234263308 1.10822416562587 1.14447596948594 1.12228058790788 1.30255902232602
1.37833298533224 0.998430644860491 1.02159876516089 1.42522440874018 1.90966810961254 0.989554520696402 1.46128278179094 1.48834827099927 1.0443242660258 1.81181701668538 1.83406831487082 1.02633563871495 1.28472698829137 1.65231505734846 1.02811195678078 1.32100983755663 0 1.42724491818808 1.88671271875501 0.983527249889448 1.32098702597432 1.29310665093362 1.63581845723093 1.95346184005029 1.21666934038512 1.18838103627786 1.26768236956559 1.83982099429704 1.04478237568401 1.3269852665253
1.32234269799665 1.46523931086995 1.60433659260161 1.81511757825501 1.68162097549066 0.970339735271409 1.62523729191162 1.95681611681357 1.82074413239025 1.58315444062464 1.37868009298109 1.24268553382717 1.26049761753529 1.93305654102005 0.965431902324781 1.58315570210107 1.42724491818808 0 1.55402483837679 1.08966495236382 1.45832260535099 1.92701333016157 1.4934513180051 1.62202485790476 1.39742287551053 1.78151822998188 1.1219662881922 1.4066578084603 1.68037718953565 1.6502033744473
1.02293483517133 1.89846325130202 1.77942392555997 1.7959367884323 1.40319807780907 1.55665876995772 1.06399970082566 1.10771058755927 1.75353204249404 1.11412303312682 1.58405840420164 1.17814903077669 1.68745862855576 1.20710661774501 1.82270161155611 1.76723715057597 1.88671271875501 1.55402483837679 0 1.18303982471116 1.47923670848832 1.80047975131311 1.56770046893507 1.29731470509432 1.18002798128873 1.05603269464336 1.00945369689725 0.967635168461129 1.0853936818894 1.70760116330348
1.88735982426442 1.38552405196242 1.36366909230128 1.6222355896607 1.41466616652906 1.50535149732605 1.07832683925517 1.76787925162353 1.36365199717693 1.41308415774256 1.69595163385384 1.61324343807064 1.36009727162309 1.16079039266333 1.72738523990847 1.64671949972399 0.983527249889448 1.08966495236382 1.18303982471116 0 1.74790829233825 1.51610037428327 1.19909555418417 1.42738285218365 1.84467177651823 1.84911265363917 1.23104411666282 1.50554288062267 1.37025164766237 1.08035148261115
0.972416759002954 1.6918130570557 1.51351483585313 1.02872440987267 1.07610354456119 1.75928739458323 1.70981272286735 1.16657704627141 1.85344386543147 1.03984701633453 1.6679090380203 1.95622391323559 1.90801797644235 1.77333444496617 1.67520753247663 1.90901043405756 1.32098702597432 1.45832260535099 1.47923670848832 1.74790829233825 0 1.56935408222489 1.83402411499992 1.21589280641638 1.08148385956883 1.16297075198963 1.16527426615357 1.39224204537459 1.52297997754067 1.5139370393008
1.17022104817443 1.65467072860338 1.68432504776865 1.21122602652758 1.72323610750027 1.14387038047425 1.20843191840686 1.52094401605427 1.24776570498943 1.72204665001482 1.23462937935255 1.10077481670305 1.83137563453056 1.17977974843234 1.7384511353448 1.22235810337588 1.29310665093362 1.92701333016157 1.80047975131311 1.51610037428327 1.56935408222489 0 1.47018116270192 1.25397508405149 1.85525290155783 1.37119281827472 1.61719889310189 1.18752018385567 1.28401107806712 1.42634519701824
1.29883328941651 1.93760984414257 1.54093084577471 1.5661749667488 0.969267552020028 1.36237358953804 1.60514312749729 1.13230642909184 1.84092509304173 1.24881686223671 1.57557862903923 1.57610826403834 1.50287329405546 1.60703813703731 1.74488876387477 1.5463224707637 1.63581845723093 1.4934513180051 1.56770046893507 1.19909555418417 1.83402411499992 1.47018116270192 0 1.19677062286064 1.03591818246059 1.3062949818559 1.53930741269141 1.45702253212221 0.990048735635355 1.39642169885337
1.80839676270261 1.46601508138701 1.0690832787659 1.62824830296449 1.64718971820548 1.78598920628428 1.85022268258035 1.78464316902682 1.50320270308293 1.12888837163337 1.01457180525176 1.71902610687539 1.32995850336738 1.75917245843448 1.6247258875519 1.19940173509531 1.95346184005029 1.62202485790476 1.29731470509432 1.42738285218365 1.21589280641638 1.25397508405149 1.19677062286064 0 1.902719179634 1.02935014292598 1.15076621854678 1.15838211984374 1.50148737244308 1.0690729052294
1.85515369498171 1.38426148006693 1.86178015777841 1.11848879768513 1.94018829939887 1.15700319851749 1.82228020508774 1.95143070910126 1.18338692304678 1.55967772356234 1.81373115396127 1.03316353447735 1.89043747168034 1.70982216182165 1.79026220669039 1.07825256837532 1.21666934038512 1.39742287551053 1.18002798128873 1.84467177651823 1.08148385956883 1.85525290155783 1.03591818246059 1.902719179634 0 1.58047125278972 1.278578548925 1.22133172024041 1.13713109283708 1.54499781900086
1.49455043952912 1.28858745051548 1.66105800913647 1.24190548760816 1.82440083101392 1.4138364221435 1.14751733420417 1.04931835457683 1.67965351557359 1.29539151466452 1.32150142733008 1.15133812255226 1.19377898215316 1.23690422112122 1.90940245008096 1.14587234263308 1.18838103627786 1.78151822998188 1.05603269464336 1.84911265363917 1.16297075198963 1.37119281827472 1.3062949818559 1.02935014292598 1.58047125278972 0 1.34246186795644 1.39319339953363 1.1387649406679 1.03070112736896
1.28543211868964 1.57743930118158 1.62554703420028 1.71202767430805 1.0402251794003 1.78984050010331 1.88607263565063 1.44115342688747 1.45639555505477 1.41645065415651 1.50462005077861 1.1828214013949 1.74432244477794 1.06625414430164 1.75465783220716 1.10822416562587 1.26768236956559 1.1219662881922 1.00945369689725 1.23104411666282 1.16527426615357 1.61719889310189 1.53930741269141 1.15076621854678 1.278578548925 1.34246186795644 0 1.13926320988685 1.29456783016212 1.94380197534338
1.80430636322126 1.9491730609443 1.70596445701085 1.17716018296778 1.84313413407654 1.27772045484744 1.53634490957484 1.53505423408933 1.6905735230539 1.75355579680763 1.11213096836582 1.07463171682321 1.80413210624829 1.76363698369823 1.45795089425519 1.14447596948594 1.83982099429704 1.4066578084603 0.967635168461129 1.50554288062267 1.39224204537459 1.18752018385567 1.45702253212221 1.15838211984374 1.22133172024041 1.39319339953363 1.13926320988685 0 1.03688158467412 1.62732594879344
1.57227232819423 1.49545971583575 1.63212166633457 1.04161022230983 1.30403040070087 1.41925918171182 1.36028218595311 1.20375863509253 1.37247306760401 1.46570272254758 1.50047474028543 1.00087753892876 1.2431003684178 1.84297181619331 1.93792736018077 1.12228058790788 1.04478237568401 1.68037718953565 1.0853936818894 1.37025164766237 1.52297997754067 1.28401107806712 0.990048735635355 1.50148737244308 1.13713109283708 1.1387649406679 1.29456783016212 1.03688158467412 0 1.22287932806648
1.95214361185208 1.84830453433096 1.2523839934729 1.6921541870106 1.21666632732376 1.56098286039196 1.83321944740601 1.13779636332765 1.11784842447378 1.77767205634154 1.37620784225874 1.29648338444531 1.94749905657955 1.1822516375687 1.48270146921277 1.30255902232602 1.3269852665253 1.6502033744473 1.70760116330348 1.08035148261115 1.5139370393008 1.42634519701824 1.39642169885337 1.0690729052294 1.54499781900086 1.03070112736896 1.94380197534338 1.62732594879344 1.22287932806648 0
