0 1.34320686291903 1.55456691444851 1.45726589183323 1.7282374612987 1.19196838396601 1.41118707112037 1.87790978676639 1.69419202860445 1.65161390742287 1.28818128095008 1.18758596363477 1.70345537969843 1.19675289164297 0.981959348078817 1.85674876510166 1.18304684222676 1.41710424143821 1.63273264793679 1.85930731473491 1.658824008191 1.06932483869605 1.31602402101271 1.25624016998336 0.969428753014654 1.72612452902831 1.50814874749631 1.02338368678465 1.32898619398475 1.48136103665456
1.34320686291903 0 1.61715072020888 1.20173745020293 1.36902608000673 0.992486292496324 1.08860627887771 1.64804276847281 1.03434515860863 1.56160217314027 1.12527340115048 1.11228945665061 1.40297059109434 1.29104594816454 1.01337282638997 1.52237674547359 1.35450826515444 1.52694313554093 1.64087135158479 1.35763490432873 1.14720779331401 1.82022927748039 1.57928569312207 1.69072596076876 1.61332936584949 1.48660975811072 1.69335075910203 1.93746132659726 1.8274058571551 1.49567396682687
1.55456691444851 1.61715072020888 0 1.91372362873517 1.06782680633478 1.22835076367483 1.32405878975987 1.28001982299611 1.59096467285417 1.65074067492969 1.50259089749306 1.86469154316001 1.87802839744836 1.34467734419741 1.72791831125505 1.10404489841312 1.17548608407378 1.69013816281222 1.48482305952348 1.51847103703767 1.2743403960485 1.01967563829385 1.50934625416994 1.7328146637883 1.64603069028817 1.93396471207961 1.82046118262224 1.85804572794586 1.92607961106114 1.72654156922363
1.45726589183323 1.20173745020293 1.91372362873517 0 1.75674529816024 1.7891048672609 1.7032689570915 1.2549633863382 1.59795016283169 1.81630435585976 1.10308124241419 1.87288002390414 1.87833783891983 1.80818375013769 1.46537758689374 1.20982509758323 1.54802437126637 1.06073630973697 1.03131345845759 1.24504934181459 1.30074815358967 1.83895432855934 1.69694326608442 1.24691905011423 1.62983948644251 1.79520724434406 1.65617764205672 1.53172709443606 1.28117965743877 1.88592226849869
1.7282374612987 1.36902608000673 1.06782680633478 1.75674529816024 0 1.01805069064721 1.41949731484056 1.4181954539381 1.39597438741475 1.1399713109713 1.06141330883838 1.30376077559777 1.45451601035893 1.47627788502723 1.81499557103962 1.50007947720587 1.89128043525852 1.46037479466759 1.79119832604192 1.84144196729176 1.49559192406014 1.05661474820226 1.93329769326374 1.74081652541645 1.27367162914015 1.24296993203461 0.971517479978502 1.69065405335277 1.69582427782007 1.12034609145485
1.19196838396601 0.992486292496324 1.22835076367483 1.7891048672609 1.01805069064721 0 1.73835668666288 1.90302831330337 1.68088253587484 1.67590430029668 1.48513345653191 1.65890476224013 1.96554223261774 1.61473795119673 1.00214768876322 1.53971879999153 1.60526937781833 1.41747912415303 1.78409602120519 1.82188079995103 0.967305548023432 1.49636480095796 1.21485466929153 1.16191641334444 1.42979542352259 1.47204593475908 1.85468968539499 1.75094672432169 1.51424304977991 1.75857377913781
1.41118707112037 1.08860627887771 1.32405878975987 1.7032689570915 1.41949731484056 1.73835668666288 0 1.78573717316613 1.86946029798128 1.53549608192407 1.95436055958271 1.45587915834039 1.20451340032741 1.80093378247693 1.84558487450704 1.52984916069545 1.19662611396052 1.2556769347284 1.27349236817099 1.48062076140195 1.23145661037415 1.47878954117186 1.39572612289339 1.64541961043142 1.16008666926064 1.91732623567805 1.15374209033325 1.31099820276722 1.40254349517636 1.1800716437865
1.87790978676639 1.64804276847281 1.28001982299611 1.2549633863382 1.4181954539381 1.90302831330337 1.78573717316613 0 1.82753939647228 1.23760205437429 1.35410316078924 1.49892203183845 1.32313595130108 1.68608692847192 1.72716196044348 1.28862420050427 1.0155627715867 1.28113954165019 1.32921457197517 1.18011500779539 1.11761112627573 1.40152165712789 1.47175252484158 1.06027647084557 1.81340375705622 1.95838790037669 1.69409810448997 1.75484613026492 1.62387509364635 1.43755586957559
1.69419202860445 1.03434515860863 1.59096467285417 1.59795016283169 1.39597438741475 1.68088253587484 1.86946029798128 1.82753939647228 0 1.65021494007669 1.90261804498732 1.90299912774935 1.43505357205868 1.9592143825721 1.88629316561855 1.57404313632287 1.10605887626298 1.69182316074148 1.68446546513587 1.81681002327241 1.07207493507303 1.25164435710758 1.30477082892321 1.95436559827067 1.96019561565481 1.9036031072028 1.71898898645304 1.43356940732338 1.47915462148376 1.94112309883349
1.65161390742287 1.56160217314027 1.65074067492969 1.81630435585976 1.1399713109713 1.67590430029668 1.53549608192407 1.23760205437429 1.65021494007669 0 0.990662560565397 1.66584713896737 1.02006189292297 1.77929693926126 1.01904774247669 1.29664538940415 1.11350026680157 1.38608265738003 1.86908016772941 1.41009998810478 1.61147860903293 1.46337161376141 1.13048959011212 1.61908450047486 1.00644236151129 1.11651755636558 1.47228566650301 1.22572268196382 1.44186761649325 1.62516329903156
1.28818128095008 1.12527340115048 1.50259089749306 1.10308124241419 1.06141330883838 1.48513345653191 1.95436055958271 1.35410316078924 1.90261804498732 0.990662560565397 0 1.17010359698907 1.5810124699492 1.27759979153052 1.1264318479225 1.3269550036639 1.94905506144278 1.20416105585173 1.90478295879439 0.972130573354661 1.5586911754217 1.5608022455126 1.07982502621599 1.22180390544236 1.28491738461889 1.1718129934743 1.47092093480751 1.0719067978207 1.95573032391258 1.71087456215173
1.18758596363477 1.11228945665061 1.86469154316001 1.87288002390414 1.30376077559777 1.65890476224013 1.45587915834039 1.49892203183845 1.90299912774935 1.66584713896737 1.17010359698907 0 1.5322328042239 1.31092279218137 1.43366452190094 1.82629796513356 1.86532056028955 0.980492124566808 1.40426428359933 1.68092538230121 1.33724351227283 1.78331773472019 1.17673896579072 1.0345347688999 1.56278243823908 1.32253384497017 1.3648244375363 1.08719884441234 1.05536634079181 1.74098436860368
1.70345537969843 1.40297059109434 1.87802839744836 1.87833783891983 1.45451601035893 1.96554223261774 1.20451340032741 1.32313595130108 1.43505357205868 1.02006189292297 1.5810124699492 1.5322328042239 0 1.69691824773327 1.89760597189888 1.12528227549046 1.92507564765401 1.08859540568665 1.3835864206776 1.75061741587706 1.88106099376455 1.53114919550717 1.16312902816571 1.81945567950606 1.12247430323623 1.18560983962379 1.46022001095116 1.42373677459545 1.72611197805963 1.65645082714036
1.19675289164297 1.29104594816454 1.34467734419741 1.80818375013769 1.47627788502723 1.61473795119673 1.80093378247693 1.68608692847192 1.9592143825721 1.77929693926126 1.27759979153052 1.31092279218137 1.69691824773327 0 0.976220767013729 1.05754425027408 1.75057304417714 1.75327039579861 0.974124366650358 1.20366999134421 1.46653239126317 1.50930560822599 1.44532832293771 1.5903356061317 1.06429797923192 1.1556422051508 1.28489285055548 1.75645843194798 1.31676729768515 1.95847530988976
0.981959348078817 1.01337282638997 1.72791831125505 1.46537758689374 1.81499557103962 1.00214768876322 1.84558487450704 1.72716196044348 1.88629316561855 1.01904774247669 1.1264318479225 1.43366452190094 1.89760597189888 0.976220767013729 0 1.75685555441305 1.78437250037678 1.53807442449033 1.81892943265848 1.88822019100189 1.68756496324204 1.25329839531332 1.60667594033293 1.73105090111494 1.95138810109347 1.73288213228807 1.24309209641069 1.60158602357842 1.33785336837173 1.5291528145317
1.85674876510166 1.52237674547359 1.10404489841312 1.20982509758323 1.50007947720587 1.53971879999153 1.52984916069545 1.28862420050427 1.57404313632287 1.29664538940415 1.3269550036639 1.82629796513356 1.12528227549046 1.05754425027408 1.75685555441305 0 1.68615073035471 1.43588186381385 1.49081347719766 1.47312697675079 1.15453794249333 1.86457110685296 1.62172264931723 1.21283572539687 0.98041076422669 1.75604944676161 1.82444769935682 1.12889822083525 1.54013961995952 1.5542276375927
1.18304684222676 1.35450826515444 1.17548608407378 1.54802437126637 1.89128043525852 1.60526937781833 1.19662611396052 1.0155627715867 1.10605887626298 1.11350026680157 1.94905506144278 1.86532056028955 1.92507564765401 1.75057304417714 1.78437250037678 1.68615073035471 0 1.38506651972421 1.31254546064883 1.2849880552385 1.96387360664085 1.84036523802206 1.75786385009997 1.86882262257859 1.20183155173436 1.6859919084236 1.42437988216989 1.94843887072057 1.17613288969733 1.36114468169399
1.41710424143821 1.52694313554093 1.69013816281222 1.06073630973697 1.46037479466759 1.41747912415303 1.2556769347284 1.28113954165019 1.69182316074148 1.38608265738003 1.20416105585173 0.980492124566808 1.08859540568665 1.75327039579861 1.53807442449033 1.43588186381385 1.38506651972421 0 1.78316828189418 1.59639493585564 1.6653705581557 1.20549839152955 1.29737018304877 1.59411393082701 1.28211546712555 1.30236442317255 1.53132970700972 1.3983973802533 1.1370414677076 1.92795374174602
1.63273264793679 1.64087135158479 1.48482305952348 1.03131345845759 1.79119832604192 1.78409602120519 1.27349236817099 1.32921457197517 1.68446546513587 1.86908016772941 1.90478295879439 1.40426428359933 1.3835864206776 0.974124366650358 1.81892943265848 1.49081347719766 1.31254546064883 1.78316828189418 0 1.89824418839999 1.68202389893122 1.48869808809832 1.9107517474331 1.82010451680981 1.10024188668467 1.64349796273746 1.62297453079373 0.993715140735731 1.67791360476986 1.75758338696323
1.85930731473491 1.35763490432873 1.51847103703767 1.24504934181459 1.84144196729176 1.82188079995103 1.48062076140195 1.18011500779539 1.81681002327241 1.41009998810478 0.972130573354661 1.68092538230121 1.75061741587706 1.20366999134421 1.88822019100189 1.47312697675079 1.2849880552385 1.59639493585564 1.89824418839999 0 1.03116341633722 1.43168596364558 1.72105361451395 0.996903050225228 1.8769836074207 1.31244132854044 1.35692166234367 1.3422064690385 1.24864783533849 0.991247338475659
1.658824008191 1.14720779331401 1.2743403960485 1.30074815358967 1.49559192406014 0.967305548023432 1.23145661037415 1.11761112627573 1.07207493507303 1.61147860903293 1.5586911754217 1.33724351227283 1.88106099376455 1.46653239126317 1.68756496324204 1.15453794249333 1.96387360664085 1.6653705581557 1.68202389893122 1.03116341633722 0 1.75270037981682 1.71266455063596 1.89848570106551 1.29877562797628 1.20631284546107 1.42471346165985 1.57033793022856 1.42058594897389 1.1830556280911
1.06932483869605 1.82022927748039 1.01967563829385 1.83895432855934 1.05661474820226 1.49636480095796 1.47878954117186 1.40152165712789 1.25164435710758 1.46337161376141 1.5608022455126 1.78331773472019 1.53114919550717 1.50930560822599 1.25329839531332 1.86457110685296 1.84036523802206 1.20549839152955 1.48869808809832 1.43168596364558 1.75270037981682 0 1.52104161772877 1.06254294444807 1.4889648843091 1.69988574017771 1.66722011659294 1.24860491976142 1.30198353738524 1.52886716648936
1.31602402101271 1.57928569312207 1.50934625416994 1.69694326608442 1.93329769326374 1.21485466929153 1.39572612289339 1.47175252484158 1.30477082892321 1.13048959011212 1.07982502621599 1.17673896579072 1.16312902816571 1.44532832293771 1.60667594033293 1.62172264931723 1.75786385009997 1.29737018304877 1.9107517474331 1.72105361451395 1.71266455063596 1.52104161772877 0 1.00025568250567 1.47330820513889 1.9545069381129 1.2300144538749 1.66324337408878 1.52431057137437 1.57332767150365
1.25624016998336 1.69072596076876 1.7328146637883 1.24691905011423 1.74081652541645 1.16191641334444 1.64541961043142 1.06027647084557 1.95436559827067 1.61908450047486 1.22180390544236 1.0345347688999 1.81945567950606 1.5903356061317 1.73105090111494 1.21283572539687 1.86882262257859 1.59411393082701 1.82010451680981 0.996903050225228 1.89848570106551 1.06254294444807 1.00025568250567 0 1.27020262763835 1.11607350665145 1.35906370263547 1.61462559201755 1.24896719073877 1.58102998766117
0.969428753014654 1.61332936584949 1.64603069028817 1.62983948644251 1.27367162914015 1.42979542352259 1.16008666926064 1.81340375705622 1.96019561565481 1.00644236151129 1.28491738461889 1.56278243823908 1.12247430323623 1.06429797923192 1.95138810109347 0.98041076422669 1.20183155173436 1.28211546712555 1.10024188668467 1.8769836074207 1.29877562797628 1.4889648843091 1.47330820513889 1.27020262763835 0 1.51535356510431 1.18859947426245 1.87772740772925 1.26414412306622 1.29338372685015
1.72612452902831 1.48660975811072 1.93396471207961 1.79520724434406 1.24296993203461 1.47204593475908 1.91732623567805 1.95838790037669 1.9036031072028 1.11651755636558 1.1718129934743 1.32253384497017 1.18560983962379 1.1556422051508 1.73288213228807 1.75604944676161 1.6859919084236 1.30236442317255 1.64349796273746 1.31244132854044 1.20631284546107 1.69988574017771 1.9545069381129 1.11607350665145 1.51535356510431 0 1.420929066604 1.15187296736985 1.08199871541001 1.17524241865613
1.50814874749631 1.69335075910203 1.82046118262224 1.65617764205672 0.971517479978502 1.85468968539499 1.15374209033325 1.69409810448997 1.71898898645304 1.47228566650301 1.47092093480751 1.3648244375363 1.46022001095116 1.28489285055548 1.24309209641069 1.82444769935682 1.42437988216989 1.53132970700972 1.62297453079373 1.35692166234367 1.42471346165985 1.66722011659294 1.2300144538749 1.35906370263547 1.18859947426245 1.420929066604 0 1.75608414597809 1.82764449855313 1.64418135187589
1.02338368678465 1.93746132659726 1.85804572794586 1.53172709443606 1.69065405335277 1.75094672432169 1.31099820276722 1.75484613026492 1.43356940732338 1.22572268196382 1.0719067978207 1.08719884441234 1.42373677459545 1.75645843194798 1.60158602357842 1.12889822083525 1.94843887072057 1.3983973802533 0.993715140735731 1.3422064690385 1.57033793022856 1.24860491976142 1.66324337408878 1.61462559201755 1.87772740772925 1.15187296736985 1.75608414597809 0 1.19758035917766 1.25665170443244
1.32898619398475 1.8274058571551 1.92607961106114 1.28117965743877 1.69582427782007 1.51424304977991 1.40254349517636 1.62387509364635 1.47915462148376 1.44186761649325 1.95573032391258 1.05536634079181 1.72611197805963 1.31676729768515 1.33785336837173 1.54013961995952 1.17613288969733 1.1370414677076 1.67791360476986 1.24864783533849 1.42058594897389 1.30198353738524 1.52431057137437 1.24896719073877 1.26414412306622 1.08199871541001 1.82764449855313 1.19758035917766 0 1.01547353039496
1.48136103665456 1.49567396682687 1.72654156922363 1.88592226849869 1.12034609145485 1.75857377913781 1.1800716437865 1.43755586957559 1.94112309883349 1.62516329903156 1.71087456215173 1.74098436860368 1.65645082714036 1.95847530988976 1.5291528145317 1.5542276375927 1.36114468169399 1.92795374174602 1.75758338696323 0.991247338475659 1.1830556280911 1.52886716648936 1.57332767150365 1.58102998766117 1.29338372685015 1.17524241865613 1.64418135187589 1.25665170443244 1.01547353039496 0
