0 1.39577603852376 1.59581434540451 1.60610609059222 1.83741448144428 1.09477368276566 1.78492511087097 1.60957237472758 1.81221114774235 1.87597274966538 1.04819024330936 1.27732490701601 0.946433090604842 1.92831155308522 1.19923709775321 1.52201634435914 1.36216583009809 1.17395599163137 1.77793955965899 0.960010767914355 1.6603328587953 1.68974711955525 1.77528458926827 1.52937129721977 1.26546629029326 1.70908711780794 1.18675067555159 1.83763332967646 1.06495179142803 1.49787961062975
1.39577603852376 0 1.91592374583706 1.68057317263447 1.65912376809865 1.93374835466966 1.51554060331546 1.13526920671575 1.51494568656199 1.78205049689859 1.20634272508323 1.55954209039919 1.20056571997702 1.19240959454328 1.65169982542284 1.23710439028218 1.46516650053672 1.08768430585042 1.36882811761461 1.87973972968757 0.98549226205796 1.35310190799646 1.78458798141219 1.92975835804828 0.972725781146437 1.31613662722521 1.7736924495548 1.87711008009501 1.05977702722885 1.23524534329772
1.59581434540451 1.91592374583706 0 1.53219517949037 1.87649026000872 1.22661495977081 1.48919452750124 1.66809895401821 1.71177827892825 1.73629859299399 1.64173862338066 1.89042066130787 1.05007461481728 1.35289437323809 1.85364690143615 1.19024892617017 1.91283661616035 1.44690579897724 1.81950066285208 1.4311184512917 0.983983371639624 1.71053465618752 1.35957780946046 1.60139263374731 1.83463986869901 1.19198296428658 1.17000475106761 1.41336991172284 1.91401330637746 1.29033536883071
1.60610609059222 1.68057317263447 1.53219517949037 0 1.52345608058386 1.09016242646612 1.34304585936479 1.70852852240205 1.89783044462092 1.39384371973574 1.43470810679719 1.75185561412945 1.7245783447288 1.56340528721921 1.81062249327078 1.34930459293537 1.53828515019268 1.1205214089714 1.58544851816259 1.73675244883634 1.46667329478078 1.62443301361054 1.34413371002302 1.33846452250145 1.02585705416277 1.12578337779269 1.32858986756764 0.993948790477589 1.89378412324004 1.76389279565774
1.83741448144428 1.65912376809865 1.87649026000872 1.52345608058386 0 0.981828230898827 1.90098481625319 1.38790732668713 1.42195407161489 1.55919102020562 1.88252597278915 1.48443173174746 1.36436932487413 1.23573991470039 1.33735461067408 0.984110994497314 1.49291949649341 1.53718812437728 1.27041141036898 1.36776163405739 1.35532406205311 1.23014527978376 1.02445582160726 1.18290912243538 1.6705081416294 1.25293319160119 1.77314277552068 1.01142387581058 1.60132691380568 1.84412666689605
1.09477368276566 1.93374835466966 1.22661495977081 1.09016242646612 0.981828230898827 0 1.15969293168746 1.56549079134129 1.71945105609484 1.69694578833878 1.49337908392772 1.21777392504737 1.13378890231252 1.4858740165364 1.32836934248917 1.03647963399999 1.62250715633854 1.24919788329862 1.02310181502253 1.48368127876893 1.2211650069803 1.85121370083652 1.2289794688113 1.71764162206091 0.961022573523223 1.84220426436514 1.88548961398192 1.47774655092508 1.06544761266559 1.76059460826218
1.78492511087097 1.51554060331546 1.48919452750124 1.34304585936479 1.90098481625319 1.15969293168746 0 1.46627210034057 1.33288586558774 1.09403395885602 1.8833889416419 1.51166321872734 1.20902854017913 1.16977490787394 1.11507484968752 1.17992718261667 1.21191106690094 1.60375240002759 1.60372914629988 0.982586789410561 1.34370930260047 1.33661404601298 1.00113391736522 1.46820717141964 1.82591390237212 1.81456572539173 1.06241014646366 0.986180557869375 1.03509144484997 1.07576765259728
1.60957237472758 1.13526920671575 1.66809895401821 1.70852852240205 1.38790732668713 1.56549079134129 1.46627210034057 0 1.83335154526867 1.57433580933139 1.50298836128786 1.47448496730067 1.45570264942944 0.990986385149881 1.02035246766172 1.89574416237883 1.046151884133 1.11815744079649 1.07792235049419 1.27399906259961 0.96031417325139 1.72696784744039 1.239880528301 0.963233451591805 1.19373466982506 1.64520856109448 1.16583467903547 1.37925184657797 1.77027257834561 1.43109809746966
1.81221114774235 1.51494568656199 1.71177827892825 1.89783044462092 1.42195407161489 1.71945105609484 1.33288586558774 1.83335154526867 0 1.80163545813411 1.49922591820359 1.21216785511933 1.75917466613464 1.4832786435727 1.01164231961593 1.87024232349358 1.2252738266252 1.14152827346697 1.31106961565092 1.1656138447579 1.92752610356547 1.35243685077876 1.91090384451672 1.7130339643918 0.936773672234267 1.86651130951941 1.88346885563806 1.81468481803313 1.5996065591462 1.3937815935351
1.87597274966538 1.78205049689859 1.73629859299399 1.39384371973574 1.55919102020562 1.69694578833878 1.09403395885602 1.57433580933139 1.80163545813411 0 1.9078762261197 1.54947926104069 1.43304146756418 1.64561345358379 1.30280280439183 1.59667748352513 1.25131785334088 1.2960317695979 1.30174492206424 1.34803526941687 1.30596905667335 1.88128598732874 1.37087682099082 1.12740422831848 1.08471910399385 1.8894400827121 0.950167399831116 1.81551904114895 1.92712817899883 1.563558005495
1.04819024330936 1.20634272508323 1.64173862338066 1.43470810679719 1.88252597278915 1.49337908392772 1.8833889416419 1.50298836128786 1.49922591820359 1.9078762261197 0 1.48731322260574 1.88144253799692 1.8653837738093 1.3621672054287 1.02833610633388 1.75331740290858 1.21669759228826 1.65094934287481 1.26599227194674 1.60233271098696 1.37806589482352 1.90153627633117 1.02076784195378 0.980522133875638 1.02246017777361 1.08556405175477 1.9221382192336 1.7836041583214 1.25527989352122
1.27732490701601 1.55954209039919 1.89042066130787 1.75185561412945 1.48443173174746 1.21777392504737 1.51166321872734 1.47448496730067 1.21216785511933 1.54947926104069 1.48731322260574 0 1.23390453215688 1.15495279012248 1.0570638650097 1.63499254011549 1.6605158066377 1.4768959286157 1.29479964356869 1.64918969711289 1.05397225008346 1.01229641120881 1.61892157490365 1.01197715499438 1.13740302389488 1.22389420424588 1.81307801441289 1.49699792056344 1.72587934345938 1.11506816092879
0.946433090604842 1.20056571997702 1.05007461481728 1.7245783447288 1.36436932487413 1.13378890231252 1.20902854017913 1.45570264942944 1.75917466613464 1.43304146756418 1.88144253799692 1.23390453215688 0 1.07802864606492 1.86644416837953 1.08704677806236 1.61097521847114 1.29825789481401 0.956332349451259 1.24738742387854 1.81483885808848 1.63686203188263 0.957690405659378 1.65085738827474 1.49710165173747 1.57365616201423 1.70863465662114 1.45342459343374 1.77556194737554 1.32363446406089
1.92831155308522 1.19240959454328 1.35289437323809 1.56340528721921 1.23573991470039 1.4858740165364 1.16977490787394 0.990986385149881 1.4832786435727 1.64561345358379 1.8653837738093 1.15495279012248 1.07802864606492 0 1.59817384649068 1.40581377944909 1.55669110105373 1.17313541844487 1.50359432818368 1.89991028397344 1.82169456663541 1.30346842249855 1.68244265113026 1.27959514642134 1.4164494916331 1.87435446400195 1.62457486707717 1.29553022002801 1.17840909399092 1.5777449356392
1.19923709775321 1.65169982542284 1.85364690143615 1.81062249327078 1.33735461067408 1.32836934248917 1.11507484968752 1.02035246766172 1.01164231961593 1.30280280439183 1.3621672054287 1.0570638650097 1.86644416837953 1.59817384649068 0 1.81591811287217 1.24703470151871 1.49919019429944 1.56778281135485 1.33872163691558 1.03650635597296 1.135011496488 1.93205478601158 1.72994292154908 1.17927695554681 1.61117745493539 1.90220325160772 1.86853604158387 1.91289307898842 1.569058715133
1.52201634435914 1.23710439028218 1.19024892617017 1.34930459293537 0.984110994497314 1.03647963399999 1.17992718261667 1.89574416237883 1.87024232349358 1.59667748352513 1.02833610633388 1.63499254011549 1.08704677806236 1.40581377944909 1.81591811287217 0 1.47761660674587 1.07517210324295 1.7657099829521 1.15473990817554 1.39535088813864 1.82481712126173 1.89626573445275 1.41802763636224 1.5776746335905 0.9658599619288 1.61571788415313 1.43470539711416 1.32491255458444 1.14900896558538
1.36216583009809 1.46516650053672 1.91283661616035 1.53828515019268 1.49291949649341 1.62250715633854 1.21191106690094 1.046151884133 1.2252738266252 1.25131785334088 1.75331740290858 1.6605158066377 1.61097521847114 1.55669110105373 1.24703470151871 1.47761660674587 0 1.08169106231071 1.91317615401931 0.948289211839437 1.11677615577355 1.83488310012035 1.91376170655712 1.11731469654478 1.89560427539982 1.649088436272 1.34861687012017 0.989984764251858 1.49067908804864 1.06373084010556
1.17395599163137 1.08768430585042 1.44690579897724 1.1205214089714 1.53718812437728 1.24919788329862 1.60375240002759 1.11815744079649 1.14152827346697 1.2960317695979 1.21669759228826 1.4768959286157 1.29825789481401 1.17313541844487 1.49919019429944 1.07517210324295 1.08169106231071 0 1.01173891266808 1.21641757199541 1.83316882187501 1.30375740444288 1.66603429056704 1.40476615983061 1.8739252614323 1.3572067709174 1.88791570533067 1.73755318182521 1.82029027980752 1.04744621785358
1.77793955965899 1.36882811761461 1.81950066285208 1.58544851816259 1.27041141036898 1.02310181502253 1.60372914629988 1.07792235049419 1.31106961565092 1.30174492206424 1.65094934287481 1.29479964356869 0.956332349451259 1.50359432818368 1.56778281135485 1.7657099829521 1.91317615401931 1.01173891266808 0 1.48672618111596 1.49015603330918 1.58841987932101 1.03014876390807 1.07100523379631 1.83590619009919 1.18635490071028 1.08850014489144 1.25952711049467 1.48893773392774 1.85237172082998
0.960010767914355 1.87973972968757 1.4311184512917 1.73675244883634 1.36776163405739 1.48368127876893 0.982586789410561 1.27399906259961 1.1656138447579 1.34803526941687 1.26599227194674 1.64918969711289 1.24738742387854 1.89991028397344 1.33872163691558 1.15473990817554 0.948289211839437 1.21641757199541 1.48672618111596 0 1.39565059659071 1.32566160825081 1.7976929731667 1.3797339880839 1.45177200692706 1.20526278973557 1.56274274224415 1.11448191432282 1.06796794547699 1.42405981337652
1.6603328587953 0.98549226205796 0.983983371639624 1.46667329478078 1.35532406205311 1.2211650069803 1.34370930260047 0.96031417325139 1.92752610356547 1.30596905667335 1.60233271098696 1.05397225008346 1.81483885808848 1.82169456663541 1.03650635597296 1.39535088813864 1.11677615577355 1.83316882187501 1.49015603330918 1.39565059659071 0 0.969728904543445 1.93435361143202 1.6841528089717 1.81656444561668 1.23754678526893 1.67664483957924 1.72758744005114 1.13047467591241 1.25516986171715
1.68974711955525 1.35310190799646 1.71053465618752 1.62443301361054 1.23014527978376 1.85121370083652 1.33661404601298 1.72696784744039 1.35243685077876 1.88128598732874 1.37806589482352 1.01229641120881 1.63686203188263 1.30346842249855 1.135011496488 1.82481712126173 1.83488310012035 1.30375740444288 1.58841987932101 1.32566160825081 0.969728904543445 0 1.05750116147101 1.28795569343492 1.77766958717257 1.68441434879787 1.00276954262517 1.86118374927901 1.85410439618863 1.86057010130025
1.77528458926827 1.78458798141219 1.35957780946046 1.34413371002302 1.02445582160726 1.2289794688113 1.00113391736522 1.239880528301 1.91090384451672 1.37087682099082 1.90153627633117 1.61892157490365 0.957690405659378 1.68244265113026 1.93205478601158 1.89626573445275 1.91376170655712 1.66603429056704 1.03014876390807 1.7976929731667 1.93435361143202 1.05750116147101 0 1.71606926061213 1.84929197421297 1.83264059643261 1.55622185394168 0.992137533379719 1.7307046263013 1.56367424759082
1.52937129721977 1.92975835804828 1.60139263374731 1.33846452250145 1.18290912243538 1.71764162206091 1.46820717141964 0.963233451591805 1.7130339643918 1.12740422831848 1.02076784195378 1.01197715499438 1.65085738827474 1.27959514642134 1.72994292154908 1.41802763636224 1.11731469654478 1.40476615983061 1.07100523379631 1.3797339880839 1.6841528089717 1.28795569343492 1.71606926061213 0 1.88356823544018 1.19622648414224 1.88157188519835 1.28972180909477 1.12232652725652 1.12009868677706
1.26546629029326 0.972725781146437 1.83463986869901 1.02585705416277 1.6705081416294 0.961022573523223 1.82591390237212 1.19373466982506 0.936773672234267 1.08471910399385 0.980522133875638 1.13740302389488 1.49710165173747 1.4164494916331 1.17927695554681 1.5776746335905 1.89560427539982 1.8739252614323 1.83590619009919 1.45177200692706 1.81656444561668 1.77766958717257 1.84929197421297 1.88356823544018 0 1.15370459575206 1.00661914469674 1.49780205637217 1.85749577335082 1.26296979747713
1.70908711780794 1.31613662722521 1.19198296428658 1.12578337779269 1.25293319160119 1.84220426436514 1.81456572539173 1.64520856109448 1.86651130951941 1.8894400827121 1.02246017777361 1.22389420424588 1.57365616201423 1.87435446400195 1.61117745493539 0.9658599619288 1.649088436272 1.3572067709174 1.18635490071028 1.20526278973557 1.23754678526893 1.68441434879787 1.83264059643261 1.19622648414224 1.15370459575206 0 1.67325381655246 1.16608454822563 1.38817027094774 1.87359310756437
1.18675067555159 1.7736924495548 1.17000475106761 1.32858986756764 1.77314277552068 1.88548961398192 1.06241014646366 1.16583467903547 1.88346885563806 0.950167399831116 1.08556405175477 1.81307801441289 1.70863465662114 1.62457486707717 1.90220325160772 1.61571788415313 1.34861687012017 1.88791570533067 1.08850014489144 1.56274274224415 1.67664483957924 1.00276954262517 1.55622185394168 1.88157188519835 1.00661914469674 1.67325381655246 0 1.91972617362626 1.24569692951627 1.69393924553879
1.83763332967646 1.87711008009501 1.41336991172284 0.993948790477589 1.01142387581058 1.47774655092508 0.986180557869375 1.37925184657797 1.81468481803313 1.81551904114895 1.9221382192336 1.49699792056344 1.45342459343374 1.29553022002801 1.86853604158387 1.43470539711416 0.989984764251858 1.73755318182521 1.25952711049467 1.11448191432282 1.72758744005114 1.86118374927901 0.992137533379719 1.28972180909477 1.49780205637217 1.16608454822563 1.91972617362626 0 1.68260821513832 1.09618509444408
1.06495179142803 1.05977702722885 1.91401330637746 1.89378412324004 1.60132691380568 1.06544761266559 1.03509144484997 1.77027257834561 1.5996065591462 1.92712817899883 1.7836041583214 1.72587934345938 1.77556194737554 1.17840909399092 1.91289307898842 1.32491255458444 1.49067908804864 1.82029027980752 1.48893773392774 1.06796794547699 1.13047467591241 1.85410439618863 1.7307046263013 1.12232652725652 1.85749577335082 1.38817027094774 1.24569692951627 1.68260821513832 0 1.79261724161915
1.49787961062975 1.23524534329772 1.29033536883071 1.76389279565774 1.84412666689605 1.76059460826218 1.07576765259728 1.43109809746966 1.3937815935351 1.563558005495 1.25527989352122 1.11506816092879 1.32363446406089 1.5777449356392 1.569058715133 1.14900896558538 1.06373084010556 1.04744621785358 1.85237172082998 1.42405981337652 1.25516986171715 1.86057010130025 1.56367424759082 1.12009868677706 1.26296979747713 1.87359310756437 1.69393924553879 1.09618509444408 1.79261724161915 0
