0 1.79466254496947 1.01660668244585 1.0302917517256 1.5651378177572 0.946907809004188 1.86247049714439 1.05380612448789 1.32509758556262 1.31374643789604 1.43978343834169 1.11446686321869 1.4156502331607 1.29439671244472 1.34205210674554 1.10262528154999 1.27947283745743 0.999167104018852 1.42870541289449 0.958020724589005 1.84254967677407 0.923006400233135 1.45891442592256 1.03374586068094 1.88758363272063 1.23737996187992 1.67230963613838 1.59240629058331 1.4702524440363 1.09102040785365
1.79466254496947 0 1.63509509665892 1.37900711293332 1.49056504457258 1.38944351440296 1.2895025247708 1.11545448331162 1.04754569241777 1.52309862454422 1.18474611616693 0.984541707672179 1.85737254563719 1.01031563989818 1.79438520944677 1.75063748308457 1.01010007876903 1.27490190416574 1.72119208076037 1.23439628537744 1.69356093858369 1.1160492177587 1.79208600404672 1.61810122337192 1.01297704433091 1.63100477168337 1.43291861610487 1.03308536694385 1.2216364343185 1.56577482772991
1.01660668244585 1.63509509665892 0 0.947779179317877 1.82502638595179 1.90193289564922 1.10229523759335 1.0795785295777 1.13763647922315 1.32778813689947 1.6504199358169 1.1388429980725 1.59543108241633 1.78237689728849 1.64717141119763 1.56953386147507 1.15805992064998 1.05856826156378 1.32753219245933 0.996422219090164 1.63916078093462 1.00446763564833 1.11672108946368 1.38647369714454 1.04998939484358 1.06082971207798 1.22801865800284 1.82662927103229 0.915766051970422 1.74511568667367
1.0302917517256 1.37900711293332 0.947779179317877 0 1.89947703713551 0.954153716331348 1.2322761202231 1.57699576346204 1.89924830314703 1.29039853997529 1.22386685432866 1.04770448687486 1.48669038433582 1.16294791758992 1.64800611091778 1.32289147865959 0.922908212291077 1.57131489505991 1.00895336619578 1.77210567099974 1.09726690058596 1.07130316807888 1.73429418797605 1.5112308524549 1.23031381797045 1.57389439363033 1.30088576744311 1.7731518978253 1.52891100151464 1.06808943976648
1.5651378177572 1.49056504457258 1.82502638595179 1.89947703713551 0 0.970480418298393 1.39409652585164 1.67736254748888 1.11934828129597 1.86899851891212 1.55640329280868 0.918154065031558 1.85982928751037 1.86144793778658 1.48087341012433 1.84306182060391 1.77652363339439 1.15888038673438 1.31698019057512 1.2375105866231 1.14715516241267 1.37689028540626 0.991005475400016 1.06622861255892 1.34639090229757 1.78080248064362 0.935970293357968 1.81211627135053 0.920828049303964 1.33032084233128
0.946907809004188 1.38944351440296 1.90193289564922 0.954153716331348 0.970480418298393 0 0.93314964370802 1.14067420735955 1.35672187805176 1.70236080558971 1.15305617870763 1.10038196924143 1.55086593609303 1.59511112049222 1.66388755827211 0.92409472935833 0.987251535989344 1.3627560515888 1.67321653128602 1.57507577398792 1.1343125612475 1.22488655545749 1.63624144834466 1.055292369565 1.57252480043098 1.54188995086588 1.13986365636811 1.3432282791473 1.0185801575426 1.85645905253477
1.86247049714439 1.2895025247708 1.10229523759335 1.2322761202231 1.39409652585164 0.93314964370802 0 1.47483444819227 1.08259716304019 1.63101545814425 1.17210320942104 1.28575235861354 1.75024698814377 0.976186629850417 1.03048562258482 1.49833342060447 1.01641892129555 1.04818640416488 1.81351587432437 1.13453909265809 1.693040558137 1.85472753155045 1.20578602375463 1.01174928131513 1.80633856123313 1.45318179787137 1.76659282157198 1.48055759212002 0.953827966703102 1.67160291201435
1.05380612448789 1.11545448331162 1.0795785295777 1.57699576346204 1.67736254748888 1.14067420735955 1.47483444819227 0 1.65250668558292 1.07633726042695 1.86569415871054 1.0572021654807 1.08728290069848 1.14754573232494 1.18689340772107 1.38430882105604 1.45570753677748 1.27012033551 1.38238530117087 1.26246861135587 1.07653589569964 1.57356089074165 0.957614392274991 1.71988814277574 1.84573551267385 1.43333528470248 1.05706801684573 1.82722460059449 1.45966680860147 1.42461280035786
1.32509758556262 1.04754569241777 1.13763647922315 1.89924830314703 1.11934828129597 1.35672187805176 1.08259716304019 1.65250668558292 0 0.962869619950652 1.66128318244591 1.65725570498034 1.09305859450251 1.63886898499914 1.29381576832384 1.35397775517777 1.05305089871399 1.65081424405798 1.81319190119393 0.965976066654548 1.79611564520746 1.31742874672636 1.35626471810974 1.47362481150776 1.01762003172189 1.02426648908295 0.988780031912029 1.63312593055889 1.0103102682624 1.13110074354336
1.31374643789604 1.52309862454422 1.32778813689947 1.29039853997529 1.86899851891212 1.70236080558971 1.63101545814425 1.07633726042695 0.962869619950652 0 1.60539788613096 1.83517831540667 1.22192704142071 1.15678836172447 0.996326220454648 1.0015535550192 1.291785096284 1.79528393573128 1.39017859846354 1.52063572010957 1.80672299908474 1.66205334244296 1.62510813958943 1.73947078245692 1.51619913359173 1.80071273609065 1.1867839875631 1.64282155525871 1.32314682169817 1.51271288725547
1.43978343834169 1.18474611616693 1.6504199358169 1.22386685432866 1.55640329280868 1.15305617870763 1.17210320942104 1.86569415871054 1.66128318244591 1.60539788613096 0 1.5459799952805 0.943942552199587 1.29652837733738 1.65919064823538 1.58252562535927 1.32133030099794 1.68698920449242 1.79889633040875 1.60577480914071 1.74067801889032 1.32178107579239 0.944213890936226 1.27411073143594 0.935199103550985 1.89645536942407 1.52463488187641 1.32974780886434 1.16257038665935 1.15057387808338
1.11446686321869 0.984541707672179 1.1388429980725 1.04770448687486 0.918154065031558 1.10038196924143 1.28575235861354 1.0572021654807 1.65725570498034 1.83517831540667 1.5459799952805 0 1.01158160809427 1.76422528363764 0.996658433927223 1.71354178898036 1.49165606754832 1.86437642830424 1.74242922198027 1.76437657722272 1.16754150670022 1.03865930414759 1.8990836373996 1.70237336470746 1.07066093711182 1.90190947474912 1.55056640994735 1.72701027593575 1.41480716061778 1.53755372273736
1.4156502331607 1.85737254563719 1.59543108241633 1.48669038433582 1.85982928751037 1.55086593609303 1.75024698814377 1.08728290069848 1.09305859450251 1.22192704142071 0.943942552199587 1.01158160809427 0 1.8728414461948 0.911145000718534 1.74475950654596 1.38994353078306 1.88861570996232 1.6242817058228 1.89605930261314 1.16168572194874 1.57471738220192 1.76478491863236 1.32039101328701 1.80324704386294 1.13237640028819 1.0165601070039 1.79253679444082 1.34014620329253 1.16660253098235
1.29439671244472 1.01031563989818 1.78237689728849 1.16294791758992 1.86144793778658 1.59511112049222 0.976186629850417 1.14754573232494 1.63886898499914 1.15678836172447 1.29652837733738 1.76422528363764 1.8728414461948 0 1.80702645541169 1.08160792570561 1.87743649049662 1.53678664751351 1.6685243844986 1.39881567796692 1.50779905193485 1.88244598219171 1.23161134356633 0.998369333567098 1.36296042473987 1.58285819669254 1.63971886527725 0.996372943278402 1.58830910827965 1.55148319457658
1.34205210674554 1.79438520944677 1.64717141119763 1.64800611091778 1.48087341012433 1.66388755827211 1.03048562258482 1.18689340772107 1.29381576832384 0.996326220454648 1.65919064823538 0.996658433927223 0.911145000718534 1.80702645541169 0 0.97969089448452 1.45343760284595 1.86795305949636 1.62787186726928 1.69968014839105 1.52094133547507 1.22103373310529 1.17792433570139 1.20805052691139 1.82659365748987 1.21384068625048 1.83187700435519 1.66835850453936 1.81945196446031 1.61713452916592
1.10262528154999 1.75063748308457 1.56953386147507 1.32289147865959 1.84306182060391 0.92409472935833 1.49833342060447 1.38430882105604 1.35397775517777 1.0015535550192 1.58252562535927 1.71354178898036 1.74475950654596 1.08160792570561 0.97969089448452 0 1.15412380662747 1.49051015847363 0.991002904018387 1.46307167573832 1.59812357788906 1.88429166027345 1.0740593355149 1.10100905946456 1.88301779096946 1.28954614466056 1.3670791303739 1.28122334973887 1.27229804405943 1.36138939089142
1.27947283745743 1.01010007876903 1.15805992064998 0.922908212291077 1.77652363339439 0.987251535989344 1.01641892129555 1.45570753677748 1.05305089871399 1.291785096284 1.32133030099794 1.49165606754832 1.38994353078306 1.87743649049662 1.45343760284595 1.15412380662747 0 1.63089442090131 0.982317950576544 1.8933100735303 1.3562232372351 1.32057063002139 1.69659358425997 1.26763293123804 1.08769294177182 0.936950887786224 1.14610100910068 1.76594643900171 1.63941007037647 1.40607734164223
0.999167104018852 1.27490190416574 1.05856826156378 1.57131489505991 1.15888038673438 1.3627560515888 1.04818640416488 1.27012033551 1.65081424405798 1.79528393573128 1.68698920449242 1.86437642830424 1.88861570996232 1.53678664751351 1.86795305949636 1.49051015847363 1.63089442090131 0 1.75800572568551 0.909256659448147 1.49116079532541 1.75684424140491 1.72009916882962 1.31343802600168 1.60425558360294 1.30493132583797 1.65841133915819 1.62706271954812 1.39393921615556 1.16905074077658
1.42870541289449 1.72119208076037 1.32753219245933 1.00895336619578 1.31698019057512 1.67321653128602 1.81351587432437 1.38238530117087 1.81319190119393 1.39017859846354 1.79889633040875 1.74242922198027 1.6242817058228 1.6685243844986 1.62787186726928 0.991002904018387 0.982317950576544 1.75800572568551 0 1.86067334632389 1.36395266605541 0.974926289869472 1.7996041001752 1.60898791742511 1.39069923572242 1.62046101898886 1.13507615658455 1.77324731578119 1.0089402385056 1.17269990011118
0.958020724589005 1.23439628537744 0.996422219090164 1.77210567099974 1.2375105866231 1.57507577398792 1.13453909265809 1.26246861135587 0.965976066654548 1.52063572010957 1.60577480914071 1.76437657722272 1.89605930261314 1.39881567796692 1.69968014839105 1.46307167573832 1.8933100735303 0.909256659448147 1.86067334632389 0 1.0840947967954 1.7938124476932 1.54379846365191 1.14373862440698 1.52006484288722 1.27964345249347 1.16620210465044 0.934108768822625 1.50369197968394 1.30186110013165
1.84254967677407 1.69356093858369 1.63916078093462 1.09726690058596 1.14715516241267 1.1343125612475 1.693040558137 1.07653589569964 1.79611564520746 1.80672299908474 1.74067801889032 1.16754150670022 1.16168572194874 1.50779905193485 1.52094133547507 1.59812357788906 1.3562232372351 1.49116079532541 1.36395266605541 1.0840947967954 0 1.76785343466327 1.65818031458184 1.80471690325066 1.5917728212662 1.29977925145067 1.20917426305823 1.83577249036171 1.48268205835484 1.39925120328553
0.923006400233135 1.1160492177587 1.00446763564833 1.07130316807888 1.37689028540626 1.22488655545749 1.85472753155045 1.57356089074165 1.31742874672636 1.66205334244296 1.32178107579239 1.03865930414759 1.57471738220192 1.88244598219171 1.22103373310529 1.88429166027345 1.32057063002139 1.75684424140491 0.974926289869472 1.7938124476932 1.76785343466327 0 1.06464092433453 1.81665145093575 1.82849368359894 1.31744265160523 0.960793853737414 0.978782253805548 1.02867186977528 1.67206194181927
1.45891442592256 1.79208600404672 1.11672108946368 1.73429418797605 0.991005475400016 1.63624144834466 1.20578602375463 0.957614392274991 1.35626471810974 1.62510813958943 0.944213890936226 1.8990836373996 1.76478491863236 1.23161134356633 1.17792433570139 1.0740593355149 1.69659358425997 1.72009916882962 1.7996041001752 1.54379846365191 1.65818031458184 1.06464092433453 0 1.05911199888214 1.16964442911558 1.66000855551101 0.980456356657669 1.87270894506946 1.65938595263287 1.80137831205502
1.03374586068094 1.61810122337192 1.38647369714454 1.5112308524549 1.06622861255892 1.055292369565 1.01174928131513 1.71988814277574 1.47362481150776 1.73947078245692 1.27411073143594 1.70237336470746 1.32039101328701 0.998369333567098 1.20805052691139 1.10100905946456 1.26763293123804 1.31343802600168 1.60898791742511 1.14373862440698 1.80471690325066 1.81665145093575 1.05911199888214 0 1.20474609336816 1.37362093920819 1.26522022928111 1.83473246055655 1.18965668673627 1.70030637504533
1.88758363272063 1.01297704433091 1.04998939484358 1.23031381797045 1.34639090229757 1.57252480043098 1.80633856123313 1.84573551267385 1.01762003172189 1.51619913359173 0.935199103550985 1.07066093711182 1.80324704386294 1.36296042473987 1.82659365748987 1.88301779096946 1.08769294177182 1.60425558360294 1.39069923572242 1.52006484288722 1.5917728212662 1.82849368359894 1.16964442911558 1.20474609336816 0 1.59811534895562 1.90418593329377 1.41799642518163 1.72290538204834 1.00745715433732
1.23737996187992 1.63100477168337 1.06082971207798 1.57389439363033 1.78080248064362 1.54188995086588 1.45318179787137 1.43333528470248 1.02426648908295 1.80071273609065 1.89645536942407 1.90190947474912 1.13237640028819 1.58285819669254 1.21384068625048 1.28954614466056 0.936950887786224 1.30493132583797 1.62046101898886 1.27964345249347 1.29977925145067 1.31744265160523 1.66000855551101 1.37362093920819 1.59811534895562 0 1.14919951371849 0.960552836768329 1.49636387894861 1.01408861181699
1.67230963613838 1.43291861610487 1.22801865800284 1.30088576744311 0.935970293357968 1.13986365636811 1.76659282157198 1.05706801684573 0.988780031912029 1.1867839875631 1.52463488187641 1.55056640994735 1.0165601070039 1.63971886527725 1.83187700435519 1.3670791303739 1.14610100910068 1.65841133915819 1.13507615658455 1.16620210465044 1.20917426305823 0.960793853737414 0.980456356657669 1.26522022928111 1.90418593329377 1.14919951371849 0 1.70204074098729 1.27683722996153 1.63046494079754
1.59240629058331 1.03308536694385 1.82662927103229 1.7731518978253 1.81211627135053 1.3432282791473 1.48055759212002 1.82722460059449 1.63312593055889 1.64282155525871 1.32974780886434 1.72701027593575 1.79253679444082 0.996372943278402 1.66835850453936 1.28122334973887 1.76594643900171 1.62706271954812 1.77324731578119 0.934108768822625 1.83577249036171 0.978782253805548 1.87270894506946 1.83473246055655 1.41799642518163 0.960552836768329 1.70204074098729 0 1.36782231903635 0.909648122033104
1.4702524440363 1.2216364343185 0.915766051970422 1.52891100151464 0.920828049303964 1.0185801575426 0.953827966703102 1.45966680860147 1.0103102682624 1.32314682169817 1.16257038665935 1.41480716061778 1.34014620329253 1.58830910827965 1.81945196446031 1.27229804405943 1.63941007037647 1.39393921615556 1.0089402385056 1.50369197968394 1.48268205835484 1.02867186977528 1.65938595263287 1.18965668673627 1.72290538204834 1.49636387894861 1.27683722996153 1.36782231903635 0 1.85575457965024
1.09102040785365 1.56577482772991 1.74511568667367 1.06808943976648 1.33032084233128 1.85645905253477 1.67160291201435 1.42461280035786 1.13110074354336 1.51271288725547 1.15057387808338 1.53755372273736 1.16660253098235 1.55148319457658 1.61713452916592 1.36138939089142 1.40607734164223 1.16905074077658 1.17269990011118 1.30186110013165 1.39925120328553 1.67206194181927 1.80137831205502 1.70030637504533 1.00745715433732 1.01408861181699 1.63046494079754 0.909648122033104 1.85575457965024 0
