0 1.56729474128224 1.07061687647365 1.39106526621617 1.39938211697154 0.942521830322221 1.29829854960553 1.16099688294344 0.959532737499103 1.13030229276046 1.06514099845663 1.07491486333311 1.42612000042573 1.65193646517582 1.13907461101189 1.81422810675576 1.15440388210118 1.22059790906496 1.43013605638407 1.16178304026835 1.48385040974244 1.25221914146096 1.2354499520734 1.02245336049236 0.969614872476086 1.63670326094143 1.04242426739074 1.02796360291541 0.987515434389934 1.41584872803651
1.56729474128224 0 1.59175530914217 1.4786827689968 1.00551704014651 1.6573016284965 1.40841977368109 1.87320424662903 1.47156792832538 0.912939108209684 1.64025777718052 0.943167607532814 1.30415305565111 1.61275662016124 1.26154688862152 1.46968770190142 1.4287780309096 1.3559329661075 1.74110565916635 1.62632354185916 1.14440700039268 1.39818019932136 1.11438776971772 0.8937641561497 1.28835703688674 1.51828418532386 0.98111821943894 1.18277234141715 1.7229188689962 1.71239342330955
1.07061687647365 1.59175530914217 0 1.83930107392371 1.45595354959369 1.08087912667543 1.64341117953882 1.04193936521187 1.37313445750624 1.11560053331777 1.70439155353233 0.88135947776027 1.34616817650385 1.46808944758959 1.60327457915992 0.996414492139593 1.32938726176508 1.54007890401408 1.30967360571958 0.988221926847473 1.26458566100337 1.14729291549884 0.881970513379201 1.76601721579209 1.32022126880474 1.1279040761292 1.13748344802298 1.28842381644063 0.937202874803916 1.77047369885258
1.39106526621617 1.4786827689968 1.83930107392371 0 1.04044522275217 1.08175164903514 1.51243483112194 1.30608877446502 1.03375161718577 0.943528963252902 1.30193732539192 1.21964494511485 1.24592840974219 1.1340907276608 1.00638046092354 1.15890566911548 1.15675290301442 1.48460034211166 1.72383382008411 1.22254925803281 0.986798604950309 1.63961742864922 1.26451375195757 1.83903501951136 1.82311162934639 1.78028257982805 1.75417865486816 1.23772674612701 1.79262489266694 1.53264266671613
1.39938211697154 1.00551704014651 1.45595354959369 1.04044522275217 0 1.47602939186618 1.29395477240905 1.01263617235236 1.61253435979597 1.24568223417737 1.10950982989743 1.29232131666504 1.80525963194668 1.53805431956425 0.977665632963181 1.74270933424123 1.26607440644875 1.26134164514951 1.10788840800524 1.02385922963731 0.921504859114066 0.997985841706395 1.17899188492447 1.47694275830872 1.39873065869324 1.1202670186758 1.4922074470669 1.42957360274158 1.61394170369022 1.3101160035003
0.942521830322221 1.6573016284965 1.08087912667543 1.08175164903514 1.47602939186618 0 1.58705283841118 1.85156179708429 1.86078946874477 1.15152339474298 1.86960290931165 1.59279369213618 1.38701987289824 1.09677622211166 1.33848144486547 1.83026307239197 1.28596813767217 1.58332464471459 1.03384747891687 1.27423937199637 1.03388181142509 1.00752745615318 1.38063873769715 1.76695884647779 1.20959299011156 1.43769030901603 1.87087749922648 1.64810135681182 1.23887792555615 1.18081410881132
1.29829854960553 1.40841977368109 1.64341117953882 1.51243483112194 1.29395477240905 1.58705283841118 0 1.13509613042697 1.32589183817618 1.04914862918667 1.61200753599405 1.22709477413446 1.47001359798014 1.35347908432595 1.50315224775113 1.35568758263253 1.12550217355601 0.929015618050471 1.02086133649573 1.19668557937257 1.06774593540467 1.51302475924604 1.74241249053739 1.60100453766063 1.06367467343807 1.72333179158159 1.56106813740917 1.07784520857967 1.5084659003187 1.41881360928528
1.16099688294344 1.87320424662903 1.04193936521187 1.30608877446502 1.01263617235236 1.85156179708429 1.13509613042697 0 1.16897657094523 1.12673518084921 1.69458557502367 1.29617866291665 1.58756471960805 1.27258272655308 1.1315103683155 1.78834232431836 1.82259220001288 1.61597731756046 1.00675330054946 1.87429489707574 1.10679249768145 1.81984188850038 1.53783012880012 1.09900633967482 1.37896458944306 1.76529442798346 1.33388355746865 1.34349953057244 1.32711877627298 1.28585739433765
0.959532737499103 1.47156792832538 1.37313445750624 1.03375161718577 1.61253435979597 1.86078946874477 1.32589183817618 1.16897657094523 0 1.66425641509704 1.02976525737904 1.37978476239368 1.42342670075595 1.16422427957878 1.41076399874873 1.4081833132077 1.27589149726555 1.54327635816298 1.42711110319942 1.65474987635389 1.4881912372075 1.67972598550841 1.48971975152381 1.55396002507769 1.25021484447643 1.30721341376193 1.7268964254763 0.935303627280518 1.20986299519427 1.06184942135587
1.13030229276046 0.912939108209684 1.11560053331777 0.943528963252902 1.24568223417737 1.15152339474298 1.04914862918667 1.12673518084921 1.66425641509704 0 0.991168327629566 1.65005638776347 1.42256833845749 1.44031259743497 1.55445648171008 1.280281617539 1.21161399618722 1.83644389687106 1.63784568035044 1.49015696696006 1.23789100931026 1.36150517500937 1.72285563964397 1.3383897007443 1.15911661577411 1.19353734701872 1.8222569024656 1.78894288791344 1.03482395666651 1.13025736599229
1.06514099845663 1.64025777718052 1.70439155353233 1.30193732539192 1.10950982989743 1.86960290931165 1.61200753599405 1.69458557502367 1.02976525737904 0.991168327629566 0 0.932567617623135 1.18243248341605 1.46068456792273 1.84602163266391 1.44982184353285 1.55452917842194 1.5845229702536 0.912032454274595 1.75089586619288 1.04620467079803 1.23499614931643 1.09264983143657 1.19447207404301 1.22865149145946 1.6161647355184 1.55909287906252 0.981776995351538 1.81477407086641 1.04589849733748
1.07491486333311 0.943167607532814 0.88135947776027 1.21964494511485 1.29232131666504 1.59279369213618 1.22709477413446 1.29617866291665 1.37978476239368 1.65005638776347 0.932567617623135 0 0.876891561318189 1.77904822281562 0.94044541218318 1.16898035025224 1.7967636291869 1.30010579968803 1.16655159811489 1.68902986845933 1.57727829669602 0.919828525977209 1.22554596443661 1.33660174976103 1.65620123967528 1.73328272788785 1.81995765841566 1.42219821340404 1.6758087228518 0.939478219486773
1.42612000042573 1.30415305565111 1.34616817650385 1.24592840974219 1.80525963194668 1.38701987289824 1.47001359798014 1.58756471960805 1.42342670075595 1.42256833845749 1.18243248341605 0.876891561318189 0 1.40665965457447 1.4334721644409 1.86397042567842 1.25822940492071 1.05357718584128 1.03940620878711 1.76694373507053 1.45731361000799 0.88229766394943 0.974105715053156 1.58038962283172 0.988619780167937 1.16421256004833 1.38143243128434 1.56745894788764 1.78765924344771 1.81636978080496
1.65193646517582 1.61275662016124 1.46808944758959 1.1340907276608 1.53805431956425 1.09677622211166 1.35347908432595 1.27258272655308 1.16422427957878 1.44031259743497 1.46068456792273 1.77904822281562 1.40665965457447 0 1.17733788816258 1.05186425079592 1.87007189239375 1.30297777056694 1.0458279196173 1.30756100197323 1.11933292285539 1.2927883991506 1.55037250719033 1.5910622975789 0.931036890484393 0.886295424308628 1.52926227962598 1.29030610690825 1.68109832797199 1.25058926315978
1.13907461101189 1.26154688862152 1.60327457915992 1.00638046092354 0.977665632963181 1.33848144486547 1.50315224775113 1.1315103683155 1.41076399874873 1.55445648171008 1.84602163266391 0.94044541218318 1.4334721644409 1.17733788816258 0 1.31074475566857 1.61179162655026 1.05389256309718 1.32901034713723 1.66880207951181 1.86959599517286 1.69452561251819 1.29830434825271 1.74114000215195 1.58261309983209 1.52513342630118 1.67253126087599 1.79951063869521 1.57543213525787 1.39019905799069
1.81422810675576 1.46968770190142 0.996414492139593 1.15890566911548 1.74270933424123 1.83026307239197 1.35568758263253 1.78834232431836 1.4081833132077 1.280281617539 1.44982184353285 1.16898035025224 1.86397042567842 1.05186425079592 1.31074475566857 0 1.75048712850548 1.32635666127317 1.659113970818 1.44305942836218 1.66727966070175 1.30179402069189 1.62710068491288 1.33998907194473 1.50102480803616 1.30485922750086 1.15485277795233 1.33010261692107 1.25111534143798 1.20767631498165
1.15440388210118 1.4287780309096 1.32938726176508 1.15675290301442 1.26607440644875 1.28596813767217 1.12550217355601 1.82259220001288 1.27589149726555 1.21161399618722 1.55452917842194 1.7967636291869 1.25822940492071 1.87007189239375 1.61179162655026 1.75048712850548 0 1.37385202082805 0.971705661853775 1.3066384345293 1.3010584092699 1.1456539046485 1.50000210897997 1.32523623108864 1.39534703968093 1.19948280672543 0.946070071775466 0.954004211351275 1.43211608822457 1.51797514059581
1.22059790906496 1.3559329661075 1.54007890401408 1.48460034211166 1.26134164514951 1.58332464471459 0.929015618050471 1.61597731756046 1.54327635816298 1.83644389687106 1.5845229702536 1.30010579968803 1.05357718584128 1.30297777056694 1.05389256309718 1.32635666127317 1.37385202082805 0 1.35384829249233 1.38915532943793 1.19704114459455 1.66853689914569 1.27931563765742 1.82833614875562 1.43816813686863 1.250654975418 1.35439053084701 1.1667245416902 1.04995741508901 1.06666236976162
1.43013605638407 1.74110565916635 1.30967360571958 1.72383382008411 1.10788840800524 1.03384747891687 1.02086133649573 1.00675330054946 1.42711110319942 1.63784568035044 0.912032454274595 1.16655159811489 1.03940620878711 1.0458279196173 1.32901034713723 1.659113970818 0.971705661853775 1.35384829249233 0 1.65872585540637 1.26041287602857 1.61998234596103 1.18110908940434 0.93478423403576 1.12200699723326 1.32692920812406 1.26108264713548 1.28182960511185 1.61079278029501 1.0745099154301
1.16178304026835 1.62632354185916 0.988221926847473 1.22254925803281 1.02385922963731 1.27423937199637 1.19668557937257 1.87429489707574 1.65474987635389 1.49015696696006 1.75089586619288 1.68902986845933 1.76694373507053 1.30756100197323 1.66880207951181 1.44305942836218 1.3066384345293 1.38915532943793 1.65872585540637 0 1.18023778148927 1.22991849482059 0.993071711156517 1.55727671599016 1.53178437659517 1.30669594812207 0.90960885421373 0.92873819754459 1.05174347851425 1.84480630559847
1.48385040974244 1.14440700039268 1.26458566100337 0.986798604950309 0.921504859114066 1.03388181142509 1.06774593540467 1.10679249768145 1.4881912372075 1.23789100931026 1.04620467079803 1.57727829669602 1.45731361000799 1.11933292285539 1.86959599517286 1.66727966070175 1.3010584092699 1.19704114459455 1.26041287602857 1.18023778148927 0 1.00844843569212 0.922086813254282 1.30177197093144 0.959677954902872 1.58576735923998 1.57039218209684 1.39991978299804 0.995511997491121 1.77966735768132
1.25221914146096 1.39818019932136 1.14729291549884 1.63961742864922 0.997985841706395 1.00752745615318 1.51302475924604 1.81984188850038 1.67972598550841 1.36150517500937 1.23499614931643 0.919828525977209 0.88229766394943 1.2927883991506 1.69452561251819 1.30179402069189 1.1456539046485 1.66853689914569 1.61998234596103 1.22991849482059 1.00844843569212 0 1.55107352184132 1.80462838546373 1.6280720885843 1.49739221134223 1.7899767041672 1.42183053842746 1.6577261169441 1.48604567092843
1.2354499520734 1.11438776971772 0.881970513379201 1.26451375195757 1.17899188492447 1.38063873769715 1.74241249053739 1.53783012880012 1.48971975152381 1.72285563964397 1.09264983143657 1.22554596443661 0.974105715053156 1.55037250719033 1.29830434825271 1.62710068491288 1.50000210897997 1.27931563765742 1.18110908940434 0.993071711156517 0.922086813254282 1.55107352184132 0 1.40917075867765 1.22754842787981 1.07538755098358 1.12306107115 1.55188741814345 1.30377057893202 1.4853352769278
1.02245336049236 0.8937641561497 1.76601721579209 1.83903501951136 1.47694275830872 1.76695884647779 1.60100453766063 1.09900633967482 1.55396002507769 1.3383897007443 1.19447207404301 1.33660174976103 1.58038962283172 1.5910622975789 1.74114000215195 1.33998907194473 1.32523623108864 1.82833614875562 0.93478423403576 1.55727671599016 1.30177197093144 1.80462838546373 1.40917075867765 0 1.16243434301578 1.01152296713553 1.86864855140448 1.06683498062193 1.25452599558048 1.25353452237323
0.969614872476086 1.28835703688674 1.32022126880474 1.82311162934639 1.39873065869324 1.20959299011156 1.06367467343807 1.37896458944306 1.25021484447643 1.15911661577411 1.22865149145946 1.65620123967528 0.988619780167937 0.931036890484393 1.58261309983209 1.50102480803616 1.39534703968093 1.43816813686863 1.12200699723326 1.53178437659517 0.959677954902872 1.6280720885843 1.22754842787981 1.16243434301578 0 1.16040428937413 1.49889939860441 1.76167206489481 1.84071005741134 1.07606897689402
1.63670326094143 1.51828418532386 1.1279040761292 1.78028257982805 1.1202670186758 1.43769030901603 1.72333179158159 1.76529442798346 1.30721341376193 1.19353734701872 1.6161647355184 1.73328272788785 1.16421256004833 0.886295424308628 1.52513342630118 1.30485922750086 1.19948280672543 1.250654975418 1.32692920812406 1.30669594812207 1.58576735923998 1.49739221134223 1.07538755098358 1.01152296713553 1.16040428937413 0 1.51071310113184 1.27837648335844 1.44654401834123 1.34238495142199
1.04242426739074 0.98111821943894 1.13748344802298 1.75417865486816 1.4922074470669 1.87087749922648 1.56106813740917 1.33388355746865 1.7268964254763 1.8222569024656 1.55909287906252 1.81995765841566 1.38143243128434 1.52926227962598 1.67253126087599 1.15485277795233 0.946070071775466 1.35439053084701 1.26108264713548 0.90960885421373 1.57039218209684 1.7899767041672 1.12306107115 1.86864855140448 1.49889939860441 1.51071310113184 0 0.966895878780633 1.50954262539744 1.06988656404428
1.02796360291541 1.18277234141715 1.28842381644063 1.23772674612701 1.42957360274158 1.64810135681182 1.07784520857967 1.34349953057244 0.935303627280518 1.78894288791344 0.981776995351538 1.42219821340404 1.56745894788764 1.29030610690825 1.79951063869521 1.33010261692107 0.954004211351275 1.1667245416902 1.28182960511185 0.92873819754459 1.39991978299804 1.42183053842746 1.55188741814345 1.06683498062193 1.76167206489481 1.27837648335844 0.966895878780633 0 1.47060617781244 1.86361967003904
0.987515434389934 1.7229188689962 0.937202874803916 1.79262489266694 1.61394170369022 1.23887792555615 1.5084659003187 1.32711877627298 1.20986299519427 1.03482395666651 1.81477407086641 1.6758087228518 1.78765924344771 1.68109832797199 1.57543213525787 1.25111534143798 1.43211608822457 1.04995741508901 1.61079278029501 1.05174347851425 0.995511997491121 1.6577261169441 1.30377057893202 1.25452599558048 1.84071005741134 1.44654401834123 1.50954262539744 1.47060617781244 0 1.12759090750478
1.41584872803651 1.71239342330955 1.77047369885258 1.53264266671613 1.3101160035003 1.18081410881132 1.41881360928528 1.28585739433765 1.06184942135587 1.13025736599229 1.04589849733748 0.939478219486773 1.81636978080496 1.25058926315978 1.39019905799069 1.20767631498165 1.51797514059581 1.06666236976162 1.0745099154301 1.84480630559847 1.77966735768132 1.48604567092843 1.4853352769278 1.25353452237323 1.07606897689402 1.34238495142199 1.06988656404428 1.86361967003904 1.12759090750478 0
