0 1.90215387311764 1.91008736169897 0.939690988743678 1.13413665140979 1.55406850972213 1.44071876746602 1.6492646432016 0.967609627405182 1.47586632450111 1.31183467828669 1.24701509671286 1.57342280214652 1.45927889388986 1.86566874850541 1.36816026037559 1.76181564549915 1.67400498874485 1.83754439256154 1.37245372356847 0.989405715605244 1.75287794019096 1.17061625374481 1.89937282796018 1.18583296914585 1.32120393239893 1.81400809134357 0.928829325130209 1.38333277241327 1.90859820554033
1.90215387311764 0 1.34485624777153 1.3109284567181 1.67130753188394 1.37373601878062 1.01782751036808 1.35357216675766 1.51990025723353 1.6757188544143 1.8500240535941 1.64541475637816 1.75123663223349 1.54395490488969 1.52574772690423 1.09354116837494 1.1399338899646 0.95454311859794 1.75770493992604 1.39834234956652 0.999696452403441 1.14549721940421 1.28617305890657 1.33131033461541 0.94230437092483 0.976924148388207 1.81940061366186 1.09894941095263 1.55623394157737 1.00432241591625
1.91008736169897 1.34485624777153 0 1.82096614176407 1.01093498757109 1.74614680162631 1.25988615048118 1.8071756742429 1.64125114167109 0.972319395281374 1.29027506755665 1.1586266735103 0.931920301867649 1.6879341553431 1.56423121900298 1.11998449335806 1.23710293113254 1.53634639061056 1.694885794539 1.39347000117414 1.90590325929224 1.61715377331711 1.02360628708266 1.46208853367716 0.954768791794777 1.17418468673714 1.56703786528669 0.981258036568761 1.74776418181136 1.0818685553968
0.939690988743678 1.3109284567181 1.82096614176407 0 1.58317288616672 1.02124898205511 1.26791271031834 1.67074475018308 1.23986959084868 1.24744497076608 1.21407989086583 1.16527426987886 1.27265012520365 1.89654215658084 1.18131531146355 1.38274512230419 1.10737563017756 1.09615503810346 1.55305577698164 1.50705514056608 1.3199688156601 1.6727140666917 1.88561891601421 1.11351521196775 1.78794448822737 1.28842520574108 0.994692848995328 1.47624754253775 1.39297754620202 1.27375802234747
1.13413665140979 1.67130753188394 1.01093498757109 1.58317288616672 0 1.68105807504617 1.10595527966507 1.09224120434374 1.08484000922181 1.32249461580068 1.26796011650003 1.41271068691276 1.80459180404432 1.85476058209315 0.986278932075948 1.76924128062092 1.47303811321035 1.25783874373883 1.33358227740973 1.14679657644592 1.48641858040355 1.51619549794123 1.59597018337809 1.37269962462597 1.27907335595228 1.1735704743769 0.93615903169848 1.13152131531388 1.84902999782935 1.79338314500637
1.55406850972213 1.37373601878062 1.74614680162631 1.02124898205511 1.68105807504617 0 1.75163570255972 1.22692396049388 1.36341773159802 1.46388437133282 1.57344969571568 0.924291846808046 1.5834567390848 1.79211612744257 1.50024706544355 1.06765911658294 1.67666415078565 1.47840051911771 1.26552579714917 1.43073258572258 1.75308843632229 1.52189126680605 1.61563611286692 1.11603711824864 1.63950069970451 1.04052625852637 1.70936626312323 1.24145262991078 1.42297584377229 1.88222031202167
1.44071876746602 1.01782751036808 1.25988615048118 1.26791271031834 1.10595527966507 1.75163570255972 0 1.54865630506538 1.80887786764652 1.48539884295315 1.18429304659367 1.15032448852435 1.46366482484154 0.967220677994192 1.26291175768711 1.39402838749811 1.49866413557902 1.77988281729631 1.01407636748627 1.25099151604809 1.25607627863064 1.14063178491779 1.09317417442799 1.42357685277238 1.15939478902146 1.18072742293589 1.75990327051841 1.45615756791085 1.54394662287086 1.62910921103321
1.6492646432016 1.35357216675766 1.8071756742429 1.67074475018308 1.09224120434374 1.22692396049388 1.54865630506538 0 1.68597303749993 0.964377915719524 1.58997792005539 1.47460643830709 1.4956639285665 0.998618415556848 1.27911741519347 1.30990657629445 1.78702688124031 1.68473950936459 1.37738351407461 1.71835904847831 1.91553940391168 1.85600342042744 1.89340406353585 1.30037559522316 1.33465172559954 1.15938729816116 0.957784375175834 1.0474728080444 1.38432656205259 1.19970417558216
0.967609627405182 1.51990025723353 1.64125114167109 1.23986959084868 1.08484000922181 1.36341773159802 1.80887786764652 1.68597303749993 0 1.2688676090911 1.74846510402858 1.77190733607858 0.979437730507925 1.10531144845299 1.60958609054796 1.89428745256737 1.66936320532113 1.14948048721999 1.00781222619116 0.955369275761768 0.935085014905781 1.44116738461889 1.08752426085994 1.55192708992399 1.14428074704483 0.971767149167135 1.36349973152392 1.86199543369003 1.6775260635186 1.09380077035166
1.47586632450111 1.6757188544143 0.972319395281374 1.24744497076608 1.32249461580068 1.46388437133282 1.48539884295315 0.964377915719524 1.2688676090911 0 1.86712281173095 1.52302678045817 1.3012445748318 1.22032446274534 1.14228646084666 1.2877903461922 1.05124283349141 1.37584728118964 1.90337614831515 1.31610848032869 1.62116835592315 1.23470724583603 1.72911270521581 1.31463878438808 1.39484893949702 1.35937615693547 1.1827123502735 1.69629554101266 1.79832914355211 1.43445398588665
1.31183467828669 1.8500240535941 1.29027506755665 1.21407989086583 1.26796011650003 1.57344969571568 1.18429304659367 1.58997792005539 1.74846510402858 1.86712281173095 0 1.83351497445256 1.63421006128192 1.70494376285933 1.9047779859975 1.28881675400771 1.83784765633754 1.29840020718984 1.64228802081198 1.34021890279837 0.968684948747978 1.40277979732491 1.2437287340872 1.13558833044954 1.36606326373294 1.29311473225243 0.985236055683345 1.57522694487125 1.24672403931618 1.01095315255225
1.24701509671286 1.64541475637816 1.1586266735103 1.16527426987886 1.41271068691276 0.924291846808046 1.15032448852435 1.47460643830709 1.77190733607858 1.52302678045817 1.83351497445256 0 1.78260699054226 1.61671116831712 1.28304723929614 1.59794364310801 1.77869086945429 1.82078374386765 1.46906689647585 1.33734564785846 1.80043649184518 1.02858304535039 1.79335464211181 1.43823727127165 1.57596170436591 1.78882504091598 1.46439154935069 1.60352652496658 1.18939969083294 1.58152664732188
1.57342280214652 1.75123663223349 0.931920301867649 1.27265012520365 1.80459180404432 1.5834567390848 1.46366482484154 1.4956639285665 0.979437730507925 1.3012445748318 1.63421006128192 1.78260699054226 0 1.91372702736408 1.0343366630841 1.34550263429992 1.83677174104378 0.99259270587936 1.53225689474493 1.49629517900757 1.89322029659525 1.60764666390605 1.15844928170554 1.11159483226947 1.22195406677201 1.54400980682112 1.80397662124597 1.84397248993628 1.78318873327225 1.80221126484685
1.45927889388986 1.54395490488969 1.6879341553431 1.89654215658084 1.85476058209315 1.79211612744257 0.967220677994192 0.998618415556848 1.10531144845299 1.22032446274534 1.70494376285933 1.61671116831712 1.91372702736408 0 1.84931214200333 1.34923169342801 1.15119002130814 1.01620773505419 1.16802369733341 1.82544519822113 1.37645461643115 1.64579681516625 1.74498209147714 1.39858578611165 1.52054427936673 1.73646151204593 1.2527131983079 1.78997038630769 1.59208373515867 1.12463205284439
1.86566874850541 1.52574772690423 1.56423121900298 1.18131531146355 0.986278932075948 1.50024706544355 1.26291175768711 1.27911741519347 1.60958609054796 1.14228646084666 1.9047779859975 1.28304723929614 1.0343366630841 1.84931214200333 0 1.34336816123687 1.86854439880699 1.01966346637346 1.22329359012656 1.21832328569144 1.19476292980835 1.37593502504751 1.71834836388007 1.0049340010155 1.32703277422115 1.78507709666155 1.31142103672028 1.46272176667117 1.71289100358263 1.24760235636495
1.36816026037559 1.09354116837494 1.11998449335806 1.38274512230419 1.76924128062092 1.06765911658294 1.39402838749811 1.30990657629445 1.89428745256737 1.2877903461922 1.28881675400771 1.59794364310801 1.34550263429992 1.34923169342801 1.34336816123687 0 1.2567063185852 1.00763057288714 1.28800249006599 1.70673262327909 1.6320020549465 1.11488028126769 1.85656282375567 1.86151587590575 1.58896788302809 1.15762197948061 1.3122687228024 1.82705659884959 1.71739554824308 1.12703592679463
1.76181564549915 1.1399338899646 1.23710293113254 1.10737563017756 1.47303811321035 1.67666415078565 1.49866413557902 1.78702688124031 1.66936320532113 1.05124283349141 1.83784765633754 1.77869086945429 1.83677174104378 1.15119002130814 1.86854439880699 1.2567063185852 0 1.23111596121453 0.959812697721645 0.986603836296126 1.74783154064789 1.42566749127582 1.26821088627912 1.63353044027463 1.91904911817983 1.81524779484607 1.59232129668817 1.80841856263578 1.19860218721442 0.949201506795362
1.67400498874485 0.95454311859794 1.53634639061056 1.09615503810346 1.25783874373883 1.47840051911771 1.77988281729631 1.68473950936459 1.14948048721999 1.37584728118964 1.29840020718984 1.82078374386765 0.99259270587936 1.01620773505419 1.01966346637346 1.00763057288714 1.23111596121453 0 1.58457226864994 1.12397801387124 1.32867981866002 1.52970050484873 1.55690428428352 1.89260157500394 1.36388117820024 1.69959566975012 1.74125329265371 1.57404534635134 1.80668370588683 1.55977509031072
1.83754439256154 1.75770493992604 1.694885794539 1.55305577698164 1.33358227740973 1.26552579714917 1.01407636748627 1.37738351407461 1.00781222619116 1.90337614831515 1.64228802081198 1.46906689647585 1.53225689474493 1.16802369733341 1.22329359012656 1.28800249006599 0.959812697721645 1.58457226864994 0 1.68016141094267 1.47660855250433 1.41076093446463 1.60389619739726 1.67361148120835 1.78250258695334 1.8818005330395 1.13877997151576 1.40665182936937 1.91709240013734 0.927582969190553
1.37245372356847 1.39834234956652 1.39347000117414 1.50705514056608 1.14679657644592 1.43073258572258 1.25099151604809 1.71835904847831 0.955369275761768 1.31610848032869 1.34021890279837 1.33734564785846 1.49629517900757 1.82544519822113 1.21832328569144 1.70673262327909 0.986603836296126 1.12397801387124 1.68016141094267 0 1.32352400524542 1.58196708839387 1.0906538774725 1.19206143962219 1.69016913115047 1.27632454689592 1.26759310998023 1.55982345202938 1.74731561541557 1.17092288983986
0.989405715605244 0.999696452403441 1.90590325929224 1.3199688156601 1.48641858040355 1.75308843632229 1.25607627863064 1.91553940391168 0.935085014905781 1.62116835592315 0.968684948747978 1.80043649184518 1.89322029659525 1.37645461643115 1.19476292980835 1.6320020549465 1.74783154064789 1.32867981866002 1.47660855250433 1.32352400524542 0 1.51161202671938 1.41902525513433 0.980753732845187 1.37552434159443 1.15794724598527 1.46910136658698 1.11347697977908 1.26763292192481 1.0179655123502
1.75287794019096 1.14549721940421 1.61715377331711 1.6727140666917 1.51619549794123 1.52189126680605 1.14063178491779 1.85600342042744 1.44116738461889 1.23470724583603 1.40277979732491 1.02858304535039 1.60764666390605 1.64579681516625 1.37593502504751 1.11488028126769 1.42566749127582 1.52970050484873 1.41076093446463 1.58196708839387 1.51161202671938 0 1.4196703042835 1.06261305185035 1.85333619196899 1.31073774513789 1.4161412010435 1.09365073428489 1.07489038864151 1.10891857370734
1.17061625374481 1.28617305890657 1.02360628708266 1.88561891601421 1.59597018337809 1.61563611286692 1.09317417442799 1.89340406353585 1.08752426085994 1.72911270521581 1.2437287340872 1.79335464211181 1.15844928170554 1.74498209147714 1.71834836388007 1.85656282375567 1.26821088627912 1.55690428428352 1.60389619739726 1.0906538774725 1.41902525513433 1.4196703042835 0 1.84161388524808 1.36198726575822 1.40471004717983 1.14403051394038 1.44232962257229 1.33558023581281 1.3565551310312
1.89937282796018 1.33131033461541 1.46208853367716 1.11351521196775 1.37269962462597 1.11603711824864 1.42357685277238 1.30037559522316 1.55192708992399 1.31463878438808 1.13558833044954 1.43823727127165 1.11159483226947 1.39858578611165 1.0049340010155 1.86151587590575 1.63353044027463 1.89260157500394 1.67361148120835 1.19206143962219 0.980753732845187 1.06261305185035 1.84161388524808 0 1.63210717053153 1.47303928132169 1.27038620621897 1.3594411322847 1.8183514920529 1.20385647728108
1.18583296914585 0.94230437092483 0.954768791794777 1.78794448822737 1.27907335595228 1.63950069970451 1.15939478902146 1.33465172559954 1.14428074704483 1.39484893949702 1.36606326373294 1.57596170436591 1.22195406677201 1.52054427936673 1.32703277422115 1.58896788302809 1.91904911817983 1.36388117820024 1.78250258695334 1.69016913115047 1.37552434159443 1.85333619196899 1.36198726575822 1.63210717053153 0 1.31130202533677 1.01813254575245 1.54106218647212 1.30212501809001 1.86809748644009
1.32120393239893 0.976924148388207 1.17418468673714 1.28842520574108 1.1735704743769 1.04052625852637 1.18072742293589 1.15938729816116 0.971767149167135 1.35937615693547 1.29311473225243 1.78882504091598 1.54400980682112 1.73646151204593 1.78507709666155 1.15762197948061 1.81524779484607 1.69959566975012 1.8818005330395 1.27632454689592 1.15794724598527 1.31073774513789 1.40471004717983 1.47303928132169 1.31130202533677 0 1.06180717167445 1.91368442657404 1.84501695376821 1.12799302954227
1.81400809134357 1.81940061366186 1.56703786528669 0.994692848995328 0.93615903169848 1.70936626312323 1.75990327051841 0.957784375175834 1.36349973152392 1.1827123502735 0.985236055683345 1.46439154935069 1.80397662124597 1.2527131983079 1.31142103672028 1.3122687228024 1.59232129668817 1.74125329265371 1.13877997151576 1.26759310998023 1.46910136658698 1.4161412010435 1.14403051394038 1.27038620621897 1.01813254575245 1.06180717167445 0 1.71942783729173 1.04629348963499 1.63953836890869
0.928829325130209 1.09894941095263 0.981258036568761 1.47624754253775 1.13152131531388 1.24145262991078 1.45615756791085 1.0474728080444 1.86199543369003 1.69629554101266 1.57522694487125 1.60352652496658 1.84397248993628 1.78997038630769 1.46272176667117 1.82705659884959 1.80841856263578 1.57404534635134 1.40665182936937 1.55982345202938 1.11347697977908 1.09365073428489 1.44232962257229 1.3594411322847 1.54106218647212 1.91368442657404 1.71942783729173 0 1.7034115078859 1.83871821151115
1.38333277241327 1.55623394157737 1.74776418181136 1.39297754620202 1.84902999782935 1.42297584377229 1.54394662287086 1.38432656205259 1.6775260635186 1.79832914355211 1.24672403931618 1.18939969083294 1.78318873327225 1.59208373515867 1.71289100358263 1.71739554824308 1.19860218721442 1.80668370588683 1.91709240013734 1.74731561541557 1.26763292192481 1.07489038864151 1.33558023581281 1.8183514920529 1.30212501809001 1.84501695376821 1.04629348963499 1.7034115078859 0 1.84431346924976
1.90859820554033 1.00432241591625 1.0818685553968 1.27375802234747 1.79338314500637 1.88222031202167 1.62910921103321 1.19970417558216 1.09380077035166 1.43445398588665 1.01095315255225 1.58152664732188 1.80221126484685 1.12463205284439 1.24760235636495 1.12703592679463 0.949201506795362 1.55977509031072 0.927582969190553 1.17092288983986 1.0179655123502 1.10891857370734 1.3565551310312 1.20385647728108 1.86809748644009 1.12799302954227 1.63953836890869 1.83871821151115 1.84431346924976 0
