0 1.49058599327691 1.617870638147 1.70903768786229 1.7487848396413 1.6979922214523 1.41141586448066 1.82342096674256 1.32616388727911 1.47241300996393 1.07211774471216 1.02415699418634 0.94443984539248 0.998333105351776 1.84726472967304 1.26285801781341 1.01888855663128 1.74130923650227 1.12757854443043 1.32421366777271 1.7013602303341 1.17160578700714 1.51135790208355 1.66115981084295 1.79398466879502 1.25384651892819 1.21500549791381 1.60277039208449 1.03387705865316 1.8952579095494
1.49058599327691 0 1.16054052021354 1.81859168154188 1.55729851266369 1.77968050492927 1.72222400270402 1.49918135371991 1.30970410490409 1.7141707718838 1.53470428544097 1.87004729663022 0.955284500960261 1.23695152509026 1.37811420741491 1.85492760478519 1.44223859650083 1.84103493578732 1.14983735140413 1.51204397901893 1.78829819546081 1.33159513981082 1.49318832461722 1.7260790518485 1.32663985295221 1.67189650353976 1.06909550447017 1.46833671908826 1.37849728972651 1.60876449220814
1.617870638147 1.16054052021354 0 1.38762565772049 1.74987367074937 1.39754231204279 1.76123691373505 1.6797386999242 1.83675337582827 1.31164343515411 1.04218258243054 1.03526907763444 1.02255256660283 0.99338830052875 1.45166763546877 1.74911570502445 1.43654721323401 1.33795318123884 1.76384306815453 1.88909376575612 1.4666490603704 1.69924027752131 1.43607290298678 1.52223607059568 1.56256727990694 1.28258265019394 1.83611797634512 1.87324296310544 1.87625813484192 1.50987695925869
1.70903768786229 1.81859168154188 1.38762565772049 0 1.313730686903 1.85688088345341 1.65206069988199 1.54603868466802 0.986993144033477 1.63363281078637 1.10466103279032 1.6601263533812 1.92529844446108 1.13762019737624 1.05918316543102 1.00176285835914 1.40008474304341 1.30117166717537 1.93132169032469 1.92419483582489 1.92494900757447 1.85890769562684 1.06514826021157 1.43329843971878 1.24289594008587 1.73446012963541 1.00552060152404 1.21943254768848 1.07288124598563 1.5089372578077
1.7487848396413 1.55729851266369 1.74987367074937 1.313730686903 0 1.61446817638353 1.29343046993017 1.87130088917911 1.0382179536391 0.956863043596968 1.70365675259382 1.7183649984654 1.59259050851688 0.970309100113809 1.48090768465772 1.36681751231663 1.24910356523469 1.44994079507887 1.11896103573963 1.8142584383022 1.78893185057677 1.17175403959118 1.67829475924373 1.83494221721776 1.61348436726257 1.84927482460625 1.30967762996443 1.32982381340116 1.71921152132563 1.69565511262044
1.6979922214523 1.77968050492927 1.39754231204279 1.85688088345341 1.61446817638353 0 1.53120437078178 1.64464942319319 1.13003884092905 1.05332949780859 1.87452274584211 1.86429582699202 1.26955620525405 1.65458552353084 1.13646948011592 1.23148058727384 1.6566183117684 1.02637235680595 1.38712614658289 1.5563988245558 0.994553200202063 1.81637182435952 1.57244054414332 1.31263522966765 1.20306089986116 1.63651010626927 1.60328122158535 1.06405748636462 1.86718307877891 1.25687513290904
1.41141586448066 1.72222400270402 1.76123691373505 1.65206069988199 1.29343046993017 1.53120437078178 0 1.22155551239848 1.55377475195564 1.69949743477628 1.16404810617678 1.64002726739272 1.85445517278276 1.77791861467995 1.02329810382798 1.67266238387674 1.69901131791994 1.83803437650204 1.15071500185877 1.18987473822199 0.971264467807487 1.87710535735823 1.19388620485552 1.9067427625414 1.61806343053468 1.50083141168579 1.36098891752772 1.58044741512276 1.75305724400096 0.97996166232042
1.82342096674256 1.49918135371991 1.6797386999242 1.54603868466802 1.87130088917911 1.64464942319319 1.22155551239848 0 1.66300584981218 1.93062837142497 1.8874584804289 1.39493351476267 1.42909283610061 1.47358109732158 1.04004692309536 1.46194850257598 1.4119443630334 1.51846372894943 1.52217440190725 1.83450488466769 1.17150671198033 1.4932549293153 1.52195731829852 1.54032933735289 1.36110362806357 1.72733369562775 1.91351883206517 1.76949931657873 1.63596827117726 1.55685505224392
1.32616388727911 1.30970410490409 1.83675337582827 0.986993144033477 1.0382179536391 1.13003884092905 1.55377475195564 1.66300584981218 0 1.25327710178681 1.38004825706594 0.966899693012238 1.13099659793079 1.23498963215388 1.4932937619742 1.26395702594891 1.46708959992975 0.943046344444156 1.4093946472276 0.989311096491292 1.62427257932723 1.9093779718969 1.33751386869699 1.65452452143654 0.977984576951712 1.62201461475343 1.14622998517007 1.80053019034676 1.20108566316776 0.951402076752856
1.47241300996393 1.7141707718838 1.31164343515411 1.63363281078637 0.956863043596968 1.05332949780859 1.69949743477628 1.93062837142497 1.25327710178681 0 1.15927566727623 0.99193548806943 1.23215063451789 1.35352619341575 1.35347341792658 0.968689770670608 1.62849238188937 1.32167990063317 1.71323433588259 1.54895422654226 1.34146250737831 1.33641312271357 1.08667491958477 1.12620563106611 1.57460845238529 0.972885386785492 1.56377510912716 1.56811910588294 1.86576153570786 1.17243983293884
1.07211774471216 1.53470428544097 1.04218258243054 1.10466103279032 1.70365675259382 1.87452274584211 1.16404810617678 1.8874584804289 1.38004825706594 1.15927566727623 0 1.71816599275917 1.21564552700147 1.86747941398062 1.47754033724777 0.957466384163126 1.34208515798673 1.88860233454034 1.34477148810402 1.48966591083445 1.07432149746455 1.03346824925393 1.4418053033296 1.56445288332179 1.34354134928435 1.04557826323435 1.57676266669296 1.49976276094094 1.79814983042888 1.51224032510072
1.02415699418634 1.87004729663022 1.03526907763444 1.6601263533812 1.7183649984654 1.86429582699202 1.64002726739272 1.39493351476267 0.966899693012238 0.99193548806943 1.71816599275917 0 1.34632980404422 0.951007836265489 1.66406762460247 1.85741834738292 1.37693008687347 1.30844754818827 1.0612586659845 1.54306922922842 1.29718110174872 1.83855160931125 1.70357611542568 1.91361026559025 1.72422628733329 1.89627157966606 1.39773495588452 1.77911451994441 1.48510283208452 1.20797467487864
0.94443984539248 0.955284500960261 1.02255256660283 1.92529844446108 1.59259050851688 1.26955620525405 1.85445517278276 1.42909283610061 1.13099659793079 1.23215063451789 1.21564552700147 1.34632980404422 0 1.38046326627955 1.15615191636607 1.6104532207828 1.35143844620325 1.74925765255466 1.54455152875744 1.9224770355504 1.22287303581834 1.71608478948474 1.21713212155737 1.20963588566519 1.18599861813709 1.49713196977973 1.30737885436974 1.78630994888954 1.81386574520729 0.95081806415692
0.998333105351776 1.23695152509026 0.99338830052875 1.13762019737624 0.970309100113809 1.65458552353084 1.77791861467995 1.47358109732158 1.23498963215388 1.35352619341575 1.86747941398062 0.951007836265489 1.38046326627955 0 1.65163124655373 1.0243892101571 1.91159277968109 1.89835746237077 1.26867656782269 1.6104748386424 1.66649660654366 1.60626388317905 1.69280470977537 1.01502834563144 1.51154342805967 1.64462111727335 1.65976934623905 1.8759429671336 1.07625787146389 1.73882320895791
1.84726472967304 1.37811420741491 1.45166763546877 1.05918316543102 1.48090768465772 1.13646948011592 1.02329810382798 1.04004692309536 1.4932937619742 1.35347341792658 1.47754033724777 1.66406762460247 1.15615191636607 1.65163124655373 0 1.42759732413106 1.03026781463996 1.17302333423868 0.937565761385486 1.72429455560632 0.982819891069084 1.17045730655082 1.77887562708929 1.21894686645828 1.17775127873756 1.59256410901435 1.12190419388935 1.54406530386768 1.66643630620092 1.41156220436096
1.26285801781341 1.85492760478519 1.74911570502445 1.00176285835914 1.36681751231663 1.23148058727384 1.67266238387674 1.46194850257598 1.26395702594891 0.968689770670608 0.957466384163126 1.85741834738292 1.6104532207828 1.0243892101571 1.42759732413106 0 1.90436242776923 1.25792650529183 1.28732616524212 1.92597428639419 1.76056323782541 1.03301762742922 1.68344408017583 1.70470989239402 0.944670116528869 1.92559538478963 1.67201811959967 1.50590627244674 1.86957195028663 1.70874233683571
1.01888855663128 1.44223859650083 1.43654721323401 1.40008474304341 1.24910356523469 1.6566183117684 1.69901131791994 1.4119443630334 1.46708959992975 1.62849238188937 1.34208515798673 1.37693008687347 1.35143844620325 1.91159277968109 1.03026781463996 1.90436242776923 0 1.62880110903643 1.15677430410869 1.79279366694391 1.65422658086754 1.18607627507299 1.33106150641106 1.78506426746026 1.53890914958902 1.24710988393053 1.35446902737021 1.47354750731029 1.16809250670485 1.92017425759695
1.74130923650227 1.84103493578732 1.33795318123884 1.30117166717537 1.44994079507887 1.02637235680595 1.83803437650204 1.51846372894943 0.943046344444156 1.32167990063317 1.88860233454034 1.30844754818827 1.74925765255466 1.89835746237077 1.17302333423868 1.25792650529183 1.62880110903643 0 1.84012317028828 1.18982967920601 1.19129351316951 1.17953005270101 1.8973323435057 1.39733382477425 1.8993344749324 1.42387943156064 1.81937336991541 1.31608333881013 1.0273612823803 1.38751515978947
1.12757854443043 1.14983735140413 1.76384306815453 1.93132169032469 1.11896103573963 1.38712614658289 1.15071500185877 1.52217440190725 1.4093946472276 1.71323433588259 1.34477148810402 1.0612586659845 1.54455152875744 1.26867656782269 0.937565761385486 1.28732616524212 1.15677430410869 1.84012317028828 0 1.0590304096695 1.18723194207996 1.34623385244049 1.45166653557681 1.48292630328797 1.31734561454505 1.86222242447548 1.12848294177093 1.38662536116317 0.968354556476697 1.24335187999532
1.32421366777271 1.51204397901893 1.88909376575612 1.92419483582489 1.8142584383022 1.5563988245558 1.18987473822199 1.83450488466769 0.989311096491292 1.54895422654226 1.48966591083445 1.54306922922842 1.9224770355504 1.6104748386424 1.72429455560632 1.92597428639419 1.79279366694391 1.18982967920601 1.0590304096695 0 1.17377810762264 1.92436025035568 1.03457979066297 1.78029117779806 1.31929706037045 1.70562833221629 1.30842781206593 0.994584477040917 1.72775656776503 1.82133658672683
1.7013602303341 1.78829819546081 1.4666490603704 1.92494900757447 1.78893185057677 0.994553200202063 0.971264467807487 1.17150671198033 1.62427257932723 1.34146250737831 1.07432149746455 1.29718110174872 1.22287303581834 1.66649660654366 0.982819891069084 1.76056323782541 1.65422658086754 1.19129351316951 1.18723194207996 1.17377810762264 0 1.53853679168969 0.961875228211284 1.06424182211049 1.67918055597693 1.8658164977096 1.34815849969164 1.09538705297746 0.956644218880683 1.24123472510837
1.17160578700714 1.33159513981082 1.69924027752131 1.85890769562684 1.17175403959118 1.81637182435952 1.87710535735823 1.4932549293153 1.9093779718969 1.33641312271357 1.03346824925393 1.83855160931125 1.71608478948474 1.60626388317905 1.17045730655082 1.03301762742922 1.18607627507299 1.17953005270101 1.34623385244049 1.92436025035568 1.53853679168969 0 1.42021258431487 1.50988853885792 1.18644817965105 1.15991479856893 1.8988576552365 1.37092680181377 1.33337671472691 1.79954044823535
1.51135790208355 1.49318832461722 1.43607290298678 1.06514826021157 1.67829475924373 1.57244054414332 1.19388620485552 1.52195731829852 1.33751386869699 1.08667491958477 1.4418053033296 1.70357611542568 1.21713212155737 1.69280470977537 1.77887562708929 1.68344408017583 1.33106150641106 1.8973323435057 1.45166653557681 1.03457979066297 0.961875228211284 1.42021258431487 0 1.54388438165188 1.15488388296217 1.51113790576346 1.92905024508946 1.58769059809856 1.08119400287978 1.03576148627326
1.66115981084295 1.7260790518485 1.52223607059568 1.43329843971878 1.83494221721776 1.31263522966765 1.9067427625414 1.54032933735289 1.65452452143654 1.12620563106611 1.56445288332179 1.91361026559025 1.20963588566519 1.01502834563144 1.21894686645828 1.70470989239402 1.78506426746026 1.39733382477425 1.48292630328797 1.78029117779806 1.06424182211049 1.50988853885792 1.54388438165188 0 1.77005708240904 1.64674963778816 0.968129080487415 1.41777888638899 1.5540379085578 1.43467569467612
1.79398466879502 1.32663985295221 1.56256727990694 1.24289594008587 1.61348436726257 1.20306089986116 1.61806343053468 1.36110362806357 0.977984576951712 1.57460845238529 1.34354134928435 1.72422628733329 1.18599861813709 1.51154342805967 1.17775127873756 0.944670116528869 1.53890914958902 1.8993344749324 1.31734561454505 1.31929706037045 1.67918055597693 1.18644817965105 1.15488388296217 1.77005708240904 0 1.2174878527876 1.70876260101795 1.89994343882427 1.27212256821804 1.62214197823778
1.25384651892819 1.67189650353976 1.28258265019394 1.73446012963541 1.84927482460625 1.63651010626927 1.50083141168579 1.72733369562775 1.62201461475343 0.972885386785492 1.04557826323435 1.89627157966606 1.49713196977973 1.64462111727335 1.59256410901435 1.92559538478963 1.24710988393053 1.42387943156064 1.86222242447548 1.70562833221629 1.8658164977096 1.15991479856893 1.51113790576346 1.64674963778816 1.2174878527876 0 1.25813549547456 1.20837055891752 1.00129418447614 1.14280764595605
1.21500549791381 1.06909550447017 1.83611797634512 1.00552060152404 1.30967762996443 1.60328122158535 1.36098891752772 1.91351883206517 1.14622998517007 1.56377510912716 1.57676266669296 1.39773495588452 1.30737885436974 1.65976934623905 1.12190419388935 1.67201811959967 1.35446902737021 1.81937336991541 1.12848294177093 1.30842781206593 1.34815849969164 1.8988576552365 1.92905024508946 0.968129080487415 1.70876260101795 1.25813549547456 0 1.2840233957395 1.42914180620573 1.50286784139462
1.60277039208449 1.46833671908826 1.87324296310544 1.21943254768848 1.32982381340116 1.06405748636462 1.58044741512276 1.76949931657873 1.80053019034676 1.56811910588294 1.49976276094094 1.77911451994441 1.78630994888954 1.8759429671336 1.54406530386768 1.50590627244674 1.47354750731029 1.31608333881013 1.38662536116317 0.994584477040917 1.09538705297746 1.37092680181377 1.58769059809856 1.41777888638899 1.89994343882427 1.20837055891752 1.2840233957395 0 1.6928669672925 1.13407222321257
1.03387705865316 1.37849728972651 1.87625813484192 1.07288124598563 1.71921152132563 1.86718307877891 1.75305724400096 1.63596827117726 1.20108566316776 1.86576153570786 1.79814983042888 1.48510283208452 1.81386574520729 1.07625787146389 1.66643630620092 1.86957195028663 1.16809250670485 1.0273612823803 0.968354556476697 1.72775656776503 0.956644218880683 1.33337671472691 1.08119400287978 1.5540379085578 1.27212256821804 1.00129418447614 1.42914180620573 1.6928669672925 0 1.790942608146
1.8952579095494 1.60876449220814 1.50987695925869 1.5089372578077 1.69565511262044 1.25687513290904 0.97996166232042 1.55685505224392 0.951402076752856 1.17243983293884 1.51224032510072 1.20797467487864 0.95081806415692 1.73882320895791 1.41156220436096 1.70874233683571 1.92017425759695 1.38751515978947 1.24335187999532 1.82133658672683 1.24123472510837 1.79954044823535 1.03576148627326 1.43467569467612 1.62214197823778 1.14280764595605 1.50286784139462 1.13407222321257 1.790942608146 0
