0 1.75415109354071 1.38576630060561 1.38704245281406 1.06565683544613 0.989022268215194 0.991734572220594 1.43527186708525 0.986908352002501 1.13809947459958 1.49429783737287 1.52928170235828 1.8512914897874 1.24727040133439 1.42956558382139 1.51741740689613 0.995626096148044 0.998100544558838 1.74424316827208 1.50856144609861 1.04748972505331 1.79323138692416 1.89676548121497 1.38346967496909 1.57241789763793 1.08602450485341 1.19037826778367 0.967035863781348 1.93853049678728 1.63413884583861
1.75415109354071 0 1.04769188049249 1.43121837894432 1.6807833139319 1.18741648993455 1.75690610636957 1.50601493357681 1.39281201688573 1.74765559774823 1.72443008422852 0.958826209651306 1.87582049751654 1.32636655913666 1.69899693597108 1.22318071150221 1.20298054767773 1.5667473366484 1.37083223485388 1.78924705577083 1.40582497348078 1.9124104117509 1.13446006854065 1.11242478410713 1.63144015986472 1.90891874814406 1.62594449473545 1.04208972514607 1.41110150772147 1.60676522180438
1.38576630060561 1.04769188049249 0 1.13549443520606 1.52895531663671 1.43721947283484 1.15485951816663 1.0398434009403 1.53979582292959 1.70912843942642 1.12940939399414 1.39638883573934 1.46420486690477 0.978588471654803 1.72681402275339 0.98910799017176 1.77851228159852 1.46827883762307 1.77300835773349 1.87173144379631 1.07387865474448 1.20512237516232 0.954375109402463 1.91004860401154 1.90725341136567 1.18607135931961 1.35149376443587 1.80050523811951 1.63683113106526 1.24185495497659
1.38704245281406 1.43121837894432 1.13549443520606 0 1.61938490835018 1.62022371147759 1.90826046350412 1.3750306700822 1.41083179088309 1.85257912939414 1.90415067435242 1.34842029633 1.08947582636029 1.69882365851663 1.6800006092526 1.51737177581526 1.91239293315448 1.13226436218247 1.56203497876413 1.89048538729548 1.41353437444195 1.48280549165793 1.72440717020072 0.998090564506128 1.54818398784846 1.7518663899973 1.81842887797393 1.55500684073195 1.64680857746862 1.57310810871422
1.06565683544613 1.6807833139319 1.52895531663671 1.61938490835018 0 1.28592807473615 1.50288714957424 1.29267421341501 1.83181031886488 1.31214663130231 1.5060773238074 0.977836858248338 1.6778281533625 1.05546941095963 0.962645926978439 0.958417382324114 1.28415172290988 1.49884296394885 1.84030172089115 1.67074126098305 1.89754095370881 1.46816503163427 1.16165952035226 1.29636087222025 1.4042959138751 1.86666551744565 1.88801760040224 1.54412063607015 1.37177818804048 1.57467355835252
0.989022268215194 1.18741648993455 1.43721947283484 1.62022371147759 1.28592807473615 0 1.18288545613177 1.82717212988064 0.960493910126388 1.89015996991657 1.77604945632629 1.51204798812978 1.52410591044463 1.21139243547805 1.07100785477087 1.78605562425219 0.999854444526136 1.40675356751308 1.67606271989644 1.76365480036475 1.41984056984074 1.05106717417948 1.49312435393222 1.66901972540654 1.3115090187639 1.79196590185165 1.25791218900122 1.67044162936509 1.229382134974 1.39150645863265
0.991734572220594 1.75690610636957 1.15485951816663 1.90826046350412 1.50288714957424 1.18288545613177 0 1.02077757637016 1.09247946389951 1.1587488623336 1.46243782737292 1.48979121865705 1.62043099314906 0.967721305787563 1.31089857732877 1.38571020239033 1.69482816406526 1.27525704586878 1.87878645444289 1.17474649450742 1.69968170369975 1.23276397422887 0.971727928845212 1.34065633453429 1.58322781184688 0.999530713073909 1.32307155732997 1.54531007655896 1.91544426674955 1.51427200692706
1.43527186708525 1.50601493357681 1.0398434009403 1.3750306700822 1.29267421341501 1.82717212988064 1.02077757637016 0 1.85687196510844 1.26515724835917 1.54086606553756 1.12261351849884 1.22617193986662 1.25676768319681 1.20405747182667 1.34150315867737 0.941505443537608 1.56505591375753 1.8873794702813 1.46543354983442 1.43686897633597 1.57427121046931 1.73325527529232 1.03969010757282 1.0083234065678 1.3187786040362 1.55636137258261 1.77031519729644 1.68396582547575 1.03184939594939
0.986908352002501 1.39281201688573 1.53979582292959 1.41083179088309 1.83181031886488 0.960493910126388 1.09247946389951 1.85687196510844 0 1.78107965481468 1.60565403639339 1.15654772124253 1.66616522078402 1.48713145288639 1.37478540604934 1.91036804160103 1.4553849294316 1.65614057029597 1.94011047272943 1.85856602154672 1.3993258306291 1.63546901778318 0.95247356267646 1.76605138625018 1.63435979909264 1.09642364946194 1.13281712168828 1.52312864060514 1.30051309033297 1.54202107503079
1.13809947459958 1.74765559774823 1.70912843942642 1.85257912939414 1.31214663130231 1.89015996991657 1.1587488623336 1.26515724835917 1.78107965481468 0 1.59509548731148 0.955238240538165 1.02827917644754 1.4235763468314 1.61300391680561 1.09640351869166 1.57088208571076 1.16342236916535 1.83476574090309 1.47556747472845 1.51504695764743 1.59306916897185 1.78291521826759 1.13333903020248 1.25367117812857 1.30953621235676 1.25314404466189 1.5369431397412 1.85466349124908 1.4904987171758
1.49429783737287 1.72443008422852 1.12940939399414 1.90415067435242 1.5060773238074 1.77604945632629 1.46243782737292 1.54086606553756 1.60565403639339 1.59509548731148 0 1.26732282037847 0.992643118835986 1.89787018555216 1.19657886726782 1.33798614051193 1.33625833201222 1.46857852186076 1.2520827173721 1.31316188932396 1.74363825283945 1.14266362832859 1.78247301396914 1.39894278044812 1.69638708652928 1.90605691075325 1.56061021145433 1.39295466896147 1.39775059767999 1.17376252776012
1.52928170235828 0.958826209651306 1.39638883573934 1.34842029633 0.977836858248338 1.51204798812978 1.48979121865705 1.12261351849884 1.15654772124253 0.955238240538165 1.26732282037847 0 1.55569838406518 1.81103460909799 1.62613358488306 1.58571908809245 1.12959933350794 1.03644183208235 1.92372360290028 1.48615747201256 1.64627440320328 1.20979557977989 0.964262079214677 1.1409528949298 1.43356399284676 1.56279308325611 1.60212871455587 1.17768276180141 1.11235386109911 1.56597494264133
1.8512914897874 1.87582049751654 1.46420486690477 1.08947582636029 1.6778281533625 1.52410591044463 1.62043099314906 1.22617193986662 1.66616522078402 1.02827917644754 0.992643118835986 1.55569838406518 0 1.15880486019887 1.35695694270544 1.33060419280082 1.462686159648 1.47521572653204 1.77116187871434 0.960679661249742 1.04351340420544 1.59940281021409 1.41408371902071 0.968907115980983 0.948782646097243 1.67715621343814 1.09445143560879 0.98913256963715 1.25497850519605 1.00259555387311
1.24727040133439 1.32636655913666 0.978588471654803 1.69882365851663 1.05546941095963 1.21139243547805 0.967721305787563 1.25676768319681 1.48713145288639 1.4235763468314 1.89787018555216 1.81103460909799 1.15880486019887 0 1.78911681938916 1.66564083471894 1.68969553569332 1.73077989323065 1.74579489370808 1.49996213428676 1.6369704734534 1.64001845917664 1.50626040017232 1.58643314894289 1.28542704111896 1.39125196542591 1.58669453160837 1.33066933974624 1.91998001327738 1.17999005480669
1.42956558382139 1.69899693597108 1.72681402275339 1.6800006092526 0.962645926978439 1.07100785477087 1.31089857732877 1.20405747182667 1.37478540604934 1.61300391680561 1.19657886726782 1.62613358488306 1.35695694270544 1.78911681938916 0 1.8612857721746 1.12780157732777 1.66540530719794 1.04369422630407 1.21791570610367 0.952287993626669 1.76080820360221 1.62788654002361 1.09197549079545 1.47691202885471 1.12089126184583 1.23384751030244 1.74457799107768 1.00775828934275 1.71016223239712
1.51741740689613 1.22318071150221 0.98910799017176 1.51737177581526 0.958417382324114 1.78605562425219 1.38571020239033 1.34150315867737 1.91036804160103 1.09640351869166 1.33798614051193 1.58571908809245 1.33060419280082 1.66564083471894 1.8612857721746 0 1.22600098396651 1.26262261159718 1.69373576203361 1.20614392519929 1.66836870228872 1.63783536758274 1.66146864066832 1.72892277291976 1.27794821071438 1.5856094066985 1.39907846483402 1.50354935275391 1.8246656190604 1.40634134435095
0.995626096148044 1.20298054767773 1.77851228159852 1.91239293315448 1.28415172290988 0.999854444526136 1.69482816406526 0.941505443537608 1.4553849294316 1.57088208571076 1.33625833201222 1.12959933350794 1.462686159648 1.68969553569332 1.12780157732777 1.22600098396651 0 1.01109911850654 0.956285883439705 1.7645527345594 1.47563741053455 1.40865098475479 1.03488198062405 1.39746375824325 1.24953461182304 1.82878971262835 1.09050133847632 1.74948668526486 0.998178417794406 1.86593841714785
0.998100544558838 1.5667473366484 1.46827883762307 1.13226436218247 1.49884296394885 1.40675356751308 1.27525704586878 1.56505591375753 1.65614057029597 1.16342236916535 1.46857852186076 1.03644183208235 1.47521572653204 1.73077989323065 1.66540530719794 1.26262261159718 1.01109911850654 0 0.959119484759867 1.04484148696065 1.03729830868542 1.43651796947233 1.07676780875772 1.60857885889709 1.35520508419722 1.57979625603184 1.25278581422754 1.51276027201675 1.25702961161733 1.10748459072784
1.74424316827208 1.37083223485388 1.77300835773349 1.56203497876413 1.84030172089115 1.67606271989644 1.87878645444289 1.8873794702813 1.94011047272943 1.83476574090309 1.2520827173721 1.92372360290028 1.77116187871434 1.74579489370808 1.04369422630407 1.69373576203361 0.956285883439705 0.959119484759867 0 1.04949182923883 1.91364367934875 1.93445075652562 1.1179087923374 1.49604374216869 1.58850480127148 1.58888085535727 1.05759160616435 1.49318353994749 1.26832059491426 1.73505635000765
1.50856144609861 1.78924705577083 1.87173144379631 1.89048538729548 1.67074126098305 1.76365480036475 1.17474649450742 1.46543354983442 1.85856602154672 1.47556747472845 1.31316188932396 1.48615747201256 0.960679661249742 1.49996213428676 1.21791570610367 1.20614392519929 1.7645527345594 1.04484148696065 1.04949182923883 0 1.15973351011053 1.55310412868857 1.72645115992054 1.28684966545552 1.78808823763393 1.51719784433953 0.96130549442023 1.53656708309427 0.962976563256234 1.218090119306
1.04748972505331 1.40582497348078 1.07387865474448 1.41353437444195 1.89754095370881 1.41984056984074 1.69968170369975 1.43686897633597 1.3993258306291 1.51504695764743 1.74363825283945 1.64627440320328 1.04351340420544 1.6369704734534 0.952287993626669 1.66836870228872 1.47563741053455 1.03729830868542 1.91364367934875 1.15973351011053 0 1.65120019507594 1.92201259662397 1.27621817472391 1.22808725526556 1.37231670226902 1.80870188702829 1.19339358410798 1.69256547139958 1.25567697547376
1.79323138692416 1.9124104117509 1.20512237516232 1.48280549165793 1.46816503163427 1.05106717417948 1.23276397422887 1.57427121046931 1.63546901778318 1.59306916897185 1.14266362832859 1.20979557977989 1.59940281021409 1.64001845917664 1.76080820360221 1.63783536758274 1.40865098475479 1.43651796947233 1.93445075652562 1.55310412868857 1.65120019507594 0 1.63236249540932 1.45496637909673 1.48402023105882 1.45134510891512 1.41008620220236 1.58356817672029 1.06500538275577 1.73211543634534
1.89676548121497 1.13446006854065 0.954375109402463 1.72440717020072 1.16165952035226 1.49312435393222 0.971727928845212 1.73325527529232 0.95247356267646 1.78291521826759 1.78247301396914 0.964262079214677 1.41408371902071 1.50626040017232 1.62788654002361 1.66146864066832 1.03488198062405 1.07676780875772 1.1179087923374 1.72645115992054 1.92201259662397 1.63236249540932 0 1.00049706618302 0.955182296223938 1.78554605017416 1.45329483482055 1.43885971908458 1.63792129000649 1.24402072560042
1.38346967496909 1.11242478410713 1.91004860401154 0.998090564506128 1.29636087222025 1.66901972540654 1.34065633453429 1.03969010757282 1.76605138625018 1.13333903020248 1.39894278044812 1.1409528949298 0.968907115980983 1.58643314894289 1.09197549079545 1.72892277291976 1.39746375824325 1.60857885889709 1.49604374216869 1.28684966545552 1.27621817472391 1.45496637909673 1.00049706618302 0 1.22794571518898 1.01869301241823 1.11319772829302 1.77907397528179 1.39457926806062 1.02112640114501
1.57241789763793 1.63144015986472 1.90725341136567 1.54818398784846 1.4042959138751 1.3115090187639 1.58322781184688 1.0083234065678 1.63435979909264 1.25367117812857 1.69638708652928 1.43356399284676 0.948782646097243 1.28542704111896 1.47691202885471 1.27794821071438 1.24953461182304 1.35520508419722 1.58850480127148 1.78808823763393 1.22808725526556 1.48402023105882 0.955182296223938 1.22794571518898 0 1.01857554237358 1.89268576912582 1.93791521573439 1.31858425098471 1.86246689339168
1.08602450485341 1.90891874814406 1.18607135931961 1.7518663899973 1.86666551744565 1.79196590185165 0.999530713073909 1.3187786040362 1.09642364946194 1.30953621235676 1.90605691075325 1.56279308325611 1.67715621343814 1.39125196542591 1.12089126184583 1.5856094066985 1.82878971262835 1.57979625603184 1.58888085535727 1.51719784433953 1.37231670226902 1.45134510891512 1.78554605017416 1.01869301241823 1.01857554237358 0 1.01516884472221 1.48407401447184 1.47040025983006 1.17863145354204
1.19037826778367 1.62594449473545 1.35149376443587 1.81842887797393 1.88801760040224 1.25791218900122 1.32307155732997 1.55636137258261 1.13281712168828 1.25314404466189 1.56061021145433 1.60212871455587 1.09445143560879 1.58669453160837 1.23384751030244 1.39907846483402 1.09050133847632 1.25278581422754 1.05759160616435 0.96130549442023 1.80870188702829 1.41008620220236 1.45329483482055 1.11319772829302 1.89268576912582 1.01516884472221 0 1.86107999109663 1.30635108030401 1.7155707066413
0.967035863781348 1.04208972514607 1.80050523811951 1.55500684073195 1.54412063607015 1.67044162936509 1.54531007655896 1.77031519729644 1.52312864060514 1.5369431397412 1.39295466896147 1.17768276180141 0.98913256963715 1.33066933974624 1.74457799107768 1.50354935275391 1.74948668526486 1.51276027201675 1.49318353994749 1.53656708309427 1.19339358410798 1.58356817672029 1.43885971908458 1.77907397528179 1.93791521573439 1.48407401447184 1.86107999109663 0 1.01566461473703 1.06399463722482
1.93853049678728 1.41110150772147 1.63683113106526 1.64680857746862 1.37177818804048 1.229382134974 1.91544426674955 1.68396582547575 1.30051309033297 1.85466349124908 1.39775059767999 1.11235386109911 1.25497850519605 1.91998001327738 1.00775828934275 1.8246656190604 0.998178417794406 1.25702961161733 1.26832059491426 0.962976563256234 1.69256547139958 1.06500538275577 1.63792129000649 1.39457926806062 1.31858425098471 1.47040025983006 1.30635108030401 1.01566461473703 0 1.81357786408626
1.63413884583861 1.60676522180438 1.24185495497659 1.57310810871422 1.57467355835252 1.39150645863265 1.51427200692706 1.03184939594939 1.54202107503079 1.4904987171758 1.17376252776012 1.56597494264133 1.00259555387311 1.17999005480669 1.71016223239712 1.40634134435095 1.86593841714785 1.10748459072784 1.73505635000765 1.218090119306 1.25567697547376 1.73211543634534 1.24402072560042 1.02112640114501 1.86246689339168 1.17863145354204 1.7155707066413 1.06399463722482 1.81357786408626 0
