0 1.1989111059811 1.19343619444408 1.37520826095715 1.26083883014508 1.60863322857767 0.965556647162884 1.61427405267023 1.47565929079428 1.90130210923962 1.77862662426196 1.6413403050974 1.89813186042011 1.23403290705755 1.61148481303826 1.08208340243436 1.06639117281884 1.06203651265241 1.54996585287154 1.85181508725509 1.19562631449662 1.40494725084864 1.04561089887284 1.71397031587549 0.971659912960604 1.258034942206 1.60578842903487 1.63604282564484 1.78436062904075 1.05743428715505
1.1989111059811 0 1.948379478883 1.64995450829156 1.38508795178495 0.978487571934238 0.969371838262305 1.53926156111993 1.78428212157451 1.59072515019216 1.38934788224287 1.59729217248969 1.38561189104803 1.04520579217933 1.58446471486241 1.65009021316655 1.10984236886725 1.10859421431087 1.08684782846831 1.19109878991731 0.978069728473201 1.16055664373562 1.66408436838537 0.967661554459482 1.49826977425255 1.6141679470893 1.07350847451016 1.81186386640184 1.23362654470839 0.96583914058283
1.19343619444408 1.948379478883 0 1.95124734891579 1.90753169334494 1.83320001815446 1.07719140779227 1.21437834925018 1.52703900635242 1.67183565488085 1.36624773289077 1.05029749101959 1.3159381847363 1.67429641191848 1.83467647409998 1.20423796260729 1.26290710316971 1.05336007964797 1.40097696171142 1.53088560537435 1.11423681396991 1.83614183333702 1.25421539903618 1.8445217772387 1.12824436905794 1.44561061775312 1.42659401427954 0.995675521437079 1.34506078483537 1.06280164793134
1.37520826095715 1.64995450829156 1.95124734891579 0 1.03318164031953 1.6179900909774 1.2299291731324 1.29219059087336 1.68624511198141 1.78551288414747 1.17108858493157 1.90787063515745 1.85191380069591 1.83088569925167 1.09077171841636 1.89234030223452 1.80899756890722 1.81904211128131 1.75147367571481 1.35786843369715 1.01762477960438 1.65707540372387 1.92568442597985 1.0388519000262 1.22135575977154 1.94754610396922 1.65551377390511 1.28728731255978 1.50351591804065 1.53915154165588
1.26083883014508 1.38508795178495 1.90753169334494 1.03318164031953 0 1.35885520395823 1.56131125753745 1.77863620151766 1.48911540582776 1.02352481824346 1.63964631292038 1.38969787745737 1.01615893142298 1.28406287659891 1.5323675533291 1.50150610669516 1.10342633281834 1.50756745995022 1.60614457190968 1.25194870866835 1.49256166815758 1.29484407999553 1.63077330449596 1.70898755523376 1.67184183327481 1.21878658607602 1.65204653539695 1.61198977567255 1.52134004188702 1.59825068269856
1.60863322857767 0.978487571934238 1.83320001815446 1.6179900909774 1.35885520395823 0 1.43633337505162 1.39895279239863 1.21778050251305 1.94408733467571 1.50918331136927 1.87255824380554 1.10039464035071 1.49214408523403 1.8887314395979 1.93540651723742 1.87530510197394 1.38202821067534 1.20261230343021 1.81657475559041 1.65088346996345 0.976550869876519 1.68535024463199 1.62667196220718 1.16262047854252 1.30142616038211 1.42833552579395 1.91849645483308 1.73597501660697 1.78823757707141
0.965556647162884 0.969371838262305 1.07719140779227 1.2299291731324 1.56131125753745 1.43633337505162 0 1.65995307639241 1.57501449622214 1.31835306389257 1.04213435272686 1.55187214375474 1.27038029418327 1.62565366318449 1.84754303144291 1.01881775818765 1.56947849784046 1.08455946971662 1.65530759003013 1.94871948193759 1.785692112986 1.77372549963184 1.68048403831199 1.93703339272179 1.00053468439728 1.114130620379 1.16116709890775 1.35692857718095 1.43467694916762 1.10548201436177
1.61427405267023 1.53926156111993 1.21437834925018 1.29219059087336 1.77863620151766 1.39895279239863 1.65995307639241 0 1.35245675640181 1.72541954088956 1.75699763814919 1.05576020875014 1.93494422570802 1.3636401835829 1.20617860672064 1.20566656859592 1.18028474366292 0.960900513920933 1.83892779890448 1.5220997990109 1.01934619480744 1.14058580156416 1.30349825765006 1.79583723866381 1.62718140566722 1.06295403232798 1.17572062695399 1.39949317113496 1.31866000569426 1.26125078299083
1.47565929079428 1.78428212157451 1.52703900635242 1.68624511198141 1.48911540582776 1.21778050251305 1.57501449622214 1.35245675640181 0 1.36988278082572 0.987804208882153 1.56922563537955 1.28241970599629 1.26133059663698 1.65541807259433 1.73316450905986 1.07011916022748 1.46678485209122 1.8408775832504 1.60844924300909 1.5603923802264 1.64137875474989 1.07335242838599 1.86938229924999 1.73331504175439 1.63021111045964 1.25583325466141 1.25107694137841 1.18290194356814 1.70051898341626
1.90130210923962 1.59072515019216 1.67183565488085 1.78551288414747 1.02352481824346 1.94408733467571 1.31835306389257 1.72541954088956 1.36988278082572 0 1.05323692201637 1.38021117052995 1.35758607788011 1.46607922436669 1.04309635050595 1.62190874177031 1.14689724217169 1.37713066651486 1.62791918194853 1.65750347403809 1.32119457121007 1.18124928022735 1.07669307594188 1.90391442575492 1.58860360994004 1.0781046198681 1.07447446952574 1.62840538239107 1.2098637802992 1.32666752301157
1.77862662426196 1.38934788224287 1.36624773289077 1.17108858493157 1.63964631292038 1.50918331136927 1.04213435272686 1.75699763814919 0.987804208882153 1.05323692201637 0 1.34421616489999 0.974985322449356 1.73122944147326 1.37557171215303 1.62506874557585 1.55617860401981 1.56347843655385 1.78378939232789 1.58849823684432 1.72825809917413 1.76185255986638 1.93689762963913 1.65388751309365 1.02655288833193 1.69598268903792 1.2673336067237 1.42290713894181 1.68957991641946 1.81140427337959
1.6413403050974 1.59729217248969 1.05029749101959 1.90787063515745 1.38969787745737 1.87255824380554 1.55187214375474 1.05576020875014 1.56922563537955 1.38021117052995 1.34421616489999 0 1.81924951309338 1.83425380475819 1.04611532064155 1.05944937607273 1.6851241090335 1.28113342425786 1.18511979933828 1.3090445806738 1.45109915779904 1.37988047720864 1.10355533007532 1.31319073354825 1.13838447257876 1.13012339361012 1.09557832567953 1.31264586094767 1.60566677805036 1.5395558711607
1.89813186042011 1.38561189104803 1.3159381847363 1.85191380069591 1.01615893142298 1.10039464035071 1.27038029418327 1.93494422570802 1.28241970599629 1.35758607788011 0.974985322449356 1.81924951309338 0 1.32297869981267 1.07698030769825 1.30236951680854 1.5590311428532 1.88547958713025 1.29314747825265 1.06785446079448 0.954962582560256 1.44660796364769 1.5773500201758 1.18020945531316 1.56670234026387 1.80646077357233 1.42147276853211 1.20677011436783 1.92260612477548 0.980490240035579
1.23403290705755 1.04520579217933 1.67429641191848 1.83088569925167 1.28406287659891 1.49214408523403 1.62565366318449 1.3636401835829 1.26133059663698 1.46607922436669 1.73122944147326 1.83425380475819 1.32297869981267 0 1.62203268148005 1.32409987016581 1.58426085673273 1.25283064856194 1.17891652346589 1.21643522940576 0.986107729841024 1.30079747596756 1.53366943006404 1.78308852110058 0.995453814743087 1.76386236678809 0.966463525779545 1.21034099347889 1.94733927771449 1.28525283606723
1.61148481303826 1.58446471486241 1.83467647409998 1.09077171841636 1.5323675533291 1.8887314395979 1.84754303144291 1.20617860672064 1.65541807259433 1.04309635050595 1.37557171215303 1.04611532064155 1.07698030769825 1.62203268148005 0 1.65039587230422 1.53620638279244 1.35919977538288 1.40809230878949 1.94121652026661 1.70050805620849 1.84158991044387 1.91336411330849 1.83878769655712 1.74336751224473 1.72341727232561 1.71373926033266 1.91643486917019 1.70136749604717 1.93404535809532
1.08208340243436 1.65009021316655 1.20423796260729 1.89234030223452 1.50150610669516 1.93540651723742 1.01881775818765 1.20566656859592 1.73316450905986 1.62190874177031 1.62506874557585 1.05944937607273 1.30236951680854 1.32409987016581 1.65039587230422 0 1.16602870705537 1.02249275660142 1.78509023180231 1.09687821893021 1.64205298945308 1.08797075669281 0.982315734028816 0.999025121796876 1.65121516422369 1.94397183205001 1.018727153074 1.35602995078079 1.57217721710913 1.4534952098038
1.06639117281884 1.10984236886725 1.26290710316971 1.80899756890722 1.10342633281834 1.87530510197394 1.56947849784046 1.18028474366292 1.07011916022748 1.14689724217169 1.55617860401981 1.6851241090335 1.5590311428532 1.58426085673273 1.53620638279244 1.16602870705537 0 1.61350893019699 1.36659902031533 1.76768633560278 1.83893328858539 1.29424240929075 1.54764116182923 1.57165301870555 1.92431367002428 1.01727065211162 1.30872644553892 1.08926034485921 1.68749559577554 1.12524073361419
1.06203651265241 1.10859421431087 1.05336007964797 1.81904211128131 1.50756745995022 1.38202821067534 1.08455946971662 0.960900513920933 1.46678485209122 1.37713066651486 1.56347843655385 1.28113342425786 1.88547958713025 1.25283064856194 1.35919977538288 1.02249275660142 1.61350893019699 0 1.37204514327459 1.6306804344058 0.962934725685045 1.61507927626371 1.57702307123691 1.66992760403082 0.978406060021371 1.91063405619934 1.17694476037286 1.72694681328721 1.67499595670961 1.90418683085591
1.54996585287154 1.08684782846831 1.40097696171142 1.75147367571481 1.60614457190968 1.20261230343021 1.65530759003013 1.83892779890448 1.8408775832504 1.62791918194853 1.78378939232789 1.18511979933828 1.29314747825265 1.17891652346589 1.40809230878949 1.78509023180231 1.36659902031533 1.37204514327459 0 1.69307197281159 1.48344598920085 1.82154419017024 1.71946669043973 1.00347222830169 1.0025614623446 1.39962153835222 1.46328188618645 1.76593283028342 1.31170791154727 1.79503418365493
1.85181508725509 1.19109878991731 1.53088560537435 1.35786843369715 1.25194870866835 1.81657475559041 1.94871948193759 1.5220997990109 1.60844924300909 1.65750347403809 1.58849823684432 1.3090445806738 1.06785446079448 1.21643522940576 1.94121652026661 1.09687821893021 1.76768633560278 1.6306804344058 1.69307197281159 0 1.49884865060449 1.70340644079261 1.63623732468113 1.65472098859027 1.81689687073231 1.15967687452212 1.84349147649482 1.18358034500852 1.51163207250647 1.15400561806746
1.19562631449662 0.978069728473201 1.11423681396991 1.01762477960438 1.49256166815758 1.65088346996345 1.785692112986 1.01934619480744 1.5603923802264 1.32119457121007 1.72825809917413 1.45109915779904 0.954962582560256 0.986107729841024 1.70050805620849 1.64205298945308 1.83893328858539 0.962934725685045 1.48344598920085 1.49884865060449 0 1.3392733829096 1.48699715919793 1.85170154017396 1.83124629827216 1.9418487555813 1.46020889747888 1.61364384368062 1.82176114083268 1.79696511267684
1.40494725084864 1.16055664373562 1.83614183333702 1.65707540372387 1.29484407999553 0.976550869876519 1.77372549963184 1.14058580156416 1.64137875474989 1.18124928022735 1.76185255986638 1.37988047720864 1.44660796364769 1.30079747596756 1.84158991044387 1.08797075669281 1.29424240929075 1.61507927626371 1.82154419017024 1.70340644079261 1.3392733829096 0 1.50549617572688 1.48209664132446 1.84494837070815 1.72429672209546 1.73084996035323 1.53794200485572 1.00759527971968 1.35969691141509
1.04561089887284 1.66408436838537 1.25421539903618 1.92568442597985 1.63077330449596 1.68535024463199 1.68048403831199 1.30349825765006 1.07335242838599 1.07669307594188 1.93689762963913 1.10355533007532 1.5773500201758 1.53366943006404 1.91336411330849 0.982315734028816 1.54764116182923 1.57702307123691 1.71946669043973 1.63623732468113 1.48699715919793 1.50549617572688 0 1.87738626124337 1.51717480109073 1.54656669893302 0.960797653300688 1.38881030259654 1.42192944907583 1.81584282615222
1.71397031587549 0.967661554459482 1.8445217772387 1.0388519000262 1.70898755523376 1.62667196220718 1.93703339272179 1.79583723866381 1.86938229924999 1.90391442575492 1.65388751309365 1.31319073354825 1.18020945531316 1.78308852110058 1.83878769655712 0.999025121796876 1.57165301870555 1.66992760403082 1.00347222830169 1.65472098859027 1.85170154017396 1.48209664132446 1.87738626124337 0 1.2281397820916 1.14076607720926 1.36337237432599 1.4177776677534 1.60409708390944 1.24837630521506
0.971659912960604 1.49826977425255 1.12824436905794 1.22135575977154 1.67184183327481 1.16262047854252 1.00053468439728 1.62718140566722 1.73331504175439 1.58860360994004 1.02655288833193 1.13838447257876 1.56670234026387 0.995453814743087 1.74336751224473 1.65121516422369 1.92431367002428 0.978406060021371 1.0025614623446 1.81689687073231 1.83124629827216 1.84494837070815 1.51717480109073 1.2281397820916 0 1.06654303520918 1.12256942968816 1.57706544129178 1.45442182547413 1.34500586451031
1.258034942206 1.6141679470893 1.44561061775312 1.94754610396922 1.21878658607602 1.30142616038211 1.114130620379 1.06295403232798 1.63021111045964 1.0781046198681 1.69598268903792 1.13012339361012 1.80646077357233 1.76386236678809 1.72341727232561 1.94397183205001 1.01727065211162 1.91063405619934 1.39962153835222 1.15967687452212 1.9418487555813 1.72429672209546 1.54656669893302 1.14076607720926 1.06654303520918 0 1.73016181029379 0.970154838869348 1.25240658549592 1.00924868369475
1.60578842903487 1.07350847451016 1.42659401427954 1.65551377390511 1.65204653539695 1.42833552579395 1.16116709890775 1.17572062695399 1.25583325466141 1.07447446952574 1.2673336067237 1.09557832567953 1.42147276853211 0.966463525779545 1.71373926033266 1.018727153074 1.30872644553892 1.17694476037286 1.46328188618645 1.84349147649482 1.46020889747888 1.73084996035323 0.960797653300688 1.36337237432599 1.12256942968816 1.73016181029379 0 1.80512939370237 1.36366690532304 1.44488924602047
1.63604282564484 1.81186386640184 0.995675521437079 1.28728731255978 1.61198977567255 1.91849645483308 1.35692857718095 1.39949317113496 1.25107694137841 1.62840538239107 1.42290713894181 1.31264586094767 1.20677011436783 1.21034099347889 1.91643486917019 1.35602995078079 1.08926034485921 1.72694681328721 1.76593283028342 1.18358034500852 1.61364384368062 1.53794200485572 1.38881030259654 1.4177776677534 1.57706544129178 0.970154838869348 1.80512939370237 0 1.52105480479077 1.55611400143243
1.78436062904075 1.23362654470839 1.34506078483537 1.50351591804065 1.52134004188702 1.73597501660697 1.43467694916762 1.31866000569426 1.18290194356814 1.2098637802992 1.68957991641946 1.60566677805036 1.92260612477548 1.94733927771449 1.70136749604717 1.57217721710913 1.68749559577554 1.67499595670961 1.31170791154727 1.51163207250647 1.82176114083268 1.00759527971968 1.42192944907583 1.60409708390944 1.45442182547413 1.25240658549592 1.36366690532304 1.52105480479077 0 1.89085353771225
1.05743428715505 0.96583914058283 1.06280164793134 1.53915154165588 1.59825068269856 1.78823757707141 1.10548201436177 1.26125078299083 1.70051898341626 1.32666752301157 1.81140427337959 1.5395558711607 0.980490240035579 1.28525283606723 1.93404535809532 1.4534952098038 1.12524073361419 1.90418683085591 1.79503418365493 1.15400561806746 1.79696511267684 1.35969691141509 1.81584282615222 1.24837630521506 1.34500586451031 1.00924868369475 1.44488924602047 1.55611400143243 1.89085353771225 0
