0 1.63783039501868 1.36211708257906 1.47847467730753 1.80857978272252 0.965144907124341 1.21252278471366 1.76388070685789 1.10670786653645 1.86962856259197 1.87215086631477 1.66041521308944 1.55844916263595 1.44397942512296 1.4773155413568 1.44865488703363 1.50177926686592 1.44594761915505 1.06116661895066 1.8791989327874 1.81978017697111 1.58294874848798 1.58477750746533 1.03283889894374 1.61986530339345 1.28910771314986 1.73882472002879 1.41749242530204 1.0003552378621 1.57194361020811
1.63783039501868 0 1.63553741015494 1.87644973536953 1.89877568674274 1.7063694759272 1.60211310721934 1.41474316758104 1.09247833676636 1.58965667523444 1.06343439989723 1.70892100501806 1.56334370863624 1.86142976069823 1.31479622493498 1.92464269301854 1.12385338591412 1.87524840072729 1.65755131933838 1.88129745656624 1.5098577470053 1.15812799427658 1.82324487273581 1.17044908879325 1.49155819742009 1.1925372807309 1.57274404587224 1.19461198314093 1.56092642783187 0.971922684693709
1.36211708257906 1.63553741015494 0 1.29850152973086 1.26267659803852 1.14943187264726 1.89373868540861 1.2177800743375 1.12713556597009 1.01983016123995 1.59849878610112 1.32405149610713 1.78601498855278 1.6628216963727 1.35437753354199 1.51605365774594 1.52952790935524 1.59725373052061 1.30459546647035 1.09625454223715 1.48753838683479 0.969545696396381 1.56771444086917 1.24024796998128 0.969669439829886 1.16265923692845 1.47348895692267 1.48551058187149 1.06087300251238 1.10911566670984
1.47847467730753 1.87644973536953 1.29850152973086 0 1.87732852087356 1.55157391936518 1.67014223244041 1.8758074210491 1.61674986616708 1.16455554962158 1.0907104825601 1.03115812735632 1.71020672330633 1.50190531881526 1.01929263165221 1.24338047252968 1.45270104869269 1.24552288278937 1.89529920555651 1.2680380451493 1.25589828309603 1.69276432879269 1.90074008959346 1.5711294603534 1.21895540854894 1.63037739228457 1.78809776040725 1.58685114607215 1.57344939769246 1.21288183610886
1.80857978272252 1.89877568674274 1.26267659803852 1.87732852087356 0 1.09344315831549 1.3404006161727 1.12538292375393 1.3127996828407 1.45689821871929 1.72374804015271 1.78425786248408 1.89521549688652 1.45393056259491 1.65504453261383 0.943236585473642 1.5730199390091 1.53508385689929 1.77340174489655 1.60451432177797 1.57393704680726 1.2296032407321 1.91254375805147 1.18455581390299 1.3402688424103 1.00308414665051 1.24701771186665 1.42435214924626 1.84464711905457 1.7268478453625
0.965144907124341 1.7063694759272 1.14943187264726 1.55157391936518 1.09344315831549 0 1.90231940848753 1.90767189837061 1.78219260647893 0.962175459368154 1.54377773148008 1.70838902448304 1.04512878018431 1.06920288526453 1.53856036346406 1.50982767879032 1.66725738230161 1.34826377336867 1.57006131578237 0.99954915815033 1.48756561777554 1.22712455992587 1.5588189586997 1.453890258912 1.23526966338977 1.10453234240413 1.03405183646828 1.1183715974912 1.47984441625886 1.48518235073425
1.21252278471366 1.60211310721934 1.89373868540861 1.67014223244041 1.3404006161727 1.90231940848753 0 1.65495655033737 1.19353473023511 1.57699260907248 1.54741653637029 1.54715851950459 1.88949957350269 0.979965436272323 1.39875373896211 1.65202303952537 1.31048303539865 1.10933322203346 1.47599495924078 1.70387853728607 1.90871719061397 0.972636369522661 1.71468383003958 1.25985966157168 1.52015150850639 1.76829124847427 1.27776921913028 1.48022306500934 1.72846187883988 1.76181770046242
1.76388070685789 1.41474316758104 1.2177800743375 1.8758074210491 1.12538292375393 1.90767189837061 1.65495655033737 0 1.12830209336244 1.60682591516525 1.60303632635623 1.02847033413127 1.20540883694775 0.960878809681162 1.31397424265742 1.72638701577671 1.74280654545873 1.67344284825958 1.32038064580411 1.31383992475457 1.78185742232017 1.14666001638398 1.64227574039251 1.15960778272711 1.76359396474436 1.38277648412623 1.49269476695918 1.5272896210663 1.4895628024824 1.20426508388482
1.10670786653645 1.09247833676636 1.12713556597009 1.61674986616708 1.3127996828407 1.78219260647893 1.19353473023511 1.12830209336244 0 1.24697207193822 1.03220440470614 1.73552899085917 1.54928244231269 1.33975185360759 1.63575994409621 1.22238320694305 1.42599746002816 1.19711091695353 1.6287539943587 1.48934558406472 1.19081702502444 0.94752530939877 1.8492878684774 1.39259362826124 1.68157294252887 1.93202094058506 0.939164141425863 1.13384669576772 1.52825670293532 1.44286206155084
1.86962856259197 1.58965667523444 1.01983016123995 1.16455554962158 1.45689821871929 0.962175459368154 1.57699260907248 1.60682591516525 1.24697207193822 0 0.950488378526643 1.20741161238402 0.962479081936181 1.83929321775213 1.59971062513068 1.52498430083506 1.65215266332962 1.736390162725 1.280797743937 1.38686333200894 1.77296252385713 1.2172405817546 1.72519561788067 1.5044124671258 1.92762786173262 0.951680889120325 1.67753142188303 1.58831626200117 1.532365542138 1.72290857159533
1.87215086631477 1.06343439989723 1.59849878610112 1.0907104825601 1.72374804015271 1.54377773148008 1.54741653637029 1.60303632635623 1.03220440470614 0.950488378526643 0 1.74757505953312 1.11494641005993 1.07927339826711 1.11939630378038 1.13739367225207 1.89381023216993 1.0391088614706 0.97935798484832 1.73063908470795 1.84286922309548 1.89255937444977 1.78353114728816 1.69309029798023 1.68571105529554 0.995835306122899 1.46283820294775 1.65691109374166 1.53070309734903 1.21183760860004
1.66041521308944 1.70892100501806 1.32405149610713 1.03115812735632 1.78425786248408 1.70838902448304 1.54715851950459 1.02847033413127 1.73552899085917 1.20741161238402 1.74757505953312 0 1.35550571465865 1.19476563623175 1.29539013071917 1.40224292338826 1.54684864450246 1.22609169478528 1.84904013690539 1.65323785529472 1.59718477353454 1.74591424944811 1.33792262035422 1.67752454965375 1.01167023973539 1.17324231564999 1.91308196564205 0.993699515936896 1.89080123067833 1.10554969357327
1.55844916263595 1.56334370863624 1.78601498855278 1.71020672330633 1.89521549688652 1.04512878018431 1.88949957350269 1.20540883694775 1.54928244231269 0.962479081936181 1.11494641005993 1.35550571465865 0 0.967252837726846 1.4061840728391 1.27427132544108 1.12200270895846 1.24206092441455 1.53277856227942 1.32984115579166 1.35526343481615 1.81062251003459 1.16848840541206 1.29798978590406 1.61431064386852 1.45387702086009 1.29763764399104 1.14796073222533 1.67346173082478 1.51918970351107
1.44397942512296 1.86142976069823 1.6628216963727 1.50190531881526 1.45393056259491 1.06920288526453 0.979965436272323 0.960878809681162 1.33975185360759 1.83929321775213 1.07927339826711 1.19476563623175 0.967252837726846 0 1.46977460663766 1.05381156504154 0.955445720348507 1.60937034082599 1.76924543338828 1.72604811564088 1.31137256603688 1.66828405973502 1.56332603795454 1.1648984325584 1.49277897947468 1.88851720048115 1.07993219024502 1.28832662012428 1.22575182281435 1.30334928887896
1.4773155413568 1.31479622493498 1.35437753354199 1.01929263165221 1.65504453261383 1.53856036346406 1.39875373896211 1.31397424265742 1.63575994409621 1.59971062513068 1.11939630378038 1.29539013071917 1.4061840728391 1.46977460663766 0 1.80738838459365 1.8009604443796 1.20071751880459 1.56440384034067 1.25843280158006 1.2861072383821 0.970907680224627 1.35962369502522 1.91199832502753 1.41047764359973 1.05127196549438 1.10052331141196 1.9130468708463 1.40481621818617 1.59565985039808
1.44865488703363 1.92464269301854 1.51605365774594 1.24338047252968 0.943236585473642 1.50982767879032 1.65202303952537 1.72638701577671 1.22238320694305 1.52498430083506 1.13739367225207 1.40224292338826 1.27427132544108 1.05381156504154 1.80738838459365 0 1.02711470774375 1.76366662862711 1.62287910748273 1.66044912603684 1.82200917042792 1.79803427169099 1.27686896407977 1.6713961106725 1.33691244223155 0.989632078446448 1.84059593291022 1.52803315757774 1.49724665749818 1.38427194487303
1.50177926686592 1.12385338591412 1.52952790935524 1.45270104869269 1.5730199390091 1.66725738230161 1.31048303539865 1.74280654545873 1.42599746002816 1.65215266332962 1.89381023216993 1.54684864450246 1.12200270895846 0.955445720348507 1.8009604443796 1.02711470774375 0 1.29220293438993 1.00198574899696 1.58799058012664 1.68769946601242 1.25916555640288 1.30606798967347 1.23002769635059 1.68539745383896 1.57208908349276 1.72046468243934 1.65725336270407 1.3294858164154 1.70192113239318
1.44594761915505 1.87524840072729 1.59725373052061 1.24552288278937 1.53508385689929 1.34826377336867 1.10933322203346 1.67344284825958 1.19711091695353 1.736390162725 1.0391088614706 1.22609169478528 1.24206092441455 1.60937034082599 1.20071751880459 1.76366662862711 1.29220293438993 0 1.36495770607144 1.09291158057749 1.66684468579479 1.0025757078547 1.2702971897088 1.72049740934744 1.55883946176618 1.61871148901992 1.69813233776949 1.57828076765873 1.75673667481169 0.945103116333485
1.06116661895066 1.65755131933838 1.30459546647035 1.89529920555651 1.77340174489655 1.57006131578237 1.47599495924078 1.32038064580411 1.6287539943587 1.280797743937 0.97935798484832 1.84904013690539 1.53277856227942 1.76924543338828 1.56440384034067 1.62287910748273 1.00198574899696 1.36495770607144 0 1.60041383211501 1.87173812976107 1.86205800296739 1.25873617036268 1.20430244249292 1.71988237462938 1.36106859450229 1.84230833617039 1.83162870397791 1.18735187966377 1.57161973975599
1.8791989327874 1.88129745656624 1.09625454223715 1.2680380451493 1.60451432177797 0.99954915815033 1.70387853728607 1.31383992475457 1.48934558406472 1.38686333200894 1.73063908470795 1.65323785529472 1.32984115579166 1.72604811564088 1.25843280158006 1.66044912603684 1.58799058012664 1.09291158057749 1.60041383211501 0 1.21544337552041 1.67208401742391 1.00818916223943 1.61661287094466 1.52541981870309 1.3984303988982 1.07232956960797 1.83446838497184 1.56461131433025 1.65267047379166
1.81978017697111 1.5098577470053 1.48753838683479 1.25589828309603 1.57393704680726 1.48756561777554 1.90871719061397 1.78185742232017 1.19081702502444 1.77296252385713 1.84286922309548 1.59718477353454 1.35526343481615 1.31137256603688 1.2861072383821 1.82200917042792 1.68769946601242 1.66684468579479 1.87173812976107 1.21544337552041 0 1.61721891071647 0.967012100154534 0.962047211360186 0.951506837969646 0.984043294331059 1.08466402138583 1.14082210604101 1.77018795907497 1.45419869408943
1.58294874848798 1.15812799427658 0.969545696396381 1.69276432879269 1.2296032407321 1.22712455992587 0.972636369522661 1.14666001638398 0.94752530939877 1.2172405817546 1.89255937444977 1.74591424944811 1.81062251003459 1.66828405973502 0.970907680224627 1.79803427169099 1.25916555640288 1.0025757078547 1.86205800296739 1.67208401742391 1.61721891071647 0 1.86499712429941 1.86098008439876 1.408828235697 0.984495631186292 0.967488940339535 1.60162055352703 1.71913549094461 1.64333521085791
1.58477750746533 1.82324487273581 1.56771444086917 1.90074008959346 1.91254375805147 1.5588189586997 1.71468383003958 1.64227574039251 1.8492878684774 1.72519561788067 1.78353114728816 1.33792262035422 1.16848840541206 1.56332603795454 1.35962369502522 1.27686896407977 1.30606798967347 1.2702971897088 1.25873617036268 1.00818916223943 0.967012100154534 1.86499712429941 0 1.4420791179873 1.31008299137466 1.615670991363 1.12611529813148 1.89931584405713 0.978102332213894 1.08217088226229
1.03283889894374 1.17044908879325 1.24024796998128 1.5711294603534 1.18455581390299 1.453890258912 1.25985966157168 1.15960778272711 1.39259362826124 1.5044124671258 1.69309029798023 1.67752454965375 1.29798978590406 1.1648984325584 1.91199832502753 1.6713961106725 1.23002769635059 1.72049740934744 1.20430244249292 1.61661287094466 0.962047211360186 1.86098008439876 1.4420791179873 0 1.16386292688549 1.80380535498261 1.24959791498259 1.37479711137712 1.37867425940931 1.50358297792263
1.61986530339345 1.49155819742009 0.969669439829886 1.21895540854894 1.3402688424103 1.23526966338977 1.52015150850639 1.76359396474436 1.68157294252887 1.92762786173262 1.68571105529554 1.01167023973539 1.61431064386852 1.49277897947468 1.41047764359973 1.33691244223155 1.68539745383896 1.55883946176618 1.71988237462938 1.52541981870309 0.951506837969646 1.408828235697 1.31008299137466 1.16386292688549 0 1.15317030064762 1.61083031794988 1.78584305662662 1.69727632123977 1.1851274673827
1.28910771314986 1.1925372807309 1.16265923692845 1.63037739228457 1.00308414665051 1.10453234240413 1.76829124847427 1.38277648412623 1.93202094058506 0.951680889120325 0.995835306122899 1.17324231564999 1.45387702086009 1.88851720048115 1.05127196549438 0.989632078446448 1.57208908349276 1.61871148901992 1.36106859450229 1.3984303988982 0.984043294331059 0.984495631186292 1.615670991363 1.80380535498261 1.15317030064762 0 1.20412628981285 1.78280334500596 1.31764358491637 1.75123812980019
1.73882472002879 1.57274404587224 1.47348895692267 1.78809776040725 1.24701771186665 1.03405183646828 1.27776921913028 1.49269476695918 0.939164141425863 1.67753142188303 1.46283820294775 1.91308196564205 1.29763764399104 1.07993219024502 1.10052331141196 1.84059593291022 1.72046468243934 1.69813233776949 1.84230833617039 1.07232956960797 1.08466402138583 0.967488940339535 1.12611529813148 1.24959791498259 1.61083031794988 1.20412628981285 0 1.20292214746587 1.83906202856451 1.49740983196534
1.41749242530204 1.19461198314093 1.48551058187149 1.58685114607215 1.42435214924626 1.1183715974912 1.48022306500934 1.5272896210663 1.13384669576772 1.58831626200117 1.65691109374166 0.993699515936896 1.14796073222533 1.28832662012428 1.9130468708463 1.52803315757774 1.65725336270407 1.57828076765873 1.83162870397791 1.83446838497184 1.14082210604101 1.60162055352703 1.89931584405713 1.37479711137712 1.78584305662662 1.78280334500596 1.20292214746587 0 1.04545263410546 1.44906343868934
1.0003552378621 1.56092642783187 1.06087300251238 1.57344939769246 1.84464711905457 1.47984441625886 1.72846187883988 1.4895628024824 1.52825670293532 1.532365542138 1.53070309734903 1.89080123067833 1.67346173082478 1.22575182281435 1.40481621818617 1.49724665749818 1.3294858164154 1.75673667481169 1.18735187966377 1.56461131433025 1.77018795907497 1.71913549094461 0.978102332213894 1.37867425940931 1.69727632123977 1.31764358491637 1.83906202856451 1.04545263410546 0 1.69298859778792
1.57194361020811 0.971922684693709 1.10911566670984 1.21288183610886 1.7268478453625 1.48518235073425 1.76181770046242 1.20426508388482 1.44286206155084 1.72290857159533 1.21183760860004 1.10554969357327 1.51918970351107 1.30334928887896 1.59565985039808 1.38427194487303 1.70192113239318 0.945103116333485 1.57161973975599 1.65267047379166 1.45419869408943 1.64333521085791 1.08217088226229 1.50358297792263 1.1851274673827 1.75123812980019 1.49740983196534 1.44906343868934 1.69298859778792 0
