0 1.4665948022157 1.36971840681508 1.51428798539564 1.38177593611181 1.95398780936375 1.34161547617987 1.47044451115653 1.507244377397 1.75058495020494 1.23539134231396 1.89699766295962 1.63733606319875 1.12770021683536 1.86353168031201 1.5745632185135 1.86459919880144 1.20991415949538 1.11934315855615 1.1138538105879 1.62274946505204 1.56245184899308 1.21731798048131 1.68635709234513 1.11449890676886 1.93279742309824 1.73722472973168 1.38227615365759 1.38016131846234 1.61025499831885
1.4665948022157 0 1.06191192055121 1.06836401321925 1.81864694599062 1.64746268303134 1.45666640461423 1.94421186950058 1.56071118079126 1.53957441402599 0.976553660817444 1.37608340242878 1.50268934410997 1.92421343224123 0.992424380034208 1.11019714944996 1.14406411862001 1.94103783974424 1.39247855963185 1.36080115125515 1.12157424096949 1.90925302961841 1.88424221449532 1.74089674698189 1.05666925152764 1.84373204433359 0.995493254391477 1.1571086414624 1.11250963993371 1.23111609998159
1.36971840681508 1.06191192055121 0 1.35795410443097 1.66311978246085 1.32033819449134 1.32879333989695 1.52688150899485 1.16198361059651 1.02352249901742 1.52345522423275 1.29576004715636 1.64150717342272 1.46564580639824 1.40322088240646 1.19657318224199 1.51329243555665 1.50389620568603 1.18946594651788 1.00240154447965 1.23712982912548 1.86632382893004 1.26981501141563 1.46475084871054 1.02963528526016 1.30775274499319 1.13552006240934 1.54528884263709 1.38470961200073 1.23618964431807
1.51428798539564 1.06836401321925 1.35795410443097 0 1.4679937090259 1.78597264154814 1.77002150658518 1.44865823467262 1.12110629328527 1.09055592934601 1.72247937880456 1.84525766619481 1.44279359024949 1.45540621550754 1.42279854463413 1.24101754813455 1.54886321839876 1.72276877216063 1.13444186886773 1.2137823314406 1.0550393264275 1.84068724419922 1.24306099931709 1.28812390984967 1.12354405084625 1.15165812615305 1.17246790393256 1.14881305629387 1.32011060533114 1.66855959757231
1.38177593611181 1.81864694599062 1.66311978246085 1.4679937090259 0 1.47514326963574 1.39826061739586 1.52316095051356 1.78390006697737 1.2461179883685 1.84682208648883 1.40696639334783 1.68739909632131 1.22012455225922 0.966693992493674 1.12539206747897 1.26033761980943 1.71714432770386 1.02904319879599 1.17891978868283 1.48937449906953 1.71173253748566 1.2709014120046 1.45054372842424 1.57927522808313 1.62430501845665 1.83852500747889 1.36333458684385 1.87703501363285 1.589534252882
1.95398780936375 1.64746268303134 1.32033819449134 1.78597264154814 1.47514326963574 0 1.65288670547307 1.27595125441439 1.10554598690942 1.72049779631197 1.52367210411467 1.85288158617914 1.28113418444991 1.38514539785683 1.22980406135321 1.24662669701502 1.70637386688031 1.78775906423107 1.50170526839793 0.997585405595601 1.34514631167985 1.68268234143034 1.48001973424107 1.19814455322921 1.65185710135847 1.32784726447426 1.70553596829996 1.73613762622699 1.04703416232951 1.32230233121663
1.34161547617987 1.45666640461423 1.32879333989695 1.77002150658518 1.39826061739586 1.65288670547307 0 0.979088001651689 1.24057746399194 1.65072260936722 1.49391634971835 1.95539780030958 1.29428880196065 1.85449819942005 1.78438410558738 1.27161259669811 1.38777512335218 1.70354671077803 1.51119025959633 1.41613879217766 1.02852487191558 1.18066739360802 1.2332260790281 1.06363796140067 1.67746755015105 1.59013694687746 0.988074540859088 1.63897996139713 1.71604634472169 1.49941542651504
1.47044451115653 1.94421186950058 1.52688150899485 1.44865823467262 1.52316095051356 1.27595125441439 0.979088001651689 0 1.07393903727643 1.09367816220038 0.967658208683133 1.41082474193536 1.65511021926068 1.29329350311309 1.9523645574227 1.07125250506215 1.66868265205994 1.95830688229762 1.88728124997579 1.68794528697617 1.76901571289636 1.19659958034754 1.9469656990841 1.57443919288926 1.12539059552364 1.50323126441799 1.52915266761556 1.34348192461766 1.07778240228072 1.6484149871394
1.507244377397 1.56071118079126 1.16198361059651 1.12110629328527 1.78390006697737 1.10554598690942 1.24057746399194 1.07393903727643 0 1.17432659398764 1.15483261225745 0.969407065538689 1.0422276915051 1.91197708644904 1.87870772695169 1.60097784525715 1.75904540764168 1.45495631941594 1.06535621592775 1.94678100361489 1.04175015562214 1.746302341111 1.34685112140141 1.35337253520265 1.55652938550338 1.90829333523288 1.40402195067145 1.28049842570908 1.86498718219809 1.24003537395038
1.75058495020494 1.53957441402599 1.02352249901742 1.09055592934601 1.2461179883685 1.72049779631197 1.65072260936722 1.09367816220038 1.17432659398764 0 1.68406834849156 1.32605615304783 1.86289254622534 1.1350847510621 1.82799152028747 1.60261050029658 1.47509453305975 1.82353702327237 1.18135124305263 1.206761774607 0.976730496389791 1.04686968796887 1.15631610411219 1.31990252202377 1.24572858447209 1.35106234834529 1.33154428564012 1.28602066566236 1.76729382481426 1.61345430416986
1.23539134231396 0.976553660817444 1.52345522423275 1.72247937880456 1.84682208648883 1.52367210411467 1.49391634971835 0.967658208683133 1.15483261225745 1.68406834849156 0 1.36111448332667 1.0461621095892 1.52378396037966 1.1722040369641 1.1213804197032 1.61192449182272 1.32925368892029 1.08044737577438 1.89511820953339 1.01425713370554 1.22323610214517 1.39106514398009 1.93181130103767 1.57461370760575 1.46871313801967 1.48441713792272 1.18902015406638 1.79607546469197 1.49147732672282
1.89699766295962 1.37608340242878 1.29576004715636 1.84525766619481 1.40696639334783 1.85288158617914 1.95539780030958 1.41082474193536 0.969407065538689 1.32605615304783 1.36111448332667 0 1.10485449666157 1.30585761507973 1.4514403543435 1.65900535020046 1.17233020649292 1.85466735088266 1.13551179738715 1.53834962425753 1.9244055734016 1.63584298407659 1.45230919332244 1.38688087952323 1.87998641608283 1.47239533672109 0.987176857888699 1.27841114695184 1.74385987152345 1.40887007745914
1.63733606319875 1.50268934410997 1.64150717342272 1.44279359024949 1.68739909632131 1.28113418444991 1.29428880196065 1.65511021926068 1.0422276915051 1.86289254622534 1.0461621095892 1.10485449666157 0 1.54150025849231 1.43346465798095 1.79816367989406 1.02135343803093 1.66546761221252 1.01004664390348 1.70963384443894 1.1220702517312 1.48122316272929 1.3340283385478 1.0072430584114 1.68323832494207 1.72107698139735 1.90499321836978 1.12085115700029 1.82771268789656 1.07176114036702
1.12770021683536 1.92421343224123 1.46564580639824 1.45540621550754 1.22012455225922 1.38514539785683 1.85449819942005 1.29329350311309 1.91197708644904 1.1350847510621 1.52378396037966 1.30585761507973 1.54150025849231 0 1.74599929852411 1.10785051085986 1.93983121146448 1.66111913369969 1.84792624809779 1.61129526398145 1.39643133524805 1.77818838902749 1.13616614299826 0.962365125771612 1.90926725883037 1.5561174985487 1.56450764997862 1.32253585383296 0.974261774681509 1.51848879340105
1.86353168031201 0.992424380034208 1.40322088240646 1.42279854463413 0.966693992493674 1.22980406135321 1.78438410558738 1.9523645574227 1.87870772695169 1.82799152028747 1.1722040369641 1.4514403543435 1.43346465798095 1.74599929852411 0 1.00390083086677 1.83201278140768 1.71045789704658 1.5333753938321 0.987401727819815 1.52088365051895 1.85809472482651 1.5389368054457 1.21414224850014 1.50766883417964 1.28113704943098 0.978141812607646 1.54798389645293 1.74907871661708 1.13332197326235
1.5745632185135 1.11019714944996 1.19657318224199 1.24101754813455 1.12539206747897 1.24662669701502 1.27161259669811 1.07125250506215 1.60097784525715 1.60261050029658 1.1213804197032 1.65900535020046 1.79816367989406 1.10785051085986 1.00390083086677 0 1.40134748234414 1.0783336344175 1.80757387238555 1.63717940519564 1.3554388419725 1.64702880638652 1.01720296381973 1.44965991727076 1.3114623054862 1.00016300962307 1.12145052524284 1.3433612131048 1.83353693643585 1.74861164484173
1.86459919880144 1.14406411862001 1.51329243555665 1.54886321839876 1.26033761980943 1.70637386688031 1.38777512335218 1.66868265205994 1.75904540764168 1.47509453305975 1.61192449182272 1.17233020649292 1.02135343803093 1.93983121146448 1.83201278140768 1.40134748234414 0 1.94746048166417 1.47745505021885 1.48348883260041 1.11462843674235 1.52930445736274 1.44908448751085 1.09835785464384 1.62566113378853 1.15463113505393 1.0750022996217 1.82966858893633 1.74565733829513 1.61393114947714
1.20991415949538 1.94103783974424 1.50389620568603 1.72276877216063 1.71714432770386 1.78775906423107 1.70354671077803 1.95830688229762 1.45495631941594 1.82353702327237 1.32925368892029 1.85466735088266 1.66546761221252 1.66111913369969 1.71045789704658 1.0783336344175 1.94746048166417 0 0.971632266417146 1.28885859251022 0.972862391732633 1.68123225285672 1.2548237007577 1.66170315584168 1.5928533016704 1.71669888636097 1.92303725122474 1.61610324657522 1.63132954621688 1.89580054255202
1.11934315855615 1.39247855963185 1.18946594651788 1.13444186886773 1.02904319879599 1.50170526839793 1.51119025959633 1.88728124997579 1.06535621592775 1.18135124305263 1.08044737577438 1.13551179738715 1.01004664390348 1.84792624809779 1.5333753938321 1.80757387238555 1.47745505021885 0.971632266417146 0 1.30304088792764 1.66896224557422 1.8835128529463 1.51908307312988 1.62938954634592 1.9404055592604 1.73126875772141 1.69121173187159 1.77270484506153 1.47458602627739 1.64668385777622
1.1138538105879 1.36080115125515 1.00240154447965 1.2137823314406 1.17891978868283 0.997585405595601 1.41613879217766 1.68794528697617 1.94678100361489 1.206761774607 1.89511820953339 1.53834962425753 1.70963384443894 1.61129526398145 0.987401727819815 1.63717940519564 1.48348883260041 1.28885859251022 1.30304088792764 0 1.15958564868197 1.27181838825345 1.09379397612065 1.93426931207068 1.33530212077312 1.32872920995578 1.9373184191063 1.24879354890436 1.41260202066042 1.13179366337135
1.62274946505204 1.12157424096949 1.23712982912548 1.0550393264275 1.48937449906953 1.34514631167985 1.02852487191558 1.76901571289636 1.04175015562214 0.976730496389791 1.01425713370554 1.9244055734016 1.1220702517312 1.39643133524805 1.52088365051895 1.3554388419725 1.11462843674235 0.972862391732633 1.66896224557422 1.15958564868197 0 1.51266697281972 1.33680903329514 1.60086811659858 1.48424295592122 1.37258115573786 1.73442128417082 1.07136156503111 1.31197860953398 1.73457089951262
1.56245184899308 1.90925302961841 1.86632382893004 1.84068724419922 1.71173253748566 1.68268234143034 1.18066739360802 1.19659958034754 1.746302341111 1.04686968796887 1.22323610214517 1.63584298407659 1.48122316272929 1.77818838902749 1.85809472482651 1.64702880638652 1.52930445736274 1.68123225285672 1.8835128529463 1.27181838825345 1.51266697281972 0 1.13425340689719 1.15855019004084 1.52946474193595 1.11041700514033 1.33130170591176 1.56994951865636 1.47369579644874 1.90217119944282
1.21731798048131 1.88424221449532 1.26981501141563 1.24306099931709 1.2709014120046 1.48001973424107 1.2332260790281 1.9469656990841 1.34685112140141 1.15631610411219 1.39106514398009 1.45230919332244 1.3340283385478 1.13616614299826 1.5389368054457 1.01720296381973 1.44908448751085 1.2548237007577 1.51908307312988 1.09379397612065 1.33680903329514 1.13425340689719 0 1.73740442027338 1.44320738501847 1.67302998900414 1.32986347423866 1.55036855838262 1.7246181354858 1.50855025509372
1.68635709234513 1.74089674698189 1.46475084871054 1.28812390984967 1.45054372842424 1.19814455322921 1.06363796140067 1.57443919288926 1.35337253520265 1.31990252202377 1.93181130103767 1.38688087952323 1.0072430584114 0.962365125771612 1.21414224850014 1.44965991727076 1.09835785464384 1.66170315584168 1.62938954634592 1.93426931207068 1.60086811659858 1.15855019004084 1.73740442027338 0 1.95141875604168 1.40118218469433 0.966296362224966 1.34197386237793 1.79953732504509 1.2522464254871
1.11449890676886 1.05666925152764 1.02963528526016 1.12354405084625 1.57927522808313 1.65185710135847 1.67746755015105 1.12539059552364 1.55652938550338 1.24572858447209 1.57461370760575 1.87998641608283 1.68323832494207 1.90926725883037 1.50766883417964 1.3114623054862 1.62566113378853 1.5928533016704 1.9404055592604 1.33530212077312 1.48424295592122 1.52946474193595 1.44320738501847 1.95141875604168 0 1.81479983194731 1.75066157663241 1.19148602383211 1.04484869400039 1.89312483440153
1.93279742309824 1.84373204433359 1.30775274499319 1.15165812615305 1.62430501845665 1.32784726447426 1.59013694687746 1.50323126441799 1.90829333523288 1.35106234834529 1.46871313801967 1.47239533672109 1.72107698139735 1.5561174985487 1.28113704943098 1.00016300962307 1.15463113505393 1.71669888636097 1.73126875772141 1.32872920995578 1.37258115573786 1.11041700514033 1.67302998900414 1.40118218469433 1.81479983194731 0 1.45883063599467 1.19611988891847 1.45893812389113 1.4875467477832
1.73722472973168 0.995493254391477 1.13552006240934 1.17246790393256 1.83852500747889 1.70553596829996 0.988074540859088 1.52915266761556 1.40402195067145 1.33154428564012 1.48441713792272 0.987176857888699 1.90499321836978 1.56450764997862 0.978141812607646 1.12145052524284 1.0750022996217 1.92303725122474 1.69121173187159 1.9373184191063 1.73442128417082 1.33130170591176 1.32986347423866 0.966296362224966 1.75066157663241 1.45883063599467 0 1.40903274528682 1.38786699972115 1.51946017821319
1.38227615365759 1.1571086414624 1.54528884263709 1.14881305629387 1.36333458684385 1.73613762622699 1.63897996139713 1.34348192461766 1.28049842570908 1.28602066566236 1.18902015406638 1.27841114695184 1.12085115700029 1.32253585383296 1.54798389645293 1.3433612131048 1.82966858893633 1.61610324657522 1.77270484506153 1.24879354890436 1.07136156503111 1.56994951865636 1.55036855838262 1.34197386237793 1.19148602383211 1.19611988891847 1.40903274528682 0 1.02417451143265 1.01294596889056
1.38016131846234 1.11250963993371 1.38470961200073 1.32011060533114 1.87703501363285 1.04703416232951 1.71604634472169 1.07778240228072 1.86498718219809 1.76729382481426 1.79607546469197 1.74385987152345 1.82771268789656 0.974261774681509 1.74907871661708 1.83353693643585 1.74565733829513 1.63132954621688 1.47458602627739 1.41260202066042 1.31197860953398 1.47369579644874 1.7246181354858 1.79953732504509 1.04484869400039 1.45893812389113 1.38786699972115 1.02417451143265 0 1.91421359148808
1.61025499831885 1.23111609998159 1.23618964431807 1.66855959757231 1.589534252882 1.32230233121663 1.49941542651504 1.6484149871394 1.24003537395038 1.61345430416986 1.49147732672282 1.40887007745914 1.07176114036702 1.51848879340105 1.13332197326235 1.74861164484173 1.61393114947714 1.89580054255202 1.64668385777622 1.13179366337135 1.73457089951262 1.90217119944282 1.50855025509372 1.2522464254871 1.89312483440153 1.4875467477832 1.51946017821319 1.01294596889056 1.91421359148808 0
