0 1.12525559403002 1.25985066685826 1.6320945948828 1.76986546674743 1.57344729197212 1.25574342836626 0.968429905595258 1.91023367084563 1.02932361070998 1.47816105047241 1.86738713132218 1.30399230890907 1.85130172385834 1.44518205407076 1.34353010961786 0.929324400611222 1.87899800948799 1.26804750063457 0.965880027040839 1.83317534183152 1.04651287663728 1.01954213832505 1.7855643578805 1.50725372531451 1.78228568728082 0.940474758390337 1.82239446300082 1.2475463943556 1.89974936307408
1.12525559403002 0 1.82275234977715 0.924241461791098 1.78553534322418 1.50790015934035 1.51792022585869 1.39240766293369 1.1234203861095 1.16494564386085 0.933480674633756 1.87881954247132 1.77935456181876 1.3290400840342 1.29320238064975 1.74249252793379 1.24755738279782 1.24681901140139 1.4497270679567 1.55899849161506 1.70289827999659 1.88257145462558 1.44817750318907 1.21741644106805 1.91024759341963 1.78215846209787 1.34715899033472 1.60656858002767 1.48092095181346 1.30857903277501
1.25985066685826 1.82275234977715 0 1.4937768173404 1.46216982230544 0.932823887327686 1.23456210643053 1.15417663473636 1.46713489689864 1.46295934496447 1.08709063427523 1.40832750545815 1.49728053389117 1.20076747052372 1.64353147987276 0.936372552765533 1.28499660012312 1.14688142831437 1.50033296318725 1.53164911875501 1.26126415934414 0.963552592555061 1.18579996726476 1.04766109585762 1.38619555975311 1.24711619899608 1.52085849968717 1.114039857639 0.924282008782029 1.31177197629586
1.6320945948828 0.924241461791098 1.4937768173404 0 1.41094891424291 1.31316868471913 1.25000874255784 0.929940159199759 1.59942962857895 1.32415040722117 1.73157894005999 1.23557800124399 1.70138773159124 1.21745661017485 1.20967473997734 0.998708810657263 1.21138009498827 1.52119487314485 1.89114243886434 1.47839778568596 1.15567126614042 1.152491298737 1.80791190150194 1.46277792262845 1.85392839903943 1.43903187522665 1.66573915327899 0.986410555429757 1.81168238073587 0.939724872121587
1.76986546674743 1.78553534322418 1.46216982230544 1.41094891424291 0 1.05190081754699 1.05082578351721 1.89717104122974 1.84147275215946 0.951751817250624 0.985524793155491 1.60536691732705 0.949970749905333 1.22449645539746 1.24418394383974 1.77927139238454 1.44332568789832 1.3496501238551 1.45694979233667 1.08592770597897 1.69466257607564 1.58339900616556 1.49726040195674 1.57617810671218 1.42256405972876 1.08021702268161 1.38549284869805 1.48385624750517 1.19447086565197 1.68344636331312
1.57344729197212 1.50790015934035 0.932823887327686 1.31316868471913 1.05190081754699 0 1.48410658957437 1.30527974595316 1.42072685738094 0.997472625924274 1.90506532043219 1.90547954128124 1.7424231574405 1.4201004751958 1.76307316427119 1.11283143889159 1.82660748134367 1.87333664018661 1.34239761345088 1.02009759703651 1.16857714415528 1.04602658189833 1.08249492826872 1.78071776241995 1.1246633650735 1.89894310664386 1.53785671642981 1.56463269493543 1.81330257304944 1.091519839596
1.25574342836626 1.51792022585869 1.23456210643053 1.25000874255784 1.05082578351721 1.48410658957437 0 1.74683224433102 1.29844545503147 1.58877524966374 1.49590233853087 1.35851965518668 1.48586432961747 1.7308445435483 1.27077437750995 1.08418301492929 1.00156207149848 1.13072956260294 1.03699218900874 1.72182770306244 1.46189398271963 1.23391204234213 1.48566351947375 1.88506923988461 1.84494506567717 1.64203411852941 1.06724697514437 0.963156631914899 1.29700043145567 1.43834716104902
0.968429905595258 1.39240766293369 1.15417663473636 0.929940159199759 1.89717104122974 1.30527974595316 1.74683224433102 0 1.45990271633491 1.08267874456942 1.84937690687366 1.48736253078096 1.68262035748921 1.24246872891672 1.46023954311386 1.28274314384907 1.5237244523596 1.21930329012685 1.23633783473633 1.16872759838589 1.13190611707978 1.71962603065185 1.37704371684231 1.69409090187401 0.967483092099428 1.1207555308938 1.43706925725564 1.01658458425663 1.00273152184673 1.51958244899288
1.91023367084563 1.1234203861095 1.46713489689864 1.59942962857895 1.84147275215946 1.42072685738094 1.29844545503147 1.45990271633491 0 1.51223883149214 1.74403998395428 1.65940315835178 1.11528924945742 1.45746111474 1.69729867950082 1.32535638078116 1.33716241433285 1.74608896742575 1.40424214117229 1.20376038365066 1.19926233403385 1.76484223664738 1.20031311898492 1.64376449328847 1.54369599465281 1.8122885664925 1.48612599656917 0.973202459979802 1.51563221286051 1.18983242963441
1.02932361070998 1.16494564386085 1.46295934496447 1.32415040722117 0.951751817250624 0.997472625924274 1.58877524966374 1.08267874456942 1.51223883149214 0 1.15065646148287 1.75009519304149 1.56057403492741 1.75315466942266 1.56175580108538 1.20561137166806 1.64715547324158 0.958655517548323 1.21733024297282 1.58662237552926 1.64761836105026 1.61196992173791 0.943689824780449 1.51194585557096 1.08959939237684 1.02475501154549 1.89036347041838 1.20105945551768 1.74540509213693 1.76516682608053
1.47816105047241 0.933480674633756 1.08709063427523 1.73157894005999 0.985524793155491 1.90506532043219 1.49590233853087 1.84937690687366 1.74403998395428 1.15065646148287 0 1.4327703602612 0.936702682171017 1.89437997527421 1.46508433530107 1.84959431295283 1.59897919488139 1.75411597709171 1.39522045454942 1.14080655714497 1.24155355151743 1.67591101233847 1.52597322571091 1.64661406190135 1.47409795550629 1.13008165895008 1.39602134376764 1.75372964702547 1.6935501426924 1.86028579319827
1.86738713132218 1.87881954247132 1.40832750545815 1.23557800124399 1.60536691732705 1.90547954128124 1.35851965518668 1.48736253078096 1.65940315835178 1.75009519304149 1.4327703602612 0 1.23430087557063 1.82671168772504 1.37160423770547 0.97658714116551 0.950908434810117 1.24468253576197 1.0859804910142 1.82813263498247 1.69312351662666 1.3583240469452 1.27329959860072 1.48959541111253 1.33299402077682 1.32874072296545 0.976806685095653 1.69379589450546 1.56280976277776 1.73702091909945
1.30399230890907 1.77935456181876 1.49728053389117 1.70138773159124 0.949970749905333 1.7424231574405 1.48586432961747 1.68262035748921 1.11528924945742 1.56057403492741 0.936702682171017 1.23430087557063 0 1.1999704586342 1.36450639204122 0.936852594139054 1.32276028278284 1.02349712210707 1.42307865177281 1.66432662704028 1.71844402351417 1.48692853213288 0.980676623992622 1.2667614815291 1.10958302463405 1.23135529924184 1.82334930147044 1.14339509326965 1.11954239127226 1.05830720672384
1.85130172385834 1.3290400840342 1.20076747052372 1.21745661017485 1.22449645539746 1.4201004751958 1.7308445435483 1.24246872891672 1.45746111474 1.75315466942266 1.89437997527421 1.82671168772504 1.1999704586342 0 1.18933025328442 1.0479462814983 1.36607839725912 1.82967062597163 0.991747299442068 1.05728959548287 1.10400191764347 0.941473239799961 1.90433634445071 1.12222706782632 1.69079370028339 1.76605251594447 1.37131658801809 1.79841288854368 1.48989980784245 0.942286226898432
1.44518205407076 1.29320238064975 1.64353147987276 1.20967473997734 1.24418394383974 1.76307316427119 1.27077437750995 1.46023954311386 1.69729867950082 1.56175580108538 1.46508433530107 1.37160423770547 1.36450639204122 1.18933025328442 0 1.62013608124107 1.44944465043955 1.37114563817158 1.17539523239248 1.80596713069826 1.61924203345552 1.78708925447427 1.5335746970959 1.83568423008546 1.70663309074007 1.70305093890056 1.08956875931472 1.12493119155988 0.932252489263192 0.91827485896647
1.34353010961786 1.74249252793379 0.936372552765533 0.998708810657263 1.77927139238454 1.11283143889159 1.08418301492929 1.28274314384907 1.32535638078116 1.20561137166806 1.84959431295283 0.97658714116551 0.936852594139054 1.0479462814983 1.62013608124107 0 1.16106089483947 1.06144154071808 1.64292927528732 1.60812403028831 1.66624419018626 1.78217573277652 1.6765677286312 1.40014910860918 0.929294971050695 1.20894568576477 1.64897103467956 1.12840301101096 1.58576933993027 1.32353587145917
0.929324400611222 1.24755738279782 1.28499660012312 1.21138009498827 1.44332568789832 1.82660748134367 1.00156207149848 1.5237244523596 1.33716241433285 1.64715547324158 1.59897919488139 0.950908434810117 1.32276028278284 1.36607839725912 1.44944465043955 1.16106089483947 0 1.25676665385254 1.55608052690513 1.13586671673693 0.923177737742662 1.25924386107363 1.00366107234731 1.40074153523892 0.93639158946462 1.27294971211813 1.04907030798495 1.36280878912657 1.5643844245933 1.52231787820347
1.87899800948799 1.24681901140139 1.14688142831437 1.52119487314485 1.3496501238551 1.87333664018661 1.13072956260294 1.21930329012685 1.74608896742575 0.958655517548323 1.75411597709171 1.24468253576197 1.02349712210707 1.82967062597163 1.37114563817158 1.06144154071808 1.25676665385254 0 1.90018948819488 1.43091174471192 1.40940189920366 1.81959484936669 1.44402320007794 1.10516215977259 1.6333470265381 1.56144309928641 1.54010867490433 1.26635987986811 1.86956916120835 1.61437980877236
1.26804750063457 1.4497270679567 1.50033296318725 1.89114243886434 1.45694979233667 1.34239761345088 1.03699218900874 1.23633783473633 1.40424214117229 1.21733024297282 1.39522045454942 1.0859804910142 1.42307865177281 0.991747299442068 1.17539523239248 1.64292927528732 1.55608052690513 1.90018948819488 0 1.33594220527448 1.27423005597666 1.68082663905807 1.7505855539348 1.34769604541361 1.56589957722463 1.38304013968445 1.6723653327208 1.77336737769656 1.1467434563674 1.35704948543571
0.965880027040839 1.55899849161506 1.53164911875501 1.47839778568596 1.08592770597897 1.02009759703651 1.72182770306244 1.16872759838589 1.20376038365066 1.58662237552926 1.14080655714497 1.82813263498247 1.66432662704028 1.05728959548287 1.80596713069826 1.60812403028831 1.13586671673693 1.43091174471192 1.33594220527448 0 1.48505536862649 1.55834038858302 1.3652390607167 1.41758802277036 1.37891030986793 1.90427074022591 1.03008652292192 0.98545697866939 1.65873642917722 1.10845639230683
1.83317534183152 1.70289827999659 1.26126415934414 1.15567126614042 1.69466257607564 1.16857714415528 1.46189398271963 1.13190611707978 1.19926233403385 1.64761836105026 1.24155355151743 1.69312351662666 1.71844402351417 1.10400191764347 1.61924203345552 1.66624419018626 0.923177737742662 1.40940189920366 1.27423005597666 1.48505536862649 0 1.04445071448572 1.72819734504446 1.86914924252778 1.79769765143283 1.39388859411702 1.438318943372 0.988379265414551 1.55704496242106 1.77447131904773
1.04651287663728 1.88257145462558 0.963552592555061 1.152491298737 1.58339900616556 1.04602658189833 1.23391204234213 1.71962603065185 1.76484223664738 1.61196992173791 1.67591101233847 1.3583240469452 1.48692853213288 0.941473239799961 1.78708925447427 1.78217573277652 1.25924386107363 1.81959484936669 1.68082663905807 1.55834038858302 1.04445071448572 0 0.962863104650751 1.58038192149252 1.02394235506654 1.09220339613967 1.79297308041714 1.31689459760673 1.44127869186923 1.51421012822539
1.01954213832505 1.44817750318907 1.18579996726476 1.80791190150194 1.49726040195674 1.08249492826872 1.48566351947375 1.37704371684231 1.20031311898492 0.943689824780449 1.52597322571091 1.27329959860072 0.980676623992622 1.90433634445071 1.5335746970959 1.6765677286312 1.00366107234731 1.44402320007794 1.7505855539348 1.3652390607167 1.72819734504446 0.962863104650751 0 0.928351166192442 1.67463723593391 1.84922855370678 1.34378710319288 1.76833535777405 1.06098789721727 1.17102310596965
1.7855643578805 1.21741644106805 1.04766109585762 1.46277792262845 1.57617810671218 1.78071776241995 1.88506923988461 1.69409090187401 1.64376449328847 1.51194585557096 1.64661406190135 1.48959541111253 1.2667614815291 1.12222706782632 1.83568423008546 1.40014910860918 1.40074153523892 1.10516215977259 1.34769604541361 1.41758802277036 1.86914924252778 1.58038192149252 0.928351166192442 0 1.19182499684393 1.88221318740398 1.38772296020761 1.33353535388596 1.6203193787951 1.03922668471932
1.50725372531451 1.91024759341963 1.38619555975311 1.85392839903943 1.42256405972876 1.1246633650735 1.84494506567717 0.967483092099428 1.54369599465281 1.08959939237684 1.47409795550629 1.33299402077682 1.10958302463405 1.69079370028339 1.70663309074007 0.929294971050695 0.93639158946462 1.6333470265381 1.56589957722463 1.37891030986793 1.79769765143283 1.02394235506654 1.67463723593391 1.19182499684393 0 1.18728511012159 1.19168041017838 1.04300029552542 0.92148733115755 1.12582150520757
1.78228568728082 1.78215846209787 1.24711619899608 1.43903187522665 1.08021702268161 1.89894310664386 1.64203411852941 1.1207555308938 1.8122885664925 1.02475501154549 1.13008165895008 1.32874072296545 1.23135529924184 1.76605251594447 1.70305093890056 1.20894568576477 1.27294971211813 1.56144309928641 1.38304013968445 1.90427074022591 1.39388859411702 1.09220339613967 1.84922855370678 1.88221318740398 1.18728511012159 0 1.61947838612832 1.60554404556751 0.949509139172733 1.57484581321478
0.940474758390337 1.34715899033472 1.52085849968717 1.66573915327899 1.38549284869805 1.53785671642981 1.06724697514437 1.43706925725564 1.48612599656917 1.89036347041838 1.39602134376764 0.976806685095653 1.82334930147044 1.37131658801809 1.08956875931472 1.64897103467956 1.04907030798495 1.54010867490433 1.6723653327208 1.03008652292192 1.438318943372 1.79297308041714 1.34378710319288 1.38772296020761 1.19168041017838 1.61947838612832 0 1.42620125296526 1.1831160322763 1.84670378617011
1.82239446300082 1.60656858002767 1.114039857639 0.986410555429757 1.48385624750517 1.56463269493543 0.963156631914899 1.01658458425663 0.973202459979802 1.20105945551768 1.75372964702547 1.69379589450546 1.14339509326965 1.79841288854368 1.12493119155988 1.12840301101096 1.36280878912657 1.26635987986811 1.77336737769656 0.98545697866939 0.988379265414551 1.31689459760673 1.76833535777405 1.33353535388596 1.04300029552542 1.60554404556751 1.42620125296526 0 1.83918062294833 1.89271719101816
1.2475463943556 1.48092095181346 0.924282008782029 1.81168238073587 1.19447086565197 1.81330257304944 1.29700043145567 1.00273152184673 1.51563221286051 1.74540509213693 1.6935501426924 1.56280976277776 1.11954239127226 1.48989980784245 0.932252489263192 1.58576933993027 1.5643844245933 1.86956916120835 1.1467434563674 1.65873642917722 1.55704496242106 1.44127869186923 1.06098789721727 1.6203193787951 0.92148733115755 0.949509139172733 1.1831160322763 1.83918062294833 0 1.24731618096121
1.89974936307408 1.30857903277501 1.31177197629586 0.939724872121587 1.68344636331312 1.091519839596 1.43834716104902 1.51958244899288 1.18983242963441 1.76516682608053 1.86028579319827 1.73702091909945 1.05830720672384 0.942286226898432 0.91827485896647 1.32353587145917 1.52231787820347 1.61437980877236 1.35704948543571 1.10845639230683 1.77447131904773 1.51421012822539 1.17102310596965 1.03922668471932 1.12582150520757 1.57484581321478 1.84670378617011 1.89271719101816 1.24731618096121 0
