0 1.47299868683331 1.78879536758177 1.066723162774 0.951011156663299 1.41653792234138 0.999787969980389 1.4561635449063 1.70092330896296 1.45365420915186 1.57439838210121 1.14773447159678 1.68410195456818 1.42982593504712 0.947425957070664 1.93114091781899 1.36696567572653 1.58602990349755 1.45813516760245 0.967372070299461 1.73048835736699 1.42592887883075 1.87577959871851 1.84469362837262 1.53849613689817 1.09737021732144 1.70782319898717 1.74731961637735 1.09800920309499 1.92745496751741
1.47299868683331 0 0.963500475743786 1.3535367755685 1.90204468206502 1.701708026696 1.29137576348148 1.43734301766381 1.40477098966949 1.12510359869339 1.60951038566418 1.01509994175285 0.994972326792777 1.00126858032309 1.29478236008435 1.6792515842244 1.68721348349936 1.81650662049651 1.13607815210707 0.988349004182965 1.75664883549325 1.930721628014 1.43679105117917 1.07039016648196 1.36750997905619 1.21031567757018 1.73355287732556 0.990622211946175 1.78912744717672 1.13173107244074
1.78879536758177 0.963500475743786 0 1.52643990982324 1.76567579549737 1.22229885892011 1.9206158015877 1.45141378021799 1.46051192656159 1.81498720217496 1.84125710348599 1.74449444212951 1.63748198770918 1.91340691410005 1.08104088716209 1.26707012392581 1.30797655624337 1.27635125420056 1.60315886186436 1.20577535545453 0.958443809766322 1.36868563038297 1.85505326301791 1.71837107045576 1.50232486054301 1.60033710300922 1.26879573543556 1.58326880401 1.8015979481861 0.960050237830728
1.066723162774 1.3535367755685 1.52643990982324 0 1.27036868943833 1.44464069977403 1.80245379288681 1.20802093227394 1.30863484111615 1.7550335614942 1.07750401133671 1.09326346754096 1.01458285329863 1.4370100160595 1.48444916028529 1.68912555440329 1.85350139299408 1.59735863143578 1.62324019824155 1.81335272663273 0.963928678771481 1.77739673666656 1.41484752693214 1.00911870179698 1.31722275353968 0.986309434054419 1.65943281794898 1.90507849049754 1.46596352453344 1.09531762404367
0.951011156663299 1.90204468206502 1.76567579549737 1.27036868943833 0 1.57357097440399 1.78151100641116 1.79805015865713 1.39997944771312 1.24822467006743 0.973453931510448 0.985440891003236 1.82235194370151 1.93575076758862 1.78960389853455 1.21404780028388 1.2706431534607 1.19129138020799 0.953687288798392 1.13322922238149 1.56179153174162 1.38764468883164 1.38895345618948 1.54072149144486 1.6683010624256 1.56793524883687 1.83213969762437 1.53522411175072 1.59843297512271 1.70625576330349
1.41653792234138 1.701708026696 1.22229885892011 1.44464069977403 1.57357097440399 0 1.37878973293118 1.68828044389375 1.94081993983127 1.75335155311041 1.06105294334702 1.33996929903515 1.37696820986457 1.34478098386899 1.83604678581469 1.20188008039258 1.17756390897557 1.19707335392013 1.02148744557053 1.93384020659141 0.953394304262474 0.944668452488258 1.70951252570376 0.967533107381314 1.93429124471731 1.70943223056383 1.77738051163033 1.21109433076344 0.944474738556892 1.25361814745702
0.999787969980389 1.29137576348148 1.9206158015877 1.80245379288681 1.78151100641116 1.37878973293118 0 1.2231814195402 1.38220628537238 1.34061663062312 1.2170757362619 1.62974149547517 1.77867535105906 1.1722976595629 1.86233948729932 1.07906421180815 1.60767409414984 1.02285731234588 1.71106199361384 1.15466255159117 1.05846136575565 1.68976232060231 1.15398246818222 1.45065784500912 1.41978306416422 1.55346917896532 1.71455103904009 1.42672259756364 1.73626312077977 1.27757088234648
1.4561635449063 1.43734301766381 1.45141378021799 1.20802093227394 1.79805015865713 1.68828044389375 1.2231814195402 0 1.86644545034505 1.2565947433468 1.8895691963844 1.87160564144142 1.87140740570612 1.2136278830003 1.67972903861664 1.1770282194484 1.59398792870343 1.46561845904216 1.32843216462061 1.19177822722122 1.76701109507121 1.17042503505945 1.79779243515804 1.79590923339128 1.60911528696306 1.16840015328489 1.11671121092513 1.44072537962347 1.82810850953683 1.6223733338993
1.70092330896296 1.40477098966949 1.46051192656159 1.30863484111615 1.39997944771312 1.94081993983127 1.38220628537238 1.86644545034505 0 1.73770034988411 1.25335038569756 1.48612919636071 0.955740134231746 1.22204962931573 1.71251828758977 1.74810021487065 1.07872783136554 1.05422412161715 1.56910220533609 1.00988795724697 1.52167516062036 1.49122211593203 1.2556418152526 1.44301616260782 1.03924799757078 1.78672686568461 1.50487771164626 1.673891793238 1.85343359108083 1.07616533851251
1.45365420915186 1.12510359869339 1.81498720217496 1.7550335614942 1.24822467006743 1.75335155311041 1.34061663062312 1.2565947433468 1.73770034988411 0 1.9357941178605 1.54972489969805 0.976556557929143 1.66814427892677 1.47943682526238 1.26496482687071 1.18934048968367 1.80070797679946 1.22889558342285 1.01483479095623 1.70259924698621 1.4667746105697 1.04292833502404 1.94049847172573 1.76331419101916 1.71827819664031 1.02111964765936 1.75815339433029 1.71745244343765 1.53685859590769
1.57439838210121 1.60951038566418 1.84125710348599 1.07750401133671 0.973453931510448 1.06105294334702 1.2170757362619 1.8895691963844 1.25335038569756 1.9357941178605 0 1.1790449207183 1.81779961264692 1.19040264608338 1.07038325397298 1.36171504086815 1.52589654619806 1.10114074824378 1.35145885893144 0.981007772497833 1.49807309405878 1.07479194435291 1.25446315808222 1.30868209130131 1.25528025254607 1.14606661582366 1.12741571594961 1.83675932791084 0.949554878519848 1.44851424428634
1.14773447159678 1.01509994175285 1.74449444212951 1.09326346754096 0.985440891003236 1.33996929903515 1.62974149547517 1.87160564144142 1.48612919636071 1.54972489969805 1.1790449207183 0 1.5054006096907 1.78904109750874 1.3502187365666 1.11189777427353 1.4622556976974 1.46145616448484 1.36937117902562 1.57835910306312 1.79373680986464 1.73759113717824 1.31416352814995 1.34863371565007 1.034203593852 1.83656505052932 1.37818298395723 1.39168410398997 1.25846908055246 1.39408368174918
1.68410195456818 0.994972326792777 1.63748198770918 1.01458285329863 1.82235194370151 1.37696820986457 1.77867535105906 1.87140740570612 0.955740134231746 0.976556557929143 1.81779961264692 1.5054006096907 0 1.50597363547422 1.19805401237682 1.21835608105175 1.89020727062598 1.33754742750898 1.5471838710364 1.49574182298966 1.5810484783724 1.17962434585206 0.975358828203753 1.63253640709445 1.17089143418707 1.22320179012604 1.93441109405831 1.36913689994253 1.76784262014553 1.54849926149473
1.42982593504712 1.00126858032309 1.91340691410005 1.4370100160595 1.93575076758862 1.34478098386899 1.1722976595629 1.2136278830003 1.22204962931573 1.66814427892677 1.19040264608338 1.78904109750874 1.50597363547422 0 1.77984440419823 0.975163573632017 1.0018811582122 1.36097336839885 1.09388998011127 1.784936160082 1.14948133984581 1.51119541586377 1.49778155027889 1.5089660033118 1.04140441259369 1.42078745784238 1.77928521903232 1.90937734255567 0.991728813154623 1.217258450808
0.947425957070664 1.29478236008435 1.08104088716209 1.48444916028529 1.78960389853455 1.83604678581469 1.86233948729932 1.67972903861664 1.71251828758977 1.47943682526238 1.07038325397298 1.3502187365666 1.19805401237682 1.77984440419823 0 1.81400175858289 1.84462958294898 1.35065996367484 1.90377619955689 1.91479802737013 1.06595594156533 1.84303781297058 1.31864051567391 1.27620128868148 1.01784237707034 1.38197795208544 1.03798609762453 1.34405439719558 1.57781081995927 0.983417477225885
1.93114091781899 1.6792515842244 1.26707012392581 1.68912555440329 1.21404780028388 1.20188008039258 1.07906421180815 1.1770282194484 1.74810021487065 1.26496482687071 1.36171504086815 1.11189777427353 1.21835608105175 0.975163573632017 1.81400175858289 0 1.42206474207342 1.14165149559267 1.92085024295375 1.28709726710804 0.987988745328039 1.92316631507128 1.25245984061621 1.02013895078562 1.23308952036314 1.83971209474839 1.75920743891038 1.86057189456187 1.90420149778947 1.41783731034957
1.36696567572653 1.68721348349936 1.30797655624337 1.85350139299408 1.2706431534607 1.17756390897557 1.60767409414984 1.59398792870343 1.07872783136554 1.18934048968367 1.52589654619806 1.4622556976974 1.89020727062598 1.0018811582122 1.84462958294898 1.42206474207342 0 1.70223420858383 1.21430760785006 1.73686422221363 1.36126811569557 1.86490655061789 1.77881120843813 1.5458482762333 1.34397613396868 1.15242781466804 1.06972174183466 1.7198671954684 1.2771481173113 1.4460412056651
1.58602990349755 1.81650662049651 1.27635125420056 1.59735863143578 1.19129138020799 1.19707335392013 1.02285731234588 1.46561845904216 1.05422412161715 1.80070797679946 1.10114074824378 1.46145616448484 1.33754742750898 1.36097336839885 1.35065996367484 1.14165149559267 1.70223420858383 0 1.22324789036065 1.31849771598354 1.44416536903009 1.42839703522623 1.57088707876392 1.67642727470957 1.32775664702058 1.64971871091984 1.24911219067872 1.63887676759623 1.54195189871825 1.59287712839432
1.45813516760245 1.13607815210707 1.60315886186436 1.62324019824155 0.953687288798392 1.02148744557053 1.71106199361384 1.32843216462061 1.56910220533609 1.22889558342285 1.35145885893144 1.36937117902562 1.5471838710364 1.09388998011127 1.90377619955689 1.92085024295375 1.21430760785006 1.22324789036065 0 1.3739494769834 1.90386257716455 0.947642971295863 1.28859608829953 1.22110681678168 1.6153703997843 1.46561216586269 1.25971682649106 1.20777538232505 1.0590470249299 1.93963111937046
0.967372070299461 0.988349004182965 1.20577535545453 1.81335272663273 1.13322922238149 1.93384020659141 1.15466255159117 1.19177822722122 1.00988795724697 1.01483479095623 0.981007772497833 1.57835910306312 1.49574182298966 1.784936160082 1.91479802737013 1.28709726710804 1.73686422221363 1.31849771598354 1.3739494769834 0 1.05405138316564 1.14001761213876 1.48740460188128 1.5214685567189 1.74951724102721 1.40216390928254 1.79831671970896 1.46103886817582 1.07225886103697 1.03526149573736
1.73048835736699 1.75664883549325 0.958443809766322 0.963928678771481 1.56179153174162 0.953394304262474 1.05846136575565 1.76701109507121 1.52167516062036 1.70259924698621 1.49807309405878 1.79373680986464 1.5810484783724 1.14948133984581 1.06595594156533 0.987988745328039 1.36126811569557 1.44416536903009 1.90386257716455 1.05405138316564 0 1.84302049246617 1.88389454619028 1.11008194601163 1.8425269536674 0.963132749544457 1.47161007858813 1.04987602937035 0.950970421312377 1.56980032543652
1.42592887883075 1.930721628014 1.36868563038297 1.77739673666656 1.38764468883164 0.944668452488258 1.68976232060231 1.17042503505945 1.49122211593203 1.4667746105697 1.07479194435291 1.73759113717824 1.17962434585206 1.51119541586377 1.84303781297058 1.92316631507128 1.86490655061789 1.42839703522623 0.947642971295863 1.14001761213876 1.84302049246617 0 1.55228216410615 1.47335399407893 1.27554525644518 1.31542993150651 1.14669189718552 1.36445036064833 1.65900616208091 1.04094940819778
1.87577959871851 1.43679105117917 1.85505326301791 1.41484752693214 1.38895345618948 1.70951252570376 1.15398246818222 1.79779243515804 1.2556418152526 1.04292833502404 1.25446315808222 1.31416352814995 0.975358828203753 1.49778155027889 1.31864051567391 1.25245984061621 1.77881120843813 1.57088707876392 1.28859608829953 1.48740460188128 1.88389454619028 1.55228216410615 0 1.7512167126406 1.56299441843294 1.73071337142028 1.02849372988567 1.45451148832217 1.89873041259125 1.5784344098065
1.84469362837262 1.07039016648196 1.71837107045576 1.00911870179698 1.54072149144486 0.967533107381314 1.45065784500912 1.79590923339128 1.44301616260782 1.94049847172573 1.30868209130131 1.34863371565007 1.63253640709445 1.5089660033118 1.27620128868148 1.02013895078562 1.5458482762333 1.67642727470957 1.22110681678168 1.5214685567189 1.11008194601163 1.47335399407893 1.7512167126406 0 1.03029260784388 1.70494141895324 1.45886993571185 1.58479061722755 1.5672184182331 1.66475411783904
1.53849613689817 1.36750997905619 1.50232486054301 1.31722275353968 1.6683010624256 1.93429124471731 1.41978306416422 1.60911528696306 1.03924799757078 1.76331419101916 1.25528025254607 1.034203593852 1.17089143418707 1.04140441259369 1.01784237707034 1.23308952036314 1.34397613396868 1.32775664702058 1.6153703997843 1.74951724102721 1.8425269536674 1.27554525644518 1.56299441843294 1.03029260784388 0 1.40301293833181 1.22185647836886 1.68232318665832 1.9249259675853 1.93760260567069
1.09737021732144 1.21031567757018 1.60033710300922 0.986309434054419 1.56793524883687 1.70943223056383 1.55346917896532 1.16840015328489 1.78672686568461 1.71827819664031 1.14606661582366 1.83656505052932 1.22320179012604 1.42078745784238 1.38197795208544 1.83971209474839 1.15242781466804 1.64971871091984 1.46561216586269 1.40216390928254 0.963132749544457 1.31542993150651 1.73071337142028 1.70494141895324 1.40301293833181 0 1.14377193921246 0.97038348345086 1.78065125574358 1.04803956928663
1.70782319898717 1.73355287732556 1.26879573543556 1.65943281794898 1.83213969762437 1.77738051163033 1.71455103904009 1.11671121092513 1.50487771164626 1.02111964765936 1.12741571594961 1.37818298395723 1.93441109405831 1.77928521903232 1.03798609762453 1.75920743891038 1.06972174183466 1.24911219067872 1.25971682649106 1.79831671970896 1.47161007858813 1.14669189718552 1.02849372988567 1.45886993571185 1.22185647836886 1.14377193921246 0 1.35238728905097 1.76028910209425 1.35272337100469
1.74731961637735 0.990622211946175 1.58326880401 1.90507849049754 1.53522411175072 1.21109433076344 1.42672259756364 1.44072537962347 1.673891793238 1.75815339433029 1.83675932791084 1.39168410398997 1.36913689994253 1.90937734255567 1.34405439719558 1.86057189456187 1.7198671954684 1.63887676759623 1.20777538232505 1.46103886817582 1.04987602937035 1.36445036064833 1.45451148832217 1.58479061722755 1.68232318665832 0.97038348345086 1.35238728905097 0 1.27744904486462 1.22402560617775
1.09800920309499 1.78912744717672 1.8015979481861 1.46596352453344 1.59843297512271 0.944474738556892 1.73626312077977 1.82810850953683 1.85343359108083 1.71745244343765 0.949554878519848 1.25846908055246 1.76784262014553 0.991728813154623 1.57781081995927 1.90420149778947 1.2771481173113 1.54195189871825 1.0590470249299 1.07225886103697 0.950970421312377 1.65900616208091 1.89873041259125 1.5672184182331 1.9249259675853 1.78065125574358 1.76028910209425 1.27744904486462 0 1.86255052266642
1.92745496751741 1.13173107244074 0.960050237830728 1.09531762404367 1.70625576330349 1.25361814745702 1.27757088234648 1.6223733338993 1.07616533851251 1.53685859590769 1.44851424428634 1.39408368174918 1.54849926149473 1.217258450808 0.983417477225885 1.41783731034957 1.4460412056651 1.59287712839432 1.93963111937046 1.03526149573736 1.56980032543652 1.04094940819778 1.5784344098065 1.66475411783904 1.93760260567069 1.04803956928663 1.35272337100469 1.22402560617775 1.86255052266642 0
