0 0.948396808700636 1.54872377566062 1.81929828412831 1.58815503166988 1.29282773612067 1.74902493460104 0.951025191927329 1.66586594306864 1.71785949449986 1.28194645023905 1.67848045518622 1.76110260887071 1.56726366025396 1.10581228812225 1.92834641807713 1.76694138743915 1.76501702168025 1.04714156826958 1.83695147512481 1.3732390657533 1.08979298453778 1.49866364104673 1.12311369460076 1.33992111543193 1.47484697098844 1.89755951822735 1.66513827559538 1.27059229579754 1.36360888788477
0.948396808700636 0 1.63884684722871 1.38894434273243 1.16996110184118 1.09983341349289 1.54879289772362 1.03163054748438 1.12149860756472 1.16877872869372 1.57576524396427 1.10914297006093 1.37157116434537 1.87337391427718 1.38216653070413 1.45841119531542 1.20124840340577 1.85781206889078 1.62389655597508 1.49093848839402 1.04846829082817 1.80552211613394 1.77993769920431 1.83535588136874 1.09362513595261 1.34480350604281 1.13940883800387 0.952224257867783 1.19886832800694 1.25925806723535
1.54872377566062 1.63884684722871 0 1.20310810231604 1.88217245507985 1.60123427468352 1.13195883855224 1.69264566572383 1.43158957432024 1.54361125966534 1.5622434578836 1.48049524310045 1.00226943078451 1.83737581782043 1.91524962638505 1.52003479120322 1.11567923356779 1.76192628173158 1.03684705076739 1.52614884404466 1.50633436627686 1.14954464323819 1.56772715016268 1.92896377807483 1.1589276350569 1.20719358581118 1.03910587332211 1.15409488184378 1.6715117120184 1.83348492113873
1.81929828412831 1.38894434273243 1.20310810231604 0 1.4058405875694 1.87378283776343 1.57077047973871 1.63444543257356 1.1956369408872 1.10840583429672 1.49431129917502 1.70501813781448 0.950356249464676 1.48683847393841 1.59622892388143 1.47886362299323 1.06641060044058 1.89632585365325 1.10020200768486 1.63827752298675 1.55384941981174 1.72186880721711 1.91291958582588 1.59751691739075 1.80822056438774 1.72826195275411 1.11681339656934 1.37722816877067 1.93119381205179 1.56311491667293
1.58815503166988 1.16996110184118 1.88217245507985 1.4058405875694 0 1.15560458879918 0.974506024969742 0.977223788620904 1.61445239163004 1.9059096602723 1.34244068106636 1.21775020333007 1.42200126196258 1.89800618332811 1.13303619017825 1.71243219217286 1.44250492891297 1.4189103608951 1.73607362317853 1.45119057525881 1.01966559537686 1.18609570921399 1.54221225599758 1.33157611824572 1.40621495991945 1.31343046599068 1.09598510852084 1.52034046687186 1.45472748228349 1.74539518868551
1.29282773612067 1.09983341349289 1.60123427468352 1.87378283776343 1.15560458879918 0 1.79838451626711 1.77140107983723 1.11811738903634 1.54946368397214 0.98448698152788 1.68859113543294 0.986269640503451 1.85726798721589 1.06607791222632 1.7892011993099 1.22652223985642 1.92414274136536 1.35935814469121 1.42595835356042 1.2613254385069 1.54318910557777 1.48381485394202 1.46970844594762 1.21640489622951 1.74817440425977 1.1566491771955 1.30420107394457 1.65258267149329 1.00437185261399
1.74902493460104 1.54879289772362 1.13195883855224 1.57077047973871 0.974506024969742 1.79838451626711 0 1.08567699138075 1.80534762167372 0.985244253650308 1.91580794891343 1.74016367224976 1.20884547196329 1.25298423389904 1.0281200974714 1.3778136712499 1.042393831769 1.47075591585599 1.88902006321587 1.24206323595718 1.41220622928813 1.81087653990835 1.62411220255308 1.39269856410101 1.67239244864322 1.1922151860781 1.40226779412478 1.81924502924085 1.20285821822472 1.36041138228029
0.951025191927329 1.03163054748438 1.69264566572383 1.63444543257356 0.977223788620904 1.77140107983723 1.08567699138075 0 0.935502677690238 0.939842015039176 1.16540401452221 1.00488352682441 1.50790645554662 1.2216507724952 1.92306577507406 1.27857012674212 1.83466468146071 1.09144934127107 0.934776919428259 1.86736778100021 1.22171304211952 1.54231230076402 1.65760885248892 1.26339354226366 1.80160421459004 0.99531416548416 1.3499117102474 1.03837673226371 1.2464152125176 1.61915190704167
1.66586594306864 1.12149860756472 1.43158957432024 1.1956369408872 1.61445239163004 1.11811738903634 1.80534762167372 0.935502677690238 0 1.87534469272941 1.40566931129433 1.03817142359912 1.3410889566876 1.77963209571317 1.1311569949612 1.75255380966701 1.58832784136757 1.22292969143018 1.27408380107954 1.9270739601925 1.3533169713337 1.44053931161761 1.49472795566544 1.38235564576462 1.56202616891824 1.47422819421627 1.43297642632388 1.63300848589279 1.11211508070119 0.990422670030966
1.71785949449986 1.16877872869372 1.54361125966534 1.10840583429672 1.9059096602723 1.54946368397214 0.985244253650308 0.939842015039176 1.87534469272941 0 1.71554782404564 1.57452621962875 1.21207468560897 1.32840496487916 1.85881142574362 1.03284068033099 1.3726591472514 1.63234980311245 1.86908184085041 0.960462263319641 0.985346903791651 1.87741066352464 1.56923084729351 1.57972310995683 1.39178011077456 1.79958257800899 1.32585883862339 1.23110106005333 1.69684619479813 1.09181377687491
1.28194645023905 1.57576524396427 1.5622434578836 1.49431129917502 1.34244068106636 0.98448698152788 1.91580794891343 1.16540401452221 1.40566931129433 1.71554782404564 0 1.86423192964867 1.82796251913533 1.6460150196217 1.45719530014321 1.42192203574814 1.13865007180721 1.13637863239273 1.61217381432652 1.55933778546751 1.55971564818174 1.14357675984502 1.73895592009649 1.5644876929 1.17874914803542 1.5046023610048 1.88702509389259 1.75333983148448 1.3168451753445 1.48344741621986
1.67848045518622 1.10914297006093 1.48049524310045 1.70501813781448 1.21775020333007 1.68859113543294 1.74016367224976 1.00488352682441 1.03817142359912 1.57452621962875 1.86423192964867 0 1.03128794580698 1.36422093538567 1.90102776978165 1.27601133217104 1.12114962376654 1.18877392425202 1.27100575482473 1.68656239868142 0.974735071184114 1.70282761077397 1.30856625386514 1.63605523528531 1.4196279568132 1.03703425452113 1.12788783526048 1.09544696589001 1.02883798396215 1.64238659781404
1.76110260887071 1.37157116434537 1.00226943078451 0.950356249464676 1.42200126196258 0.986269640503451 1.20884547196329 1.50790645554662 1.3410889566876 1.21207468560897 1.82796251913533 1.03128794580698 0 1.02384422020987 1.39075685734861 1.35445962194353 1.00438002962619 1.76406312105246 1.29303098260425 1.46974165691063 1.16807514382526 1.93318081810139 1.2830370683223 1.79502093023621 1.68739686906338 1.52334026060998 1.06520497938618 1.66574148926884 1.05624042451382 1.47608351707458
1.56726366025396 1.87337391427718 1.83737581782043 1.48683847393841 1.89800618332811 1.85726798721589 1.25298423389904 1.2216507724952 1.77963209571317 1.32840496487916 1.6460150196217 1.36422093538567 1.02384422020987 0 1.67196548893116 1.08593117399141 1.81382631580345 1.62954673240893 1.07783564226702 1.70735175535083 1.0138247392606 1.52424472919665 1.85476035089232 1.92136707832105 1.8853061425034 0.934323707129806 1.27144801104441 1.51250340905972 1.73561322991736 1.20665634260513
1.10581228812225 1.38216653070413 1.91524962638505 1.59622892388143 1.13303619017825 1.06607791222632 1.0281200974714 1.92306577507406 1.1311569949612 1.85881142574362 1.45719530014321 1.90102776978165 1.39075685734861 1.67196548893116 0 1.78975546895526 1.61079232115299 1.81329690408893 1.5197346303612 1.86159678595141 1.17864432442002 1.19540431909263 1.85551133798435 1.84106312715448 0.966969310771674 1.20431472547352 1.57225832669064 1.61301819328219 1.85082311672159 1.12001433665864
1.92834641807713 1.45841119531542 1.52003479120322 1.47886362299323 1.71243219217286 1.7892011993099 1.3778136712499 1.27857012674212 1.75255380966701 1.03284068033099 1.42192203574814 1.27601133217104 1.35445962194353 1.08593117399141 1.78975546895526 0 1.32698353775777 0.962132782442495 1.88129032822326 1.10553921037354 1.00629987590946 1.02683612564579 1.59596669208258 1.02890663500875 0.984656117158011 1.67418036959134 1.84646079596132 1.76116172038019 1.8346943531651 1.21600915002637
1.76694138743915 1.20124840340577 1.11567923356779 1.06641060044058 1.44250492891297 1.22652223985642 1.042393831769 1.83466468146071 1.58832784136757 1.3726591472514 1.13865007180721 1.12114962376654 1.00438002962619 1.81382631580345 1.61079232115299 1.32698353775777 0 1.47829619701952 1.92130079888739 1.8860723960679 1.5303783188574 1.41414185869507 1.07490885397419 1.60957902669907 1.28803953714669 1.86899031721987 1.65022950107232 1.91926257242449 1.23303142609075 1.85190933174454
1.76501702168025 1.85781206889078 1.76192628173158 1.89632585365325 1.4189103608951 1.92414274136536 1.47075591585599 1.09144934127107 1.22292969143018 1.63234980311245 1.13637863239273 1.18877392425202 1.76406312105246 1.62954673240893 1.81329690408893 0.962132782442495 1.47829619701952 0 1.26351933693513 1.53415737394243 1.73957868735306 1.04375479673035 1.55671085114591 1.65994784235954 1.15692399954423 1.49653721693903 1.81685859546997 1.35476300376467 1.53238351270556 1.39363949117251
1.04714156826958 1.62389655597508 1.03684705076739 1.10020200768486 1.73607362317853 1.35935814469121 1.88902006321587 0.934776919428259 1.27408380107954 1.86908184085041 1.61217381432652 1.27100575482473 1.29303098260425 1.07783564226702 1.5197346303612 1.88129032822326 1.92130079888739 1.26351933693513 0 1.28432224551216 1.85669717239216 1.48618445824832 1.03390624769963 1.38898408203386 1.11370920552872 0.984675488900393 1.43839836237021 1.41980874934234 1.82107100030407 1.09908412885852
1.83695147512481 1.49093848839402 1.52614884404466 1.63827752298675 1.45119057525881 1.42595835356042 1.24206323595718 1.86736778100021 1.9270739601925 0.960462263319641 1.55933778546751 1.68656239868142 1.46974165691063 1.70735175535083 1.86159678595141 1.10553921037354 1.8860723960679 1.53415737394243 1.28432224551216 0 1.58066264726222 1.45806060614996 1.76044030953199 1.64479616074823 1.68285011290573 1.93173284782097 1.40001771366224 1.41917722905055 1.44643844268285 1.46416734857485
1.3732390657533 1.04846829082817 1.50633436627686 1.55384941981174 1.01966559537686 1.2613254385069 1.41220622928813 1.22171304211952 1.3533169713337 0.985346903791651 1.55971564818174 0.974735071184114 1.16807514382526 1.0138247392606 1.17864432442002 1.00629987590946 1.5303783188574 1.73957868735306 1.85669717239216 1.58066264726222 0 1.80701691564173 1.33341470407322 1.51444144709967 1.65120565472171 1.37214509630576 1.42317504878156 1.55291655985638 1.09313410148025 1.89466690761037
1.08979298453778 1.80552211613394 1.14954464323819 1.72186880721711 1.18609570921399 1.54318910557777 1.81087653990835 1.54231230076402 1.44053931161761 1.87741066352464 1.14357675984502 1.70282761077397 1.93318081810139 1.52424472919665 1.19540431909263 1.02683612564579 1.41414185869507 1.04375479673035 1.48618445824832 1.45806060614996 1.80701691564173 0 1.62464892072603 1.06935984292068 1.12710005720146 1.6626819181256 1.77445496502332 0.981253384612501 1.52593714441173 1.53352852608077
1.49866364104673 1.77993769920431 1.56772715016268 1.91291958582588 1.54221225599758 1.48381485394202 1.62411220255308 1.65760885248892 1.49472795566544 1.56923084729351 1.73895592009649 1.30856625386514 1.2830370683223 1.85476035089232 1.85551133798435 1.59596669208258 1.07490885397419 1.55671085114591 1.03390624769963 1.76044030953199 1.33341470407322 1.62464892072603 0 1.33580866036937 1.46829977072775 1.60235426831059 1.53430230077356 1.2189723958727 1.3685774714686 1.62138122227043
1.12311369460076 1.83535588136874 1.92896377807483 1.59751691739075 1.33157611824572 1.46970844594762 1.39269856410101 1.26339354226366 1.38235564576462 1.57972310995683 1.5644876929 1.63605523528531 1.79502093023621 1.92136707832105 1.84106312715448 1.02890663500875 1.60957902669907 1.65994784235954 1.38898408203386 1.64479616074823 1.51444144709967 1.06935984292068 1.33580866036937 0 1.55203171912581 1.23980873939581 1.16212834394537 1.11758680525236 1.23798707593232 1.91336101060733
1.33992111543193 1.09362513595261 1.1589276350569 1.80822056438774 1.40621495991945 1.21640489622951 1.67239244864322 1.80160421459004 1.56202616891824 1.39178011077456 1.17874914803542 1.4196279568132 1.68739686906338 1.8853061425034 0.966969310771674 0.984656117158011 1.28803953714669 1.15692399954423 1.11370920552872 1.68285011290573 1.65120565472171 1.12710005720146 1.46829977072775 1.55203171912581 0 1.55396530451253 1.40768388402648 1.27059953613207 1.10822301404551 1.30908255535178
1.47484697098844 1.34480350604281 1.20719358581118 1.72826195275411 1.31343046599068 1.74817440425977 1.1922151860781 0.99531416548416 1.47422819421627 1.79958257800899 1.5046023610048 1.03703425452113 1.52334026060998 0.934323707129806 1.20431472547352 1.67418036959134 1.86899031721987 1.49653721693903 0.984675488900393 1.93173284782097 1.37214509630576 1.6626819181256 1.60235426831059 1.23980873939581 1.55396530451253 0 1.23784161964431 1.10950677050278 1.44998494978063 0.952081832103431
1.89755951822735 1.13940883800387 1.03910587332211 1.11681339656934 1.09598510852084 1.1566491771955 1.40226779412478 1.3499117102474 1.43297642632388 1.32585883862339 1.88702509389259 1.12788783526048 1.06520497938618 1.27144801104441 1.57225832669064 1.84646079596132 1.65022950107232 1.81685859546997 1.43839836237021 1.40001771366224 1.42317504878156 1.77445496502332 1.53430230077356 1.16212834394537 1.40768388402648 1.23784161964431 0 1.89934079209343 1.29716272908263 0.968561518006027
1.66513827559538 0.952224257867783 1.15409488184378 1.37722816877067 1.52034046687186 1.30420107394457 1.81924502924085 1.03837673226371 1.63300848589279 1.23110106005333 1.75333983148448 1.09544696589001 1.66574148926884 1.51250340905972 1.61301819328219 1.76116172038019 1.91926257242449 1.35476300376467 1.41980874934234 1.41917722905055 1.55291655985638 0.981253384612501 1.2189723958727 1.11758680525236 1.27059953613207 1.10950677050278 1.89934079209343 0 1.90332059282809 1.21255514281802
1.27059229579754 1.19886832800694 1.6715117120184 1.93119381205179 1.45472748228349 1.65258267149329 1.20285821822472 1.2464152125176 1.11211508070119 1.69684619479813 1.3168451753445 1.02883798396215 1.05624042451382 1.73561322991736 1.85082311672159 1.8346943531651 1.23303142609075 1.53238351270556 1.82107100030407 1.44643844268285 1.09313410148025 1.52593714441173 1.3685774714686 1.23798707593232 1.10822301404551 1.44998494978063 1.29716272908263 1.90332059282809 0 1.36454738676548
1.36360888788477 1.25925806723535 1.83348492113873 1.56311491667293 1.74539518868551 1.00437185261399 1.36041138228029 1.61915190704167 0.990422670030966 1.09181377687491 1.48344741621986 1.64238659781404 1.47608351707458 1.20665634260513 1.12001433665864 1.21600915002637 1.85190933174454 1.39363949117251 1.09908412885852 1.46416734857485 1.89466690761037 1.53352852608077 1.62138122227043 1.91336101060733 1.30908255535178 0.952081832103431 0.968561518006027 1.21255514281802 1.36454738676548 0
