0 1.65421388158575 1.13296410092153 0.988881915342063 1.16864986973815 1.83766942634247 1.68088780669495 1.43261521379463 0.957866706885397 1.501162877772 1.83038685843349 1.09640184952877 0.951465666294098 0.929200601531193 0.93652134318836 1.49119845125824 0.932109494693577 1.20902054733597 1.17250012047589 1.12073772866279 1.38638729415834 1.84760070848279 1.18903602217324 1.10915193357505 1.23661703197286 1.55969495652243 1.04836852476001 1.8875054162927 1.01774200075306 1.34639893309213
1.65421388158575 0 0.975214733043686 1.32649152027443 1.72356426063925 1.92235929262824 1.62246585800312 1.17307523661293 1.85300900088623 1.22149634244852 1.04468020657077 1.6509392329026 1.10259418911301 1.34381260257214 1.34452999313362 0.978548349579796 1.04575468925759 1.43455499457195 1.84897566284053 1.02582525205798 1.89596853591502 1.1812160492409 1.36752376379445 1.72009137668647 1.25474488711916 0.995685892412439 1.84750913619064 1.3298266895581 1.25329109071754 1.26867502857931
1.13296410092153 0.975214733043686 0 1.03582076728344 1.86045749438927 1.08663372672163 1.72885158355348 1.55100375204347 1.0225627112668 1.57301229634322 1.18394295242615 1.91238728514872 1.71982276509516 1.65152313606814 0.987349531846121 1.56598708848469 1.91865887749009 1.28511516866274 1.29842452774756 0.983812397811562 1.62107158405706 1.49131743540056 1.50715513993055 1.73680991493165 1.14375439798459 1.72360983164981 1.89681955589913 1.42819782765582 1.17671415884979 1.29393057362176
0.988881915342063 1.32649152027443 1.03582076728344 0 0.965769276488572 1.54288848419674 1.00834038108587 1.22335805790499 1.10980673064478 1.32091322098859 1.32933337404393 1.10613224189728 1.54739954019897 1.58538589626551 1.41466910019517 1.76469773217104 1.62659560679458 0.94544913363643 1.40373433148488 1.81187597173266 1.5891117725987 1.33793772943318 1.53077735169791 1.87827919656411 1.83486497029662 1.43309062789194 0.975839385297149 1.58264062949456 1.06693333946168 1.80143106239848
1.16864986973815 1.72356426063925 1.86045749438927 0.965769276488572 0 0.993926651775837 1.17119507142343 1.23521536285989 1.07494711619802 1.87562690372579 1.736691493541 1.23263619979843 1.16501977201551 1.19599109306 1.37868457450531 1.04529942199588 1.33238753699698 1.25986774382181 1.43695312086493 1.71756870066747 0.944922030204907 1.64075565384701 1.86051743174903 1.72532446240075 1.38051740638912 1.6001786137931 1.60458019468933 1.27757706749253 1.46353984461166 1.30033133248799
1.83766942634247 1.92235929262824 1.08663372672163 1.54288848419674 0.993926651775837 0 1.42704518022947 1.19090784713626 1.34807822201401 1.06207268382423 1.876840028679 1.69467224110849 1.70051593799144 1.13415088295005 1.30845965212211 1.46309389802627 1.45342479133978 1.37334833806381 1.35953731578775 1.44062806060538 1.06779482774436 1.47576277633198 1.31679628184065 1.35382407926954 1.9196261970792 1.29799156473018 1.76048818742856 1.62832226697356 1.20893796836026 1.58784968173131
1.68088780669495 1.62246585800312 1.72885158355348 1.00834038108587 1.17119507142343 1.42704518022947 0 0.974973386852071 1.09543341700919 1.43034958839417 1.70945919351652 1.79134911834262 1.50095625850372 1.12378346524201 1.80175805604085 1.48325804830529 1.69848886085674 1.52321634115651 1.58354506408796 1.45260515785776 1.48669695993885 0.974163469625637 1.8237041910179 1.87448554160073 1.21907845442183 0.98311450984329 1.84009547811002 1.21493101865053 1.18977313977666 1.55558085720986
1.43261521379463 1.17307523661293 1.55100375204347 1.22335805790499 1.23521536285989 1.19090784713626 0.974973386852071 0 1.35913743567653 1.83135183295235 1.75874391407706 1.40618432243355 1.66021132841706 1.55669018719345 1.46755388053134 1.24230090226047 1.35273542162031 1.85610192175955 1.39321732451208 1.90228243125603 1.88043835503049 1.81156271020882 1.44236411037855 1.62981300172396 1.12763272668235 1.56947252992541 1.5571556543 1.73906799266115 1.37612894130871 0.94158329651691
0.957866706885397 1.85300900088623 1.0225627112668 1.10980673064478 1.07494711619802 1.34807822201401 1.09543341700919 1.35913743567653 0 1.45952793397009 0.939712753286585 1.31584822526202 1.43744521541521 1.73703390336595 1.28606211114675 1.28788288240321 1.87752455519512 1.37194896768779 1.50592384440824 1.69747631065547 1.55090182903223 1.395564209437 1.5569902586285 1.49015239602886 1.37646640138701 1.59149830811657 1.37669553165324 1.31588876340538 1.63811396830715 1.69262201664969
1.501162877772 1.22149634244852 1.57301229634322 1.32091322098859 1.87562690372579 1.06207268382423 1.43034958839417 1.83135183295235 1.45952793397009 0 1.72043305076659 0.969014264177531 1.55901462770998 1.17363792168908 1.47138715977781 1.89636300108396 1.39652017178014 1.46868486097082 1.86341093876399 1.50287538999692 1.18200258794241 1.36473642848432 1.06838343222626 0.958103889133781 1.16247984557413 1.74544938234612 1.22789138136432 1.63901996985078 1.08649272751063 1.91256552212872
1.83038685843349 1.04468020657077 1.18394295242615 1.32933337404393 1.736691493541 1.876840028679 1.70945919351652 1.75874391407706 0.939712753286585 1.72043305076659 0 1.48679441655986 1.85216162307188 1.15602250699885 1.44512313581072 1.51816403050907 1.74506740830839 1.09707553475164 1.85072366800159 1.90092858648859 1.02915921923704 1.12827023491263 0.967546117259189 1.20079154078849 1.53589524980634 1.86598012130708 1.37743570446037 1.74078874452971 1.2346564643085 1.71966066840105
1.09640184952877 1.6509392329026 1.91238728514872 1.10613224189728 1.23263619979843 1.69467224110849 1.79134911834262 1.40618432243355 1.31584822526202 0.969014264177531 1.48679441655986 0 1.23306510224938 1.29604764143005 1.26947709405795 1.2872671331279 1.75912158982828 1.13642376800999 1.74381283367984 1.60629825200886 1.01431636721827 1.78362154844217 1.32540263026021 1.32020417833701 1.45299502648413 1.71332228882238 1.01239160238765 1.91081794793718 1.17957003042102 1.26886700745672
0.951465666294098 1.10259418911301 1.71982276509516 1.54739954019897 1.16501977201551 1.70051593799144 1.50095625850372 1.66021132841706 1.43744521541521 1.55901462770998 1.85216162307188 1.23306510224938 0 1.60461482475512 1.36393808620051 0.989158094162121 1.46141854627058 1.4856629751157 1.5953394593671 1.6698484395165 1.89445778657682 1.60931661911309 1.16077644471079 1.62920096097514 1.19097150722519 1.06893127365038 1.23042134661227 1.12423214595765 1.25484306132421 1.28973722597584
0.929200601531193 1.34381260257214 1.65152313606814 1.58538589626551 1.19599109306 1.13415088295005 1.12378346524201 1.55669018719345 1.73703390336595 1.17363792168908 1.15602250699885 1.29604764143005 1.60461482475512 0 1.39640349708498 1.82910621236078 1.37808004370891 1.50212509115227 0.938437474425882 1.56737914471887 1.18641064618714 1.59674122487195 1.483234931482 1.1908221882768 1.87228295020759 0.987328792689368 1.12011399702169 1.01521605974995 1.52631661854684 1.02439099806361
0.93652134318836 1.34452999313362 0.987349531846121 1.41466910019517 1.37868457450531 1.30845965212211 1.80175805604085 1.46755388053134 1.28606211114675 1.47138715977781 1.44512313581072 1.26947709405795 1.36393808620051 1.39640349708498 0 1.55443461146206 1.31306465901434 1.46980759152211 0.965728665236384 1.46776526840404 1.01940521039069 1.24939387408085 1.74926255154423 1.00755645870231 1.09394674701616 1.0414027525112 1.81702965381555 1.07176215737127 1.38393390900455 0.975209459196776
1.49119845125824 0.978548349579796 1.56598708848469 1.76469773217104 1.04529942199588 1.46309389802627 1.48325804830529 1.24230090226047 1.28788288240321 1.89636300108396 1.51816403050907 1.2872671331279 0.989158094162121 1.82910621236078 1.55443461146206 0 1.76146536623128 1.70730927819386 1.66412623994984 1.57660595327616 1.6182925447356 1.07645146991126 1.74689862364903 1.53837787313387 1.32357597071677 0.971159534296021 1.22633436159231 1.70882191904821 1.27292347257026 1.6460994456429
0.932109494693577 1.04575468925759 1.91865887749009 1.62659560679458 1.33238753699698 1.45342479133978 1.69848886085674 1.35273542162031 1.87752455519512 1.39652017178014 1.74506740830839 1.75912158982828 1.46141854627058 1.37808004370891 1.31306465901434 1.76146536623128 0 1.24410788039677 1.64962939778343 1.36988193751313 1.08197694690898 1.71080115297809 1.59358402923681 1.90753828338347 1.56877308315597 1.34053940954618 1.55966313369572 1.22857509553432 1.54971102112904 1.0510569026228
1.20902054733597 1.43455499457195 1.28511516866274 0.94544913363643 1.25986774382181 1.37334833806381 1.52321634115651 1.85610192175955 1.37194896768779 1.46868486097082 1.09707553475164 1.13642376800999 1.4856629751157 1.50212509115227 1.46980759152211 1.70730927819386 1.24410788039677 0 1.47670172830112 1.42021695408039 1.22659502737224 1.52685346500948 1.16222359822132 1.44519806536846 1.87282947683707 1.27552642370574 1.8859633570537 1.71097585768439 1.07847150252201 1.71464761835523
1.17250012047589 1.84897566284053 1.29842452774756 1.40373433148488 1.43695312086493 1.35953731578775 1.58354506408796 1.39321732451208 1.50592384440824 1.86341093876399 1.85072366800159 1.74381283367984 1.5953394593671 0.938437474425882 0.965728665236384 1.66412623994984 1.64962939778343 1.47670172830112 0 1.43870404851623 1.71767482999712 1.0731076488737 1.79592864331789 1.44923185650259 1.02993534249254 1.50302575994283 1.16266927006654 1.38867846108042 1.12724687205628 1.62716349051334
1.12073772866279 1.02582525205798 0.983812397811562 1.81187597173266 1.71756870066747 1.44062806060538 1.45260515785776 1.90228243125603 1.69747631065547 1.50287538999692 1.90092858648859 1.60629825200886 1.6698484395165 1.56737914471887 1.46776526840404 1.57660595327616 1.36988193751313 1.42021695408039 1.43870404851623 0 1.45419135084376 1.41642019920982 1.13214027672075 1.90077603491955 1.59756141505204 1.33310280856676 1.50225714640692 1.36369413346983 1.19563205866143 1.0084814527072
1.38638729415834 1.89596853591502 1.62107158405706 1.5891117725987 0.944922030204907 1.06779482774436 1.48669695993885 1.88043835503049 1.55090182903223 1.18200258794241 1.02915921923704 1.01431636721827 1.89445778657682 1.18641064618714 1.01940521039069 1.6182925447356 1.08197694690898 1.22659502737224 1.71767482999712 1.45419135084376 0 1.86091502057388 1.54520455747843 1.11090683471411 1.806181184249 1.48326739366166 1.24190945224836 1.80048342072405 1.43608414009213 0.985417641466483
1.84760070848279 1.1812160492409 1.49131743540056 1.33793772943318 1.64075565384701 1.47576277633198 0.974163469625637 1.81156271020882 1.395564209437 1.36473642848432 1.12827023491263 1.78362154844217 1.60931661911309 1.59674122487195 1.24939387408085 1.07645146991126 1.71080115297809 1.52685346500948 1.0731076488737 1.41642019920982 1.86091502057388 0 1.49645894765854 1.49298510234803 1.2119695043657 1.6688057621941 1.06639682385139 1.57883433927782 1.47024884284474 1.87962970975786
1.18903602217324 1.36752376379445 1.50715513993055 1.53077735169791 1.86051743174903 1.31679628184065 1.8237041910179 1.44236411037855 1.5569902586285 1.06838343222626 0.967546117259189 1.32540263026021 1.16077644471079 1.483234931482 1.74926255154423 1.74689862364903 1.59358402923681 1.16222359822132 1.79592864331789 1.13214027672075 1.54520455747843 1.49645894765854 0 1.41755378013477 1.55582246812992 1.87366616353393 1.42962641315535 1.90154152479954 1.84177353838459 0.979208447504789
1.10915193357505 1.72009137668647 1.73680991493165 1.87827919656411 1.72532446240075 1.35382407926954 1.87448554160073 1.62981300172396 1.49015239602886 0.958103889133781 1.20079154078849 1.32020417833701 1.62920096097514 1.1908221882768 1.00755645870231 1.53837787313387 1.90753828338347 1.44519806536846 1.44923185650259 1.90077603491955 1.11090683471411 1.49298510234803 1.41755378013477 0 1.65578810311854 1.15533425030299 0.994901057099923 1.20605482300743 1.30941053223796 0.954461632994935
1.23661703197286 1.25474488711916 1.14375439798459 1.83486497029662 1.38051740638912 1.9196261970792 1.21907845442183 1.12763272668235 1.37646640138701 1.16247984557413 1.53589524980634 1.45299502648413 1.19097150722519 1.87228295020759 1.09394674701616 1.32357597071677 1.56877308315597 1.87282947683707 1.02993534249254 1.59756141505204 1.806181184249 1.2119695043657 1.55582246812992 1.65578810311854 0 1.29500655294396 1.52088330383413 1.53980927867815 1.87454392528161 1.10590947186574
1.55969495652243 0.995685892412439 1.72360983164981 1.43309062789194 1.6001786137931 1.29799156473018 0.98311450984329 1.56947252992541 1.59149830811657 1.74544938234612 1.86598012130708 1.71332228882238 1.06893127365038 0.987328792689368 1.0414027525112 0.971159534296021 1.34053940954618 1.27552642370574 1.50302575994283 1.33310280856676 1.48326739366166 1.6688057621941 1.87366616353393 1.15533425030299 1.29500655294396 0 1.45734902634285 1.47987204953097 1.62735792552121 1.40410072659142
1.04836852476001 1.84750913619064 1.89681955589913 0.975839385297149 1.60458019468933 1.76048818742856 1.84009547811002 1.5571556543 1.37669553165324 1.22789138136432 1.37743570446037 1.01239160238765 1.23042134661227 1.12011399702169 1.81702965381555 1.22633436159231 1.55966313369572 1.8859633570537 1.16266927006654 1.50225714640692 1.24190945224836 1.06639682385139 1.42962641315535 0.994901057099923 1.52088330383413 1.45734902634285 0 1.67155539779924 1.84983602608554 1.39405803196132
1.8875054162927 1.3298266895581 1.42819782765582 1.58264062949456 1.27757706749253 1.62832226697356 1.21493101865053 1.73906799266115 1.31588876340538 1.63901996985078 1.74078874452971 1.91081794793718 1.12423214595765 1.01521605974995 1.07176215737127 1.70882191904821 1.22857509553432 1.71097585768439 1.38867846108042 1.36369413346983 1.80048342072405 1.57883433927782 1.90154152479954 1.20605482300743 1.53980927867815 1.47987204953097 1.67155539779924 0 1.39972218079492 1.70262883952819
1.01774200075306 1.25329109071754 1.17671415884979 1.06693333946168 1.46353984461166 1.20893796836026 1.18977313977666 1.37612894130871 1.63811396830715 1.08649272751063 1.2346564643085 1.17957003042102 1.25484306132421 1.52631661854684 1.38393390900455 1.27292347257026 1.54971102112904 1.07847150252201 1.12724687205628 1.19563205866143 1.43608414009213 1.47024884284474 1.84177353838459 1.30941053223796 1.87454392528161 1.62735792552121 1.84983602608554 1.39972218079492 0 1.52257571835071
1.34639893309213 1.26867502857931 1.29393057362176 1.80143106239848 1.30033133248799 1.58784968173131 1.55558085720986 0.94158329651691 1.69262201664969 1.91256552212872 1.71966066840105 1.26886700745672 1.28973722597584 1.02439099806361 0.975209459196776 1.6460994456429 1.0510569026228 1.71464761835523 1.62716349051334 1.0084814527072 0.985417641466483 1.87962970975786 0.979208447504789 0.954461632994935 1.10590947186574 1.40410072659142 1.39405803196132 1.70262883952819 1.52257571835071 0
