0 1.23154270020314 1.47997662192211 1.66201845556498 0.927200270351022 1.59390916419216 1.69257185212336 1.24638671497814 1.00139714451507 1.21370358159766 1.44251121161506 1.15971850417554 1.7837903725449 1.74380734353326 1.2598064430058 1.15490219020285 1.62865716591477 1.52880089171231 0.945021501742303 0.995976960752159 1.78661432885565 0.912265297025442 1.87149803829379 1.79456805833615 1.70878527034074 1.85753336548805 1.71306200348772 1.69902132125571 1.67731405771337 1.68130549462512
1.23154270020314 0 1.48212971887551 1.45942108961754 1.14737442438491 1.26928352168761 1.00318670389242 1.09896700549871 1.10991349141113 1.04533779644407 1.32260691188276 1.75424629682675 1.17141851014458 1.37951398990117 1.74724137573503 1.66276126890443 1.27554389135912 1.44372761901468 1.65554036432877 1.38787982566282 1.38276095944457 0.974365319591016 1.46600203844719 1.48463954683393 1.76387462834828 0.965103021357208 1.83870935277082 0.942009959137067 1.25943232164718 1.43994895089418
1.47997662192211 1.48212971887551 0 0.957850162405521 1.12835709727369 1.37047385401092 1.34100981429219 1.00682297232561 1.68138457345776 1.65028258552775 1.13232705346309 1.01982075697742 0.994069209322333 1.09340282320045 1.08184011024423 1.13786045205779 1.88184904889204 1.0675651547499 1.58689472055994 1.61633995175362 1.28006084007211 1.82474610977806 1.35196037683636 1.59586798865348 1.65909188566729 1.8745346958749 1.77319287089631 1.85687480238266 1.09971135295928 1.7925337459892
1.66201845556498 1.45942108961754 0.957850162405521 0 1.41039453307167 1.08888705749996 1.58100778562948 1.81349261105061 1.53796650003642 1.48357949592173 1.29141059657559 1.12053090706468 1.28201954858378 1.37614755774848 1.44767313916236 1.11703615030274 1.39280758216046 1.47534631588496 1.43595471186563 1.08147622109391 1.63557123532519 0.931630553444847 1.28580931248143 1.78156875981949 1.81784853013232 1.54728380055167 1.28435382433236 1.04126635775901 1.51160484971479 1.71088313870132
0.927200270351022 1.14737442438491 1.12835709727369 1.41039453307167 0 1.15527695114724 0.981835114769638 1.39031074475497 1.74542744923383 1.28846154781058 0.984712030505762 1.35711788386106 0.933646319899708 0.965476606506854 1.04093066463247 1.70288403658196 1.84960193722509 1.51354426913895 1.45974421221763 0.93798311566934 1.19358243676834 1.00933386292309 1.30186836072244 1.78235668828711 1.40691277827136 1.18878437532112 1.50517066498287 1.67400628514588 1.54352343967184 1.2542575050611
1.59390916419216 1.26928352168761 1.37047385401092 1.08888705749996 1.15527695114724 0 1.1404079075437 1.75761295389384 1.24969487846829 1.88546549412422 1.59474256425165 1.23769035050645 1.23105275118724 1.12362961610779 0.908215719275177 1.71235377760604 1.08630230254494 1.73170933756046 1.48068725806661 1.79043739847839 1.49239376490004 1.35389924258925 1.42515329713933 1.11780813755468 1.50057153590024 1.04937419039197 1.00275773066096 1.5390375230927 1.14234272041358 1.58344427589327
1.69257185212336 1.00318670389242 1.34100981429219 1.58100778562948 0.981835114769638 1.1404079075437 0 1.33218822535127 1.89013187773526 1.28274858882651 1.38126212917268 1.12648992729373 1.39106407831423 1.71094561950304 1.48008626652882 1.1814637624193 1.64348839502782 1.1834732980933 1.87525897985324 1.43073186022229 0.995909900404513 1.84905527555384 1.22709207655862 1.39708437211812 1.55222380114719 1.64215622819029 1.1120253992267 1.88077889173292 1.89587143273093 1.5470529217273
1.24638671497814 1.09896700549871 1.00682297232561 1.81349261105061 1.39031074475497 1.75761295389384 1.33218822535127 0 1.07666065776721 1.72970969765447 1.05351861310191 1.52968629822135 1.88801998761483 1.37340805516578 1.82428587810136 1.10141147277318 1.82662113080733 0.9123579361476 1.5698019254487 1.44583295937628 1.89637512597255 1.25551320938393 1.58761507389136 1.33659074595198 1.30282234377228 1.46090185339563 1.89199926611036 1.36882840143517 0.976950600510463 1.25965129281394
1.00139714451507 1.10991349141113 1.68138457345776 1.53796650003642 1.74542744923383 1.24969487846829 1.89013187773526 1.07666065776721 0 0.991542587988079 1.55755666224286 1.85818553483114 1.74025720963255 1.25093977386132 1.42886046506464 1.0157196323853 1.3760769830551 1.32387966965325 1.17473701550625 1.87860520719551 1.23250701697543 1.10997712588869 1.44055228424259 1.47228500200436 1.47448629257269 1.87457443680614 1.71948142466135 1.52916512475349 1.09462343645282 1.07495751511306
1.21370358159766 1.04533779644407 1.65028258552775 1.48357949592173 1.28846154781058 1.88546549412422 1.28274858882651 1.72970969765447 0.991542587988079 0 1.70802485989407 1.36567051638849 1.70385795668699 1.81017668242566 1.32450742390938 0.98470019060187 1.55201852624305 1.35131149133667 0.926124548073858 1.29774008202367 1.0443626048509 1.44432269176468 1.75463851378299 1.65723644406535 1.37050952203572 1.43516071257181 1.2591881158296 1.90171118220314 1.5172195811756 1.43617288372479
1.44251121161506 1.32260691188276 1.13232705346309 1.29141059657559 0.984712030505762 1.59474256425165 1.38126212917268 1.05351861310191 1.55755666224286 1.70802485989407 0 1.51979453442618 1.62546407151967 1.30017040064558 1.66463903849944 1.67875295411795 1.11215031775646 1.53545175329782 1.90471173007973 1.64888472273014 0.991427906788886 1.73332764068618 1.53403372084722 0.913469096412882 0.979448443977162 0.946768044261262 1.25708475033753 1.39278505300172 0.934035404119641 1.01878398144618
1.15971850417554 1.75424629682675 1.01982075697742 1.12053090706468 1.35711788386106 1.23769035050645 1.12648992729373 1.52968629822135 1.85818553483114 1.36567051638849 1.51979453442618 0 1.41080941446126 1.37550716358237 1.19093372696079 0.913929975824431 1.21862261882052 1.03946572169662 0.926824182039127 1.50078423460945 1.33693833602592 1.19302631285973 1.84537771972828 1.5462310584262 1.00059590232559 1.90312499320135 0.984465828631073 1.38516300870106 1.70793478889391 1.51014928030781
1.7837903725449 1.17141851014458 0.994069209322333 1.28201954858378 0.933646319899708 1.23105275118724 1.39106407831423 1.88801998761483 1.74025720963255 1.70385795668699 1.62546407151967 1.41080941446126 0 1.42535922350362 1.01034859521315 1.82267936458811 1.6902400944382 0.975662051467225 0.973097389098257 1.72544007236138 1.50342236366123 1.0249681151472 1.15569456550293 1.3041075381916 0.961282389238477 1.71594269084744 1.49815271003172 1.88980276882648 1.81356422277167 1.37299879011698
1.74380734353326 1.37951398990117 1.09340282320045 1.37614755774848 0.965476606506854 1.12362961610779 1.71094561950304 1.37340805516578 1.25093977386132 1.81017668242566 1.30017040064558 1.37550716358237 1.42535922350362 0 1.19695468898863 1.07832203363068 1.02700800308958 1.86796971526928 1.64813376893289 1.89011972933076 1.02384395571426 1.31264130421914 1.46841274411418 1.57420037477277 1.18738465732895 1.55813552532345 1.72340639657341 1.85388323664665 1.46361094992608 1.6211375775747
1.2598064430058 1.74724137573503 1.08184011024423 1.44767313916236 1.04093066463247 0.908215719275177 1.48008626652882 1.82428587810136 1.42886046506464 1.32450742390938 1.66463903849944 1.19093372696079 1.01034859521315 1.19695468898863 0 1.57786092790775 1.88637696392834 1.8508749101311 1.51970224408433 1.77642033435404 1.82652949006297 0.924711476778612 1.31494630780071 1.63699725433253 1.46773665561341 1.58442316250876 1.18420592881739 1.8726683545392 1.0811704788357 1.48356845555827
1.15490219020285 1.66276126890443 1.13786045205779 1.11703615030274 1.70288403658196 1.71235377760604 1.1814637624193 1.10141147277318 1.0157196323853 0.98470019060187 1.67875295411795 0.913929975824431 1.82267936458811 1.07832203363068 1.57786092790775 0 1.26618014439009 1.61894341604784 1.35927442554384 1.25942081562243 1.30100836767815 1.87011776864529 1.60265673557296 1.41570658027194 1.4663441455923 1.87430361122824 1.47584669338539 1.19913720083423 1.29411622835323 1.85921034147032
1.62865716591477 1.27554389135912 1.88184904889204 1.39280758216046 1.84960193722509 1.08630230254494 1.64348839502782 1.82662113080733 1.3760769830551 1.55201852624305 1.11215031775646 1.21862261882052 1.6902400944382 1.02700800308958 1.88637696392834 1.26618014439009 0 1.25165545847267 1.66569183766842 1.78009368805215 1.14244675147347 1.7148338034749 1.55581079190597 0.941815895261243 1.43818935193121 1.57613505632617 1.52961251162924 1.40721356682479 1.06144755939022 1.09273726656102
1.52880089171231 1.44372761901468 1.0675651547499 1.47534631588496 1.51354426913895 1.73170933756046 1.1834732980933 0.9123579361476 1.32387966965325 1.35131149133667 1.53545175329782 1.03946572169662 0.975662051467225 1.86796971526928 1.8508749101311 1.61894341604784 1.25165545847267 0 1.30996257113293 1.75696703558788 1.67152019450441 1.19781687040813 1.29638718254864 1.14298492809758 1.21707651927136 1.14214110490866 1.33312201406807 1.87006202735938 1.14998105866835 1.53212694334798
0.945021501742303 1.65554036432877 1.58689472055994 1.43595471186563 1.45974421221763 1.48068725806661 1.87525897985324 1.5698019254487 1.17473701550625 0.926124548073858 1.90471173007973 0.926824182039127 0.973097389098257 1.64813376893289 1.51970224408433 1.35927442554384 1.66569183766842 1.30996257113293 0 1.66641755215824 1.3345943489112 1.60705898306333 1.02184409718029 1.8974733822979 1.13965355535038 1.43607582850382 1.03973487066105 1.0386935560964 1.62642184784636 1.68107947614044
0.995976960752159 1.38787982566282 1.61633995175362 1.08147622109391 0.93798311566934 1.79043739847839 1.43073186022229 1.44583295937628 1.87860520719551 1.29774008202367 1.64888472273014 1.50078423460945 1.72544007236138 1.89011972933076 1.77642033435404 1.25942081562243 1.78009368805215 1.75696703558788 1.66641755215824 0 0.967932711122558 1.6838548288215 0.995008126134053 1.81952497689053 1.4041169306729 1.25274223228917 0.952538968529552 1.89891970995814 1.60806923359632 1.12536924518645
1.78661432885565 1.38276095944457 1.28006084007211 1.63557123532519 1.19358243676834 1.49239376490004 0.995909900404513 1.89637512597255 1.23250701697543 1.0443626048509 0.991427906788886 1.33693833602592 1.50342236366123 1.02384395571426 1.82652949006297 1.30100836767815 1.14244675147347 1.67152019450441 1.3345943489112 0.967932711122558 0 1.32179831969552 1.04697987670079 0.941016585100442 1.84954320755787 1.25754426419735 1.33013697224669 1.6049399280455 1.29831910086796 1.48004801315255
0.912265297025442 0.974365319591016 1.82474610977806 0.931630553444847 1.00933386292309 1.35389924258925 1.84905527555384 1.25551320938393 1.10997712588869 1.44432269176468 1.73332764068618 1.19302631285973 1.0249681151472 1.31264130421914 0.924711476778612 1.87011776864529 1.7148338034749 1.19781687040813 1.60705898306333 1.6838548288215 1.32179831969552 0 1.38758278544992 1.08458105660975 0.993537969421595 1.39067278522998 1.8106086354237 1.68916040565819 0.912126940209419 1.6766216752585
1.87149803829379 1.46600203844719 1.35196037683636 1.28580931248143 1.30186836072244 1.42515329713933 1.22709207655862 1.58761507389136 1.44055228424259 1.75463851378299 1.53403372084722 1.84537771972828 1.15569456550293 1.46841274411418 1.31494630780071 1.60265673557296 1.55581079190597 1.29638718254864 1.02184409718029 0.995008126134053 1.04697987670079 1.38758278544992 0 1.30187634145841 1.46869922475889 1.54485699418001 1.20204163924791 1.11336407787167 1.31453813542612 1.80200443859212
1.79456805833615 1.48463954683393 1.59586798865348 1.78156875981949 1.78235668828711 1.11780813755468 1.39708437211812 1.33659074595198 1.47228500200436 1.65723644406535 0.913469096412882 1.5462310584262 1.3041075381916 1.57420037477277 1.63699725433253 1.41570658027194 0.941815895261243 1.14298492809758 1.8974733822979 1.81952497689053 0.941016585100442 1.08458105660975 1.30187634145841 0 1.45426613325253 1.55144436936826 0.921981135383248 1.07877147640102 1.32370854308829 1.54756502294913
1.70878527034074 1.76387462834828 1.65909188566729 1.81784853013232 1.40691277827136 1.50057153590024 1.55222380114719 1.30282234377228 1.47448629257269 1.37050952203572 0.979448443977162 1.00059590232559 0.961282389238477 1.18738465732895 1.46773665561341 1.4663441455923 1.43818935193121 1.21707651927136 1.13965355535038 1.4041169306729 1.84954320755787 0.993537969421595 1.46869922475889 1.45426613325253 0 0.979980388423428 1.2455521915108 1.29724160139449 1.6100180472713 1.72594514559023
1.85753336548805 0.965103021357208 1.8745346958749 1.54728380055167 1.18878437532112 1.04937419039197 1.64215622819029 1.46090185339563 1.87457443680614 1.43516071257181 0.946768044261262 1.90312499320135 1.71594269084744 1.55813552532345 1.58442316250876 1.87430361122824 1.57613505632617 1.14214110490866 1.43607582850382 1.25274223228917 1.25754426419735 1.39067278522998 1.54485699418001 1.55144436936826 0.979980388423428 0 1.4134707134217 1.08575552352704 1.26987674064003 0.972463917685673
1.71306200348772 1.83870935277082 1.77319287089631 1.28435382433236 1.50517066498287 1.00275773066096 1.1120253992267 1.89199926611036 1.71948142466135 1.2591881158296 1.25708475033753 0.984465828631073 1.49815271003172 1.72340639657341 1.18420592881739 1.47584669338539 1.52961251162924 1.33312201406807 1.03973487066105 0.952538968529552 1.33013697224669 1.8106086354237 1.20204163924791 0.921981135383248 1.2455521915108 1.4134707134217 0 1.44596837437712 1.05102593125775 1.86090219859034
1.69902132125571 0.942009959137067 1.85687480238266 1.04126635775901 1.67400628514588 1.5390375230927 1.88077889173292 1.36882840143517 1.52916512475349 1.90171118220314 1.39278505300172 1.38516300870106 1.88980276882648 1.85388323664665 1.8726683545392 1.19913720083423 1.40721356682479 1.87006202735938 1.0386935560964 1.89891970995814 1.6049399280455 1.68916040565819 1.11336407787167 1.07877147640102 1.29724160139449 1.08575552352704 1.44596837437712 0 1.38874736032449 1.4794137487188
1.67731405771337 1.25943232164718 1.09971135295928 1.51160484971479 1.54352343967184 1.14234272041358 1.89587143273093 0.976950600510463 1.09462343645282 1.5172195811756 0.934035404119641 1.70793478889391 1.81356422277167 1.46361094992608 1.0811704788357 1.29411622835323 1.06144755939022 1.14998105866835 1.62642184784636 1.60806923359632 1.29831910086796 0.912126940209419 1.31453813542612 1.32370854308829 1.6100180472713 1.26987674064003 1.05102593125775 1.38874736032449 0 1.32364547415636
1.68130549462512 1.43994895089418 1.7925337459892 1.71088313870132 1.2542575050611 1.58344427589327 1.5470529217273 1.25965129281394 1.07495751511306 1.43617288372479 1.01878398144618 1.51014928030781 1.37299879011698 1.6211375775747 1.48356845555827 1.85921034147032 1.09273726656102 1.53212694334798 1.68107947614044 1.12536924518645 1.48004801315255 1.6766216752585 1.80200443859212 1.54756502294913 1.72594514559023 0.972463917685673 1.86090219859034 1.4794137487188 1.32364547415636 0
