0 1.02971576503478 1.6631288130302 1.77362648886628 1.09123282250948 1.2005148101598 1.68063146667555 0.972666477318853 1.21839594095945 0.994107984472066 0.965035250410438 1.74645793251693 1.34663382498547 1.18391943024471 1.11142476671375 1.78942530183122 1.41200966923498 1.51692687417381 1.79882475873455 1.22506853681989 1.09153490024619 1.15657960087992 1.86431245040148 1.63743032072671 0.942916099214926 1.71946730976924 1.44886322482489 1.23403113847598 1.7400112899486 1.23673573392443
1.02971576503478 0 1.77213847800158 0.892142975935712 1.13272325624712 0.96162042603828 1.17452916339971 1.67929783673026 1.26678483909927 1.69127107271925 1.37853691354394 1.26457170839421 1.4279814385809 1.544371960219 0.899431088007987 1.30674162576906 1.24405968631618 1.27877449430525 1.61903403420001 1.73291697190143 1.1707600755617 1.4975988951046 0.900892895180732 1.3660263218917 1.21893336717039 1.39648414915428 1.56890396401286 1.57613974972628 0.965645666932687 1.05627680919133
1.6631288130302 1.77213847800158 0 1.84162049321458 1.79557643597946 1.2041906665545 1.60388421500102 1.08410689234734 1.53829553094693 1.21712313429452 1.28953087073751 1.02646324271336 1.29763722466305 1.83241315698251 1.53671766421758 1.47091960557736 1.58750686165877 1.00738717452623 1.26892720116302 1.4289588262327 0.979586931411177 0.978151357499883 1.03543715574779 1.08863587980159 1.36053574969992 1.70275758416392 1.59670590586029 1.44047081074677 1.21110053942539 1.26768927206285
1.77362648886628 0.892142975935712 1.84162049321458 0 1.2150617830921 1.07079333509319 1.0648709370289 1.57404668885283 0.925194758921862 1.37170399050228 1.60936936875805 0.884997640037909 1.68690532143228 1.62238879385404 1.73275012266822 1.45182962156832 1.5567563418299 1.10509067494422 1.29120791167952 1.74107515998185 1.60145709384233 1.08887662854977 1.41391138127074 0.891621147282422 1.71641264436767 1.1067913081497 1.68505970574915 1.45945575088263 1.22409347188659 1.33936728397384
1.09123282250948 1.13272325624712 1.79557643597946 1.2150617830921 0 1.10002890531905 1.35823415685445 1.04221399058588 1.69955745246261 1.61852894886397 1.32048346358351 1.40906061418355 1.76448874408379 1.41718175401911 1.50304160430096 1.20645862678066 0.919733234215528 1.21862739929929 1.00793028320186 1.04844586993568 1.83285834826529 1.69161044852808 1.53499456681311 1.27275258954614 1.23764655878767 1.11745824618265 1.81975991674699 1.18248810409568 0.885902238776907 1.603564086603
1.2005148101598 0.96162042603828 1.2041906665545 1.07079333509319 1.10002890531905 0 1.26384283113293 1.79443678539246 0.879786974051967 1.32655593263917 1.3881633928977 1.76526413206011 1.06415611621924 0.972954703727737 1.66593921161257 1.11428682180122 1.39832045114599 1.3357067713514 0.988602838944644 1.39700580085628 1.00904637179337 1.14535178337246 1.45169945224188 1.05228489660658 1.594651972875 1.50472199241631 1.28046145429835 1.78738325485028 1.85021839104593 1.30518609890714
1.68063146667555 1.17452916339971 1.60388421500102 1.0648709370289 1.35823415685445 1.26384283113293 0 1.65833369526081 1.603051523678 1.12216124450788 1.63173142028973 1.38070014840923 1.62792071630247 0.888943377649412 1.3199103588704 1.26538955932483 1.59601070079952 1.54492863989435 1.4491315248888 0.996993843233213 1.74322044826113 1.04265255993232 1.58569066482596 0.942464575869963 0.870215659029782 1.7409774386324 1.32458031107672 1.82567338715307 1.16652991482988 1.50386448437348
0.972666477318853 1.67929783673026 1.08410689234734 1.57404668885283 1.04221399058588 1.79443678539246 1.65833369526081 0 1.45074045355432 1.08031671564095 1.81073571136221 1.48600383219309 1.35424351156689 1.57520953612402 1.58253158908337 1.28364016534761 1.16615249193273 1.14645228884183 1.18878170289099 1.20330190379173 1.03692429861985 1.1830003329087 1.37799538765103 1.7893933749292 1.02412971900776 0.879942482337356 1.22712685284205 1.67335289740004 1.60020179417916 1.77483076788485
1.21839594095945 1.26678483909927 1.53829553094693 0.925194758921862 1.69955745246261 0.879786974051967 1.603051523678 1.45074045355432 0 1.19825866213068 1.07221581763588 1.06647296040319 1.37206711410545 1.37014125287533 1.81097682751715 1.30320245027542 1.81465306738392 1.30588071024977 1.3715791576542 1.28402284509502 1.15813850611448 1.75666009658016 1.29108115681447 1.460802243324 0.917941469466314 1.23920386959799 1.76370133110322 1.31594709563069 1.59623705153354 0.965143030742183
0.994107984472066 1.69127107271925 1.21712313429452 1.37170399050228 1.61852894886397 1.32655593263917 1.12216124450788 1.08031671564095 1.19825866213068 0 1.22809704695828 0.912243897095323 1.20257236598991 0.899576172232628 1.00330482749268 1.00139571609907 1.71367515739985 1.81454746657982 1.46711151092313 1.03589120646939 1.13086498971097 1.46876939409412 1.36298338649794 0.884064257144928 1.31860845349729 1.85178869822994 1.78854875313118 1.84264924260788 1.47900624852628 0.988072929671034
0.965035250410438 1.37853691354394 1.28953087073751 1.60936936875805 1.32048346358351 1.3881633928977 1.63173142028973 1.81073571136221 1.07221581763588 1.22809704695828 0 0.935028992127627 1.3773162891157 1.38922628434375 1.53935352247208 1.37543727317825 1.4483383432962 1.39330282132141 1.77082228683867 1.57098416541703 1.58310476341285 1.78509787563235 1.74834627914242 1.33855376532301 1.52646985976025 0.930793229024857 1.85655113821849 0.971482693916187 1.61982672195882 1.02075285464525
1.74645793251693 1.26457170839421 1.02646324271336 0.884997640037909 1.40906061418355 1.76526413206011 1.38070014840923 1.48600383219309 1.06647296040319 0.912243897095323 0.935028992127627 0 1.10513150924817 1.07413733447902 1.52275177231058 1.61244846251793 1.31792078632861 1.27547875838354 1.68442619917914 1.51599418185651 1.650517081609 1.09633128438145 1.05340324016288 1.03093646839261 1.49235658859834 1.07623879332095 1.69120388408192 0.953039427520707 1.76958922529593 1.04691377398558
1.34663382498547 1.4279814385809 1.29763722466305 1.68690532143228 1.76448874408379 1.06415611621924 1.62792071630247 1.35424351156689 1.37206711410545 1.20257236598991 1.3773162891157 1.10513150924817 0 1.8495992384851 1.13124735839665 0.878308442654088 1.33277363376692 1.71175112994388 1.03615866252221 1.63366431510076 1.61789772496559 1.40592303476296 0.902458324795589 1.26474661729299 1.0148259087 1.11718969815411 1.5736613990739 1.16812812024727 1.07054848084226 1.44617603742518
1.18391943024471 1.544371960219 1.83241315698251 1.62238879385404 1.41718175401911 0.972954703727737 0.888943377649412 1.57520953612402 1.37014125287533 0.899576172232628 1.38922628434375 1.07413733447902 1.8495992384851 0 1.79460859810933 1.49527930328622 1.68510224297643 1.17257936811075 1.16157630132511 1.4781707841903 1.62706468417309 1.26687792059965 1.45247983909212 1.19431871757843 1.18204760947265 1.45400456385687 1.82324771746062 1.32752009970136 1.18449421599507 1.13975706347264
1.11142476671375 0.899431088007987 1.53671766421758 1.73275012266822 1.50304160430096 1.66593921161257 1.3199103588704 1.58253158908337 1.81097682751715 1.00330482749268 1.53935352247208 1.52275177231058 1.13124735839665 1.79460859810933 0 0.962167172692716 1.57906049210578 1.08020830131136 1.15359597443603 1.28002919396386 1.2850193225313 1.2730713209603 1.21286518266425 1.8495607227087 1.42905661393888 0.998984502395615 1.75094715831801 1.18475184426643 1.63579694647342 1.34513990255073
1.78942530183122 1.30674162576906 1.47091960557736 1.45182962156832 1.20645862678066 1.11428682180122 1.26538955932483 1.28364016534761 1.30320245027542 1.00139571609907 1.37543727317825 1.61244846251793 0.878308442654088 1.49527930328622 0.962167172692716 0 1.1459651500918 0.877588350558653 1.30175426020287 1.17930200789124 1.83386318804696 1.15651869541034 1.29784269165248 1.29391989926808 1.58027828251943 1.82035807799548 1.68832807941362 1.75119446427561 1.70169509551488 1.64065737673081
1.41200966923498 1.24405968631618 1.58750686165877 1.5567563418299 0.919733234215528 1.39832045114599 1.59601070079952 1.16615249193273 1.81465306738392 1.71367515739985 1.4483383432962 1.31792078632861 1.33277363376692 1.68510224297643 1.57906049210578 1.1459651500918 0 0.970968548906967 1.84251543064602 1.43642256292515 0.982813681475818 1.13276299205609 1.4022363871336 1.28990144492127 1.02048214990646 1.023835898377 1.73671160731465 1.44943732046522 1.4562294066418 1.07949971291237
1.51692687417381 1.27877449430525 1.00738717452623 1.10509067494422 1.21862739929929 1.3357067713514 1.54492863989435 1.14645228884183 1.30588071024977 1.81454746657982 1.39330282132141 1.27547875838354 1.71175112994388 1.17257936811075 1.08020830131136 0.877588350558653 0.970968548906967 0 1.04240599554032 0.991424925858155 1.20388861489482 0.8776638105046 0.8858759093564 1.61396199138835 1.62056273967028 1.54243207140826 1.20802318421192 1.64087253110483 1.42379897995852 1.64846437820233
1.79882475873455 1.61903403420001 1.26892720116302 1.29120791167952 1.00793028320186 0.988602838944644 1.4491315248888 1.18878170289099 1.3715791576542 1.46711151092313 1.77082228683867 1.68442619917914 1.03615866252221 1.16157630132511 1.15359597443603 1.30175426020287 1.84251543064602 1.04240599554032 0 1.55968468915671 1.22581286053173 1.02882730192505 1.06974411080591 0.977312962990254 1.57253867457621 1.06333228084259 1.12802326818928 1.51866949955001 1.03514478961006 1.01858748635277
1.22506853681989 1.73291697190143 1.4289588262327 1.74107515998185 1.04844586993568 1.39700580085628 0.996993843233213 1.20330190379173 1.28402284509502 1.03589120646939 1.57098416541703 1.51599418185651 1.63366431510076 1.4781707841903 1.28002919396386 1.17930200789124 1.43642256292515 0.991424925858155 1.55968468915671 0 1.00637136772275 1.27535058930516 1.51831736299209 1.31723122741096 1.55029920046218 1.05928147444502 1.41629293141887 1.19832707941532 1.19917618157342 1.61992510827258
1.09153490024619 1.1707600755617 0.979586931411177 1.60145709384233 1.83285834826529 1.00904637179337 1.74322044826113 1.03692429861985 1.15813850611448 1.13086498971097 1.58310476341285 1.650517081609 1.61789772496559 1.62706468417309 1.2850193225313 1.83386318804696 0.982813681475818 1.20388861489482 1.22581286053173 1.00637136772275 0 1.39131779316813 1.82908908440731 1.27190493163653 1.48702923976816 1.42542533250526 1.194210289279 1.11415104963817 1.40060123545118 1.40472216205671
1.15657960087992 1.4975988951046 0.978151357499883 1.08887662854977 1.69161044852808 1.14535178337246 1.04265255993232 1.1830003329087 1.75666009658016 1.46876939409412 1.78509787563235 1.09633128438145 1.40592303476296 1.26687792059965 1.2730713209603 1.15651869541034 1.13276299205609 0.8776638105046 1.02882730192505 1.27535058930516 1.39131779316813 0 1.75479863304645 1.75815617851913 1.58914706739597 1.34592381538823 1.66791044129059 1.40798154566437 1.48163709021173 1.1423505928833
1.86431245040148 0.900892895180732 1.03543715574779 1.41391138127074 1.53499456681311 1.45169945224188 1.58569066482596 1.37799538765103 1.29108115681447 1.36298338649794 1.74834627914242 1.05340324016288 0.902458324795589 1.45247983909212 1.21286518266425 1.29784269165248 1.4022363871336 0.8858759093564 1.06974411080591 1.51831736299209 1.82908908440731 1.75479863304645 0 1.4444183697924 1.14105461235158 1.26486865011975 0.992577956058085 1.37715618847869 1.17486847587861 1.69219133118168
1.63743032072671 1.3660263218917 1.08863587980159 0.891621147282422 1.27275258954614 1.05228489660658 0.942464575869963 1.7893933749292 1.460802243324 0.884064257144928 1.33855376532301 1.03093646839261 1.26474661729299 1.19431871757843 1.8495607227087 1.29391989926808 1.28990144492127 1.61396199138835 0.977312962990254 1.31723122741096 1.27190493163653 1.75815617851913 1.4444183697924 0 1.60620452347212 1.82495807250962 1.13941713399254 1.81980450614356 1.81365523929708 1.0217761718668
0.942916099214926 1.21893336717039 1.36053574969992 1.71641264436767 1.23764655878767 1.594651972875 0.870215659029782 1.02412971900776 0.917941469466314 1.31860845349729 1.52646985976025 1.49235658859834 1.0148259087 1.18204760947265 1.42905661393888 1.58027828251943 1.02048214990646 1.62056273967028 1.57253867457621 1.55029920046218 1.48702923976816 1.58914706739597 1.14105461235158 1.60620452347212 0 0.873932952992618 1.45303566846997 1.86351303011179 1.39532780414447 1.615534912562
1.71946730976924 1.39648414915428 1.70275758416392 1.1067913081497 1.11745824618265 1.50472199241631 1.7409774386324 0.879942482337356 1.23920386959799 1.85178869822994 0.930793229024857 1.07623879332095 1.11718969815411 1.45400456385687 0.998984502395615 1.82035807799548 1.023835898377 1.54243207140826 1.06333228084259 1.05928147444502 1.42542533250526 1.34592381538823 1.26486865011975 1.82495807250962 0.873932952992618 0 1.05820642830804 1.6264204934705 1.02158868778497 1.417898343876
1.44886322482489 1.56890396401286 1.59670590586029 1.68505970574915 1.81975991674699 1.28046145429835 1.32458031107672 1.22712685284205 1.76370133110322 1.78854875313118 1.85655113821849 1.69120388408192 1.5736613990739 1.82324771746062 1.75094715831801 1.68832807941362 1.73671160731465 1.20802318421192 1.12802326818928 1.41629293141887 1.194210289279 1.66791044129059 0.992577956058085 1.13941713399254 1.45303566846997 1.05820642830804 0 1.67714347317815 1.61427571042441 1.10691745998338
1.23403113847598 1.57613974972628 1.44047081074677 1.45945575088263 1.18248810409568 1.78738325485028 1.82567338715307 1.67335289740004 1.31594709563069 1.84264924260788 0.971482693916187 0.953039427520707 1.16812812024727 1.32752009970136 1.18475184426643 1.75119446427561 1.44943732046522 1.64087253110483 1.51866949955001 1.19832707941532 1.11415104963817 1.40798154566437 1.37715618847869 1.81980450614356 1.86351303011179 1.6264204934705 1.67714347317815 0 0.981887113302946 1.49237114773132
1.7400112899486 0.965645666932687 1.21110053942539 1.22409347188659 0.885902238776907 1.85021839104593 1.16652991482988 1.60020179417916 1.59623705153354 1.47900624852628 1.61982672195882 1.76958922529593 1.07054848084226 1.18449421599507 1.63579694647342 1.70169509551488 1.4562294066418 1.42379897995852 1.03514478961006 1.19917618157342 1.40060123545118 1.48163709021173 1.17486847587861 1.81365523929708 1.39532780414447 1.02158868778497 1.61427571042441 0.981887113302946 0 1.47771096695215
1.23673573392443 1.05627680919133 1.26768927206285 1.33936728397384 1.603564086603 1.30518609890714 1.50386448437348 1.77483076788485 0.965143030742183 0.988072929671034 1.02075285464525 1.04691377398558 1.44617603742518 1.13975706347264 1.34513990255073 1.64065737673081 1.07949971291237 1.64846437820233 1.01858748635277 1.61992510827258 1.40472216205671 1.1423505928833 1.69219133118168 1.0217761718668 1.615534912562 1.417898343876 1.10691745998338 1.49237114773132 1.47771096695215 0
