0 0.982762119499967 1.46068082260899 1.44159472920001 1.59871960594319 1.02714865817688 1.80983055639081 0.914358474779874 1.82580885337666 1.4438553233631 1.78826114535332 1.24392015580088 1.78052378818393 1.51227002218366 1.09764660918154 1.2834565108642 1.58419393049553 1.8655992068816 1.03688089014031 1.28503082389943 1.17672464461066 1.44014999549836 1.82533375662751 1.04849675577134 0.981808676850051 1.14423387218267 1.56755531881936 1.74375663721003 1.26409660489298 1.37538325414062
0.982762119499967 0 1.5307193857152 1.5282845296897 1.05401334306225 1.11831282475032 1.09862138982862 1.89712059427984 1.66892201825976 1.65202569891699 1.72186101810075 1.67878318275325 1.38576919515617 1.88385999738239 1.79940356337465 1.76219161623158 1.62908522598445 0.924017909914255 0.989309020806104 1.47116947057657 1.32317816535942 1.01645920192823 1.57116446574219 1.50570112722926 1.72366475360468 1.43881489429623 1.12774832197465 1.30607112497091 1.81644258182496 1.1147986270953
1.46068082260899 1.5307193857152 0 1.74042152217589 1.82092733401805 1.66288037505001 1.80768012418412 1.30731346504763 1.16495850984938 1.82276496710256 1.25007205922157 1.7028286869172 1.59207589854486 1.34412541426718 1.59779585385695 1.48567505530082 1.02051926287822 1.70328325941227 0.900745448190719 1.12922333693132 1.04436822491698 1.10407220176421 1.8951514409855 1.10739493672736 0.97828154428862 1.68965287134051 1.56988743576221 1.30713120102882 1.89702083240263 1.172530177515
1.44159472920001 1.5282845296897 1.74042152217589 0 1.42122917203233 1.58482388174161 1.1929721464403 1.26500533451326 1.28602005029097 1.83054914930835 0.91486685257405 1.88740377989598 1.16778265452012 1.17789399647154 1.00081629259512 1.09554125368595 1.46640830929391 1.15570603311062 1.45436917128973 1.25212761713192 1.10448723263107 0.903822836233303 1.10351397097111 1.29162523825653 0.95294761727564 1.82049662456848 1.89785905298777 0.985824499512091 1.6389488694258 0.924632910173386
1.59871960594319 1.05401334306225 1.82092733401805 1.42122917203233 0 1.87841589632444 1.75516907148995 1.65402994421311 1.60345571581274 1.52103471150622 1.29964434634894 1.73823322285898 0.918558773817495 0.923281424446031 1.82534717652015 1.60166686610319 1.31710755848326 1.15799511526711 1.50274407071993 1.5331716502551 1.83980837231502 1.34896822227165 1.53320061438717 1.38769621867687 1.11015241639689 1.56796643463895 1.09805314149708 1.31749618239701 1.05162762454711 1.50245030457154
1.02714865817688 1.11831282475032 1.66288037505001 1.58482388174161 1.87841589632444 0 1.26094946218655 1.33341210777871 1.27695661503822 1.85114688589238 0.915671252179891 1.38097951211967 1.8266318643 1.70743598137051 0.929739673156291 1.03335383790545 1.27228353312239 1.47569775790907 1.49202612624504 1.09505138453096 1.41991299181245 1.38619692367502 1.30130927939899 1.25302024837583 0.965939130401239 1.04214247711934 1.70289819478057 1.26469165831804 1.08351103053428 1.70085076522082
1.80983055639081 1.09862138982862 1.80768012418412 1.1929721464403 1.75516907148995 1.26094946218655 0 1.01558267208748 1.81263403384946 1.39808703307062 1.60649897297844 1.20361964008771 1.89038950880058 1.08927344740368 1.5012046659831 1.78050493216142 1.3514312945772 1.72854154021479 1.55231221090071 1.37275356124155 1.51153981708921 1.60832685069181 1.64699214370921 1.22473206068389 1.53242744202726 1.79707208601758 1.4100606283173 1.01318067125976 0.991654102690518 1.1259812891949
0.914358474779874 1.89712059427984 1.30731346504763 1.26500533451326 1.65402994421311 1.33341210777871 1.01558267208748 0 1.61343080224469 1.10869696061127 1.79194240970537 1.83418446918949 1.39360022731125 0.952833573333919 1.41320295468904 1.06192905828357 0.997888545272872 1.79402645118535 1.24703224329278 1.58597665838897 1.85080646746792 1.4760637008585 1.70862848660909 1.53174428362399 1.60791483288631 1.39702364429832 1.21270881546661 0.941014917334542 1.55886550876312 1.28212126111612
1.82580885337666 1.66892201825976 1.16495850984938 1.28602005029097 1.60345571581274 1.27695661503822 1.81263403384946 1.61343080224469 0 1.64297438715585 1.15187896462157 1.09568181517534 0.981220713583753 1.6911746354308 1.06624817126431 1.08167231292464 1.71933758445084 1.29495974164456 1.60447512171231 1.49283723928966 1.13790830201469 1.55643767490983 1.34671479649842 1.82960609183647 1.52261416823603 1.43179214769043 1.29137749876827 0.933382871560752 0.963684734422714 1.51159608317539
1.4438553233631 1.65202569891699 1.82276496710256 1.83054914930835 1.52103471150622 1.85114688589238 1.39808703307062 1.10869696061127 1.64297438715585 0 1.71049036295153 1.73311742697842 1.21414120472036 1.49559858790599 1.72231229650788 1.31292584631592 1.54192150803283 1.78622187580913 1.43217840394937 1.26416522916406 1.09837027615868 1.06783960922621 1.10889887507074 1.75633306894451 1.56127106910571 1.12605487066321 1.45396482595243 1.17578522628173 1.69622181449085 1.02569584059529
1.78826114535332 1.72186101810075 1.25007205922157 0.91486685257405 1.29964434634894 0.915671252179891 1.60649897297844 1.79194240970537 1.15187896462157 1.71049036295153 0 1.63892614236102 1.22646062262356 1.51707971794531 1.55825889413245 1.47444148780778 1.36903143394738 1.06721164728515 0.924701806623489 1.30564603279345 1.0606703045778 1.35064522898756 1.4085653484799 1.23163120727986 0.99323119269684 1.77781476126984 1.24945699167438 1.65059121605009 1.82677253009751 1.67736572050489
1.24392015580088 1.67878318275325 1.7028286869172 1.88740377989598 1.73823322285898 1.38097951211967 1.20361964008771 1.83418446918949 1.09568181517534 1.73311742697842 1.63892614236102 0 1.37754899379797 1.24440447986126 1.52944974880666 0.948135488433763 1.34283733577468 1.19910267670639 1.24800990568474 1.18758444231935 1.24563695001416 1.36302380100824 1.19438459724188 1.28826596285217 1.58289187541232 1.20370362908579 1.87999928859062 1.6820226078853 1.03616757597774 1.57106219697744
1.78052378818393 1.38576919515617 1.59207589854486 1.16778265452012 0.918558773817495 1.8266318643 1.89038950880058 1.39360022731125 0.981220713583753 1.21414120472036 1.22646062262356 1.37754899379797 0 1.27154754032381 1.82612010557204 1.13253301242366 1.80810777121224 1.11766299279407 1.3785277819261 1.78554513072595 1.18040284188464 1.47658138326369 0.996015921002254 1.05990151222795 1.78673248249106 1.51967219798826 1.46511492109857 1.81061384291388 1.55509052053094 1.85855221375823
1.51227002218366 1.88385999738239 1.34412541426718 1.17789399647154 0.923281424446031 1.70743598137051 1.08927344740368 0.952833573333919 1.6911746354308 1.49559858790599 1.51707971794531 1.24440447986126 1.27154754032381 0 0.918333749752492 1.50843721185811 1.32738359109499 1.79514833795838 1.74569521588273 1.47448401455767 1.60732163628563 0.92632418544963 1.32004438014701 1.55479318532161 1.61686122021638 1.01531890151091 1.26346279750578 1.26956128026359 1.89175711013377 1.19284918298945
1.09764660918154 1.79940356337465 1.59779585385695 1.00081629259512 1.82534717652015 0.929739673156291 1.5012046659831 1.41320295468904 1.06624817126431 1.72231229650788 1.55825889413245 1.52944974880666 1.82612010557204 0.918333749752492 0 1.17045819782652 1.63408533041365 1.08613930013962 1.36734198103659 1.53097245423123 1.78219958092086 1.69369642459787 0.911472452571616 1.50966506428085 1.86307138763368 1.70859650103375 1.05670373491012 1.89221700886264 1.57723527424969 1.39402919076383
1.2834565108642 1.76219161623158 1.48567505530082 1.09554125368595 1.60166686610319 1.03335383790545 1.78050493216142 1.06192905828357 1.08167231292464 1.31292584631592 1.47444148780778 0.948135488433763 1.13253301242366 1.50843721185811 1.17045819782652 0 1.07891039224342 1.47503314935602 1.35675236210227 1.41917133633979 0.973161856643856 1.76904914760962 1.25235037156381 1.21458134520799 1.17078610206954 0.922902251128107 1.07068472122774 0.970002013491467 1.27228601602837 1.24059520475566
1.58419393049553 1.62908522598445 1.02051926287822 1.46640830929391 1.31710755848326 1.27228353312239 1.3514312945772 0.997888545272872 1.71933758445084 1.54192150803283 1.36903143394738 1.34283733577468 1.80810777121224 1.32738359109499 1.63408533041365 1.07891039224342 0 1.58469731779769 1.61851632688195 1.08700029784814 1.67072885134257 1.18638810375705 1.42394871497527 1.69849253306165 0.915561106521636 1.23241974250413 1.23917243117467 1.49433316010982 0.902446068590507 1.46415565628558
1.8655992068816 0.924017909914255 1.70328325941227 1.15570603311062 1.15799511526711 1.47569775790907 1.72854154021479 1.79402645118535 1.29495974164456 1.78622187580913 1.06721164728515 1.19910267670639 1.11766299279407 1.79514833795838 1.08613930013962 1.47503314935602 1.58469731779769 0 1.34075226658024 1.61840901197866 1.82792219263501 1.83381599234417 1.26511909789406 1.04780060541816 1.82178249233402 1.69580747792497 1.40950055234134 1.59835269255564 1.24440129334107 0.966463631018996
1.03688089014031 0.989309020806104 0.900745448190719 1.45436917128973 1.50274407071993 1.49202612624504 1.55231221090071 1.24703224329278 1.60447512171231 1.43217840394937 0.924701806623489 1.24800990568474 1.3785277819261 1.74569521588273 1.36734198103659 1.35675236210227 1.61851632688195 1.34075226658024 0 1.71606142958626 1.87217270187102 1.12261922797188 1.74818666302599 1.24119063885882 1.44239324191585 1.88787634856999 1.04195953020826 1.16171528398991 1.42715009045787 1.85152703616768
1.28503082389943 1.47116947057657 1.12922333693132 1.25212761713192 1.5331716502551 1.09505138453096 1.37275356124155 1.58597665838897 1.49283723928966 1.26416522916406 1.30564603279345 1.18758444231935 1.78554513072595 1.47448401455767 1.53097245423123 1.41917133633979 1.08700029784814 1.61840901197866 1.71606142958626 0 1.05604199622758 1.29509793850593 1.53799358569086 1.62579337041825 1.7141352086328 1.25791539251804 1.26832751790062 1.4497600637842 0.922380567993969 1.15071525936946
1.17672464461066 1.32317816535942 1.04436822491698 1.10448723263107 1.83980837231502 1.41991299181245 1.51153981708921 1.85080646746792 1.13790830201469 1.09837027615868 1.0606703045778 1.24563695001416 1.18040284188464 1.60732163628563 1.78219958092086 0.973161856643856 1.67072885134257 1.82792219263501 1.87217270187102 1.05604199622758 0 1.40903484472074 1.02480876701884 1.64453126909211 1.22508817422204 0.955715010408312 1.72839959501289 0.948567155050114 1.1730912476778 1.17443434824236
1.44014999549836 1.01645920192823 1.10407220176421 0.903822836233303 1.34896822227165 1.38619692367502 1.60832685069181 1.4760637008585 1.55643767490983 1.06783960922621 1.35064522898756 1.36302380100824 1.47658138326369 0.92632418544963 1.69369642459787 1.76904914760962 1.18638810375705 1.83381599234417 1.12261922797188 1.29509793850593 1.40903484472074 0 0.908757058903575 1.7019153109286 1.25559873320162 1.70752264768817 0.995086490409449 1.69460798008367 1.22222186438739 1.80916971107945
1.82533375662751 1.57116446574219 1.8951514409855 1.10351397097111 1.53320061438717 1.30130927939899 1.64699214370921 1.70862848660909 1.34671479649842 1.10889887507074 1.4085653484799 1.19438459724188 0.996015921002254 1.32004438014701 0.911472452571616 1.25235037156381 1.42394871497527 1.26511909789406 1.74818666302599 1.53799358569086 1.02480876701884 0.908757058903575 0 1.05220880638808 1.62570240907371 1.30661073373631 1.88469928898849 1.54090397595428 0.929119215812534 1.35868260683492
1.04849675577134 1.50570112722926 1.10739493672736 1.29162523825653 1.38769621867687 1.25302024837583 1.22473206068389 1.53174428362399 1.82960609183647 1.75633306894451 1.23163120727986 1.28826596285217 1.05990151222795 1.55479318532161 1.50966506428085 1.21458134520799 1.69849253306165 1.04780060541816 1.24119063885882 1.62579337041825 1.64453126909211 1.7019153109286 1.05220880638808 0 1.80435134563595 1.08755335328169 0.930708856554702 1.526390862884 1.1066802139394 1.57210662891157
0.981808676850051 1.72366475360468 0.97828154428862 0.95294761727564 1.11015241639689 0.965939130401239 1.53242744202726 1.60791483288631 1.52261416823603 1.56127106910571 0.99323119269684 1.58289187541232 1.78673248249106 1.61686122021638 1.86307138763368 1.17078610206954 0.915561106521636 1.82178249233402 1.44239324191585 1.7141352086328 1.22508817422204 1.25559873320162 1.62570240907371 1.80435134563595 0 1.86666192812845 1.07277254317887 1.68427810887806 1.48971089813858 1.85735998046584
1.14423387218267 1.43881489429623 1.68965287134051 1.82049662456848 1.56796643463895 1.04214247711934 1.79707208601758 1.39702364429832 1.43179214769043 1.12605487066321 1.77781476126984 1.20370362908579 1.51967219798826 1.01531890151091 1.70859650103375 0.922902251128107 1.23241974250413 1.69580747792497 1.88787634856999 1.25791539251804 0.955715010408312 1.70752264768817 1.30661073373631 1.08755335328169 1.86666192812845 0 1.40749952639453 1.88086053426377 1.21582617796957 1.00057348189875
1.56755531881936 1.12774832197465 1.56988743576221 1.89785905298777 1.09805314149708 1.70289819478057 1.4100606283173 1.21270881546661 1.29137749876827 1.45396482595243 1.24945699167438 1.87999928859062 1.46511492109857 1.26346279750578 1.05670373491012 1.07068472122774 1.23917243117467 1.40950055234134 1.04195953020826 1.26832751790062 1.72839959501289 0.995086490409449 1.88469928898849 0.930708856554702 1.07277254317887 1.40749952639453 0 0.998155755689368 1.87598744081333 1.10263866512105
1.74375663721003 1.30607112497091 1.30713120102882 0.985824499512091 1.31749618239701 1.26469165831804 1.01318067125976 0.941014917334542 0.933382871560752 1.17578522628173 1.65059121605009 1.6820226078853 1.81061384291388 1.26956128026359 1.89221700886264 0.970002013491467 1.49433316010982 1.59835269255564 1.16171528398991 1.4497600637842 0.948567155050114 1.69460798008367 1.54090397595428 1.526390862884 1.68427810887806 1.88086053426377 0.998155755689368 0 1.01370544964448 1.31182233104482
1.26409660489298 1.81644258182496 1.89702083240263 1.6389488694258 1.05162762454711 1.08351103053428 0.991654102690518 1.55886550876312 0.963684734422714 1.69622181449085 1.82677253009751 1.03616757597774 1.55509052053094 1.89175711013377 1.57723527424969 1.27228601602837 0.902446068590507 1.24440129334107 1.42715009045787 0.922380567993969 1.1730912476778 1.22222186438739 0.929119215812534 1.1066802139394 1.48971089813858 1.21582617796957 1.87598744081333 1.01370544964448 0 1.03951115719974
1.37538325414062 1.1147986270953 1.172530177515 0.924632910173386 1.50245030457154 1.70085076522082 1.1259812891949 1.28212126111612 1.51159608317539 1.02569584059529 1.67736572050489 1.57106219697744 1.85855221375823 1.19284918298945 1.39402919076383 1.24059520475566 1.46415565628558 0.966463631018996 1.85152703616768 1.15071525936946 1.17443434824236 1.80916971107945 1.35868260683492 1.57210662891157 1.85735998046584 1.00057348189875 1.10263866512105 1.31182233104482 1.03951115719974 0
