0 1.36538428370841 1.38452560361475 1.69675612915307 1.7144083881285 1.21321632550098 1.43849499989301 0.89028304698877 0.911193224368617 1.82347969175316 1.02136522578076 1.01314108492807 1.23643500590697 1.3191987532191 1.61087817768566 1.21603110618889 1.42769905086607 1.56802632543258 1.77373928320594 1.08192092599347 1.23655018606223 1.62360240309499 1.3719553432893 1.48555676569231 1.59685686370358 1.76001740014181 1.30368426907808 1.11730602616444 1.36369745666161 1.12324364879169
1.36538428370841 0 1.42958588688634 1.6309216755908 1.42534148693085 1.78439006465487 1.23496843362227 1.37416534870863 1.83707985258661 1.35034017101862 0.898886888287961 0.974273136584088 1.66000407701358 1.04837196972221 1.30956735392101 1.25151602155529 1.6289205935318 1.39973529940471 1.32443437958136 1.49027234129608 1.52404052182101 1.55153996637091 1.27332368865609 0.993385022971779 0.925602459115908 1.875012811739 1.84512455086224 1.30345602007583 1.22109342319891 1.82163768657483
1.38452560361475 1.42958588688634 0 1.57554528396577 1.36949443817139 1.27635896042921 1.74530203454196 1.49575635395013 1.45290381833911 1.04357099276967 1.45518809463829 1.7334123083856 1.32671103812754 1.03986843535677 1.10933177545667 1.64915882050991 1.72839715052396 1.1223748489283 1.4831303791143 1.41415506787598 1.67802318371832 1.4316116955597 1.70279924687929 1.03977224812843 1.75661048083566 1.13369090110064 1.12063859310001 1.57324365410022 1.04582601157017 1.65067996946163
1.69675612915307 1.6309216755908 1.57554528396577 0 1.661144311307 1.19501231005415 1.68385770660825 0.966656052973121 1.36596158170141 1.82298743934371 1.75868644239381 1.46402829955332 1.42337074130774 1.65493645425886 1.67098819604144 1.43988667055964 1.71349582215771 1.21282356022857 1.59523702180013 0.907166332006454 1.51233828393742 1.76458976813592 1.4238456604071 1.40562276984565 1.71024817205034 1.37611041497439 1.68034368031658 1.87799721001647 1.79872754169628 1.3523324476555
1.7144083881285 1.42534148693085 1.36949443817139 1.661144311307 0 1.47251874464564 1.29602827411145 1.64332911232486 1.13261209777556 1.61208897922188 1.1795211636927 0.960176437627524 1.42013495531864 0.9077152707614 1.86587745929137 1.32540871645324 1.54311054619029 1.24172143242322 1.24868548917584 1.40558985597454 1.47802693396807 1.03792883246206 1.07305671321228 1.27089207200333 1.13698546215892 1.25602413085289 1.68857682961971 1.20189612382092 1.7758983229287 0.926322128158063
1.21321632550098 1.78439006465487 1.27635896042921 1.19501231005415 1.47251874464564 0 1.53052492090501 1.38647688692436 1.68678389210254 1.35590641689487 1.0977305653505 1.74366334453225 1.83064340916462 1.47375147184357 1.62225074553862 1.58411851408891 1.29068235703744 1.56661121267825 1.68065074225888 1.17488483409397 1.85681067593396 1.33086555334739 1.86482174694538 1.66339854476973 1.43425523280166 0.998862530337647 1.26269963430241 1.57272168830968 1.21536454372108 1.22375235846266
1.43849499989301 1.23496843362227 1.74530203454196 1.68385770660825 1.29602827411145 1.53052492090501 0 1.81499001593329 0.967134646838531 0.974160171346739 1.00830200128257 1.26462926738895 1.30456681991927 1.1141910168808 1.60917382594198 1.30084945634007 1.10028474871069 1.6252349386923 0.939303786261007 1.81837529060431 1.23548255697824 1.50626755366102 1.4792387005873 1.36150117893703 1.07735573849641 0.888540890067816 1.31416165223345 1.5837623050902 1.28936604177579 0.880784414010122
0.89028304698877 1.37416534870863 1.49575635395013 0.966656052973121 1.64332911232486 1.38647688692436 1.81499001593329 0 1.80147627135739 1.41550089255907 1.66048364085145 1.34130280744284 1.26833389792591 1.31234272522852 0.937334327958524 1.46790872793645 1.70312627987005 1.36995365214534 1.52323706378229 0.992099658586085 1.3665293015074 1.28033659723587 1.00417637662031 1.81819237722084 1.16903985803947 1.24808431137353 1.04466310469434 1.10379809536971 1.81570836436003 1.43173975334503
0.911193224368617 1.83707985258661 1.45290381833911 1.36596158170141 1.13261209777556 1.68678389210254 0.967134646838531 1.80147627135739 0 1.81178926420398 1.51919643185101 1.7600287811365 1.20117458375171 1.74988152831793 1.82574423705228 1.78975133085623 1.73071401217021 0.899723149137571 1.4373561849352 1.23501581675373 0.889099914347753 1.81213880749419 1.27431641239673 1.85083021223545 1.76371595310047 1.79292365489528 1.35277076903731 1.43383738049306 1.04534884355962 1.61721859080717
1.82347969175316 1.35034017101862 1.04357099276967 1.82298743934371 1.61208897922188 1.35590641689487 0.974160171346739 1.41550089255907 1.81178926420398 0 1.73399834311567 1.44132771156728 1.62743928818963 1.26340659870766 0.97599017387256 1.00080267479643 0.984962126472965 1.81561942328699 1.68134155659936 1.19040693994612 1.56175495008938 0.978867534082383 0.986826023086905 1.69415403902531 0.977437248686329 0.998018061975017 1.66483768052422 1.25929826078936 1.07556496397592 1.15852865786292
1.02136522578076 0.898886888287961 1.45518809463829 1.75868644239381 1.1795211636927 1.0977305653505 1.00830200128257 1.66048364085145 1.51919643185101 1.73399834311567 0 1.72457940271124 1.00525044975802 1.30151147581637 1.69146390841343 1.09882912109606 1.3695571036078 1.02754636993632 1.37682166323066 1.24458897276781 0.963598915375769 0.945537975523621 1.12745166686364 1.38961709011346 1.4537593324203 1.44475682335906 1.66425839066505 1.70336760906503 1.7155025836546 1.83853399474174
1.01314108492807 0.974273136584088 1.7334123083856 1.46402829955332 0.960176437627524 1.74366334453225 1.26462926738895 1.34130280744284 1.7600287811365 1.44132771156728 1.72457940271124 0 1.32187895290554 1.32803746615537 1.41433102684096 1.33339362242259 1.53194840415381 1.0748166476842 1.1257240572013 1.25944167561829 0.946784381056204 1.19227204914205 1.83396018389612 1.77329454268329 0.92427224596031 1.41302526881918 1.24122525472194 1.74489781120792 1.33749797078781 1.05872257146984
1.23643500590697 1.66000407701358 1.32671103812754 1.42337074130774 1.42013495531864 1.83064340916462 1.30456681991927 1.26833389792591 1.20117458375171 1.62743928818963 1.00525044975802 1.32187895290554 0 1.33682829793543 1.21771967341192 1.80917143519036 1.55829964019358 1.73274816107005 1.66563226585276 1.17557799979113 1.54368855548091 1.5841746898368 1.5966612175107 1.31996691110544 1.58944083261304 0.956379543524235 1.63959384080954 1.7686549378559 1.32282900437713 1.67747898586094
1.3191987532191 1.04837196972221 1.03986843535677 1.65493645425886 0.9077152707614 1.47375147184357 1.1141910168808 1.31234272522852 1.74988152831793 1.26340659870766 1.30151147581637 1.32803746615537 1.33682829793543 0 1.28580820211209 0.955287888413295 1.5064702492673 1.02256035013124 1.57817656709813 1.04363077529706 1.01080005709082 0.976870038313791 1.65436736634001 1.47859086235985 1.2388857586775 0.957944867201149 1.17862952616997 1.01596090383828 1.30070775933564 1.01605621515773
1.61087817768566 1.30956735392101 1.10933177545667 1.67098819604144 1.86587745929137 1.62225074553862 1.60917382594198 0.937334327958524 1.82574423705228 0.97599017387256 1.69146390841343 1.41433102684096 1.21771967341192 1.28580820211209 0 0.96423512767069 1.42179010761902 1.28037801804021 1.81761831883341 1.60992390243337 1.57982155447826 1.38596596871503 1.86383773083799 1.18623972730711 1.60867713205516 1.38635271112435 1.87079143011943 1.34325699601322 1.08150379173458 1.20232966099866
1.21603110618889 1.25151602155529 1.64915882050991 1.43988667055964 1.32540871645324 1.58411851408891 1.30084945634007 1.46790872793645 1.78975133085623 1.00080267479643 1.09882912109606 1.33339362242259 1.80917143519036 0.955287888413295 0.96423512767069 0 1.05226501496509 1.77320974436589 1.5500977167394 1.71387474588118 1.57640828611329 1.055940809194 1.53597829933278 1.79705893574283 1.60188496205956 1.21110848919488 1.13008458679542 1.57162808999419 1.18468938418664 1.25625909049995
1.42769905086607 1.6289205935318 1.72839715052396 1.71349582215771 1.54311054619029 1.29068235703744 1.10028474871069 1.70312627987005 1.73071401217021 0.984962126472965 1.3695571036078 1.53194840415381 1.55829964019358 1.5064702492673 1.42179010761902 1.05226501496509 0 1.32621942879632 1.69246488972567 1.70884872111492 1.10012817475945 0.956003299448639 1.41820628196001 0.91705212299712 1.23193100187927 1.62665155017748 1.50555043388158 1.43468030705117 1.57412613113411 1.53145114821382
1.56802632543258 1.39973529940471 1.1223748489283 1.21282356022857 1.24172143242322 1.56661121267825 1.6252349386923 1.36995365214534 0.899723149137571 1.81561942328699 1.02754636993632 1.0748166476842 1.73274816107005 1.02256035013124 1.28037801804021 1.77320974436589 1.32621942879632 0 1.08806965989061 1.75069194589742 1.37998704076745 1.67931698006578 1.43513893242925 1.64632597891614 1.23701932071708 1.02712622424588 1.68691070540808 1.48319221287966 1.79378623282537 1.6951636527665
1.77373928320594 1.32443437958136 1.4831303791143 1.59523702180013 1.24868548917584 1.68065074225888 0.939303786261007 1.52323706378229 1.4373561849352 1.68134155659936 1.37682166323066 1.1257240572013 1.66563226585276 1.57817656709813 1.81761831883341 1.5500977167394 1.69246488972567 1.08806965989061 0 1.40188685548492 1.48107603075914 1.40938845812343 1.16379948053509 1.83303591911681 1.57790265302174 1.42477844259702 1.73641033610329 0.967323588207364 1.09662510966882 1.17562385555357
1.08192092599347 1.49027234129608 1.41415506787598 0.907166332006454 1.40558985597454 1.17488483409397 1.81837529060431 0.992099658586085 1.23501581675373 1.19040693994612 1.24458897276781 1.25944167561829 1.17557799979113 1.04363077529706 1.60992390243337 1.71387474588118 1.70884872111492 1.75069194589742 1.40188685548492 0 1.17460679984652 0.990453877486289 1.78785073384643 1.55679772770964 1.52721022837795 1.33240768918768 1.71666644420475 1.69232640392147 1.14315822604112 1.74124767095782
1.23655018606223 1.52404052182101 1.67802318371832 1.51233828393742 1.47802693396807 1.85681067593396 1.23548255697824 1.3665293015074 0.889099914347753 1.56175495008938 0.963598915375769 0.946784381056204 1.54368855548091 1.01080005709082 1.57982155447826 1.57640828611329 1.10012817475945 1.37998704076745 1.48107603075914 1.17460679984652 0 1.26462198584341 1.41557480115443 1.47327404492535 1.24030557810329 0.986773704877123 0.953679020283744 1.69902546494268 1.15199826913886 1.62028062390164
1.62360240309499 1.55153996637091 1.4316116955597 1.76458976813592 1.03792883246206 1.33086555334739 1.50626755366102 1.28033659723587 1.81213880749419 0.978867534082383 0.945537975523621 1.19227204914205 1.5841746898368 0.976870038313791 1.38596596871503 1.055940809194 0.956003299448639 1.67931698006578 1.40938845812343 0.990453877486289 1.26462198584341 0 1.55693814740516 1.25289853988215 1.1536385579966 1.3164334690664 1.21585963084362 1.13511415501125 1.66871373890899 0.956741371424869
1.3719553432893 1.27332368865609 1.70279924687929 1.4238456604071 1.07305671321228 1.86482174694538 1.4792387005873 1.00417637662031 1.27431641239673 0.986826023086905 1.12745166686364 1.83396018389612 1.5966612175107 1.65436736634001 1.86383773083799 1.53597829933278 1.41820628196001 1.43513893242925 1.16379948053509 1.78785073384643 1.41557480115443 1.55693814740516 0 1.83729254640639 1.35035776812583 1.64952524891123 1.55122975865379 1.72258056490682 1.37701693316922 1.28133181412704
1.48555676569231 0.993385022971779 1.03977224812843 1.40562276984565 1.27089207200333 1.66339854476973 1.36150117893703 1.81819237722084 1.85083021223545 1.69415403902531 1.38961709011346 1.77329454268329 1.31996691110544 1.47859086235985 1.18623972730711 1.79705893574283 0.91705212299712 1.64632597891614 1.83303591911681 1.55679772770964 1.47327404492535 1.25289853988215 1.83729254640639 0 0.954299703240395 1.79794496879913 1.14977626502514 1.32072501210496 1.75085463817231 1.05345730669796
1.59685686370358 0.925602459115908 1.75661048083566 1.71024817205034 1.13698546215892 1.43425523280166 1.07735573849641 1.16903985803947 1.76371595310047 0.977437248686329 1.4537593324203 0.92427224596031 1.58944083261304 1.2388857586775 1.60867713205516 1.60188496205956 1.23193100187927 1.23701932071708 1.57790265302174 1.52721022837795 1.24030557810329 1.1536385579966 1.35035776812583 0.954299703240395 0 1.09064423991367 1.05919539183378 1.58543269732036 1.1553642146755 1.44760371255688
1.76001740014181 1.875012811739 1.13369090110064 1.37611041497439 1.25602413085289 0.998862530337647 0.888540890067816 1.24808431137353 1.79292365489528 0.998018061975017 1.44475682335906 1.41302526881918 0.956379543524235 0.957944867201149 1.38635271112435 1.21110848919488 1.62665155017748 1.02712622424588 1.42477844259702 1.33240768918768 0.986773704877123 1.3164334690664 1.64952524891123 1.79794496879913 1.09064423991367 0 1.27336351969279 1.36620070040226 1.39044016320258 0.954066857462749
1.30368426907808 1.84512455086224 1.12063859310001 1.68034368031658 1.68857682961971 1.26269963430241 1.31416165223345 1.04466310469434 1.35277076903731 1.66483768052422 1.66425839066505 1.24122525472194 1.63959384080954 1.17862952616997 1.87079143011943 1.13008458679542 1.50555043388158 1.68691070540808 1.73641033610329 1.71666644420475 0.953679020283744 1.21585963084362 1.55122975865379 1.14977626502514 1.05919539183378 1.27336351969279 0 1.51543256547302 1.6624131356366 1.05646483344026
1.11730602616444 1.30345602007583 1.57324365410022 1.87799721001647 1.20189612382092 1.57272168830968 1.5837623050902 1.10379809536971 1.43383738049306 1.25929826078936 1.70336760906503 1.74489781120792 1.7686549378559 1.01596090383828 1.34325699601322 1.57162808999419 1.43468030705117 1.48319221287966 0.967323588207364 1.69232640392147 1.69902546494268 1.13511415501125 1.72258056490682 1.32072501210496 1.58543269732036 1.36620070040226 1.51543256547302 0 1.71811834466644 1.17468140181154
1.36369745666161 1.22109342319891 1.04582601157017 1.79872754169628 1.7758983229287 1.21536454372108 1.28936604177579 1.81570836436003 1.04534884355962 1.07556496397592 1.7155025836546 1.33749797078781 1.32282900437713 1.30070775933564 1.08150379173458 1.18468938418664 1.57412613113411 1.79378623282537 1.09662510966882 1.14315822604112 1.15199826913886 1.66871373890899 1.37701693316922 1.75085463817231 1.1553642146755 1.39044016320258 1.6624131356366 1.71811834466644 0 1.14938119240105
1.12324364879169 1.82163768657483 1.65067996946163 1.3523324476555 0.926322128158063 1.22375235846266 0.880784414010122 1.43173975334503 1.61721859080717 1.15852865786292 1.83853399474174 1.05872257146984 1.67747898586094 1.01605621515773 1.20232966099866 1.25625909049995 1.53145114821382 1.6951636527665 1.17562385555357 1.74124767095782 1.62028062390164 0.956741371424869 1.28133181412704 1.05345730669796 1.44760371255688 0.954066857462749 1.05646483344026 1.17468140181154 1.14938119240105 0
