0 1.22864611516707 1.07647349243052 1.92598547111265 1.86175948777236 1.36064115585759 1.80042709852569 1.82163854665123 1.34930101083592 1.5931801921688 1.03543976717629 1.21644183737226 1.93642776715569 1.07055165199563 1.56579345837235 1.77185089676641 1.74046128848568 1.32205385365523 1.06754479231313 1.01097931433469 1.58486203546636 1.70248878840357 1.51623701490462 1.94664685567841 1.53840070217848 1.09051112621091 1.09531436976977 1.04725919873454 1.06078080018051 1.91392039926723
1.22864611516707 0 1.00283444160596 1.80786958313547 1.02398233721033 1.83598382375203 0.995102906832471 1.05178879480809 1.90951063833199 0.976650513708591 1.57620285078883 1.60739945643581 1.16318166162819 1.1341980677098 1.37245198967867 1.94474710919894 1.08344113407657 1.43499522004277 1.34635318838991 1.1249472303316 1.45856199879199 1.30652871727943 1.9297045385465 1.72403766168281 1.45782819599845 1.01134646125138 1.45800745324232 1.26923782215454 1.96487865131348 1.56599069386721
1.07647349243052 1.00283444160596 0 1.28585749561898 1.43787749530748 1.25762213184498 1.03848404064775 1.53619036800228 1.33672981965356 1.89823991130106 1.42818268761039 1.9219240010716 1.42849197657779 1.25450635934249 1.69096354441717 1.86367212748155 1.42408587574027 1.74470459925942 1.50143059226684 1.41153324022889 1.61809988506138 1.45699626673013 1.9512042386923 1.09556390484795 1.24840340390801 1.75378892291337 1.89173598401248 1.8490164517425 1.35990816773847 1.29586178692989
1.92598547111265 1.80786958313547 1.28585749561898 0 1.30769360298291 1.0932240516413 1.88432101299986 1.69516237615608 1.95172496349551 1.30987838492729 1.13873175927438 1.93922697030939 1.59154738346115 1.52978242863901 1.26513273268938 1.68599910545163 1.88459021830931 1.72689448902383 1.04131828178652 1.69583233399317 1.02814602525905 1.23830963112414 1.69389910297468 1.46694247121923 1.66778043960221 0.975938557647169 1.80291142803617 1.88501916476525 1.31214888533577 1.3769267287571
1.86175948777236 1.02398233721033 1.43787749530748 1.30769360298291 0 1.23589992523193 1.1849220180884 1.03201460582204 1.20616262219846 1.59879630547948 1.79663253342733 1.08300082175992 1.59294991847128 1.03373018256389 1.79138276283629 1.00762232439592 1.025331039913 1.13875722303055 1.2293074275367 1.42192088044249 1.32734951423481 1.39960728795268 1.80907140555792 1.78777735796757 1.30410102778114 1.09909347025678 1.90407505072653 1.44984848750755 1.25667976588011 1.49606564082205
1.36064115585759 1.83598382375203 1.25762213184498 1.0932240516413 1.23589992523193 0 1.57523225527257 1.39693006314337 1.0459986650385 1.5321005473379 1.52882201783359 1.69146135356277 1.57848979835398 1.24327727057971 1.76910152588971 1.32685727439821 1.26146886381321 1.22638469166122 1.03978084307164 1.84587655891664 1.70846113446169 1.69604399637319 1.62976713990793 1.25886496761814 1.12767470232211 1.84298234502785 1.7246961009223 1.48867555009201 1.14265114534646 1.68808812042698
1.80042709852569 0.995102906832471 1.03848404064775 1.88432101299986 1.1849220180884 1.57523225527257 0 1.81560868024826 1.15845644334331 1.32451868616045 1.57617279770784 1.79467822145671 1.74513121997006 1.32161057251506 1.66507332632318 1.46089133364148 1.29511675285175 1.7860067805741 1.55184599780478 1.52123090508394 1.95007932279259 1.67672477499582 1.86641686456278 1.39054123032838 1.05033405241556 1.6271194035653 1.78652610257268 1.27056213677861 1.62047152454033 1.25187144335359
1.82163854665123 1.05178879480809 1.53619036800228 1.69516237615608 1.03201460582204 1.39693006314337 1.81560868024826 0 1.11821123491973 1.71087170764804 1.96979422005825 1.26286528771743 1.55894393962808 1.69775574305095 1.72090456518345 1.31954414094798 1.11881528748199 0.995003774296492 1.65831440314651 1.19069198262878 1.38249180465937 1.1608870816417 1.46176212653518 1.28951017116196 1.91828618524596 1.78421176457778 1.45274352352135 1.0870393558871 1.09686474315822 1.89019423420541
1.34930101083592 1.90951063833199 1.33672981965356 1.95172496349551 1.20616262219846 1.0459986650385 1.15845644334331 1.11821123491973 0 1.15146873239428 0.9825392679777 1.59283739654347 1.71350453444757 1.71051590330899 0.979559228988364 1.65581939183176 1.47985639981925 1.39831438707188 1.22208018344827 1.23335413541645 1.76396874524653 1.78934854874387 1.444629188627 1.21636764216237 1.50378289516084 1.13778593530878 1.45259287348017 1.65142687852494 1.1330582741648 1.77934054215439
1.5931801921688 0.976650513708591 1.89823991130106 1.30987838492729 1.59879630547948 1.5321005473379 1.32451868616045 1.71087170764804 1.15146873239428 0 1.80852088099346 1.17670887988061 1.7409628261812 1.60874590883031 1.24470933736302 1.41457459982485 1.52659647469409 1.10870343842544 1.14212550083175 1.58870904659852 1.48954196111299 1.69244395731948 1.49439125088975 1.55963446968235 1.18386970390566 1.77562483539805 1.50176713033579 1.96688262955286 1.2321480603423 1.79275212902576
1.03543976717629 1.57620285078883 1.42818268761039 1.13873175927438 1.79663253342733 1.52882201783359 1.57617279770784 1.96979422005825 0.9825392679777 1.80852088099346 0 1.05391884897836 1.93418287998065 1.75794710358605 1.96209849696606 1.66386311501265 1.23214321932755 1.38557064416818 1.36978839267977 1.73363582137972 1.70513416058384 1.6531545300968 1.34221294731833 1.34482088428922 1.30412673437968 1.63972361548804 1.32991711026989 1.45493750739843 1.43793622939847 1.44821880338714
1.21644183737226 1.60739945643581 1.9219240010716 1.93922697030939 1.08300082175992 1.69146135356277 1.79467822145671 1.26286528771743 1.59283739654347 1.17670887988061 1.05391884897836 0 1.45515586202964 1.2507513712626 1.16319445311092 1.15647770487703 1.67417659168132 1.92474604467861 1.41318429377861 1.63675955520011 1.43470218335278 0.977443177253008 1.16946822823957 1.37961600138806 1.12796988338232 1.85914535680786 0.999940011650324 1.64353068731725 1.12466226425022 1.50568697508425
1.93642776715569 1.16318166162819 1.42849197657779 1.59154738346115 1.59294991847128 1.57848979835398 1.74513121997006 1.55894393962808 1.71350453444757 1.7409628261812 1.93418287998065 1.45515586202964 0 1.2223404108081 1.9044368241448 1.24096661782824 1.22643028199673 1.91403368161991 1.42055112402886 1.18762635882013 1.93894079211168 1.24769837409258 1.26582191186026 1.03979845438153 1.68508942518383 1.91789880325086 1.41435595694929 1.2447891368065 1.89131488092244 1.44100676290691
1.07055165199563 1.1341980677098 1.25450635934249 1.52978242863901 1.03373018256389 1.24327727057971 1.32161057251506 1.69775574305095 1.71051590330899 1.60874590883031 1.75794710358605 1.2507513712626 1.2223404108081 0 1.14718922041357 1.93070983188227 1.05530947889201 1.13999420264736 1.56163722532801 0.976244790479541 1.56502203107812 0.974806388374418 1.42499167588539 1.69889447814785 0.985058522550389 1.28821546398103 1.29439708963037 1.87254813546315 1.70342343579978 1.81401140475646
1.56579345837235 1.37245198967867 1.69096354441717 1.26513273268938 1.79138276283629 1.76910152588971 1.66507332632318 1.72090456518345 0.979559228988364 1.24470933736302 1.96209849696606 1.16319445311092 1.9044368241448 1.14718922041357 0 1.25113008636981 1.56136251124553 1.04871193645522 1.31483712513 1.49719452834688 1.80860390886664 1.15718566486612 1.91244722227566 0.997311846353114 0.996729374863207 1.10864112433046 1.92703371285461 1.76328600617126 1.90397153282538 1.04498246521689
1.77185089676641 1.94474710919894 1.86367212748155 1.68599910545163 1.00762232439592 1.32685727439821 1.46089133364148 1.31954414094798 1.65581939183176 1.41457459982485 1.66386311501265 1.15647770487703 1.24096661782824 1.93070983188227 1.25113008636981 0 1.93729234207422 1.79892035387456 1.87972007715143 1.70016582566313 1.4546679998748 1.73822236526757 1.11677092406899 1.57330425339751 1.35351945064031 1.07544701406732 1.72411853284575 1.36910622403957 1.90660758432932 1.71394313825294
1.74046128848568 1.08344113407657 1.42408587574027 1.88459021830931 1.025331039913 1.26146886381321 1.29511675285175 1.11881528748199 1.47985639981925 1.52659647469409 1.23214321932755 1.67417659168132 1.22643028199673 1.05530947889201 1.56136251124553 1.93729234207422 0 1.29078069142997 1.0539472065866 1.78026699810289 1.74320128327236 1.49658703966998 1.414714560844 1.0243234843947 1.18837777990848 1.86028184392489 1.62188806990162 1.69837850541808 1.26991675351746 1.08530394244008
1.32205385365523 1.43499522004277 1.74470459925942 1.72689448902383 1.13875722303055 1.22638469166122 1.7860067805741 0.995003774296492 1.39831438707188 1.10870343842544 1.38557064416818 1.92474604467861 1.91403368161991 1.13999420264736 1.04871193645522 1.79892035387456 1.29078069142997 0 1.7502097801771 1.52989751752466 1.09972332441248 1.92204838362522 1.91674239211716 1.15993920038454 1.73462934163399 1.25315853348002 1.42139545851387 1.78967146622017 1.71014252188616 1.70953189092688
1.06754479231313 1.34635318838991 1.50143059226684 1.04131828178652 1.2293074275367 1.03978084307164 1.55184599780478 1.65831440314651 1.22208018344827 1.14212550083175 1.36978839267977 1.41318429377861 1.42055112402886 1.56163722532801 1.31483712513 1.87972007715143 1.0539472065866 1.7502097801771 0 1.50197830144316 1.05787423625588 0.994642462581396 1.3313375855796 1.20886848215014 1.31927945138887 1.71632185857743 1.41143198846839 1.89415184454992 1.44038308784366 1.59534072852693
1.01097931433469 1.1249472303316 1.41153324022889 1.69583233399317 1.42192088044249 1.84587655891664 1.52123090508394 1.19069198262878 1.23335413541645 1.58870904659852 1.73363582137972 1.63675955520011 1.18762635882013 0.976244790479541 1.49719452834688 1.70016582566313 1.78026699810289 1.52989751752466 1.50197830144316 0 1.72740629222244 1.90879551949911 1.52769361436367 1.18818236677907 1.15163338673301 1.22893444728106 1.52410514908843 1.45545172225684 1.88466484402306 1.79675427428447
1.58486203546636 1.45856199879199 1.61809988506138 1.02814602525905 1.32734951423481 1.70846113446169 1.95007932279259 1.38249180465937 1.76396874524653 1.48954196111299 1.70513416058384 1.43470218335278 1.93894079211168 1.56502203107812 1.80860390886664 1.4546679998748 1.74320128327236 1.09972332441248 1.05787423625588 1.72740629222244 0 1.45463176141493 1.64399721333757 0.982953282771632 1.52577652805485 1.02988028246909 1.59519207244739 1.51654423354194 1.89704648265615 1.89206939097494
1.70248878840357 1.30652871727943 1.45699626673013 1.23830963112414 1.39960728795268 1.69604399637319 1.67672477499582 1.1608870816417 1.78934854874387 1.69244395731948 1.6531545300968 0.977443177253008 1.24769837409258 0.974806388374418 1.15718566486612 1.73822236526757 1.49658703966998 1.92204838362522 0.994642462581396 1.90879551949911 1.45463176141493 0 1.4394187044818 1.65859411819838 1.23616750002839 1.49009792157449 1.67211238062009 1.76067457906902 1.45516339177266 1.00043353182264
1.51623701490462 1.9297045385465 1.9512042386923 1.69389910297468 1.80907140555792 1.62976713990793 1.86641686456278 1.46176212653518 1.444629188627 1.49439125088975 1.34221294731833 1.16946822823957 1.26582191186026 1.42499167588539 1.91244722227566 1.11677092406899 1.414714560844 1.91674239211716 1.3313375855796 1.52769361436367 1.64399721333757 1.4394187044818 0 1.58596779569052 1.16170831373893 1.33395519526675 1.71627334691584 1.45468847686425 1.37731496780179 1.97140403464437
1.94664685567841 1.72403766168281 1.09556390484795 1.46694247121923 1.78777735796757 1.25886496761814 1.39054123032838 1.28951017116196 1.21636764216237 1.55963446968235 1.34482088428922 1.37961600138806 1.03979845438153 1.69889447814785 0.997311846353114 1.57330425339751 1.0243234843947 1.15993920038454 1.20886848215014 1.18818236677907 0.982953282771632 1.65859411819838 1.58596779569052 0 1.20250635431148 1.44209230784327 1.93826616345905 1.87728402018547 1.34596289461479 1.85062930337153
1.53840070217848 1.45782819599845 1.24840340390801 1.66778043960221 1.30410102778114 1.12767470232211 1.05033405241556 1.91828618524596 1.50378289516084 1.18386970390566 1.30412673437968 1.12796988338232 1.68508942518383 0.985058522550389 0.996729374863207 1.35351945064031 1.18837777990848 1.73462934163399 1.31927945138887 1.15163338673301 1.52577652805485 1.23616750002839 1.16170831373893 1.20250635431148 0 1.85365328239277 1.61396673740819 1.06702394341119 1.70008139708079 1.61356161604635
1.09051112621091 1.01134646125138 1.75378892291337 0.975938557647169 1.09909347025678 1.84298234502785 1.6271194035653 1.78421176457778 1.13778593530878 1.77562483539805 1.63972361548804 1.85914535680786 1.91789880325086 1.28821546398103 1.10864112433046 1.07544701406732 1.86028184392489 1.25315853348002 1.71632185857743 1.22893444728106 1.02988028246909 1.49009792157449 1.33395519526675 1.44209230784327 1.85365328239277 0 1.17451334861107 1.55833562044427 1.24494180246256 1.3217421961017
1.09531436976977 1.45800745324232 1.89173598401248 1.80291142803617 1.90407505072653 1.7246961009223 1.78652610257268 1.45274352352135 1.45259287348017 1.50176713033579 1.32991711026989 0.999940011650324 1.41435595694929 1.29439708963037 1.92703371285461 1.72411853284575 1.62188806990162 1.42139545851387 1.41143198846839 1.52410514908843 1.59519207244739 1.67211238062009 1.71627334691584 1.93826616345905 1.61396673740819 1.17451334861107 0 1.04666929133236 1.36058609513566 1.36994681693614
1.04725919873454 1.26923782215454 1.8490164517425 1.88501916476525 1.44984848750755 1.48867555009201 1.27056213677861 1.0870393558871 1.65142687852494 1.96688262955286 1.45493750739843 1.64353068731725 1.2447891368065 1.87254813546315 1.76328600617126 1.36910622403957 1.69837850541808 1.78967146622017 1.89415184454992 1.45545172225684 1.51654423354194 1.76067457906902 1.45468847686425 1.87728402018547 1.06702394341119 1.55833562044427 1.04666929133236 0 1.07770095090382 1.34215998323634
1.06078080018051 1.96487865131348 1.35990816773847 1.31214888533577 1.25667976588011 1.14265114534646 1.62047152454033 1.09686474315822 1.1330582741648 1.2321480603423 1.43793622939847 1.12466226425022 1.89131488092244 1.70342343579978 1.90397153282538 1.90660758432932 1.26991675351746 1.71014252188616 1.44038308784366 1.88466484402306 1.89704648265615 1.45516339177266 1.37731496780179 1.34596289461479 1.70008139708079 1.24494180246256 1.36058609513566 1.07770095090382 0 1.13626353465952
1.91392039926723 1.56599069386721 1.29586178692989 1.3769267287571 1.49606564082205 1.68808812042698 1.25187144335359 1.89019423420541 1.77934054215439 1.79275212902576 1.44821880338714 1.50568697508425 1.44100676290691 1.81401140475646 1.04498246521689 1.71394313825294 1.08530394244008 1.70953189092688 1.59534072852693 1.79675427428447 1.89206939097494 1.00043353182264 1.97140403464437 1.85062930337153 1.61356161604635 1.3217421961017 1.36994681693614 1.34215998323634 1.13626353465952 0
