0 0.97024083 0.7301751 0.58413774 0.58065945 0.9764649 0.5856646 0.58152753 0.73149997 0.7291169 0.73149997 0.7280602 0.74057156 0.5808764 0.5778452 0.74921095 0.7535683 0.9783054 0.9779369 0.9801504 0.98348296 0.7307048 0.74353015 0.7291169 0.74164605 0.97426224 0.7365559 0.97206604 0.9808897 0.9695119
0.97024083 0 1.0064689 0.9775687 0.9816297 0.4398806 0.9783054 0.98907024 0.97941184 0.9980974 0.98757625 0.97316337 1.001891 0.99281836 0.9950763 0.9924427 0.990942 0.18263726 0.1835308 0.44240162 0.44024023 0.99357027 0.97426224 0.9977191 0.9939465 0.44965157 0.98125964 0.44348466 0.458445 0.45899805
0.7301751 1.0064689 0 0.74650043 0.7267414 1.0053219 0.7473126 0.7519313 0.4858436 0.496818 0.47785875 0.31391275 0.4829821 0.7386949 0.7280602 0.36078832 0.35868815 0.9845971 0.99056727 1.0126165 1.018426 0.15360944 0.32539845 0.15262826 0.36111194 1.0099207 0.20241436 0.9950763 1.0219333 1.0041765
0.58413774 0.9775687 0.74650043 0 0.17136838 0.97243166 0.12436386 0.11813391 0.75002605 0.75002605 0.74541897 0.7389627 0.7473126 0.17262612 0.17161976 0.76485085 0.76374257 0.97024083 0.97170067 0.97941184 0.9838541 0.7574018 0.7587757 0.75767636 0.75002605 0.9644296 0.75603044 0.97316337 0.9775687 0.98757625
0.58065945 0.9816297 0.7267414 0.17136838 0 0.9687838 0.1723744 0.1691097 0.74057156 0.73923063 0.73815954 0.7307048 0.7389627 0.11848517 0.11895377 0.7524766 0.74650043 0.97978103 0.9808897 0.98125964 0.98051995 0.7394986 0.7483968 0.73709005 0.7394986 0.9611805 0.7354886 0.96334505 0.97499573 0.97316337
0.9764649 0.4398806 1.0053219 0.97243166 0.9687838 0 0.9753628 0.97573 1.0126165 1.0133885 1.0022715 0.9779369 1.002652 0.9706055 0.97867405 1.0091523 1.0176488 0.44565544 0.4478325 0.09089162 0.09123035 0.990942 0.98125964 0.9920673 1.0238891 0.22623433 0.98645765 0.19123371 0.32895625 0.32632494
0.5856646 0.9783054 0.7473126 0.12436386 0.1723744 0.9753628 0 0.08740036 0.7413773 0.74433905 0.7309697 0.72832423 0.7368229 0.17338179 0.1732558 0.75056994 0.7481256 0.97978103 0.98125964 0.98348296 0.9872032 0.7574018 0.75411475 0.756853 0.75002605 0.96406794 0.75384146 0.96841997 0.99056727 0.9753628
0.58152753 0.98907024 0.7519313 0.11813391 0.1691097 0.97573 0.08740036 0 0.7456892 0.74704176 0.742453 0.74353015 0.74433905 0.17250025 0.17250025 0.75712734 0.7535683 0.98683035 0.98907024 0.98794943 0.990942 0.75960124 0.7618071 0.7598766 0.7527494 0.9680563 0.75822586 0.97426224 0.9838541 0.98051995
0.73149997 0.97941184 0.4858436 0.75002605 0.74057156 1.0126165 0.7413773 0.7456892 0 0.079353794 0.27815285 0.47918367 0.27931294 0.74353015 0.73709005 0.48051092 0.48241112 0.9706055 0.9746289 1.0130024 1.0149349 0.48622596 0.48833245 0.4856525 0.47823706 1.002652 0.48146042 0.99658537 1.0095364 1.0030329
0.7291169 0.9980974 0.496818 0.75002605 0.73923063 1.0133885 0.74433905 0.74704176 0.079353794 0 0.28222105 0.48737422 0.2868976 0.7486681 0.7427221 0.48775735 0.48986816 0.97978103 0.9845971 1.0157093 1.019204 0.4975942 0.4983712 0.496818 0.4915996 1.0041765 0.491407 0.9977191 1.0110749 1.0076177
0.73149997 0.98757625 0.47785875 0.74541897 0.73815954 1.0022715 0.7309697 0.742453 0.27815285 0.28222105 0 0.47033232 0.07613705 0.74164605 0.73735726 0.47937313 0.48127043 0.98832285 0.98907024 1.0060863 1.0072346 0.48622596 0.49025255 0.48641723 0.47634742 1.0053219 0.46920985 0.9845971 1.0072346 0.99923354
0.7280602 0.97316337 0.31391275 0.7389627 0.7307048 0.9779369 0.72832423 0.74353015 0.47918367 0.48737422 0.47033232 0 0.47559288 0.7328271 0.7307048 0.35274276 0.35066497 0.97316337 0.9775687 0.9853408 0.98832285 0.31695846 0.24540646 0.3181802 0.34795654 0.9857129 0.3143688 0.9801504 0.99999183 0.9746289
0.74057156 1.001891 0.4829821 0.7473126 0.7389627 1.002652 0.7368229 0.74433905 0.27931294 0.2868976 0.07613705 0.47559288 0 0.742453 0.742453 0.47899425 0.47918367 0.99847597 0.99923354 1.0095364 1.0087683 0.48929188 0.48737422 0.48929188 0.47918367 1.0060863 0.47540435 0.990942 1.0180373 1.0076177
0.5808764 0.99281836 0.7386949 0.17262612 0.11848517 0.9706055 0.17338179 0.17250025 0.74353015 0.7486681 0.74164605 0.7328271 0.742453 0 0.07458906 0.756853 0.7511142 0.99357027 0.9946995 0.98051995 0.98125964 0.7483968 0.75165886 0.7475835 0.74406934 0.96769285 0.7456892 0.96841997 0.99169195 0.982
0.5778452 0.9950763 0.7280602 0.17161976 0.11895377 0.97867405 0.1732558 0.17250025 0.73709005 0.7427221 0.73735726 0.7307048 0.742453 0.07458906 0 0.7483968 0.74164605 0.9962078 0.99847597 0.9920673 0.99131685 0.74057156 0.74704176 0.7413773 0.7362889 0.9808897 0.73842716 0.9753628 0.990942 0.9894442
0.74921095 0.9924427 0.36078832 0.76485085 0.7524766 1.0091523 0.75056994 0.75712734 0.48051092 0.48775735 0.47937313 0.35274276 0.47899425 0.756853 0.7483968 0 0.05712102 1.0053219 1.0091523 1.0149349 1.0176488 0.3654946 0.35788196 0.36468107 0.24291384 1.0122308 0.35322306 0.99131685 1.0258498 1.0211525
0.7535683 0.990942 0.35868815 0.76374257 0.74650043 1.0176488 0.7481256 0.7535683 0.48241112 0.48986816 0.48127043 0.35066497 0.47918367 0.7511142 0.74164605 0.05712102 0 1.0011308 1.0041765 1.0215429 1.025065 0.36533183 0.35788196 0.36565742 0.24056728 1.0207624 0.35322306 0.9980974 1.0211525 1.0215429
0.9783054 0.18263726 0.9845971 0.97024083 0.97978103 0.44565544 0.97978103 0.98683035 0.9706055 0.97978103 0.98832285 0.97316337 0.99847597 0.99357027 0.9962078 1.0053219 1.0011308 0 0.031450294 0.45111 0.44765082 0.98348296 0.95866317 0.9857129 0.9939465 0.45531887 0.982 0.4500159 0.46417943 0.46399376
0.9779369 0.1835308 0.99056727 0.97170067 0.9808897 0.4478325 0.98125964 0.98907024 0.9746289 0.9845971 0.98907024 0.9775687 0.99923354 0.9946995 0.99847597 1.0091523 1.0041765 0.031450294 0 0.45348603 0.4503804 0.98645765 0.96298385 0.98907024 0.9962078 0.45605326 0.98348296 0.45165765 0.46977088 0.4662248
0.9801504 0.44240162 1.0126165 0.97941184 0.98125964 0.09089162 0.98348296 0.98794943 1.0130024 1.0157093 1.0060863 0.9853408 1.0095364 0.98051995 0.9920673 1.0149349 1.0215429 0.45111 0.45348603 0 0.023772815 0.99999183 0.99281836 0.99847597 1.025065 0.22420895 0.98832285 0.19407804 0.3288012 0.3237028
0.98348296 0.44024023 1.018426 0.9838541 0.98051995 0.09123035 0.9872032 0.990942 1.0149349 1.019204 1.0072346 0.98832285 1.0087683 0.98125964 0.99131685 1.0176488 1.025065 0.44765082 0.4503804 0.023772815 0 1.0060863 1.000751 1.0045581 1.0349361 0.22758764 0.9920673 0.19550428 0.3291113 0.3230872
0.7307048 0.99357027 0.15360944 0.7574018 0.7394986 0.990942 0.7574018 0.75960124 0.48622596 0.4975942 0.48622596 0.31695846 0.48929188 0.7483968 0.74057156 0.3654946 0.36533183 0.98348296 0.98645765 0.99999183 1.0060863 0 0.32401082 0.016173134 0.36451846 0.9946995 0.20740825 0.97941184 1.0157093 0.99734104
0.74353015 0.97426224 0.32539845 0.7587757 0.7483968 0.98125964 0.75411475 0.7618071 0.48833245 0.4983712 0.49025255 0.24540646 0.48737422 0.75165886 0.74704176 0.35788196 0.35788196 0.95866317 0.96298385 0.99281836 1.000751 0.32401082 0 0.32586154 0.35546857 0.99961257 0.32185742 0.9738958 1.0080011 0.9939465
0.7291169 0.9977191 0.15262826 0.75767636 0.73709005 0.9920673 0.756853 0.7598766 0.4856525 0.496818 0.48641723 0.3181802 0.48929188 0.7475835 0.7413773 0.36468107 0.36565742 0.9857129 0.98907024 0.99847597 1.0045581 0.016173134 0.32586154 0 0.36516908 0.9958304 0.20635414 0.97941184 1.0172604 0.99658537
0.74164605 0.9939465 0.36111194 0.75002605 0.7394986 1.0238891 0.75002605 0.7527494 0.47823706 0.4915996 0.47634742 0.34795654 0.47918367 0.74406934 0.7362889 0.24291384 0.24056728 0.9939465 0.9962078 1.025065 1.0349361 0.36451846 0.35546857 0.36516908 0 1.0211525 0.35306293 1.0064689 1.0227151 1.01146
0.97426224 0.44965157 1.0099207 0.9644296 0.9611805 0.22623433 0.96406794 0.9680563 1.002652 1.0041765 1.0053219 0.9857129 1.0060863 0.96769285 0.9808897 1.0122308 1.0207624 0.45531887 0.45605326 0.22420895 0.22758764 0.9946995 0.99961257 0.9958304 1.0211525 0 0.99885464 0.2265048 0.3337784 0.3274073
0.7365559 0.98125964 0.20241436 0.75603044 0.7354886 0.98645765 0.75384146 0.75822586 0.48146042 0.491407 0.46920985 0.3143688 0.47540435 0.7456892 0.73842716 0.35322306 0.35322306 0.982 0.98348296 0.98832285 0.9920673 0.20740825 0.32185742 0.20635414 0.35306293 0.99885464 0 0.97243166 1.0072346 0.9943229
0.97206604 0.44348466 0.9950763 0.97316337 0.96334505 0.19123371 0.96841997 0.97426224 0.99658537 0.9977191 0.9845971 0.9801504 0.990942 0.96841997 0.9753628 0.99131685 0.9980974 0.4500159 0.45165765 0.19407804 0.19550428 0.97941184 0.9738958 0.97941184 1.0064689 0.2265048 0.97243166 0 0.3339345 0.32555276
0.9808897 0.458445 1.0219333 0.9775687 0.97499573 0.32895625 0.99056727 0.9838541 1.0095364 1.0110749 1.0072346 0.99999183 1.0180373 0.99169195 0.990942 1.0258498 1.0211525 0.46417943 0.46977088 0.3288012 0.3291113 1.0157093 1.0080011 1.0172604 1.0227151 0.3337784 1.0072346 0.3339345 0 0.1918792
0.9695119 0.45899805 1.0041765 0.98757625 0.97316337 0.32632494 0.9753628 0.98051995 1.0030329 1.0076177 0.99923354 0.9746289 1.0076177 0.982 0.9894442 1.0211525 1.0215429 0.46399376 0.4662248 0.3237028 0.3230872 0.99734104 0.9939465 0.99658537 1.01146 0.3274073 0.9943229 0.32555276 0.1918792 0
