0 0.74514884 0.7341567 0.99923354 0.99961257 0.94373375 0.944438 0.9335961 0.94479036 0.513091 0.51646805 0.91779155 0.8096957 0.81709075 0.9709704 0.9691478 0.9709704 0.97499573 0.9831119 0.97170067 0.9713354 0.8293787 0.91169673 0.8263631 0.97170067 0.9575869 0.82305974 0.94549555 0.97024083 0.9687838
0.74514884 0 0.24623917 0.9894442 0.9894442 0.95080596 0.95294064 0.9554389 0.96334505 0.7511142 0.76346576 0.94162506 0.8455675 0.8555138 0.9593815 0.9827411 0.97978103 0.97573 0.990942 0.9472615 0.94867724 0.85613984 0.944438 0.8573935 0.9838541 0.9746289 0.8327101 0.97609735 0.9768326 1.0011308
0.7341567 0.24623917 0 0.98496884 0.98645765 0.9465546 0.9504507 0.95615417 0.96010065 0.7386949 0.75138646 0.92119914 0.83636117 0.8514572 0.9593815 0.98237044 0.9764649 0.9738958 0.98794943 0.94620144 0.9465546 0.84495026 0.9184719 0.84310144 0.9827411 0.96010065 0.84649444 0.97024083 0.96190137 0.98496884
0.99923354 0.9894442 0.98496884 0 0.2181654 0.982 0.97499573 0.9808897 0.9816297 0.9779369 0.97352946 0.9894442 0.9931942 0.98869646 0.99923354 0.32431898 0.3226258 0.32401082 0.3305084 0.9969631 1.0053219 0.98645765 0.9853408 0.98683035 0.40716735 1.0091523 0.99999183 1.0083846 1.015322 1.0238891
0.99961257 0.9894442 0.98645765 0.2181654 0 0.98645765 0.96010065 0.990942 0.9939465 0.99961257 1.0037951 1.0049399 1.005704 1.0149349 1.0053219 0.3206297 0.3215503 0.32493562 0.33113015 1.0015109 1.0080011 1.0072346 0.9901927 1.0049399 0.40527666 1.0060863 0.99923354 1.01146 1.0130024 1.0076177
0.94373375 0.95080596 0.9465546 0.982 0.98645765 0 0.22165129 0.5212617 0.52427334 0.9554389 0.9611805 0.97243166 0.9783054 0.97499573 0.8505242 0.97978103 0.97170067 0.9827411 0.98794943 0.83941746 0.83697146 0.97426224 0.93255514 0.97243166 0.95508146 0.537056 0.97941184 0.5413658 0.52689326 0.5279034
0.944438 0.95294064 0.9504507 0.97499573 0.96010065 0.22165129 0 0.5254814 0.52106136 0.94903165 0.94620144 0.9687838 0.9687838 0.9680563 0.83089113 0.9783054 0.97170067 0.982 0.99056727 0.8272665 0.8224607 0.9680563 0.9349863 0.9669665 0.953297 0.5413658 0.9860852 0.5384899 0.54054296 0.5358292
0.9335961 0.9554389 0.95615417 0.9808897 0.990942 0.5212617 0.5254814 0 0.16523567 0.94620144 0.94514287 0.95472425 0.97170067 0.9687838 0.83089113 0.9779369 0.9651536 0.97720057 0.97978103 0.8251602 0.8242593 0.96769285 0.94479036 0.96769285 0.9669665 0.39318648 0.97941184 0.4018512 0.401168 0.3077075
0.94479036 0.96334505 0.96010065 0.9816297 0.9939465 0.52427334 0.52106136 0.16523567 0 0.9497408 0.95294064 0.9644296 0.9775687 0.9738958 0.8345334 0.9894442 0.97867405 0.98645765 0.99056727 0.828171 0.8293787 0.97243166 0.9493862 0.9727974 0.9801504 0.4045903 0.9775687 0.39946267 0.39997387 0.30997178
0.513091 0.7511142 0.7386949 0.9779369 0.99961257 0.9554389 0.94903165 0.94620144 0.9497408 0 0.1272021 0.9346385 0.81857854 0.82606214 0.97941184 0.9790429 0.97499573 0.97941184 0.98907024 0.97978103 0.9857129 0.83028585 0.90766084 0.8266641 0.9977191 0.97609735 0.8278694 0.9695119 0.9611805 0.9738958
0.51646805 0.76346576 0.75138646 0.97352946 1.0037951 0.9611805 0.94620144 0.94514287 0.95294064 0.1272021 0 0.95258445 0.8327101 0.83788776 0.9857129 0.97867405 0.9738958 0.9790429 0.98645765 0.9775687 0.98496884 0.84156424 0.9222244 0.83911127 0.99658537 0.9583042 0.84217876 0.9779369 0.97170067 0.97316337
0.91779155 0.94162506 0.92119914 0.9894442 1.0049399 0.97243166 0.9687838 0.95472425 0.9644296 0.9346385 0.95258445 0 0.936379 0.94162506 0.99658537 0.98496884 0.97720057 0.9827411 0.9920673 0.9857129 0.99734104 0.936379 0.44276246 0.93255514 0.97426224 0.9775687 0.9518725 0.9801504 0.9768326 0.9845971
0.8096957 0.8455675 0.83636117 0.9931942 1.005704 0.9783054 0.9687838 0.97170067 0.9775687 0.81857854 0.8327101 0.936379 0 0.090778746 0.9775687 0.99734104 0.9931942 0.9958304 0.99847597 0.9801504 0.98237044 0.14107366 0.92840576 0.13926542 0.96769285 0.97573 0.38261938 0.98869646 0.9860852 0.9775687
0.81709075 0.8555138 0.8514572 0.98869646 1.0149349 0.97499573 0.9680563 0.9687838 0.9738958 0.82606214 0.83788776 0.94162506 0.090778746 0 0.9695119 0.9946995 0.98907024 0.99658537 0.9946995 0.9831119 0.9860852 0.14421831 0.9297863 0.141919 0.97316337 0.9845971 0.385289 0.98794943 0.98869646 0.9920673
0.9709704 0.9593815 0.9593815 0.99923354 1.0053219 0.8505242 0.83089113 0.83089113 0.8345334 0.97941184 0.9857129 0.99658537 0.9775687 0.9695119 0 0.99281836 0.99281836 0.9962078 1.0022715 0.077244714 0.076469176 0.97024083 0.98794943 0.9669665 1.0072346 0.8483516 0.97978103 0.85488826 0.85488826 0.84310144
0.9691478 0.9827411 0.98237044 0.32431898 0.3206297 0.97978103 0.9783054 0.9779369 0.9894442 0.9790429 0.97867405 0.98496884 0.99734104 0.9946995 0.99281836 0 0.031033278 0.06427736 0.06733413 0.9924427 0.99545324 0.99281836 0.9816297 0.9920673 0.40544835 1.0045581 0.9857129 1.0045581 1.005704 1.0072346
0.9709704 0.97978103 0.9764649 0.3226258 0.3215503 0.97170067 0.97170067 0.9651536 0.97867405 0.97499573 0.9738958 0.97720057 0.9931942 0.98907024 0.99281836 0.031033278 0 0.064168416 0.06744353 0.9920673 0.9969631 0.98683035 0.98237044 0.9860852 0.40613547 0.99545324 0.9872032 0.9958304 1.0030329 1.0011308
0.97499573 0.97573 0.9738958 0.32401082 0.32493562 0.9827411 0.982 0.97720057 0.98645765 0.97941184 0.9790429 0.9827411 0.9958304 0.99658537 0.9962078 0.06427736 0.064168416 0 0.031763207 0.99357027 1.000751 0.99281836 0.98683035 0.9931942 0.40768382 1.0037951 0.9939465 1.002652 1.005704 1.0045581
0.9831119 0.990942 0.98794943 0.3305084 0.33113015 0.98794943 0.99056727 0.97978103 0.99056727 0.98907024 0.98645765 0.9920673 0.99847597 0.9946995 1.0022715 0.06733413 0.06744353 0.031763207 0 0.9980974 1.005704 0.9943229 0.9946995 0.9950763 0.41234812 1.0099207 1.000751 1.0133885 1.0080011 1.014548
0.97170067 0.9472615 0.94620144 0.9969631 1.0015109 0.83941746 0.8272665 0.8251602 0.828171 0.97978103 0.9775687 0.9857129 0.9801504 0.9831119 0.077244714 0.9924427 0.9920673 0.99357027 0.9980974 0 0.02604711 0.97978103 0.9790429 0.9790429 0.99847597 0.8381934 0.9695119 0.8486616 0.85114604 0.8354467
0.9713354 0.94867724 0.9465546 1.0053219 1.0080011 0.83697146 0.8224607 0.8242593 0.8293787 0.9857129 0.98496884 0.99734104 0.98237044 0.9860852 0.076469176 0.99545324 0.9969631 1.000751 1.005704 0.02604711 0 0.9808897 0.9853408 0.97941184 0.99658537 0.8381934 0.97316337 0.8502134 0.8461853 0.8381934
0.8293787 0.85613984 0.84495026 0.98645765 1.0072346 0.97426224 0.9680563 0.96769285 0.97243166 0.83028585 0.84156424 0.936379 0.14107366 0.14421831 0.97024083 0.99281836 0.98683035 0.99281836 0.9943229 0.97978103 0.9808897 0 0.9225665 0.01924481 0.9568702 0.97941184 0.38914335 0.9842255 0.98051995 0.97720057
0.91169673 0.944438 0.9184719 0.9853408 0.9901927 0.93255514 0.9349863 0.94479036 0.9493862 0.90766084 0.9222244 0.44276246 0.92840576 0.9297863 0.98794943 0.9816297 0.98237044 0.98683035 0.9946995 0.9790429 0.9853408 0.9225665 0 0.91575444 0.98794943 0.94903165 0.9391723 0.9666036 0.9572284 0.96334505
0.8263631 0.8573935 0.84310144 0.98683035 1.0049399 0.97243166 0.9669665 0.96769285 0.9727974 0.8266641 0.83911127 0.93255514 0.13926542 0.141919 0.9669665 0.9920673 0.9860852 0.9931942 0.9950763 0.9790429 0.97941184 0.01924481 0.91575444 0 0.9568702 0.97499573 0.38931137 0.98869646 0.98125964 0.9783054
0.97170067 0.9838541 0.9827411 0.40716735 0.40527666 0.95508146 0.953297 0.9669665 0.9801504 0.9977191 0.99658537 0.97426224 0.96769285 0.97316337 1.0072346 0.40544835 0.40613547 0.40768382 0.41234812 0.99847597 0.99658537 0.9568702 0.98794943 0.9568702 0 0.98869646 0.9838541 0.98832285 0.9894442 0.99999183
0.9575869 0.9746289 0.96010065 1.0091523 1.0060863 0.537056 0.5413658 0.39318648 0.4045903 0.97609735 0.9583042 0.9775687 0.97573 0.9845971 0.8483516 1.0045581 0.99545324 1.0037951 1.0099207 0.8381934 0.8381934 0.97941184 0.94903165 0.97499573 0.98869646 0 0.9816297 0.41234812 0.40373325 0.41079012
0.82305974 0.8327101 0.84649444 0.99999183 0.99923354 0.97941184 0.9860852 0.97941184 0.9775687 0.8278694 0.84217876 0.9518725 0.38261938 0.385289 0.97978103 0.9857129 0.9872032 0.9939465 1.000751 0.9695119 0.97316337 0.38914335 0.9391723 0.38931137 0.9838541 0.9816297 0 1.0037951 0.99847597 0.99131685
0.94549555 0.97609735 0.97024083 1.0083846 1.01146 0.5413658 0.5384899 0.4018512 0.39946267 0.9695119 0.9779369 0.9801504 0.98869646 0.98794943 0.85488826 1.0045581 0.9958304 1.002652 1.0133885 0.8486616 0.8502134 0.9842255 0.9666036 0.98869646 0.98832285 0.41234812 1.0037951 0 0.33237523 0.40992597
0.97024083 0.9768326 0.96190137 1.015322 1.0130024 0.52689326 0.54054296 0.401168 0.39997387 0.9611805 0.97170067 0.9768326 0.9860852 0.98869646 0.85488826 1.005704 1.0030329 1.005704 1.0080011 0.85114604 0.8461853 0.98051995 0.9572284 0.98125964 0.9894442 0.40373325 0.99847597 0.33237523 0 0.40544835
0.9687838 1.0011308 0.98496884 1.0238891 1.0076177 0.5279034 0.5358292 0.3077075 0.30997178 0.9738958 0.97316337 0.9845971 0.9775687 0.9920673 0.84310144 1.0072346 1.0011308 1.0045581 1.014548 0.8354467 0.8381934 0.97720057 0.96334505 0.9783054 0.99999183 0.41079012 0.99131685 0.40992597 0.40544835 0
