0 1.0053219 1.0203725 1.0149349 0.7853693 0.7737762 0.6311194 0.6269553 0.7805406 1.0457449 1.0373245 1.01069 0.77405685 0.7695792 0.7734957 0.77940893 1.0203725 0.62304366 0.6221262 1.0203725 1.0164845 0.77771467 1.0126165 0.77715075 0.6360069 0.76429653 0.6339084 0.6262635 0.6343742 1.0068517
1.0053219 0 0.1691097 0.16448817 1.0126165 1.0080011 0.9980974 0.9842255 0.99281836 0.4869913 0.48679987 0.48241112 1.0293922 1.0282096 1.0072346 1.0064689 0.48279172 0.96841997 0.97024083 0.4837441 0.4843161 1.0015109 0.47483912 0.99999183 0.9713354 1.002652 0.9706055 0.96298385 0.98125964 0.19123371
1.0203725 0.1691097 0 0.14920415 1.0157093 1.0160967 0.9943229 0.98645765 0.99923354 0.4919849 0.493142 0.48967603 1.0297868 1.0238891 1.0011308 0.9969631 0.48393473 0.9779369 0.9775687 0.48488855 0.48833245 1.002652 0.48108047 1.002652 0.98683035 1.0141612 0.9845971 0.97573 0.98869646 0.19446675
1.0149349 0.16448817 0.14920415 0 1.0207624 1.0195932 0.99357027 0.98832285 1.0030329 0.4923704 0.49294904 0.49025255 1.0317632 1.0282096 1.01146 1.014548 0.48546144 0.98348296 0.9845971 0.48641723 0.48929188 1.0003713 0.47748062 0.99961257 0.99357027 1.0176488 0.9920673 0.9746289 0.9943229 0.1942076
0.7853693 1.0126165 1.0157093 1.0207624 0 0.1555757 0.7853693 0.7709756 0.15275083 1.0665966 1.0587604 1.0060863 0.44078 0.4393415 0.44402677 0.44114006 1.0325551 0.78082377 0.77771467 1.0365276 1.0417235 0.15275083 1.0297868 0.15226063 0.7893693 0.26280668 0.77209455 0.7737762 0.78337723 1.0011308
0.7737762 1.0080011 1.0160967 1.0195932 0.1555757 0 0.7830931 0.7737762 0.094966486 1.0485728 1.0437315 1.000751 0.43700978 0.43754724 0.4393415 0.43486387 1.0242808 0.7729349 0.77209455 1.0305767 1.033348 0.09032741 1.0157093 0.090214625 0.78650993 0.26223904 0.77940893 0.76651627 0.77715075 1.0041765
0.6311194 0.9980974 0.9943229 0.99357027 0.7853693 0.7830931 0 0.08931291 0.7822413 1.01069 1.0133885 0.9801504 0.77153486 0.7709756 0.7565787 0.75960124 0.9943229 0.45330298 0.45348603 0.99357027 1.0034139 0.7802575 0.9931942 0.77884376 0.4507451 0.76985824 0.44946945 0.44765082 0.24721184 0.9845971
0.6269553 0.9842255 0.98645765 0.98832285 0.7709756 0.7737762 0.08931291 0 0.76651627 1.0072346 1.0118452 0.97024083 0.7681854 0.7673504 0.75520885 0.7593259 0.9939465 0.45184028 0.45056275 0.9920673 1.0022715 0.7729349 0.98794943 0.7701374 0.44692463 0.75712734 0.44276246 0.4474692 0.24957931 0.9764649
0.7805406 0.99281836 0.99923354 1.0030329 0.15275083 0.094966486 0.7822413 0.76651627 0 1.0401208 1.0341415 0.9920673 0.43772647 0.43808508 0.43790576 0.4330803 1.0188149 0.7676286 0.76457363 1.0274222 1.0317632 0.070952825 1.0030329 0.07128266 0.7799746 0.26309067 0.77321523 0.76457363 0.77884376 0.98869646
1.0457449 0.4869913 0.4919849 0.4923704 1.0665966 1.0485728 1.01069 1.0072346 1.0401208 0 0.04608747 0.5069718 1.0405211 1.0421246 1.0195932 1.0157093 0.21403022 1.0076177 1.0083846 0.21217017 0.2148288 1.0433295 0.4841254 1.0417235 1.0227151 1.0433295 1.0060863 1.0041765 1.0072346 0.48929188
1.0373245 0.48679987 0.493142 0.49294904 1.0587604 1.0437315 1.0133885 1.0118452 1.0341415 0.04608747 0 0.50344145 1.0385218 1.0389212 1.0238891 1.0199828 0.21031472 0.9894442 0.98869646 0.21031472 0.21217017 1.0393208 0.47634742 1.0385218 1.0103053 1.0465518 0.99545324 1.001891 0.9943229 0.4915996
1.01069 0.48241112 0.48967603 0.49025255 1.0060863 1.000751 0.9801504 0.97024083 0.9920673 0.5069718 0.50344145 0 1.0266355 1.0238891 0.99357027 0.99357027 0.49623638 0.97426224 0.98125964 0.4958489 0.4979826 0.99131685 0.49333504 0.98832285 0.9872032 0.99281836 0.99658537 0.9746289 0.97352946 0.4890999
0.77405685 1.0293922 1.0297868 1.0317632 0.44078 0.43700978 0.77153486 0.7681854 0.43772647 1.0405211 1.0385218 1.0266355 0 0.040156074 0.39589408 0.39538565 1.0180373 0.76512814 0.7598766 1.0203725 1.0246727 0.43147868 1.0215429 0.43094555 0.7862246 0.42404935 0.76651627 0.77940893 0.7779968 1.0011308
0.7695792 1.0282096 1.0238891 1.0282096 0.4393415 0.43754724 0.7709756 0.7673504 0.43808508 1.0421246 1.0389212 1.0238891 0.040156074 0 0.3901521 0.38998386 1.0126165 0.7609791 0.75603044 1.0160967 1.0203725 0.43183428 1.0207624 0.43112323 0.7813905 0.42194015 0.76512814 0.7765873 0.77856135 0.99847597
0.7734957 1.0072346 1.0011308 1.01146 0.44402677 0.4393415 0.7565787 0.75520885 0.43790576 1.0195932 1.0238891 0.99357027 0.39589408 0.3901521 0 0.03259828 0.99961257 0.7585007 0.7554826 1.0064689 1.0080011 0.4362938 0.99885464 0.4345068 0.77321523 0.4268709 0.75960124 0.7557565 0.7579511 0.9898184
0.77940893 1.0064689 0.9969631 1.014548 0.44114006 0.43486387 0.75960124 0.7593259 0.4330803 1.0157093 1.0199828 0.99357027 0.39538565 0.38998386 0.03259828 0 0.9980974 0.75960124 0.75712734 1.0049399 1.0053219 0.43219006 0.99734104 0.43059036 0.776869 0.42757794 0.7601521 0.7587757 0.7598766 0.98645765
1.0203725 0.48279172 0.48393473 0.48546144 1.0325551 1.0242808 0.9943229 0.9939465 1.0188149 0.21403022 0.21031472 0.49623638 1.0180373 1.0126165 0.99961257 0.9980974 0 0.9977191 0.99734104 0.023153748 0.02480573 1.0180373 0.47051957 1.019204 0.98907024 1.0122308 0.990942 0.9845971 0.9845971 0.483363
0.62304366 0.96841997 0.9779369 0.98348296 0.78082377 0.7729349 0.45330298 0.45184028 0.7676286 1.0076177 0.9894442 0.97426224 0.76512814 0.7609791 0.7585007 0.75960124 0.9977191 0 0.019963348 1.001891 1.0049399 0.7690214 0.99281836 0.7676286 0.3411491 0.7511142 0.37929565 0.37979326 0.4500159 0.9637064
0.6221262 0.97024083 0.9775687 0.9845971 0.77771467 0.77209455 0.45348603 0.45056275 0.76457363 1.0083846 0.98869646 0.98125964 0.7598766 0.75603044 0.7554826 0.75712734 0.99734104 0.019963348 0 1.000751 1.0037951 0.76707226 0.98832285 0.76540554 0.3411491 0.75056994 0.37929565 0.3812881 0.44855958 0.96406794
1.0203725 0.4837441 0.48488855 0.48641723 1.0365276 1.0305767 0.99357027 0.9920673 1.0274222 0.21217017 0.21031472 0.4958489 1.0203725 1.0160967 1.0064689 1.0049399 0.023153748 1.001891 1.000751 0 0.015560305 1.0231062 0.47014514 1.0238891 0.99961257 1.0207624 0.99357027 0.9831119 0.98237044 0.48108047
1.0164845 0.4843161 0.48833245 0.48929188 1.0417235 1.033348 1.0034139 1.0022715 1.0317632 0.2148288 0.21217017 0.4979826 1.0246727 1.0203725 1.0080011 1.0053219 0.02480573 1.0049399 1.0037951 0.015560305 0 1.0274222 0.47220686 1.0289978 0.99923354 1.0258498 0.9958304 0.9872032 0.9901927 0.48603475
0.77771467 1.0015109 1.002652 1.0003713 0.15275083 0.09032741 0.7802575 0.7729349 0.070952825 1.0433295 1.0393208 0.99131685 0.43147868 0.43183428 0.4362938 0.43219006 1.0180373 0.7690214 0.76707226 1.0231062 1.0274222 0 1.000751 0.010777061 0.77771467 0.26522398 0.7763057 0.76485085 0.7743376 0.99281836
1.0126165 0.47483912 0.48108047 0.47748062 1.0297868 1.0157093 0.9931942 0.98794943 1.0030329 0.4841254 0.47634742 0.49333504 1.0215429 1.0207624 0.99885464 0.99734104 0.47051957 0.99281836 0.98832285 0.47014514 0.47220686 1.000751 0 0.9980974 0.97609735 1.0149349 0.9958304 0.9669665 0.9931942 0.4771027
0.77715075 0.99999183 1.002652 0.99961257 0.15226063 0.090214625 0.77884376 0.7701374 0.07128266 1.0417235 1.0385218 0.98832285 0.43094555 0.43112323 0.4345068 0.43059036 1.019204 0.7676286 0.76540554 1.0238891 1.0289978 0.010777061 0.9980974 0 0.77856135 0.2646545 0.7737762 0.76651627 0.7737762 0.9901927
0.6360069 0.9713354 0.98683035 0.99357027 0.7893693 0.78650993 0.4507451 0.44692463 0.7799746 1.0227151 1.0103053 0.9872032 0.7862246 0.7813905 0.77321523 0.776869 0.98907024 0.3411491 0.3411491 0.99961257 0.99923354 0.77771467 0.97609735 0.77856135 0 0.7609791 0.3836194 0.38278595 0.44493115 0.9706055
0.76429653 1.002652 1.0141612 1.0176488 0.26280668 0.26223904 0.76985824 0.75712734 0.26309067 1.0433295 1.0465518 0.99281836 0.42404935 0.42194015 0.4268709 0.42757794 1.0122308 0.7511142 0.75056994 1.0207624 1.0258498 0.26522398 1.0149349 0.2646545 0.7609791 0 0.75712734 0.74650043 0.7598766 1.0011308
0.6339084 0.9706055 0.9845971 0.9920673 0.77209455 0.77940893 0.44946945 0.44276246 0.77321523 1.0060863 0.99545324 0.99658537 0.76651627 0.76512814 0.75960124 0.7601521 0.990942 0.37929565 0.37929565 0.99357027 0.9958304 0.7763057 0.9958304 0.7737762 0.3836194 0.75712734 0 0.25954857 0.4389823 0.9680563
0.6262635 0.96298385 0.97573 0.9746289 0.7737762 0.76651627 0.44765082 0.4474692 0.76457363 1.0041765 1.001891 0.9746289 0.77940893 0.7765873 0.7557565 0.7587757 0.9845971 0.37979326 0.3812881 0.9831119 0.9872032 0.76485085 0.9669665 0.76651627 0.38278595 0.74650043 0.25954857 0 0.4507451 0.959741
0.6343742 0.98125964 0.98869646 0.9943229 0.78337723 0.77715075 0.24721184 0.24957931 0.77884376 1.0072346 0.9943229 0.97352946 0.7779968 0.77856135 0.7579511 0.7598766 0.9845971 0.4500159 0.44855958 0.98237044 0.9901927 0.7743376 0.9931942 0.7737762 0.44493115 0.7598766 0.4389823 0.4507451 0 0.96769285
1.0068517 0.19123371 0.19446675 0.1942076 1.0011308 1.0041765 0.9845971 0.9764649 0.98869646 0.48929188 0.4915996 0.4890999 1.0011308 0.99847597 0.9898184 0.98645765 0.483363 0.9637064 0.96406794 0.48108047 0.48603475 0.99281836 0.4771027 0.9901927 0.9706055 1.0011308 0.9680563 0.959741 0.96769285 0
