0 0.99885464 1.0270288 0.5174642 1.0015109 0.6927383 0.6847222 0.51190275 0.5172649 0.99734104 0.99885464 0.53480834 1.0003713 1.0060863 0.5399264 0.9801504 0.98125964 1.0289978 1.0199828 1.0118452 1.0064689 0.5374654 1.0234975 0.54116 1.005704 1.0049399 0.5440462 1.005704 0.68621874 0.50148726
0.99885464 0 0.17805864 1.0068517 0.94549555 1.000751 0.9827411 1.0126165 1.0176488 0.9304776 0.93568236 1.0157093 0.9339434 0.9353342 1.0037951 0.9287507 0.9304776 0.9655158 0.9543672 0.9626228 0.9626228 1.0034139 0.95472425 0.99999183 0.9522284 0.9540103 1.0087683 0.94479036 0.9958304 1.0207624
1.0270288 0.17805864 0 1.032159 0.9479691 0.99847597 0.9943229 1.0282096 1.0274222 0.9388226 0.9419761 1.0258498 0.9388226 0.9388226 1.0176488 0.93151563 0.9342909 0.98237044 0.9709704 0.9626228 0.9611805 1.0215429 0.9575869 1.0149349 0.96226203 0.9557965 1.0282096 0.9557965 1.000751 1.0385218
0.5174642 1.0068517 1.032159 0 0.97867405 0.68049824 0.67212105 0.16311966 0.16212596 0.9680563 0.9801504 0.5166672 0.9816297 0.97941184 0.52367 0.9658782 0.9680563 1.0053219 0.9969631 1.0053219 1.001891 0.5228664 1.0110749 0.5198604 0.98757625 0.99169195 0.53033316 0.99847597 0.6669932 0.23288897
1.0015109 0.94549555 0.9479691 0.97867405 0 1.0034139 0.9924427 0.9831119 0.9831119 0.0939457 0.0942858 0.98496884 0.092926286 0.094512634 0.98907024 0.16685782 0.16598392 0.9472615 0.94162506 0.9611805 0.9543672 0.9920673 0.94903165 0.9860852 0.95508146 0.92119914 0.9924427 0.2858721 0.99056727 0.95615417
0.6927383 1.000751 0.99847597 0.68049824 1.0034139 0 0.090214625 0.67926043 0.67926043 0.98869646 1.0041765 0.6785187 0.99658537 0.9946995 0.6827315 0.97024083 0.97573 1.0095364 1.01069 1.0231062 1.0164845 0.68397504 1.0137748 0.682483 1.0030329 0.99847597 0.70543754 1.0110749 0.26124668 0.6684547
0.6847222 0.9827411 0.9943229 0.67212105 0.9924427 0.090214625 0 0.67114156 0.67016345 0.9783054 0.98757625 0.6713863 0.98237044 0.9808897 0.6745752 0.9583042 0.9644296 1.0068517 1.0049399 1.019204 1.0122308 0.675067 1.01069 0.6723661 1.0045581 0.99734104 0.70033205 0.9980974 0.26153007 0.662142
0.51190275 1.0126165 1.0282096 0.16311966 0.9831119 0.67926043 0.67114156 0 0.065585874 0.96841997 0.98348296 0.5226656 0.982 0.982 0.5254814 0.9608204 0.9593815 1.0087683 0.99999183 1.0064689 0.99999183 0.5264896 1.0215429 0.52487713 0.9943229 0.99999183 0.5344004 0.99056727 0.6696748 0.23740417
0.5172649 1.0176488 1.0274222 0.16212596 0.9831119 0.67926043 0.67016345 0.065585874 0 0.97170067 0.98348296 0.520861 0.982 0.9827411 0.530536 0.9608204 0.96010065 1.0122308 1.0022715 1.0076177 0.99961257 0.52931976 1.0258498 0.5283078 0.99923354 1.0034139 0.5389 0.9931942 0.6672366 0.23754142
0.99734104 0.9304776 0.9388226 0.9680563 0.0939457 0.98869646 0.9783054 0.96841997 0.97170067 0 0.051423293 0.9783054 0.051316205 0.053568296 0.9872032 0.16014248 0.15878189 0.9504507 0.9465546 0.944438 0.9388226 0.98907024 0.94373375 0.9872032 0.9440858 0.9225665 0.9920673 0.28149295 0.97243166 0.944438
0.99885464 0.93568236 0.9419761 0.9801504 0.0942858 1.0041765 0.98757625 0.98348296 0.98348296 0.051423293 0 0.9801504 0.039101817 0.041211817 0.9857129 0.15828773 0.15680721 0.95615417 0.9536536 0.9583042 0.9511613 0.98869646 0.9479691 0.98832285 0.9511613 0.9266836 0.9943229 0.2830957 0.9768326 0.9575869
0.53480834 1.0157093 1.0258498 0.5166672 0.98496884 0.6785187 0.6713863 0.5226656 0.520861 0.9783054 0.9801504 0 0.9764649 0.97426224 0.40751162 0.96334505 0.9626228 1.001891 0.9931942 1.001891 0.99658537 0.4039046 1.0045581 0.40270612 0.9920673 1.0034139 0.41252142 0.9924427 0.66918653 0.5186613
1.0003713 0.9339434 0.9388226 0.9816297 0.092926286 0.99658537 0.98237044 0.982 0.982 0.051316205 0.039101817 0.9764649 0 0.036787648 0.982 0.15804078 0.1561912 0.95615417 0.953297 0.9518725 0.9440858 0.98496884 0.94267863 0.9831119 0.94549555 0.9256522 0.99131685 0.28163853 0.97426224 0.9543672
1.0060863 0.9353342 0.9388226 0.97941184 0.094512634 0.9946995 0.9808897 0.982 0.9827411 0.053568296 0.041211817 0.97426224 0.036787648 0 0.982 0.15841123 0.1573004 0.959741 0.9568702 0.9669665 0.9611805 0.9842255 0.9554389 0.98348296 0.9593815 0.93324894 0.9872032 0.282804 0.97206604 0.9575869
0.5399264 1.0037951 1.0176488 0.52367 0.98907024 0.6827315 0.6745752 0.5254814 0.530536 0.9872032 0.9857129 0.40751162 0.982 0.982 0 0.9691478 0.9655158 0.9943229 0.9924427 0.99961257 0.99545324 0.036262695 0.99961257 0.03479478 0.98645765 0.9924427 0.28763095 0.9898184 0.67531306 0.5172649
0.9801504 0.9287507 0.93151563 0.9658782 0.16685782 0.97024083 0.9583042 0.9608204 0.9608204 0.16014248 0.15828773 0.96334505 0.15804078 0.15841123 0.9691478 0 0.027809257 0.93987226 0.93847305 0.9536536 0.9476152 0.97867405 0.95080596 0.97609735 0.9522284 0.91983426 0.9790429 0.27960324 0.9565121 0.95258445
0.98125964 0.9304776 0.9342909 0.9680563 0.16598392 0.97573 0.9644296 0.9593815 0.96010065 0.15878189 0.15680721 0.9626228 0.1561912 0.1573004 0.9655158 0.027809257 0 0.9391723 0.9391723 0.95258445 0.944438 0.97316337 0.9430302 0.97170067 0.94514287 0.92462224 0.98125964 0.28003892 0.96334505 0.9511613
1.0289978 0.9655158 0.98237044 1.0053219 0.9472615 1.0095364 1.0068517 1.0087683 1.0122308 0.9504507 0.95615417 1.001891 0.95615417 0.959741 0.9943229 0.93987226 0.9391723 0 0.028224481 0.4856525 0.48241112 0.9958304 0.4820307 0.99281836 0.47540435 0.2857257 0.9980974 0.9651536 1.0149349 0.9958304
1.0199828 0.9543672 0.9709704 0.9969631 0.94162506 1.01069 1.0049399 0.99999183 1.0022715 0.9465546 0.9536536 0.9931942 0.953297 0.9568702 0.9924427 0.93847305 0.9391723 0.028224481 0 0.48089057 0.47766966 0.9924427 0.47899425 0.9898184 0.47108158 0.28265825 0.9920673 0.9673296 1.0141612 0.99545324
1.0118452 0.9626228 0.9626228 1.0053219 0.9611805 1.0231062 1.019204 1.0064689 1.0076177 0.944438 0.9583042 1.001891 0.9518725 0.9669665 0.99961257 0.9536536 0.95258445 0.4856525 0.48089057 0 0.024909101 1.000751 0.33784685 1.000751 0.31695846 0.4846977 1.0168724 0.9853408 1.036926 1.001891
1.0064689 0.9626228 0.9611805 1.001891 0.9543672 1.0164845 1.0122308 0.99999183 0.99961257 0.9388226 0.9511613 0.99658537 0.9440858 0.9611805 0.99545324 0.9476152 0.944438 0.48241112 0.47766966 0.024909101 0 0.9958304 0.33455908 0.99545324 0.31345698 0.47918367 1.01069 0.9753628 1.0270288 0.9962078
0.5374654 1.0034139 1.0215429 0.5228664 0.9920673 0.68397504 0.675067 0.5264896 0.52931976 0.98907024 0.98869646 0.4039046 0.98496884 0.9842255 0.036262695 0.97867405 0.97316337 0.9958304 0.9924427 1.000751 0.9958304 0 1.002652 0.014438084 0.9857129 0.99281836 0.2888058 0.99961257 0.6785187 0.5182621
1.0234975 0.95472425 0.9575869 1.0110749 0.94903165 1.0137748 1.01069 1.0215429 1.0258498 0.94373375 0.9479691 1.0045581 0.94267863 0.9554389 0.99961257 0.95080596 0.9430302 0.4820307 0.47899425 0.33784685 0.33455908 1.002652 0 0.99847597 0.3206297 0.4826014 1.0227151 0.97352946 1.0278157 1.001891
0.54116 0.99999183 1.0149349 0.5198604 0.9860852 0.682483 0.6723661 0.52487713 0.5283078 0.9872032 0.98832285 0.40270612 0.9831119 0.98348296 0.03479478 0.97609735 0.97170067 0.99281836 0.9898184 1.000751 0.99545324 0.014438084 0.99847597 0 0.9872032 0.98683035 0.28763095 0.9943229 0.6777777 0.5172649
1.005704 0.9522284 0.96226203 0.98757625 0.95508146 1.0030329 1.0045581 0.9943229 0.99923354 0.9440858 0.9511613 0.9920673 0.94549555 0.9593815 0.98645765 0.9522284 0.94514287 0.47540435 0.47108158 0.31695846 0.31345698 0.9857129 0.3206297 0.9872032 0 0.47729164 1.0053219 0.97352946 1.002652 0.9901927
1.0049399 0.9540103 0.9557965 0.99169195 0.92119914 0.99847597 0.99734104 0.99999183 1.0034139 0.9225665 0.9266836 1.0034139 0.9256522 0.93324894 0.9924427 0.91983426 0.92462224 0.2857257 0.28265825 0.4846977 0.47918367 0.99281836 0.4826014 0.98683035 0.47729164 0 1.0160967 0.9433819 0.99885464 0.9924427
0.5440462 1.0087683 1.0282096 0.53033316 0.9924427 0.70543754 0.70033205 0.5344004 0.5389 0.9920673 0.9943229 0.41252142 0.99131685 0.9872032 0.28763095 0.9790429 0.98125964 0.9980974 0.9920673 1.0168724 1.01069 0.2888058 1.0227151 0.28763095 1.0053219 1.0160967 0 1.005704 0.6882187 0.52749914
1.005704 0.94479036 0.9557965 0.99847597 0.2858721 1.0110749 0.9980974 0.99056727 0.9931942 0.28149295 0.2830957 0.9924427 0.28163853 0.282804 0.9898184 0.27960324 0.28003892 0.9651536 0.9673296 0.9853408 0.9753628 0.99961257 0.97352946 0.9943229 0.97352946 0.9433819 1.005704 0 0.98496884 0.9894442
0.68621874 0.9958304 1.000751 0.6669932 0.99056727 0.26124668 0.26153007 0.6696748 0.6672366 0.97243166 0.9768326 0.66918653 0.97426224 0.97206604 0.67531306 0.9565121 0.96334505 1.0149349 1.0141612 1.036926 1.0270288 0.6785187 1.0278157 0.6777777 1.002652 0.99885464 0.6882187 0.98496884 0 0.6590054
0.50148726 1.0207624 1.0385218 0.23288897 0.95615417 0.6684547 0.662142 0.23740417 0.23754142 0.944438 0.9575869 0.5186613 0.9543672 0.9575869 0.5172649 0.95258445 0.9511613 0.9958304 0.99545324 1.001891 0.9962078 0.5182621 1.001891 0.5172649 0.9901927 0.9924427 0.52749914 0.9894442 0.6590054 0
