0 0.9845971 0.98348296 0.98645765 0.5713908 0.57010657 0.99847597 1.0003713 0.99999183 0.98051995 0.97978103 1.0045581 0.5741809 0.5720337 0.9779369 0.9783054 0.982 0.98051995 0.9816297 0.9898184 0.9898184 0.4788049 0.57289183 0.4771027 0.56967896 0.98645765 0.57053435 0.556333 0.9831119 0.5698927
0.9845971 0 0.17565337 0.1671077 0.98869646 0.98907024 0.9137229 0.9110226 0.9127091 0.14373367 0.13830279 0.40339074 0.9898184 0.99885464 0.1421607 0.14349145 0.14470328 0.30545005 0.3068037 0.90098226 0.8999856 0.98051995 0.990942 0.97499573 1.0091523 0.8881276 0.9943229 0.98348296 0.3068037 0.982
0.98348296 0.17565337 0 0.13124138 0.9939465 0.9950763 0.9130469 0.90565103 0.90933985 0.17061472 0.16623351 0.4039046 0.9943229 1.0030329 0.17124271 0.17338179 0.17375991 0.3043989 0.3048492 0.8937039 0.8933747 0.9764649 0.9950763 0.97206604 1.0149349 0.90231323 1.0099207 0.98907024 0.30364898 0.9931942
0.98645765 0.1671077 0.13124138 0 0.9853408 0.98832285 0.903313 0.89469224 0.89667284 0.16486183 0.16076176 0.3930176 0.9931942 1.002652 0.16436365 0.1661087 0.16685782 0.29856926 0.30005974 0.9019803 0.9019803 0.982 0.99169195 0.97499573 1.0034139 0.91169673 1.0103053 0.97720057 0.302301 0.9853408
0.5713908 0.98869646 0.9939465 0.9853408 0 0.10790278 1.0083846 1.0095364 1.0049399 0.9939465 0.98832285 0.99847597 0.33144122 0.33221948 0.9898184 0.99281836 0.9901927 1.0037951 0.99923354 1.0030329 1.001891 0.56477904 0.37351432 0.5641423 0.4956552 1.005704 0.48737422 0.4746508 0.9872032 0.15348673
0.57010657 0.98907024 0.9950763 0.98832285 0.10790278 0 1.0053219 1.0068517 1.0015109 0.99056727 0.98683035 1.0022715 0.33237523 0.33424672 0.9860852 0.990942 0.98683035 1.0011308 0.99658537 0.99658537 0.99658537 0.5630822 0.37747386 0.56117785 0.49662408 1.0015109 0.48967603 0.47994182 0.9894442 0.15360944
0.99847597 0.9137229 0.9130469 0.903313 1.0083846 1.0053219 0 0.06820979 0.06602256 0.9137229 0.91473794 0.90933985 1.0126165 1.0180373 0.9100125 0.91406107 0.9150766 0.9160936 0.9160936 0.7235857 0.72384816 0.9842255 1.0130024 0.98125964 1.0168724 0.72253674 1.0060863 0.98051995 0.91643286 1.0122308
1.0003713 0.9110226 0.90565103 0.89469224 1.0095364 1.0068517 0.06820979 0 0.054965846 0.9059856 0.90933985 0.90565103 1.005704 1.0126165 0.90565103 0.908332 0.910349 0.91643286 0.9167723 0.7209661 0.72253674 0.9768326 1.0045581 0.97206604 1.0157093 0.7259512 1.0072346 0.97941184 0.9069903 1.0157093
0.99999183 0.9127091 0.90933985 0.89667284 1.0049399 1.0015109 0.06602256 0.054965846 0 0.9113596 0.9113596 0.90665525 1.0103053 1.0172604 0.9086678 0.91169673 0.9150766 0.9188122 0.9188122 0.7222747 0.7235857 0.97609735 1.0080011 0.97170067 1.0168724 0.71992075 1.0130024 0.9790429 0.9069903 1.0172604
0.98051995 0.14373367 0.17061472 0.16486183 0.9939465 0.99056727 0.9137229 0.9059856 0.9113596 0 0.046300177 0.39725155 0.982 0.99131685 0.12342017 0.12530875 0.12578164 0.30304956 0.3048492 0.9063204 0.9059856 0.97609735 0.9898184 0.97243166 1.0011308 0.90031767 0.9924427 0.9831119 0.30469906 0.9860852
0.97978103 0.13830279 0.16623351 0.16076176 0.98832285 0.98683035 0.91473794 0.90933985 0.9113596 0.046300177 0 0.39487758 0.9827411 0.99281836 0.12012657 0.1218892 0.12212453 0.30080608 0.30304956 0.8983274 0.89766514 0.97024083 0.9857129 0.9669665 0.9980974 0.89601207 0.9827411 0.97941184 0.30319938 0.9801504
1.0045581 0.40339074 0.4039046 0.3930176 0.99847597 1.0022715 0.90933985 0.90565103 0.90665525 0.39725155 0.39487758 0 0.98051995 0.98794943 0.3930176 0.39572456 0.3965725 0.3849548 0.38579065 0.9059856 0.90799636 0.9872032 1.0176488 0.9857129 1.0022715 0.90665525 0.99885464 0.98794943 0.3911622 0.9943229
0.5741809 0.9898184 0.9943229 0.9931942 0.33144122 0.33237523 1.0126165 1.005704 1.0103053 0.982 0.9827411 0.98051995 0 0.023876043 0.99999183 0.99923354 0.99999183 0.9831119 0.97978103 0.9924427 0.9920673 0.56584156 0.37269205 0.5641423 0.49294904 0.9898184 0.48756576 0.48679987 0.98496884 0.3286462
0.5720337 0.99885464 1.0030329 1.002652 0.33221948 0.33424672 1.0180373 1.0126165 1.0172604 0.99131685 0.99281836 0.98794943 0.023876043 0 1.0095364 1.0095364 1.0095364 0.99131685 0.98794943 1.0011308 1.0015109 0.5692516 0.3749967 0.56711847 0.4956552 0.99545324 0.491022 0.48833245 0.990942 0.33004242
0.9779369 0.1421607 0.17124271 0.16436365 0.9898184 0.9860852 0.9100125 0.90565103 0.9086678 0.12342017 0.12012657 0.3930176 0.99999183 1.0095364 0 0.019347416 0.020168772 0.29946318 0.302301 0.90398026 0.90231323 0.98794943 0.98832285 0.9860852 1.0130024 0.89865875 0.9962078 0.9931942 0.29856926 0.9801504
0.9783054 0.14349145 0.17338179 0.1661087 0.99281836 0.990942 0.91406107 0.908332 0.91169673 0.12530875 0.1218892 0.39572456 0.99923354 1.0095364 0.019347416 0 0.016479736 0.30275005 0.30499938 0.9096761 0.90900373 0.98832285 0.9962078 0.9857129 1.0110749 0.8996537 0.9980974 0.9898184 0.30304956 0.9842255
0.982 0.14470328 0.17375991 0.16685782 0.9901927 0.98683035 0.9150766 0.910349 0.9150766 0.12578164 0.12212453 0.3965725 0.99999183 1.0095364 0.020168772 0.016479736 0 0.30394885 0.30650267 0.9106857 0.9096761 0.9872032 0.98757625 0.9842255 1.0091523 0.9019803 0.99885464 0.9845971 0.30394885 0.97941184
0.98051995 0.30545005 0.3043989 0.29856926 1.0037951 1.0011308 0.9160936 0.91643286 0.9188122 0.30304956 0.30080608 0.3849548 0.9831119 0.99131685 0.29946318 0.30275005 0.30394885 0 0.014947977 0.8920595 0.8937039 0.9857129 0.99847597 0.9857129 1.0137748 0.88682157 0.99734104 0.9764649 0.19615345 1.0022715
0.9816297 0.3068037 0.3048492 0.30005974 0.99923354 0.99658537 0.9160936 0.9167723 0.9188122 0.3048492 0.30304956 0.38579065 0.97978103 0.98794943 0.302301 0.30499938 0.30650267 0.014947977 0 0.8910746 0.8927168 0.9845971 0.9924427 0.9842255 1.01069 0.88780093 0.9931942 0.9753628 0.1966732 0.99734104
0.9898184 0.90098226 0.8937039 0.9019803 1.0030329 0.99658537 0.7235857 0.7209661 0.7222747 0.9063204 0.8983274 0.9059856 0.9924427 1.0011308 0.90398026 0.9096761 0.9106857 0.8920595 0.8910746 0 0.009054436 0.9695119 1.0064689 0.9666036 1.0041765 0.33081922 0.9898184 0.99281836 0.9036466 1.01069
0.9898184 0.8999856 0.8933747 0.9019803 1.001891 0.99658537 0.72384816 0.72253674 0.7235857 0.9059856 0.89766514 0.90799636 0.9920673 1.0015109 0.90231323 0.90900373 0.9096761 0.8937039 0.8927168 0.009054436 0 0.9662408 1.0045581 0.96406794 1.0037951 0.32988715 0.98794943 0.9939465 0.90498227 1.0099207
0.4788049 0.98051995 0.9764649 0.982 0.56477904 0.5630822 0.9842255 0.9768326 0.97609735 0.97609735 0.97024083 0.9872032 0.56584156 0.5692516 0.98794943 0.98832285 0.9872032 0.9857129 0.9845971 0.9695119 0.9662408 0 0.5731065 0.009358142 0.55885684 0.9669665 0.5724627 0.5569632 0.9827411 0.56818426
0.57289183 0.990942 0.9950763 0.99169195 0.37351432 0.37747386 1.0130024 1.0045581 1.0080011 0.9898184 0.9857129 1.0176488 0.37269205 0.3749967 0.98832285 0.9962078 0.98757625 0.99847597 0.9924427 1.0064689 1.0045581 0.5731065 0 0.57224816 0.49934357 0.9950763 0.49025255 0.48450688 0.9901927 0.37187067
0.4771027 0.97499573 0.97206604 0.97499573 0.5641423 0.56117785 0.98125964 0.97206604 0.97170067 0.97243166 0.9669665 0.9857129 0.5641423 0.56711847 0.9860852 0.9857129 0.9842255 0.9857129 0.9842255 0.9666036 0.96406794 0.009358142 0.57224816 0 0.560333 0.9644296 0.5731065 0.5557034 0.98051995 0.56477904
0.56967896 1.0091523 1.0149349 1.0034139 0.4956552 0.49662408 1.0168724 1.0157093 1.0168724 1.0011308 0.9980974 1.0022715 0.49294904 0.4956552 1.0130024 1.0110749 1.0091523 1.0137748 1.01069 1.0041765 1.0037951 0.55885684 0.49934357 0.560333 0 0.9924427 0.354345 0.34020412 1.0095364 0.4946876
0.98645765 0.8881276 0.90231323 0.91169673 1.005704 1.0015109 0.72253674 0.7259512 0.71992075 0.90031767 0.89601207 0.90665525 0.9898184 0.99545324 0.89865875 0.8996537 0.9019803 0.88682157 0.88780093 0.33081922 0.32988715 0.9669665 0.9950763 0.9644296 0.9924427 0 0.97352946 0.9746289 0.8897634 1.01069
0.57053435 0.9943229 1.0099207 1.0103053 0.48737422 0.48967603 1.0060863 1.0072346 1.0130024 0.9924427 0.9827411 0.99885464 0.48756576 0.491022 0.9962078 0.9980974 0.99885464 0.99734104 0.9931942 0.9898184 0.98794943 0.5724627 0.49025255 0.5731065 0.354345 0.97352946 0 0.2967846 0.99169195 0.4869913
0.556333 0.98348296 0.98907024 0.97720057 0.4746508 0.47994182 0.98051995 0.97941184 0.9790429 0.9831119 0.97941184 0.98794943 0.48679987 0.48833245 0.9931942 0.9898184 0.9845971 0.9764649 0.9753628 0.99281836 0.9939465 0.5569632 0.48450688 0.5557034 0.34020412 0.9746289 0.2967846 0 0.9775687 0.4769138
0.9831119 0.3068037 0.30364898 0.302301 0.9872032 0.9894442 0.91643286 0.9069903 0.9069903 0.30469906 0.30319938 0.3911622 0.98496884 0.990942 0.29856926 0.30304956 0.30394885 0.19615345 0.1966732 0.9036466 0.90498227 0.9827411 0.9901927 0.98051995 1.0095364 0.8897634 0.99169195 0.9775687 0 0.98869646
0.5698927 0.982 0.9931942 0.9853408 0.15348673 0.15360944 1.0122308 1.0157093 1.0172604 0.9860852 0.9801504 0.9943229 0.3286462 0.33004242 0.9801504 0.9842255 0.97941184 1.0022715 0.99734104 1.01069 1.0099207 0.56818426 0.37187067 0.56477904 0.4946876 1.01069 0.4869913 0.4769138 0.98869646 0
