0 0.778279 0.7890828 0.7853693 0.7842303 0.78394586 0.7830931 0.7779968 0.7799746 0.77321523 0.78793824 0.98832285 1.0103053 1.002652 1.0361294 0.7936788 0.79656565 1.0270288 1.0270288 0.990942 0.99169195 0.78508437 1.002652 0.7867954 0.9790429 0.9901927 1.0015109 1.0441338 0.7845149 0.7905161
0.778279 0 0.21669547 0.5968834 0.60849774 0.45165765 0.3898157 0.3930176 0.44565544 0.44493115 0.45513538 0.99885464 1.0011308 0.98869646 1.0076177 0.45257127 0.45184028 1.0068517 1.0188149 0.9872032 0.990942 0.4545852 1.0188149 0.4522057 1.0141612 1.0305767 1.0137748 1.0083846 0.5966618 0.45531887
0.7890828 0.21669547 0 0.59400773 0.6040094 0.44855958 0.38245285 0.3832859 0.44312346 0.43539977 0.44456926 1.0118452 0.99961257 0.9924427 1.000751 0.44983372 0.44565544 1.0072346 1.015322 0.99885464 1.0037951 0.44656178 1.0262426 0.4463804 1.0083846 1.0301816 1.0234975 1.0168724 0.5935663 0.45202297
0.7853693 0.5968834 0.59400773 0 0.1561912 0.6091733 0.6071484 0.603562 0.6028915 0.59910303 0.60222155 1.0003713 1.018426 1.0091523 1.033348 0.6037857 0.6026681 1.0266355 1.030972 1.000751 1.0049399 0.60535306 1.0091523 0.6046809 1.0083846 1.0080011 1.0141612 1.0274222 0.24098085 0.60669917
0.7842303 0.60849774 0.6040094 0.1561912 0 0.61346614 0.614373 0.61391944 0.6091733 0.6058015 0.6130131 1.0011308 1.0168724 1.0076177 1.0397208 0.61482686 0.6116556 1.0297868 1.0357314 1.0110749 1.015322 0.6193806 1.0141612 0.6175558 1.0141612 1.0227151 1.01069 1.0325551 0.24971882 0.6103006
0.78394586 0.45165765 0.44855958 0.6091733 0.61346614 0 0.4507451 0.45476854 0.16076176 0.15693049 0.16311966 1.0080011 1.0083846 1.002652 1.0122308 0.30831063 0.3062018 1.01146 1.0242808 0.9838541 0.98907024 0.31360888 1.0289978 0.31300145 0.98645765 1.0223241 1.0080011 1.0199828 0.5997702 0.23562221
0.7830931 0.3898157 0.38245285 0.6071484 0.614373 0.4507451 0 0.14324932 0.4418607 0.43952116 0.44656178 0.9943229 0.9943229 0.98869646 0.99545324 0.4480142 0.44493115 1.0064689 1.0176488 0.9860852 0.9894442 0.44837776 1.0465518 0.45147505 1.0095364 1.0195932 1.000751 1.002652 0.59599745 0.45312
0.7779968 0.3930176 0.3832859 0.603562 0.61391944 0.45476854 0.14324932 0 0.4443884 0.44330403 0.44928738 0.9872032 1.0037951 0.9946995 1.0103053 0.4489234 0.4471061 1.0258498 1.0353336 1.0049399 1.0041765 0.45531887 1.0433295 0.45697227 1.0099207 1.0282096 1.01069 1.0053219 0.59865856 0.45531887
0.7799746 0.44565544 0.44312346 0.6028915 0.6091733 0.16076176 0.4418607 0.4443884 0 0.13159883 0.13782194 1.000751 0.9946995 0.99131685 1.001891 0.30710486 0.30289978 1.0037951 1.014548 0.9746289 0.9790429 0.31133363 1.0164845 0.31118217 0.98645765 1.0149349 1.002652 1.0133885 0.5951125 0.23589608
0.77321523 0.44493115 0.43539977 0.59910303 0.6058015 0.15693049 0.43952116 0.44330403 0.13159883 0 0.13171802 1.0126165 0.99923354 0.99999183 1.0157093 0.30364898 0.30260032 1.0157093 1.0254573 0.9845971 0.98869646 0.3087633 1.0262426 0.3087633 0.99545324 1.0130024 1.0130024 1.0258498 0.591363 0.23329833
0.78793824 0.45513538 0.44456926 0.60222155 0.6130131 0.16311966 0.44656178 0.44928738 0.13782194 0.13171802 0 1.01069 1.0060863 1.0022715 1.0137748 0.30545005 0.3043989 1.0130024 1.0231062 0.98496884 0.9898184 0.31118217 1.0329514 0.3117881 0.9920673 1.0180373 1.0164845 1.0234975 0.6013292 0.23809068
0.98832285 0.99885464 1.0118452 1.0003713 1.0011308 1.0080011 0.9943229 0.9872032 1.000751 1.0126165 1.01069 0 0.87806475 0.877098 0.8787099 1.0278157 1.0234975 0.87100434 0.8838912 0.65852404 0.654684 1.018426 0.6357735 1.0199828 0.63857985 0.6484856 0.6494359 0.8855178 1.0095364 1.0091523
1.0103053 1.0011308 0.99961257 1.018426 1.0168724 1.0083846 0.9943229 1.0037951 0.9946995 0.99923354 1.0060863 0.87806475 0 0.11567968 0.69173163 1.0095364 1.0053219 0.69198316 0.69804585 0.8871479 0.87356406 1.001891 0.88194406 1.001891 0.8716434 0.8920595 0.8729233 0.6967787 1.0083846 1.0164845
1.002652 0.98869646 0.9924427 1.0091523 1.0076177 1.002652 0.98869646 0.9946995 0.99131685 0.99999183 1.0022715 0.877098 0.11567968 0 0.6927383 1.01069 1.0103053 0.6947558 0.6988071 0.8881276 0.87645423 0.9969631 0.87484723 0.99658537 0.8703658 0.8884545 0.8774201 0.6967787 0.9946995 1.0130024
1.0361294 1.0076177 1.000751 1.033348 1.0397208 1.0122308 0.99545324 1.0103053 1.001891 1.0157093 1.0137748 0.8787099 0.69173163 0.6927383 0 1.0215429 1.0215429 0.11521312 0.12059619 0.8652767 0.8545757 1.0254573 0.8983274 1.0301816 0.8662283 0.89469224 0.8636934 0.29352373 1.0234975 1.0270288
0.7936788 0.45257127 0.44983372 0.6037857 0.61482686 0.30831063 0.4480142 0.4489234 0.30710486 0.30364898 0.30545005 1.0278157 1.0095364 1.01069 1.0215429 0 0.0688672 1.0297868 1.0453417 0.9775687 0.97941184 0.21230288 1.0417235 0.21349831 1.0015109 1.0518178 0.99961257 1.0282096 0.5962188 0.31573868
0.79656565 0.45184028 0.44565544 0.6026681 0.6116556 0.3062018 0.44493115 0.4471061 0.30289978 0.30260032 0.3043989 1.0234975 1.0053219 1.0103053 1.0215429 0.0688672 0 1.0258498 1.0429276 0.9790429 0.982 0.21110934 1.0393208 0.21309961 0.99999183 1.0441338 1.0137748 1.0286036 0.58982456 0.31118217
1.0270288 1.0068517 1.0072346 1.0266355 1.0297868 1.01146 1.0064689 1.0258498 1.0037951 1.0157093 1.0130024 0.87100434 0.69198316 0.6947558 0.11521312 1.0297868 1.0258498 0 0.06810027 0.8652767 0.8599071 1.0313674 0.8904187 1.0413225 0.86148244 0.8842163 0.8621135 0.29293236 1.0266355 1.0227151
1.0270288 1.0188149 1.015322 1.030972 1.0357314 1.0242808 1.0176488 1.0353336 1.014548 1.0254573 1.0231062 0.8838912 0.69804585 0.6988071 0.12059619 1.0453417 1.0429276 0.06810027 0 0.877098 0.87356406 1.042526 0.8979962 1.0522244 0.86972773 0.8927168 0.8751683 0.2979739 1.025065 1.0349361
0.990942 0.9872032 0.99885464 1.000751 1.0110749 0.9838541 0.9860852 1.0049399 0.9746289 0.9845971 0.98496884 0.65852404 0.8871479 0.8881276 0.8652767 0.9775687 0.9790429 0.8652767 0.877098 0 0.05561175 0.9779369 0.6470625 0.99056727 0.63251257 0.6590054 0.32725257 0.8937039 1.0141612 1.0011308
0.99169195 0.990942 1.0037951 1.0049399 1.015322 0.98907024 0.9894442 1.0041765 0.9790429 0.98869646 0.9898184 0.654684 0.87356406 0.87645423 0.8545757 0.97941184 0.982 0.8599071 0.87356406 0.05561175 0 0.982 0.6406915 0.9939465 0.62926584 0.6506254 0.32431898 0.8855178 1.0103053 1.0041765
0.78508437 0.4545852 0.44656178 0.60535306 0.6193806 0.31360888 0.44837776 0.45531887 0.31133363 0.3087633 0.31118217 1.018426 1.001891 0.9969631 1.0254573 0.21230288 0.21110934 1.0313674 1.042526 0.9779369 0.982 0 1.025065 0.05410551 0.9831119 1.0203725 1.0015109 1.0234975 0.5975486 0.3166533
1.002652 1.0188149 1.0262426 1.0091523 1.0141612 1.0289978 1.0465518 1.0433295 1.0164845 1.0262426 1.0329514 0.6357735 0.88194406 0.87484723 0.8983274 1.0417235 1.0393208 0.8904187 0.8979962 0.6470625 0.6406915 1.025065 0 1.0413225 0.48890796 0.51091397 0.6390486 0.8970035 0.9950763 1.0345387
0.7867954 0.4522057 0.4463804 0.6046809 0.6175558 0.31300145 0.45147505 0.45697227 0.31118217 0.3087633 0.3117881 1.0199828 1.001891 0.99658537 1.0301816 0.21349831 0.21309961 1.0413225 1.0522244 0.99056727 0.9939465 0.05410551 1.0413225 0 0.99545324 1.0305767 1.0041765 1.0297868 0.5977705 0.31848595
0.9790429 1.0141612 1.0083846 1.0083846 1.0141612 0.98645765 1.0095364 1.0099207 0.98645765 0.99545324 0.9920673 0.63857985 0.8716434 0.8703658 0.8662283 1.0015109 0.99999183 0.86148244 0.86972773 0.63251257 0.62926584 0.9831119 0.48890796 0.99545324 0 0.3697393 0.6343742 0.87420535 1.0049399 1.0041765
0.9901927 1.0305767 1.0301816 1.0080011 1.0227151 1.0223241 1.0195932 1.0282096 1.0149349 1.0130024 1.0180373 0.6484856 0.8920595 0.8884545 0.89469224 1.0518178 1.0441338 0.8842163 0.8927168 0.6590054 0.6506254 1.0203725 0.51091397 1.0305767 0.3697393 0 0.65134007 0.8923881 1.0141612 1.0289978
1.0015109 1.0137748 1.0234975 1.0141612 1.01069 1.0080011 1.000751 1.01069 1.002652 1.0130024 1.0164845 0.6494359 0.8729233 0.8774201 0.8636934 0.99961257 1.0137748 0.8621135 0.8751683 0.32725257 0.32431898 1.0015109 0.6390486 1.0041765 0.6343742 0.65134007 0 0.891731 1.0110749 1.0223241
1.0441338 1.0083846 1.0168724 1.0274222 1.0325551 1.0199828 1.002652 1.0053219 1.0133885 1.0258498 1.0234975 0.8855178 0.6967787 0.6967787 0.29352373 1.0282096 1.0286036 0.29293236 0.2979739 0.8937039 0.8855178 1.0234975 0.8970035 1.0297868 0.87420535 0.8923881 0.891731 0 1.0188149 1.0461482
0.7845149 0.5966618 0.5935663 0.24098085 0.24971882 0.5997702 0.59599745 0.59865856 0.5951125 0.591363 0.6013292 1.0095364 1.0083846 0.9946995 1.0234975 0.5962188 0.58982456 1.0266355 1.025065 1.0141612 1.0103053 0.5975486 0.9950763 0.5977705 1.0049399 1.0141612 1.0110749 1.0188149 0 0.6037857
0.7905161 0.45531887 0.45202297 0.60669917 0.6103006 0.23562221 0.45312 0.45531887 0.23589608 0.23329833 0.23809068 1.0091523 1.0164845 1.0130024 1.0270288 0.31573868 0.31118217 1.0227151 1.0349361 1.0011308 1.0041765 0.3166533 1.0345387 0.31848595 1.0041765 1.0289978 1.0223241 1.0461482 0.6037857 0
