0 1.0100973917 1.0100973917 1.0382990917 0.9733400617 0.9914935417 1.0201594917 1.0024481917 1.0143378917 0.9967620617 1.0074112917 1.0139514917 1.0260264917 1.0097130917 1.0077943917 1.0127931917 1.0228917917 1.0139514917 1.0166611917 1.0178254917 1.0213291917 1.0303582917 1.0016875917 1.0287802917 0.9881261217 1.0081777917 1.0127931917 0.9994102317 1.0244574917 1.0225007917
1.0100973917 0 0.2342943917 0.7669708917 0.9744389317 0.9696885917 0.9795885317 0.7622599917 0.9922439917 0.7396752917 0.7399433917 0.7770456917 0.7575784917 0.7653048317 0.9609970917 0.9613571917 0.8519451917 0.8374534517 0.7512908917 0.7573040317 0.7606043417 0.8460530317 0.9751724217 0.8472896417 0.8432781317 0.9903693917 0.7683620917 0.8313706917 0.8463619917 0.7703140917
1.0100973917 0.2342943917 0 0.7750760517 0.9660548917 0.9693244917 0.9810663917 0.7592274917 0.9937469617 0.7472184517 0.7515631517 0.7869720917 0.7619837917 0.7653048317 0.9609970917 0.9682329917 0.8519451917 0.8383700917 0.7608800917 0.7597779317 0.7647503217 0.8507008917 0.9795885317 0.8513227317 0.8438938917 0.9986526617 0.7592274917 0.8408200917 0.8466711317 0.7790204517
1.0382990917 0.7669708917 0.7750760517 0 0.9832885917 0.9737061517 0.9944995917 0.4106210417 1.0028286917 0.4054533517 0.4085496917 0.7866866217 0.4051100917 0.4020278917 0.9870070417 0.9941231917 0.8912512917 0.8779190417 0.2257352917 0.2295272717 0.2292557917 0.8775967917 1.0024481917 0.8775967917 0.8705424917 0.9967620617 0.3578975117 0.8899400917 0.8948689317 0.2489195717
0.9733400617 0.9744389317 0.9660548917 0.9832885917 0 0.2126122917 0.5032268917 0.9541869917 0.5099058417 0.9414508617 0.9481457917 0.9671431917 0.9617175917 0.9527611417 0.4991311617 0.4933186917 0.9737061517 0.9715120917 0.9591989917 0.9700529917 0.9733400617 0.9994102317 0.5624119317 0.9990313317 0.9729740917 0.4125248117 0.9689604917 0.9599176917 0.9733400617 0.9803270917
0.9914935417 0.9696885917 0.9693244917 0.9737061517 0.2126122917 0 0.4898527217 0.9509826517 0.4937047917 0.9306542917 0.9545438917 0.9520491917 0.9581221617 0.9609970917 0.4865939217 0.4848743917 0.9956299317 0.9870070417 0.9527611417 0.9693244917 0.9722427317 1.0077943917 0.5575602917 1.0070283917 0.9685966617 0.4116588517 0.9617175917 0.9541869917 0.9693244917 0.9729740917
1.0201594917 0.9795885317 0.9810663917 0.9944995917 0.5032268917 0.4898527217 0 0.9726083517 0.1933485517 0.9799577217 0.9799577217 1.0009276917 0.9715120917 0.9704175217 0.1884482617 0.1897347017 0.9994102317 0.9937469617 0.9821766917 0.9847737917 0.9862618917 1.0236741917 0.5592442417 1.0225007917 0.9803270917 0.5156499417 0.9609970917 0.9806966417 0.9844021917 0.9994102317
1.0024481917 0.7622599917 0.7592274917 0.4106210417 0.9541869917 0.9509826517 0.9726083517 0 0.9770092917 0.2375808617 0.2422614917 0.7824179917 0.1852417517 0.1849858217 0.9660548917 0.9829177917 0.8654533917 0.8635538417 0.4049385417 0.4118319717 0.4121782917 0.8779190417 0.9948761917 0.8779190417 0.8563165317 0.9840307917 0.4013446917 0.8689484217 0.8740613917 0.4063121617
1.0143378917 0.9922439917 0.9937469617 1.0028286917 0.5099058417 0.4937047917 0.1933485517 0.9770092917 0 0.9704175217 0.9729740917 0.9784820917 0.9660548917 0.9733400617 0.1597004217 0.1621785217 1.0013074917 0.9914935417 0.9693244917 0.9653302917 0.9689604917 1.0221099917 0.5624119317 1.0221099917 0.9678695417 0.5160476917 0.9577635917 0.9862618917 0.9907439617 0.9948761917
0.9967620617 0.7396752917 0.7472184517 0.4054533517 0.9414508617 0.9306542917 0.9799577217 0.2375808617 0.9704175217 0 0.1230076567 0.7745142917 0.2281707917 0.2293915217 0.9627994917 0.9762740417 0.8683117317 0.8695855917 0.3947157517 0.4003210317 0.4004915317 0.8695855917 0.9914935417 0.8699044217 0.8603985917 0.9685966617 0.3901605517 0.8616591317 0.8753449917 0.3970886417
1.0074112917 0.7399433917 0.7515631517 0.4085496917 0.9481457917 0.9545438917 0.9799577217 0.2422614917 0.9729740917 0.1230076567 0 0.7767639917 0.2345677117 0.2342943917 0.9617175917 0.9726083517 0.8705424917 0.8740613917 0.4025407117 0.4052816917 0.4049385417 0.8692669517 0.9941231917 0.8692669517 0.8541276917 0.9825471317 0.3962403217 0.8730999917 0.8808254217 0.4047669917
1.0139514917 0.7770456917 0.7869720917 0.7866866217 0.9671431917 0.9520491917 1.0009276917 0.7824179917 0.9784820917 0.7745142917 0.7767639917 0 0.7694768917 0.7655822317 0.9581221617 0.9751724217 0.8622901917 0.8603985917 0.7889732317 0.8005118917 0.7909796917 0.8560034317 0.9814363317 0.8553776417 0.8371481517 0.9667802917 0.7884008917 0.8522565617 0.8616591317 0.7921286917
1.0260264917 0.7575784917 0.7619837917 0.4051100917 0.9617175917 0.9581221617 0.9715120917 0.1852417517 0.9660548917 0.2281707917 0.2345677117 0.7694768917 0 0.1091194517 0.9509826517 0.9715120917 0.8550649517 0.8541276917 0.4020278917 0.4068279217 0.4080327417 0.8632376917 0.9948761917 0.8635538417 0.8494586617 0.9851455317 0.3982778917 0.8482184917 0.8541276917 0.4044240617
1.0097130917 0.7653048317 0.7653048317 0.4020278917 0.9527611417 0.9609970917 0.9704175217 0.1849858217 0.9733400617 0.2293915217 0.2342943917 0.7655822317 0.1091194517 0 0.9591989917 0.9773772617 0.8535034317 0.8569430917 0.3962403217 0.4010032917 0.4016862117 0.8724597917 0.9982740917 0.8727797917 0.8516338917 0.9840307917 0.3948849917 0.8491483917 0.8619745617 0.3996393617
1.0077943917 0.9609970917 0.9609970917 0.9870070417 0.4991311617 0.4865939217 0.1884482617 0.9660548917 0.1597004217 0.9627994917 0.9617175917 0.9581221617 0.9509826517 0.9591989917 0 0.0983279016999999 0.9948761917 0.9855174917 0.9671431917 0.9685966617 0.9689604917 1.0074112917 0.5477425917 1.0066455917 0.9744389317 0.5192374917 0.9502723917 0.9726083517 0.9646062917 0.9844021917
1.0127931917 0.9613571917 0.9682329917 0.9941231917 0.4933186917 0.4848743917 0.1897347017 0.9829177917 0.1621785217 0.9762740417 0.9726083517 0.9751724217 0.9715120917 0.9773772617 0.0983279016999999 0 1.0009276917 0.9884995417 0.9770092917 0.9755394917 0.9770092917 1.0135651917 0.5643189917 1.0131790917 0.9832885917 0.5186383917 0.9577635917 0.9748055917 0.9759066917 0.9911186917
1.0228917917 0.8519451917 0.8519451917 0.8912512917 0.9737061517 0.9956299317 0.9994102317 0.8654533917 1.0013074917 0.8683117317 0.8705424917 0.8622901917 0.8550649517 0.8535034317 0.9948761917 1.0009276917 0 0.0917459216999999 0.8772746917 0.8853688917 0.8840678917 0.3841296917 1.0047347917 0.3836293117 0.5061661217 0.9937469617 0.8737407517 0.4362915917 0.4498282617 0.8821207517
1.0139514917 0.8374534517 0.8383700917 0.8779190417 0.9715120917 0.9870070417 0.9937469617 0.8635538417 0.9914935417 0.8695855917 0.8740613917 0.8603985917 0.8541276917 0.8569430917 0.9855174917 0.9884995417 0.0917459216999999 0 0.8670399917 0.8750239217 0.8721398917 0.3771544617 0.9873798917 0.3768239217 0.4997148917 1.0024481917 0.8779190417 0.4346834917 0.4481908917 0.8705424917
1.0166611917 0.7512908917 0.7608800917 0.2257352917 0.9591989917 0.9527611417 0.9821766917 0.4049385417 0.9693244917 0.3947157517 0.4025407117 0.7889732317 0.4020278917 0.3962403217 0.9671431917 0.9770092917 0.8772746917 0.8670399917 0 0.0735517156999999 0.0735517156999999 0.8730999917 0.9744389317 0.8730999917 0.8503900917 0.9729740917 0.3500440317 0.8679935917 0.8808254217 0.2423996117
1.0178254917 0.7573040317 0.7597779317 0.2295272717 0.9700529917 0.9693244917 0.9847737917 0.4118319717 0.9653302917 0.4003210317 0.4052816917 0.8005118917 0.4068279217 0.4010032917 0.9685966617 0.9755394917 0.8853688917 0.8750239217 0.0735517156999999 0 0.0213734236999999 0.8805018917 0.9737061517 0.8805018917 0.8503900917 0.9806966417 0.3540406417 0.8721398917 0.8798553617 0.2462770117
1.0213291917 0.7606043417 0.7647503217 0.2292557917 0.9733400617 0.9722427317 0.9862618917 0.4121782917 0.9689604917 0.4004915317 0.4049385417 0.7909796917 0.4080327417 0.4016862117 0.9689604917 0.9770092917 0.8840678917 0.8721398917 0.0735517156999999 0.0213734236999999 0 0.8811489917 0.9832885917 0.8811489917 0.8485282917 0.9840307917 0.3538803717 0.8721398917 0.8843929917 0.2471105117
1.0303582917 0.8460530317 0.8507008917 0.8775967917 0.9994102317 1.0077943917 1.0236741917 0.8779190417 1.0221099917 0.8695855917 0.8692669517 0.8560034317 0.8632376917 0.8724597917 1.0074112917 1.0135651917 0.3841296917 0.3771544617 0.8730999917 0.8805018917 0.8811489917 0 1.0077943917 0.0015779999999999 0.5018591517 1.0028286917 0.8734203217 0.4318331417 0.4416769717 0.8782414417
1.0016875917 0.9751724217 0.9795885317 1.0024481917 0.5624119317 0.5575602917 0.5592442417 0.9948761917 0.5624119317 0.9914935417 0.9941231917 0.9814363317 0.9948761917 0.9982740917 0.5477425917 0.5643189917 1.0047347917 0.9873798917 0.9744389317 0.9737061517 0.9832885917 1.0077943917 0 1.0062629917 0.9810663917 0.5677213317 0.9689604917 0.9751724217 0.9821766917 0.9888731517
1.0287802917 0.8472896417 0.8513227317 0.8775967917 0.9990313317 1.0070283917 1.0225007917 0.8779190417 1.0221099917 0.8699044217 0.8692669517 0.8553776417 0.8635538417 0.8727797917 1.0066455917 1.0131790917 0.3836293117 0.3768239217 0.8730999917 0.8805018917 0.8811489917 0.0015779999999999 1.0062629917 0 0.5018591517 1.0039717917 0.8721398917 0.4311222417 0.4423979717 0.8779190417
0.9881261217 0.8432781317 0.8438938917 0.8705424917 0.9729740917 0.9685966617 0.9803270917 0.8563165317 0.9678695417 0.8603985917 0.8541276917 0.8371481517 0.8494586617 0.8516338917 0.9744389317 0.9832885917 0.5061661217 0.4997148917 0.8503900917 0.8503900917 0.8485282917 0.5018591517 0.9810663917 0.5018591517 0 0.9825471317 0.8538154617 0.4956382717 0.5051850917 0.8541276917
1.0081777917 0.9903693917 0.9986526617 0.9967620617 0.4125248117 0.4116588517 0.5156499417 0.9840307917 0.5160476917 0.9685966617 0.9825471317 0.9667802917 0.9851455317 0.9840307917 0.5192374917 0.5186383917 0.9937469617 1.0024481917 0.9729740917 0.9806966417 0.9840307917 1.0028286917 0.5677213317 1.0039717917 0.9825471317 0 0.9729740917 0.9729740917 0.9884995417 0.9832885917
1.0127931917 0.7683620917 0.7592274917 0.3578975117 0.9689604917 0.9617175917 0.9609970917 0.4013446917 0.9577635917 0.3901605517 0.3962403217 0.7884008917 0.3982778917 0.3948849917 0.9502723917 0.9577635917 0.8737407517 0.8779190417 0.3500440317 0.3540406417 0.3538803717 0.8734203217 0.9689604917 0.8721398917 0.8538154617 0.9729740917 0 0.8730999917 0.8798553617 0.3467032917
0.9994102317 0.8313706917 0.8408200917 0.8899400917 0.9599176917 0.9541869917 0.9806966417 0.8689484217 0.9862618917 0.8616591317 0.8730999917 0.8522565617 0.8482184917 0.8491483917 0.9726083517 0.9748055917 0.4362915917 0.4346834917 0.8679935917 0.8721398917 0.8721398917 0.4318331417 0.9751724217 0.4311222417 0.4956382717 0.9729740917 0.8730999917 0 0.3112074717 0.8645029917
1.0244574917 0.8463619917 0.8466711317 0.8948689317 0.9733400617 0.9693244917 0.9844021917 0.8740613917 0.9907439617 0.8753449917 0.8808254217 0.8616591317 0.8541276917 0.8619745617 0.9646062917 0.9759066917 0.4498282617 0.4481908917 0.8808254217 0.8798553617 0.8843929917 0.4416769717 0.9821766917 0.4423979717 0.5051850917 0.9884995417 0.8798553617 0.3112074717 0 0.8837430917
1.0225007917 0.7703140917 0.7790204517 0.2489195717 0.9803270917 0.9729740917 0.9994102317 0.4063121617 0.9948761917 0.3970886417 0.4047669917 0.7921286917 0.4044240617 0.3996393617 0.9844021917 0.9911186917 0.8821207517 0.8705424917 0.2423996117 0.2462770117 0.2471105117 0.8782414417 0.9888731517 0.8779190417 0.8541276917 0.9832885917 0.3467032917 0.8645029917 0.8837430917 0
