0 0.9249654 1.0238891 1.0270288 0.9342909 1.0203725 0.9297863 0.9339434 0.99658537 1.0172604 1.0160967 0.9476152 0.7822413 0.7876524 0.9342909 0.9727974 0.9249654 0.9626228 0.9727974 0.928061 0.9342909 1.014548 0.80353975 1.0110749 0.782809 0.8000446 1.0270288 0.79223955 0.9395222 0.9322085
0.9249654 0 0.97499573 0.9768326 0.5946704 0.96190137 0.1790737 0.17793186 0.9783054 0.97426224 0.9801504 0.5810934 0.9405729 0.9342909 0.59422857 0.94479036 0.58938557 0.93568236 0.9465546 0.5957761 0.59180313 0.97941184 0.9335961 0.9790429 0.9029796 0.927372 0.9831119 0.931862 0.87581104 0.86813504
1.0238891 0.97499573 0 0.1740121 0.9924427 0.27873266 0.98125964 0.9816297 0.23767869 0.2402917 0.24139464 0.9801504 0.9977191 1.0049399 0.98645765 0.98645765 0.9790429 0.9831119 0.98832285 0.9857129 0.9801504 0.2784427 1.0122308 0.27858767 0.97352946 0.9872032 0.27931294 1.01069 0.9709704 0.9658782
1.0270288 0.9768326 0.1740121 0 0.98496884 0.28192973 0.98757625 0.9980974 0.24485183 0.24623917 0.24443612 0.9768326 1.0041765 1.015322 0.98051995 0.9924427 0.97024083 0.98645765 0.98907024 0.9831119 0.9768326 0.28338745 1.0223241 0.28222105 0.9779369 0.98645765 0.2803295 1.0188149 0.9706055 0.97243166
0.9342909 0.5946704 0.9924427 0.98496884 0 0.9857129 0.5874133 0.5920233 0.9698763 0.98051995 0.9827411 0.35066497 0.9691478 0.96190137 0.15804078 0.99999183 0.15091425 0.9860852 1.0037951 0.15311868 0.15275083 1.0060863 0.9522284 1.0083846 0.92154074 0.946908 0.99734104 0.9590223 0.8719632 0.88162
1.0203725 0.96190137 0.27873266 0.28192973 0.9857129 0 0.97170067 0.9698763 0.27960324 0.27931294 0.28616497 0.9522284 1.0064689 1.0203725 0.97978103 0.9691478 0.96479154 0.96406794 0.97867405 0.9783054 0.97170067 0.15422334 1.0041765 0.15471482 0.9687838 0.98683035 0.2756936 1.0091523 0.9838541 0.97720057
0.9297863 0.1790737 0.98125964 0.98757625 0.5874133 0.97170067 0 0.13147967 0.99131685 0.9853408 0.98907024 0.5789264 0.9472615 0.9370764 0.58850837 0.9666036 0.5832667 0.9608204 0.9698763 0.5850098 0.58348435 0.98645765 0.9479691 0.9853408 0.93116945 0.9374253 1.002652 0.9402225 0.88064873 0.8835664
0.9339434 0.17793186 0.9816297 0.9980974 0.5920233 0.9698763 0.13147967 0 0.99056727 0.9845971 0.99357027 0.5756876 0.9543672 0.9402225 0.58763224 0.9604604 0.58131045 0.9565121 0.9666036 0.58697575 0.5839199 0.98348296 0.9604604 0.9808897 0.92393637 0.9374253 1.0072346 0.9500957 0.87677604 0.87806475
0.99658537 0.9783054 0.23767869 0.24485183 0.9698763 0.27960324 0.99131685 0.99056727 0 0.12271318 0.12625483 0.94903165 0.99169195 0.99961257 0.97024083 0.990942 0.9662408 0.98683035 0.98869646 0.9666036 0.9673296 0.27554917 1.002652 0.27324238 0.97316337 0.9857129 0.27902275 1.0034139 0.97352946 0.9658782
1.0172604 0.97426224 0.2402917 0.24623917 0.98051995 0.27931294 0.9853408 0.9845971 0.12271318 0 0.113117166 0.96334505 0.99545324 1.0045581 0.97316337 0.98683035 0.9709704 0.9845971 0.98832285 0.9746289 0.97316337 0.27612698 1.0203725 0.27324238 0.97499573 0.9853408 0.27482754 1.0087683 0.97573 0.97170067
1.0160967 0.9801504 0.24139464 0.24443612 0.9827411 0.28616497 0.98907024 0.99357027 0.12625483 0.113117166 0 0.9568702 0.9962078 1.0122308 0.97609735 0.98645765 0.9651536 0.98051995 0.9827411 0.97352946 0.9713354 0.28338745 1.01146 0.28236675 0.9816297 0.98683035 0.2759825 1.01069 0.97352946 0.9644296
0.9476152 0.5810934 0.9801504 0.9768326 0.35066497 0.9522284 0.5789264 0.5756876 0.94903165 0.96334505 0.9568702 0 0.93255514 0.9335961 0.35098425 0.9666036 0.3450994 0.95508146 0.9687838 0.35114396 0.3484338 0.9783054 0.9395222 0.97720057 0.9006499 0.92017525 0.9687838 0.931862 0.86274505 0.87774235
0.7822413 0.9405729 0.9977191 1.0041765 0.9691478 1.0064689 0.9472615 0.9543672 0.99169195 0.99545324 0.9962078 0.93255514 0 0.10975263 0.9655158 0.95472425 0.9565121 0.9593815 0.9658782 0.9655158 0.95866317 1.0110749 0.28382534 1.01146 0.7113522 0.71032023 1.014548 0.19836488 0.9493862 0.9497408
0.7876524 0.9342909 1.0049399 1.015322 0.96190137 1.0203725 0.9370764 0.9402225 0.99961257 1.0045581 1.0122308 0.9335961 0.10975263 0 0.9611805 0.9626228 0.95151687 0.9680563 0.9709704 0.959741 0.9511613 1.0118452 0.28865886 1.0133885 0.71601385 0.7141975 1.0293922 0.19719331 0.9395222 0.94479036
0.9342909 0.59422857 0.98645765 0.98051995 0.15804078 0.97978103 0.58850837 0.58763224 0.97024083 0.97316337 0.97609735 0.35098425 0.9655158 0.9611805 0 0.9924427 0.07514155 0.9831119 0.99885464 0.07525209 0.07602637 0.99885464 0.95615417 0.9962078 0.91779155 0.9259958 0.9860852 0.9590223 0.8640098 0.8832416
0.9727974 0.94479036 0.98645765 0.9924427 0.99999183 0.9691478 0.9666036 0.9604604 0.990942 0.98683035 0.98645765 0.9666036 0.95472425 0.9626228 0.9924427 0 0.98051995 0.07271364 0.07183272 0.99131685 0.98757625 0.9801504 0.9860852 0.98869646 0.9565121 0.9827411 0.9924427 0.9540103 0.99281836 0.9801504
0.9249654 0.58938557 0.9790429 0.97024083 0.15091425 0.96479154 0.5832667 0.58131045 0.9662408 0.9709704 0.9651536 0.3450994 0.9565121 0.95151687 0.07514155 0.98051995 0 0.9698763 0.9898184 0.05971543 0.059607152 0.990942 0.94549555 0.9894442 0.90766084 0.9188122 0.97867405 0.9500957 0.8649598 0.8803252
0.9626228 0.93568236 0.9831119 0.98645765 0.9860852 0.96406794 0.9608204 0.9565121 0.98683035 0.9845971 0.98051995 0.95508146 0.9593815 0.9680563 0.9831119 0.07271364 0.9698763 0 0.0359479 0.97867405 0.9738958 0.9727974 0.98051995 0.9768326 0.95080596 0.9808897 0.9946995 0.95508146 0.99357027 0.97867405
0.9727974 0.9465546 0.98832285 0.98907024 1.0037951 0.97867405 0.9698763 0.9666036 0.98869646 0.98832285 0.9827411 0.9687838 0.9658782 0.9709704 0.99885464 0.07183272 0.9898184 0.0359479 0 0.99658537 0.9939465 0.9783054 0.99281836 0.98496884 0.95258445 0.9816297 0.9924427 0.9604604 0.9939465 0.98348296
0.928061 0.5957761 0.9857129 0.9831119 0.15311868 0.9783054 0.5850098 0.58697575 0.9666036 0.9746289 0.97352946 0.35114396 0.9655158 0.959741 0.07525209 0.99131685 0.05971543 0.97867405 0.99658537 0 0.036577623 0.99734104 0.9593815 0.99734104 0.9205164 0.92840576 0.98683035 0.96479154 0.8592779 0.86972773
0.9342909 0.59180313 0.9801504 0.9768326 0.15275083 0.97170067 0.58348435 0.5839199 0.9673296 0.97316337 0.9713354 0.3484338 0.95866317 0.9511613 0.07602637 0.98757625 0.059607152 0.9738958 0.9939465 0.036577623 0 0.9924427 0.9518725 0.9946995 0.9150766 0.9259958 0.98794943 0.95508146 0.86179787 0.87100434
1.014548 0.97941184 0.2784427 0.28338745 1.0060863 0.15422334 0.98645765 0.98348296 0.27554917 0.27612698 0.28338745 0.9783054 1.0110749 1.0118452 0.99885464 0.9801504 0.990942 0.9727974 0.9783054 0.99734104 0.9924427 0 1.0034139 0.031971887 0.9753628 0.9901927 0.27425072 1.0011308 0.9779369 0.9779369
0.80353975 0.9335961 1.0122308 1.0223241 0.9522284 1.0041765 0.9479691 0.9604604 1.002652 1.0203725 1.01146 0.9395222 0.28382534 0.28865886 0.95615417 0.9860852 0.94549555 0.98051995 0.99281836 0.9593815 0.9518725 1.0034139 0 1.000751 0.7207046 0.7191378 1.0126165 0.28763095 0.9583042 0.9557965
1.0110749 0.9790429 0.27858767 0.28222105 1.0083846 0.15471482 0.9853408 0.9808897 0.27324238 0.27324238 0.28236675 0.97720057 1.01146 1.0133885 0.9962078 0.98869646 0.9894442 0.9768326 0.98496884 0.99734104 0.9946995 0.031971887 1.000751 0 0.9738958 0.99169195 0.27367437 1.0022715 0.9816297 0.9831119
0.782809 0.9029796 0.97352946 0.9779369 0.92154074 0.9687838 0.93116945 0.92393637 0.97316337 0.97499573 0.9816297 0.9006499 0.7113522 0.71601385 0.91779155 0.9565121 0.90766084 0.95080596 0.95258445 0.9205164 0.9150766 0.9753628 0.7207046 0.9738958 0 0.280911 0.98051995 0.7023701 0.9536536 0.9518725
0.8000446 0.927372 0.9872032 0.98645765 0.946908 0.98683035 0.9374253 0.9374253 0.9857129 0.9853408 0.98683035 0.92017525 0.71032023 0.7141975 0.9259958 0.9827411 0.9188122 0.9808897 0.9816297 0.92840576 0.9259958 0.9901927 0.7191378 0.99169195 0.280911 0 0.9950763 0.7141975 0.9680563 0.9644296
1.0270288 0.9831119 0.27931294 0.2803295 0.99734104 0.2756936 1.002652 1.0072346 0.27902275 0.27482754 0.2759825 0.9687838 1.014548 1.0293922 0.9860852 0.9924427 0.97867405 0.9946995 0.9924427 0.98683035 0.98794943 0.27425072 1.0126165 0.27367437 0.98051995 0.9950763 0 1.0238891 0.98757625 0.98125964
0.79223955 0.931862 1.01069 1.0188149 0.9590223 1.0091523 0.9402225 0.9500957 1.0034139 1.0087683 1.01069 0.931862 0.19836488 0.19719331 0.9590223 0.9540103 0.9500957 0.95508146 0.9604604 0.96479154 0.95508146 1.0011308 0.28763095 1.0022715 0.7023701 0.7141975 1.0238891 0 0.9572284 0.9543672
0.9395222 0.87581104 0.9709704 0.9706055 0.8719632 0.9838541 0.88064873 0.87677604 0.97352946 0.97573 0.97352946 0.86274505 0.9493862 0.9395222 0.8640098 0.99281836 0.8649598 0.99357027 0.9939465 0.8592779 0.86179787 0.9779369 0.9583042 0.9816297 0.9536536 0.9680563 0.98757625 0.9572284 0 0.19940782
0.9322085 0.86813504 0.9658782 0.97243166 0.88162 0.97720057 0.8835664 0.87806475 0.9658782 0.97170067 0.9644296 0.87774235 0.9497408 0.94479036 0.8832416 0.9801504 0.8803252 0.97867405 0.98348296 0.86972773 0.87100434 0.9779369 0.9557965 0.9831119 0.9518725 0.9644296 0.98125964 0.9543672 0.19940782 0
