0 0.7124681433 0.5124416333 0.6275269933 0.5456275333 0.7350301933 0.6337837933 0.6275269933 0.5222040333 0.5180045933 0.8816370933 1.0176013933 0.8943741933 0.9561374933 0.9532816333 0.9819706933 0.9797528333 0.8947035933 0.8887954933 0.5499849933 0.5514431533 0.7374310433 0.9864261933 0.7376982533 0.7119514333 0.9191531933 1.0022319933 0.9969263633 0.7215686433 0.7289293333
0.7124681433 0 0.7171345933 0.7321061933 0.7326369933 0.4003148633 0.7249771333 0.7255028933 0.7270823933 0.7207842433 0.9242773633 0.9920329433 0.9335899333 0.9931593533 0.9916578433 0.9984383933 0.9976820333 0.9103534933 0.9147404433 0.7329024933 0.7344976933 0.3977623933 0.9879172433 0.3979322933 0.3635598933 0.9053232633 1.0079586933 0.9882904233 0.4011675933 0.2041975333
0.5124416333 0.7171345933 0 0.6347151933 0.5417067933 0.7323715933 0.6256831233 0.6282196633 0.2001402933 0.1979246233 0.8999946933 1.0242300933 0.9120377233 1.0033738933 1.0003328233 1.0207134933 1.0214934933 0.8943741933 0.8963530633 0.5425304933 0.5445937433 0.7331680933 1.0033738933 0.7331680933 0.7286652233 0.9066613933 1.0110309933 1.0102616933 0.7326369933 0.7281372533
0.6275269933 0.7321061933 0.6347151933 0 0.6490640633 0.7519998533 0.1689497033 0.1705791733 0.6417376933 0.6370486933 0.9177926933 1.0460858933 0.9239346333 1.0106462933 1.0045174933 1.0317083933 1.0176013933 0.9229074933 0.9191531933 0.6419729533 0.6448013933 0.7506388933 1.0045174933 0.7511829933 0.7363630533 0.9339370933 1.0246217933 1.0118009933 0.7457599633 0.7390358933
0.5456275333 0.7326369933 0.5417067933 0.6490640633 0 0.7417182933 0.6375162933 0.6448013933 0.5539493933 0.5526951933 0.9046550933 1.0152758933 0.9016557933 0.9746032333 0.9749698933 1.0075755933 1.0045174933 0.9294367433 0.9253063933 0.1351646133 0.1355237733 0.7444103333 0.9942874933 0.7444103333 0.7297222933 0.9322029933 1.0254059933 1.0207134933 0.7336996933 0.7371638933
0.7350301933 0.4003148633 0.7323715933 0.7519998533 0.7417182933 0 0.7417182933 0.7334338933 0.7339655933 0.7281372533 0.9277129933 1.0056628933 0.9360233533 0.9984383933 1.0018518933 1.0176013933 1.0121861933 0.9322029933 0.9370686333 0.7484665933 0.7506388933 0.1356435333 1.0068098933 0.1357633233 0.3953878933 0.9339370933 1.0191558933 1.0033738933 0.2214549333 0.3999740133
0.6337837933 0.7249771333 0.6256831233 0.1689497033 0.6375162933 0.7417182933 0 0.1208197533 0.6368150933 0.6375162933 0.9073312933 1.0321041933 0.9086729933 0.9950404933 0.9875441933 1.0110309933 0.9973040933 0.9049890933 0.8986683933 0.6289128933 0.6284506233 0.7476535933 0.9867986433 0.7481954933 0.7215686433 0.9184726433 1.0045174933 0.9931593533 0.7446800433 0.7307808933
0.6275269933 0.7255028933 0.6282196633 0.1705791733 0.6448013933 0.7334338933 0.1208197533 0 0.6384523433 0.6410324933 0.8924004933 1.0372669933 0.9003265933 0.9999535633 0.9980600933 1.0191558933 1.0052808933 0.9076664933 0.9033205933 0.6354144933 0.6351812933 0.7403758933 0.9988169633 0.7409125533 0.7241891533 0.9164345933 1.0230560933 1.0091092933 0.7344976933 0.7262921933
0.5222040333 0.7270823933 0.2001402933 0.6417376933 0.5539493933 0.7339655933 0.6368150933 0.6384523433 0 0.0906684033 0.8980061333 1.0281566933 0.9076664933 1.0118009933 1.0121861933 1.0118009933 1.0179897933 0.9229074933 0.9194937333 0.5483219933 0.5499849933 0.7385005333 1.0087255933 0.7387681533 0.7344976933 0.9201752533 1.0293387933 1.0168254933 0.7334338933 0.7350301933
0.5180045933 0.7207842433 0.1979246233 0.6370486933 0.5526951933 0.7281372533 0.6375162933 0.6410324933 0.0906684033 0 0.8868363933 1.0234471933 0.9056575933 1.0022319933 1.0029929933 1.0052808933 1.0098773933 0.9154175933 0.9120377233 0.5491530933 0.5510261933 0.7323715933 1.0037548933 0.7323715933 0.7213070933 0.9130500933 1.0289445933 1.0145021933 0.7231398933 0.7286652233
0.8816370933 0.9242773633 0.8999946933 0.9177926933 0.9046550933 0.9277129933 0.9073312933 0.8924004933 0.8980061333 0.8868363933 0 1.0121861933 0.0859457533 0.9771735933 0.9845664933 1.0148889933 1.0121861933 0.6562228933 0.6605511933 0.9009908933 0.9049890933 0.9188128933 1.0075755933 0.9191531933 0.9103534933 0.6629666933 1.0106462933 1.0168254933 0.9301272933 0.9215401333
1.0176013933 0.9920329433 1.0242300933 1.0460858933 1.0152758933 1.0056628933 1.0321041933 1.0372669933 1.0281566933 1.0234471933 1.0121861933 0 1.0246217933 0.9991956333 1.0060449933 1.0091092933 1.0068098933 1.0242300933 1.0203237933 1.0234471933 1.0273697933 0.9984383933 1.0102616933 0.9988169633 0.9939112633 1.0222742933 0.4793352433 0.4844663933 0.9980600933 1.0094932933
0.8943741933 0.9335899333 0.9120377233 0.9239346333 0.9016557933 0.9360233533 0.9086729933 0.9003265933 0.9076664933 0.9056575933 0.0859457533 1.0246217933 0 0.9786463933 0.9894112333 1.0203237933 1.0187669933 0.6543071933 0.6564627233 0.9036539933 0.9076664933 0.9287467533 1.0075755933 0.9290916933 0.9256496933 0.6663614433 1.0234471933 1.0368685933 0.9395132933 0.9270245933
0.9561374933 0.9931593533 1.0033738933 1.0106462933 0.9746032333 0.9984383933 0.9950404933 0.9999535633 1.0118009933 1.0022319933 0.9771735933 0.9991956333 0.9786463933 0 0.0653813733 0.3470263433 0.3429097933 1.0106462933 1.0026124933 0.9957942333 0.9924082933 0.9961713933 0.4121694233 0.9961713933 0.9764383433 0.9924082933 1.0091092933 1.0075755933 0.9816006333 0.9735043633
0.9532816333 0.9916578433 1.0003328233 1.0045174933 0.9749698933 1.0018518933 0.9875441933 0.9980600933 1.0121861933 1.0029929933 0.9845664933 1.0060449933 0.9894112333 0.0653813733 0 0.3459158233 0.3411749533 1.0114158933 1.0033738933 0.9961713933 0.9905336933 1.0033738933 0.4111311133 1.0033738933 0.9705818233 0.9969263633 1.0118009933 1.0094932933 0.9882904233 0.9713113933
0.9819706933 0.9984383933 1.0207134933 1.0317083933 1.0075755933 1.0176013933 1.0110309933 1.0191558933 1.0118009933 1.0052808933 1.0148889933 1.0091092933 1.0203237933 0.3470263433 0.3459158233 0 0.0480252303 1.0133433933 1.0068098933 1.0098773933 1.0075755933 1.0106462933 0.4236866233 1.0102616933 0.9969263633 1.0110309933 1.0045174933 0.9954172933 1.0118009933 0.9875441933
0.9797528333 0.9976820333 1.0214934933 1.0176013933 1.0045174933 1.0121861933 0.9973040933 1.0052808933 1.0179897933 1.0098773933 1.0121861933 1.0068098933 1.0187669933 0.3429097933 0.3411749533 0.0480252303 0 1.0098773933 1.0026124933 1.0064272933 1.0041360933 1.0068098933 0.4184295933 1.0064272933 0.9920329433 1.0029929933 1.0033738933 0.9935351933 1.0060449933 0.9867986433
0.8947035933 0.9103534933 0.8943741933 0.9229074933 0.9294367433 0.9322029933 0.9049890933 0.9076664933 0.9229074933 0.9154175933 0.6562228933 1.0242300933 0.6543071933 1.0106462933 1.0114158933 1.0133433933 1.0098773933 0 0.0329392733 0.9235920933 0.9273686933 0.9235920933 1.0176013933 0.9232496933 0.9198344333 0.2242803033 0.9995745333 0.9909082633 0.9294367433 0.9374173933
0.8887954933 0.9147404433 0.8963530633 0.9191531933 0.9253063933 0.9370686333 0.8986683933 0.9033205933 0.9194937333 0.9120377233 0.6605511933 1.0203237933 0.6564627233 1.0026124933 1.0033738933 1.0068098933 1.0026124933 0.0329392733 0 0.9177926933 0.9232496933 0.9284019933 1.0091092933 0.9280574233 0.9308185933 0.2240107633 0.9950404933 0.9830820933 0.9294367433 0.9416151633
0.5499849933 0.7329024933 0.5425304933 0.6419729533 0.1351646133 0.7484665933 0.6289128933 0.6354144933 0.5483219933 0.5491530933 0.9009908933 1.0234471933 0.9036539933 0.9957942333 0.9961713933 1.0098773933 1.0064272933 0.9235920933 0.9177926933 0 0.0296045433 0.7533632433 0.9991956333 0.7536361933 0.7366298933 0.9297819933 1.0179897933 1.0087255933 0.7385005333 0.7452197933
0.5514431533 0.7344976933 0.5445937433 0.6448013933 0.1355237733 0.7506388933 0.6284506233 0.6351812933 0.5499849933 0.5510261933 0.9049890933 1.0273697933 0.9076664933 0.9924082933 0.9905336933 1.0075755933 1.0041360933 0.9273686933 0.9232496933 0.0296045433 0 0.7552761433 0.9954172933 0.7555498433 0.7355630333 0.9322029933 1.0191558933 1.0137294933 0.7385005333 0.7430630933
0.7374310433 0.3977623933 0.7331680933 0.7506388933 0.7444103333 0.1356435333 0.7476535933 0.7403758933 0.7385005333 0.7323715933 0.9188128933 0.9984383933 0.9287467533 0.9961713933 1.0033738933 1.0106462933 1.0068098933 0.9235920933 0.9284019933 0.7533632433 0.7552761433 0 0.9931593533 0.000741100000000036 0.3975925433 0.9342843933 1.0098773933 0.9823409933 0.2237413133 0.3981022233
0.9864261933 0.9879172433 1.0033738933 1.0045174933 0.9942874933 1.0068098933 0.9867986433 0.9988169633 1.0087255933 1.0037548933 1.0075755933 1.0102616933 1.0075755933 0.4121694233 0.4111311133 0.4236866233 0.4184295933 1.0176013933 1.0091092933 0.9991956333 0.9954172933 0.9931593533 0 0.9931593533 0.9950404933 1.0183782933 0.9875441933 0.9864261933 0.9927836933 0.9841950933
0.7376982533 0.3979322933 0.7331680933 0.7511829933 0.7444103333 0.1357633233 0.7481954933 0.7409125533 0.7387681533 0.7323715933 0.9191531933 0.9988169633 0.9290916933 0.9961713933 1.0033738933 1.0102616933 1.0064272933 0.9232496933 0.9280574233 0.7536361933 0.7555498433 0.000741100000000036 0.9931593533 0 0.3975925433 0.9339370933 1.0098773933 0.9830820933 0.2238760233 0.3982721933
0.7119514333 0.3635598933 0.7286652233 0.7363630533 0.7297222933 0.3953878933 0.7215686433 0.7241891533 0.7344976933 0.7213070933 0.9103534933 0.9939112633 0.9256496933 0.9764383433 0.9705818233 0.9969263633 0.9920329433 0.9198344333 0.9308185933 0.7366298933 0.7355630333 0.3975925433 0.9950404933 0.3975925433 0 0.9246201933 1.0064272933 0.9804913933 0.4028760433 0.3645343433
0.9191531933 0.9053232633 0.9066613933 0.9339370933 0.9322029933 0.9339370933 0.9184726433 0.9164345933 0.9201752533 0.9130500933 0.6629666933 1.0222742933 0.6663614433 0.9924082933 0.9969263633 1.0110309933 1.0029929933 0.2242803033 0.2240107633 0.9297819933 0.9322029933 0.9342843933 1.0183782933 0.9339370933 0.9246201933 0 1.0048990933 1.0102616933 0.9363715933 0.9304728933
1.0022319933 1.0079586933 1.0110309933 1.0246217933 1.0254059933 1.0191558933 1.0045174933 1.0230560933 1.0293387933 1.0289445933 1.0106462933 0.4793352433 1.0234471933 1.0091092933 1.0118009933 1.0045174933 1.0033738933 0.9995745333 0.9950404933 1.0179897933 1.0191558933 1.0098773933 0.9875441933 1.0098773933 1.0064272933 1.0048990933 0 0.2159692333 1.0091092933 1.0148889933
0.9969263633 0.9882904233 1.0102616933 1.0118009933 1.0207134933 1.0033738933 0.9931593533 1.0091092933 1.0168254933 1.0145021933 1.0168254933 0.4844663933 1.0368685933 1.0075755933 1.0094932933 0.9954172933 0.9935351933 0.9909082633 0.9830820933 1.0087255933 1.0137294933 0.9823409933 0.9864261933 0.9830820933 0.9804913933 1.0102616933 0.2159692333 0 1.0029929933 1.0068098933
0.7215686433 0.4011675933 0.7326369933 0.7457599633 0.7336996933 0.2214549333 0.7446800433 0.7344976933 0.7334338933 0.7231398933 0.9301272933 0.9980600933 0.9395132933 0.9816006333 0.9882904233 1.0118009933 1.0060449933 0.9294367433 0.9294367433 0.7385005333 0.7385005333 0.2237413133 0.9927836933 0.2238760233 0.4028760433 0.9363715933 1.0091092933 1.0029929933 0 0.4066483333
0.7289293333 0.2041975333 0.7281372533 0.7390358933 0.7371638933 0.3999740133 0.7307808933 0.7262921933 0.7350301933 0.7286652233 0.9215401333 1.0094932933 0.9270245933 0.9735043633 0.9713113933 0.9875441933 0.9867986433 0.9374173933 0.9416151633 0.7452197933 0.7430630933 0.3981022233 0.9841950933 0.3982721933 0.3645343433 0.9304728933 1.0148889933 1.0068098933 0.4066483333 0
