0 0.408373 0.39997387 0.40751162 0.4008266 0.40031484 0.3947083 0.4039046 0.40613547 0.40321952 0.40665123 0.4008266 0.4028772 0.4049334 0.39946267 0.39844134 1.015322 1.0274222 0.9669665 0.9611805 0.95794547 0.39436984 0.3979312 0.39403155 0.95508146 0.9395222 0.40014434 0.3975913 0.39555508 0.40270612
0.408373 0 0.11673051 0.11953994 0.21642852 0.21709608 0.26679227 0.27728397 0.28265825 0.2738184 0.27960324 0.35981828 0.2712297 0.2702254 0.13052699 0.1308841 1.0242808 1.0373245 0.9857129 0.98683035 0.9857129 0.2657939 0.35578993 0.26508155 0.9593815 0.9698763 0.2741066 0.27281064 0.27353033 0.27815285
0.39997387 0.11673051 0 0.10790278 0.20912434 0.20952092 0.2649392 0.27554917 0.2806202 0.2738184 0.27873266 0.35098425 0.2690793 0.26707777 0.12436386 0.124836154 1.019204 1.0293922 0.9691478 0.96841997 0.9669665 0.26365894 0.35034582 0.26209718 0.953297 0.95294064 0.2712297 0.26822084 0.2675062 0.27453908
0.40751162 0.11953994 0.10790278 0 0.21363124 0.21549493 0.26836383 0.27757347 0.28455567 0.27612698 0.27960324 0.35917228 0.27453908 0.2738184 0.12684672 0.1272021 1.0141612 1.0215429 0.9872032 0.98496884 0.9845971 0.26565138 0.35530797 0.26479682 0.9706055 0.9706055 0.2749718 0.2702254 0.26879302 0.27338633
0.4008266 0.21642852 0.20912434 0.21363124 0 0.07580507 0.2625228 0.27511612 0.27800795 0.27353033 0.27627152 0.34922987 0.26879302 0.26822084 0.21084438 0.20886007 1.032159 1.0409217 0.98757625 0.9872032 0.9860852 0.26195538 0.34907058 0.26068023 0.9346385 0.9270277 0.26922247 0.26679227 0.26764908 0.2741066
0.40031484 0.21709608 0.20952092 0.21549493 0.07580507 0 0.2646545 0.27656063 0.2807656 0.27425072 0.27829775 0.35130367 0.27324238 0.27151692 0.2124356 0.20978543 1.0215429 1.0313674 0.97941184 0.9753628 0.97720057 0.26422766 0.35178307 0.26309067 0.93255514 0.93151563 0.27051222 0.26707777 0.26836383 0.27627152
0.3947083 0.26679227 0.2649392 0.26836383 0.2625228 0.2646545 0 0.2623809 0.2625228 0.25997275 0.2616718 0.34320065 0.2575723 0.25447717 0.26223904 0.26039714 1.014548 1.0199828 0.96298385 0.96298385 0.9590223 0.062971115 0.33973208 0.061992925 0.9500957 0.95080596 0.26707777 0.25983134 0.25335485 0.2577133
0.4039046 0.27728397 0.27554917 0.27757347 0.27511612 0.27656063 0.2623809 0 0.05971543 0.20346294 0.20569606 0.3508246 0.25926593 0.2565861 0.2699387 0.2702254 1.0286036 1.030972 0.9860852 0.98645765 0.9838541 0.26223904 0.3501863 0.2608218 0.93672764 0.9405729 0.2712297 0.26550886 0.26408544 0.2657939
0.40613547 0.28265825 0.2806202 0.28455567 0.27800795 0.2807656 0.2625228 0.05971543 0 0.205433 0.20754011 0.35210282 0.26294866 0.26039714 0.27511612 0.27583802 1.0337447 1.0361294 0.98832285 0.98683035 0.9842255 0.26266474 0.35274276 0.26138836 0.94267863 0.9465546 0.27309844 0.27079913 0.266935 0.26764908
0.40321952 0.2738184 0.2738184 0.27612698 0.27353033 0.27425072 0.25997275 0.20346294 0.205433 0 0.056797348 0.34763852 0.25475803 0.25265422 0.26807785 0.267792 1.0176488 1.0246727 0.9764649 0.97206604 0.9709704 0.25870097 0.3501863 0.2571495 0.9335961 0.93812364 0.2702254 0.26294866 0.25841862 0.26025566
0.40665123 0.27960324 0.27873266 0.27960324 0.27627152 0.27829775 0.2616718 0.20569606 0.20754011 0.056797348 0 0.354345 0.25813642 0.2572904 0.2739625 0.27353033 1.0325551 1.0409217 0.98237044 0.97941184 0.97867405 0.26068023 0.35836557 0.2589834 0.9465546 0.9479691 0.2743949 0.26736337 0.26394325 0.2646545
0.4008266 0.35981828 0.35098425 0.35917228 0.34922987 0.35130367 0.34320065 0.3508246 0.35210282 0.34763852 0.354345 0 0.35210282 0.34795654 0.3454163 0.34446594 1.0149349 1.0238891 0.98051995 0.9831119 0.9764649 0.34383303 0.2543368 0.34288466 0.9522284 0.9522284 0.3501863 0.34827465 0.34462425 0.35178307
0.4028772 0.2712297 0.2690793 0.27453908 0.26879302 0.27324238 0.2575723 0.25926593 0.26294866 0.25475803 0.25813642 0.35210282 0 0.05303147 0.26679227 0.26209718 1.0242808 1.0329514 0.9838541 0.98237044 0.9779369 0.2572904 0.35002682 0.25644532 0.92909575 0.92909575 0.26864994 0.26365894 0.26068023 0.26451218
0.4049334 0.2702254 0.26707777 0.2738184 0.26822084 0.27151692 0.25447717 0.2565861 0.26039714 0.25265422 0.2572904 0.34795654 0.05303147 0 0.26422766 0.26153007 1.0211525 1.0266355 0.97206604 0.9698763 0.9658782 0.2527943 0.34795654 0.25181437 0.93082345 0.9259958 0.2679349 0.2625228 0.25813642 0.26323268
0.39946267 0.13052699 0.12436386 0.12684672 0.21084438 0.2124356 0.26223904 0.2699387 0.27511612 0.26807785 0.2739625 0.3454163 0.26679227 0.26422766 0 0.045024846 1.0297868 1.036926 0.96841997 0.97024083 0.9666036 0.2601142 0.34605056 0.25926593 0.96010065 0.96010065 0.26965213 0.266079 0.26408544 0.2657939
0.39844134 0.1308841 0.124836154 0.1272021 0.20886007 0.20978543 0.26039714 0.2702254 0.27583802 0.267792 0.27353033 0.34446594 0.26209718 0.26153007 0.045024846 0 1.0219333 1.032159 0.9680563 0.9687838 0.9666036 0.25983134 0.3477975 0.2589834 0.9565121 0.9557965 0.2679349 0.26422766 0.26451218 0.266079
1.015322 1.0242808 1.019204 1.0141612 1.032159 1.0215429 1.014548 1.0286036 1.0337447 1.0176488 1.0325551 1.0149349 1.0242808 1.0211525 1.0297868 1.0219333 0 0.03353885 0.471644 0.46696994 0.466411 1.0130024 1.0266355 1.0110749 1.0172604 1.014548 1.0219333 1.0099207 1.0215429 1.01146
1.0274222 1.0373245 1.0293922 1.0215429 1.0409217 1.0313674 1.0199828 1.030972 1.0361294 1.0246727 1.0409217 1.0238891 1.0329514 1.0266355 1.036926 1.032159 0.03353885 0 0.4771027 0.4720192 0.47070688 1.0168724 1.0365276 1.015322 1.0180373 1.0141612 1.0254573 1.0164845 1.036926 1.0297868
0.9669665 0.9857129 0.9691478 0.9872032 0.98757625 0.97941184 0.96298385 0.9860852 0.98832285 0.9764649 0.98237044 0.98051995 0.9838541 0.97206604 0.96841997 0.9680563 0.471644 0.4771027 0 0.027913041 0.02687584 0.9568702 0.98237044 0.95472425 0.9746289 0.9746289 0.97720057 0.9695119 0.97867405 0.9753628
0.9611805 0.98683035 0.96841997 0.98496884 0.9872032 0.9753628 0.96298385 0.98645765 0.98683035 0.97206604 0.97941184 0.9831119 0.98237044 0.9698763 0.97024083 0.9687838 0.46696994 0.4720192 0.027913041 0 0.018117068 0.9608204 0.98051995 0.95866317 0.9713354 0.9727974 0.9768326 0.97024083 0.9746289 0.9727974
0.95794547 0.9857129 0.9669665 0.9845971 0.9860852 0.97720057 0.9590223 0.9838541 0.9842255 0.9709704 0.97867405 0.9764649 0.9779369 0.9658782 0.9666036 0.9666036 0.466411 0.47070688 0.02687584 0.018117068 0 0.9557965 0.9779369 0.95294064 0.9651536 0.97024083 0.97867405 0.9687838 0.9727974 0.97243166
0.39436984 0.2657939 0.26365894 0.26565138 0.26195538 0.26422766 0.062971115 0.26223904 0.26266474 0.25870097 0.26068023 0.34383303 0.2572904 0.2527943 0.2601142 0.25983134 1.0130024 1.0168724 0.9568702 0.9608204 0.9557965 0 0.33973208 0.0038096593 0.9479691 0.9483231 0.26394325 0.2572904 0.2540561 0.25785428
0.3979312 0.35578993 0.35034582 0.35530797 0.34907058 0.35178307 0.33973208 0.3501863 0.35274276 0.3501863 0.35836557 0.2543368 0.35002682 0.34795654 0.34605056 0.3477975 1.0266355 1.0365276 0.98237044 0.98051995 0.9779369 0.33973208 0 0.33706275 0.95794547 0.95794547 0.35354343 0.34494096 0.34446594 0.34970793
0.39403155 0.26508155 0.26209718 0.26479682 0.26068023 0.26309067 0.061992925 0.2608218 0.26138836 0.2571495 0.2589834 0.34288466 0.25644532 0.25181437 0.25926593 0.2589834 1.0110749 1.015322 0.95472425 0.95866317 0.95294064 0.0038096593 0.33706275 0 0.94549555 0.946908 0.26294866 0.25588247 0.25251418 0.2565861
0.95508146 0.9593815 0.953297 0.9706055 0.9346385 0.93255514 0.9500957 0.93672764 0.94267863 0.9335961 0.9465546 0.9522284 0.92909575 0.93082345 0.96010065 0.9565121 1.0172604 1.0180373 0.9746289 0.9713354 0.9651536 0.9479691 0.95794547 0.94549555 0 0.25391582 0.94162506 0.9433819 0.93812364 0.9395222
0.9395222 0.9698763 0.95294064 0.9706055 0.9270277 0.93151563 0.95080596 0.9405729 0.9465546 0.93812364 0.9479691 0.9522284 0.92909575 0.9259958 0.96010065 0.9557965 1.014548 1.0141612 0.9746289 0.9727974 0.97024083 0.9483231 0.95794547 0.946908 0.25391582 0 0.9430302 0.9360306 0.9342909 0.94232726
0.40014434 0.2741066 0.2712297 0.2749718 0.26922247 0.27051222 0.26707777 0.2712297 0.27309844 0.2702254 0.2743949 0.3501863 0.26864994 0.2679349 0.26965213 0.2679349 1.0219333 1.0254573 0.97720057 0.9768326 0.97867405 0.26394325 0.35354343 0.26294866 0.94162506 0.9430302 0 0.19693321 0.267792 0.27194792
0.3975913 0.27281064 0.26822084 0.2702254 0.26679227 0.26707777 0.25983134 0.26550886 0.27079913 0.26294866 0.26736337 0.34827465 0.26365894 0.2625228 0.266079 0.26422766 1.0099207 1.0164845 0.9695119 0.97024083 0.9687838 0.2572904 0.34494096 0.25588247 0.9433819 0.9360306 0.19693321 0 0.2608218 0.2653664
0.39555508 0.27353033 0.2675062 0.26879302 0.26764908 0.26836383 0.25335485 0.26408544 0.266935 0.25841862 0.26394325 0.34462425 0.26068023 0.25813642 0.26408544 0.26451218 1.0215429 1.036926 0.97867405 0.9746289 0.9727974 0.2540561 0.34446594 0.25251418 0.93812364 0.9342909 0.267792 0.2608218 0 0.11836807
0.40270612 0.27815285 0.27453908 0.27338633 0.2741066 0.27627152 0.2577133 0.2657939 0.26764908 0.26025566 0.2646545 0.35178307 0.26451218 0.26323268 0.2657939 0.266079 1.01146 1.0297868 0.9753628 0.9727974 0.97243166 0.25785428 0.34970793 0.2565861 0.9395222 0.94232726 0.27194792 0.2653664 0.11836807 0
