0 0.6294973 0.6049049 0.62235546 0.610752 0.6121078 0.6132396 0.61960906 0.6232732 0.6320479 0.62926584 0.51786304 0.60804766 0.61256033 1.0037951 1.0037951 1.0076177 0.624192 0.624192 0.618924 0.6212099 0.620981 0.6184676 0.62075216 0.51547325 0.50344145 0.62258476 0.35498682 0.35804313 0.61278665
0.6294973 0 0.6049049 0.5091374 0.61482686 0.6058015 0.6058015 0.6141462 0.50265914 0.26209718 0.26508155 0.65348804 0.6073731 0.60669917 1.033348 1.0365276 1.0274222 0.5107164 0.50933456 0.5018777 0.50129217 0.50598943 0.30710486 0.50598943 0.63554007 0.6306556 0.24707282 0.6267246 0.6262635 0.21696252
0.6049049 0.6049049 0 0.5962188 0.21789792 0.2124356 0.21150698 0.21642852 0.593787 0.6091733 0.6006607 0.6362405 0.21856679 0.21829918 0.98645765 0.9962078 0.9939465 0.6060258 0.6006607 0.59444946 0.5957761 0.59954774 0.591363 0.6006607 0.6285719 0.610075 0.6073731 0.6123341 0.62787867 0.59444946
0.62235546 0.5091374 0.5962188 0 0.6049049 0.6011063 0.5920233 0.5999927 0.14774145 0.5050084 0.50285465 0.6442242 0.5982144 0.5955548 1.0091523 1.0122308 1.0160967 0.20267637 0.19992983 0.1518932 0.15042526 0.15238315 0.50148726 0.15213813 0.63975227 0.6180116 0.50972915 0.6180116 0.64045656 0.5038329
0.610752 0.61482686 0.21789792 0.6049049 0 0.16511104 0.16623351 0.16623351 0.60669917 0.620981 0.610075 0.64872307 0.13267222 0.13100317 1.0060863 1.0083846 1.0099207 0.609624 0.6082727 0.6071484 0.60625017 0.6123341 0.60222155 0.61369276 0.6348403 0.61052626 0.61278665 0.60984945 0.62880313 0.59954774
0.6121078 0.6058015 0.2124356 0.6011063 0.16511104 0 0.09632971 0.10077738 0.5982144 0.61960906 0.6116556 0.6378772 0.16573443 0.16436365 0.98645765 0.99131685 0.99169195 0.61391944 0.610752 0.59954774 0.60043794 0.6058015 0.5999927 0.60557723 0.6285719 0.6184676 0.6073731 0.610752 0.6258027 0.58982456
0.6132396 0.6058015 0.21150698 0.5920233 0.16623351 0.09632971 0 0.09735376 0.5946704 0.614373 0.60669917 0.64516914 0.16585916 0.16473724 0.98051995 0.98794943 0.9860852 0.603562 0.6013292 0.59444946 0.59422857 0.6006607 0.59910303 0.60043794 0.6306556 0.617328 0.60849774 0.60984945 0.62373245 0.591363
0.61960906 0.6141462 0.21642852 0.5999927 0.16623351 0.10077738 0.09735376 0 0.5997702 0.6232732 0.61596274 0.6475366 0.17023818 0.1691097 0.9939465 0.99923354 0.9950763 0.6093986 0.60512894 0.60423315 0.6033384 0.6075979 0.6046809 0.60804766 0.6269553 0.61960906 0.61278665 0.61687267 0.62880313 0.59910303
0.6232732 0.50265914 0.593787 0.14774145 0.60669917 0.5982144 0.5946704 0.5997702 0 0.50775856 0.5044204 0.64564204 0.5999927 0.5997702 1.0215429 1.025065 1.0270288 0.20293847 0.20162888 0.064386316 0.063297465 0.06384169 0.49662408 0.06427736 0.6374092 0.6202947 0.5063822 0.6171003 0.6437523 0.49740008
0.6320479 0.26209718 0.6091733 0.5050084 0.620981 0.61960906 0.614373 0.6232732 0.50775856 0 0.0575528 0.6563616 0.6175558 0.62075216 1.0053219 1.0149349 1.0118452 0.5105188 0.5075618 0.5079554 0.5083492 0.50953186 0.3063522 0.5107164 0.6343742 0.6357735 0.26337475 0.63088745 0.62488186 0.25419644
0.62926584 0.26508155 0.6006607 0.50285465 0.610075 0.6116556 0.60669917 0.61596274 0.5044204 0.0575528 0 0.6418672 0.6073731 0.610752 1.0030329 1.0091523 1.0060863 0.5038329 0.502073 0.50363714 0.5046164 0.5052045 0.3052998 0.5067752 0.6285719 0.63088745 0.26451218 0.6297288 0.6221262 0.2571495
0.51786304 0.65348804 0.6362405 0.6442242 0.64872307 0.6378772 0.64516914 0.6475366 0.64564204 0.6563616 0.6418672 0 0.64233804 0.6449328 1.0246727 1.0282096 1.0266355 0.6449328 0.64233804 0.64564204 0.6421026 0.65038735 0.64328057 0.6508636 0.33674935 0.32339495 0.6580429 0.52709514 0.53195745 0.63460726
0.60804766 0.6073731 0.21856679 0.5982144 0.13267222 0.16573443 0.16585916 0.17023818 0.5999927 0.6175558 0.6073731 0.64233804 0 0.04174025 0.98237044 0.98907024 0.9860852 0.60872287 0.6058015 0.603562 0.6037857 0.60669917 0.59092313 0.60894805 0.6304238 0.609624 0.6075979 0.6093986 0.6294973 0.59004414
0.61256033 0.60669917 0.21829918 0.5955548 0.13100317 0.16436365 0.16473724 0.1691097 0.5997702 0.62075216 0.610752 0.6449328 0.04174025 0 0.9845971 0.99357027 0.9898184 0.60804766 0.60423315 0.6033384 0.6019983 0.6058015 0.5915831 0.6078228 0.6294973 0.6112037 0.610075 0.6132396 0.63460726 0.5933457
1.0037951 1.033348 0.98645765 1.0091523 1.0060863 0.98645765 0.98051995 0.9939465 1.0215429 1.0053219 1.0030329 1.0246727 0.98237044 0.9845971 0 0.03259828 0.033225194 1.032159 1.0313674 1.0168724 1.019204 1.0176488 0.98832285 1.019204 1.0489776 1.0118452 1.0087683 0.99923354 1.0103053 1.0015109
1.0037951 1.0365276 0.9962078 1.0122308 1.0083846 0.99131685 0.98794943 0.99923354 1.025065 1.0149349 1.0091523 1.0282096 0.98907024 0.99357027 0.03259828 0 0.026668571 1.033348 1.032159 1.0223241 1.0254573 1.0219333 0.99658537 1.0234975 1.0469556 1.0137748 1.0203725 1.0015109 1.0172604 1.015322
1.0076177 1.0274222 0.9939465 1.0160967 1.0099207 0.99169195 0.9860852 0.9950763 1.0270288 1.0118452 1.0060863 1.0266355 0.9860852 0.9898184 0.033225194 0.026668571 0 1.033348 1.032159 1.025065 1.0289978 1.0274222 0.9901927 1.0278157 1.0522244 1.0130024 1.0130024 1.0030329 1.0118452 1.0060863
0.624192 0.5107164 0.6060258 0.20267637 0.609624 0.61391944 0.603562 0.6093986 0.20293847 0.5105188 0.5038329 0.6449328 0.60872287 0.60804766 1.032159 1.033348 1.033348 0 0.02656496 0.20846385 0.20556453 0.206881 0.49934357 0.20754011 0.6430448 0.624192 0.51229864 0.6193806 0.6437523 0.5063822
0.624192 0.50933456 0.6006607 0.19992983 0.6082727 0.610752 0.6013292 0.60512894 0.20162888 0.5075618 0.502073 0.64233804 0.6058015 0.60423315 1.0313674 1.032159 1.032159 0.02656496 0 0.20635414 0.20398779 0.20411906 0.4939144 0.20464435 0.6374092 0.62189704 0.50933456 0.6184676 0.6444604 0.5044204
0.618924 0.5018777 0.59444946 0.1518932 0.6071484 0.59954774 0.59444946 0.60423315 0.064386316 0.5079554 0.50363714 0.64564204 0.603562 0.6033384 1.0168724 1.0223241 1.025065 0.20846385 0.20635414 0 0.017195629 0.054643106 0.49876 0.0543205 0.6390486 0.62465185 0.50972915 0.6116556 0.6369415 0.4999276
0.6212099 0.50129217 0.5957761 0.15042526 0.60625017 0.60043794 0.59422857 0.6033384 0.063297465 0.5083492 0.5046164 0.6421026 0.6037857 0.6019983 1.019204 1.0254573 1.0289978 0.20556453 0.20398779 0.017195629 0 0.053783137 0.4979826 0.053568296 0.63857985 0.6216679 0.50992644 0.6121078 0.6343742 0.50148726
0.620981 0.50598943 0.59954774 0.15238315 0.6123341 0.6058015 0.6006607 0.6075979 0.06384169 0.50953186 0.5052045 0.65038735 0.60669917 0.6058015 1.0176488 1.0219333 1.0274222 0.206881 0.20411906 0.054643106 0.053783137 0 0.49740008 0.010371381 0.64257354 0.62810963 0.50933456 0.6186958 0.64233804 0.5001224
0.6184676 0.30710486 0.591363 0.50148726 0.60222155 0.5999927 0.59910303 0.6046809 0.49662408 0.3063522 0.3052998 0.64328057 0.59092313 0.5915831 0.98832285 0.99658537 0.9901927 0.49934357 0.4939144 0.49876 0.4979826 0.49740008 0 0.49895447 0.6313514 0.6175558 0.31012297 0.610752 0.62075216 0.3011048
0.62075216 0.50598943 0.6006607 0.15213813 0.61369276 0.60557723 0.60043794 0.60804766 0.06427736 0.5107164 0.5067752 0.6508636 0.60894805 0.6078228 1.019204 1.0234975 1.0278157 0.20754011 0.20464435 0.0543205 0.053568296 0.010371381 0.49895447 0 0.64328057 0.63019204 0.5113093 0.61915225 0.64163196 0.50148726
0.51547325 0.63554007 0.6285719 0.63975227 0.6348403 0.6285719 0.6306556 0.6269553 0.6374092 0.6343742 0.6285719 0.33674935 0.6304238 0.6294973 1.0489776 1.0469556 1.0522244 0.6430448 0.6374092 0.6390486 0.63857985 0.64257354 0.6313514 0.64328057 0 0.2638011 0.6350735 0.5071684 0.52689326 0.6198375
0.50344145 0.6306556 0.610075 0.6180116 0.61052626 0.6184676 0.617328 0.61960906 0.6202947 0.6357735 0.63088745 0.32339495 0.609624 0.6112037 1.0118452 1.0137748 1.0130024 0.624192 0.62189704 0.62465185 0.6216679 0.62810963 0.6175558 0.63019204 0.2638011 0 0.62373245 0.5089403 0.5134875 0.6145999
0.62258476 0.24707282 0.6073731 0.50972915 0.61278665 0.6073731 0.60849774 0.61278665 0.5063822 0.26337475 0.26451218 0.6580429 0.6075979 0.610075 1.0087683 1.0203725 1.0130024 0.51229864 0.50933456 0.50972915 0.50992644 0.50933456 0.31012297 0.5113093 0.6350735 0.62373245 0 0.62880313 0.6285719 0.23946556
0.35498682 0.6267246 0.6123341 0.6180116 0.60984945 0.610752 0.60984945 0.61687267 0.6171003 0.63088745 0.6297288 0.52709514 0.6093986 0.6132396 0.99923354 1.0015109 1.0030329 0.6193806 0.6184676 0.6116556 0.6121078 0.6186958 0.610752 0.61915225 0.5071684 0.5089403 0.62880313 0 0.22542353 0.60535306
0.35804313 0.6262635 0.62787867 0.64045656 0.62880313 0.6258027 0.62373245 0.62880313 0.6437523 0.62488186 0.6221262 0.53195745 0.6294973 0.63460726 1.0103053 1.0172604 1.0118452 0.6437523 0.6444604 0.6369415 0.6343742 0.64233804 0.62075216 0.64163196 0.52689326 0.5134875 0.6285719 0.22542353 0 0.6075979
0.61278665 0.21696252 0.59444946 0.5038329 0.59954774 0.58982456 0.591363 0.59910303 0.49740008 0.25419644 0.2571495 0.63460726 0.59004414 0.5933457 1.0015109 1.015322 1.0060863 0.5063822 0.5044204 0.4999276 0.50148726 0.5001224 0.3011048 0.50148726 0.6198375 0.6145999 0.23946556 0.60535306 0.6075979 0
