0 0.75056994 0.7519313 0.74921095 0.76540554 0.7593259 0.99961257 1.0095364 1.0270288 1.0137748 0.74057156 0.6508636 0.7419149 1.0118452 1.01146 0.76512814 0.75411475 0.75138646 0.75302225 0.9977191 0.9853408 0.7640195 0.99885464 0.76485085 0.75056994 1.0246727 0.7574018 0.7532952 1.019204 0.73923063
0.75056994 0 0.6849714 0.6894714 0.25954857 0.2675062 0.9950763 0.990942 1.0060863 1.0015109 0.354345 0.7437997 0.36630902 0.99169195 0.98832285 0.2609634 0.26068023 0.27051222 0.26807785 0.98907024 0.9924427 0.2981227 0.9687838 0.29723036 0.6892207 0.9853408 0.68049824 0.29071888 0.9790429 0.16448817
0.7519313 0.6849714 0 0.17023818 0.70288044 0.6993151 1.0011308 0.99281836 1.005704 0.99545324 0.70364666 0.74622995 0.7026252 0.98645765 0.98496884 0.6988071 0.700841 0.70543754 0.7072328 0.9783054 0.98237044 0.702115 0.9827411 0.70441365 0.35178307 1.005704 0.28645793 0.6877182 0.98907024 0.6777777
0.74921095 0.6894714 0.17023818 0 0.70748955 0.6962725 0.98496884 0.982 0.9980974 0.9898184 0.6932422 0.74893945 0.69425094 0.9842255 0.9775687 0.6965256 0.6982995 0.7031358 0.7087749 0.9669665 0.97206604 0.702115 0.9662408 0.7026252 0.3441494 0.9924427 0.28338745 0.6837262 0.9727974 0.68397504
0.76540554 0.25954857 0.70288044 0.70748955 0 0.16823317 1.0227151 1.0003713 1.0337447 1.0286036 0.36127383 0.7629125 0.3723634 1.000751 0.99357027 0.21856679 0.2181654 0.27800795 0.2768499 1.0231062 1.0219333 0.29842037 0.9831119 0.29737902 0.7080034 0.9946995 0.7023701 0.29367164 0.9943229 0.26025566
0.7593259 0.2675062 0.6993151 0.6962725 0.16823317 0 1.0278157 1.0037951 1.0203725 1.0168724 0.3648437 0.7574018 0.3751616 1.0022715 0.9980974 0.2204428 0.22071119 0.28631145 0.28338745 1.015322 1.019204 0.30650267 0.9808897 0.30560035 0.70954716 1.001891 0.69425094 0.2991651 0.99357027 0.2649392
0.99961257 0.9950763 1.0011308 0.98496884 1.0227151 1.0278157 0 0.487949 0.5001224 0.49856558 0.9939465 1.005704 1.0011308 0.49526802 0.493142 1.0219333 1.0227151 1.0030329 1.0076177 0.15275083 0.15079197 1.0015109 0.5546552 1.0030329 1.0122308 0.5083492 1.0164845 1.0207624 0.49063718 0.98237044
1.0095364 0.990942 0.99281836 0.982 1.0003713 1.0037951 0.487949 0 0.48146042 0.48146042 0.9827411 1.0164845 0.9827411 0.13770178 0.13314977 0.9939465 1.0049399 1.0041765 1.0130024 0.48929188 0.4843161 1.0095364 0.53828484 1.01146 1.0141612 0.31254622 1.0068517 1.0091523 0.17300387 0.9860852
1.0270288 1.0060863 1.005704 0.9980974 1.0337447 1.0203725 0.5001224 0.48146042 0 0.13578178 1.0037951 1.0080011 1.01069 0.48718274 0.48108047 1.0289978 1.0305767 1.0011308 1.0068517 0.49546158 0.49546158 1.0227151 0.5397211 1.0223241 1.0099207 0.48967603 1.0030329 1.0329514 0.47937313 0.99961257
1.0137748 1.0015109 0.99545324 0.9898184 1.0286036 1.0168724 0.49856558 0.48146042 0.13578178 0 0.99847597 1.0015109 1.0034139 0.48603475 0.47540435 1.0227151 1.0266355 0.99885464 1.0060863 0.49121448 0.4915996 1.0266355 0.5346044 1.0270288 0.9946995 0.48317254 1.0041765 1.0149349 0.47994182 0.99658537
0.74057156 0.354345 0.70364666 0.6932422 0.36127383 0.3648437 0.9939465 0.9827411 1.0037951 0.99847597 0 0.7502979 0.12708361 0.9838541 0.9872032 0.36078832 0.3609501 0.35836557 0.3628944 0.9924427 0.99545324 0.36582026 0.99131685 0.36582026 0.6945033 0.9958304 0.69198316 0.36257 0.982 0.35066497
0.6508636 0.7437997 0.74622995 0.74893945 0.7629125 0.7574018 1.005704 1.0164845 1.0080011 1.0015109 0.7502979 0 0.75520885 1.0126165 1.0130024 0.73789203 0.74622995 0.7557565 0.7565787 0.9827411 0.9853408 0.762636 1.0003713 0.7618071 0.7494826 1.0118452 0.7494826 0.7481256 0.99885464 0.7483968
0.7419149 0.36630902 0.7026252 0.69425094 0.3723634 0.3751616 1.0011308 0.9827411 1.01069 1.0034139 0.12708361 0.75520885 0 0.98757625 0.990942 0.37055832 0.37137827 0.36761394 0.37105018 1.0049399 1.0049399 0.37055832 0.9943229 0.37039444 0.69399863 0.99885464 0.6924865 0.36843067 0.98757625 0.36403087
1.0118452 0.99169195 0.98645765 0.9842255 1.000751 1.0022715 0.49526802 0.13770178 0.48718274 0.48603475 0.9838541 1.0126165 0.98757625 0 0.114047974 0.99999183 1.0110749 1.0064689 1.0130024 0.497206 0.49333504 1.0037951 0.53828484 1.005704 1.0133885 0.3143688 1.0103053 1.0110749 0.17653863 0.9845971
1.01146 0.98832285 0.98496884 0.9775687 0.99357027 0.9980974 0.493142 0.13314977 0.48108047 0.47540435 0.9872032 1.0130024 0.990942 0.114047974 0 0.99885464 1.0080011 1.0003713 1.0083846 0.48986816 0.48527044 0.9946995 0.5384899 0.9958304 1.0022715 0.31072804 0.9969631 1.0099207 0.17603265 0.9801504
0.76512814 0.2609634 0.6988071 0.6965256 0.21856679 0.2204428 1.0219333 0.9939465 1.0289978 1.0227151 0.36078832 0.73789203 0.37055832 0.99999183 0.99885464 0 0.07591571 0.2774287 0.27960324 1.0180373 1.0168724 0.3062018 0.9860852 0.3063522 0.69399863 1.001891 0.69399863 0.2920462 1.002652 0.26124668
0.75411475 0.26068023 0.700841 0.6982995 0.2181654 0.22071119 1.0227151 1.0049399 1.0305767 1.0266355 0.3609501 0.74622995 0.37137827 1.0110749 1.0080011 0.07591571 0 0.27353033 0.2759825 1.0227151 1.0219333 0.30695426 0.9924427 0.3074061 0.6960195 1.014548 0.6998234 0.2918986 1.0103053 0.26110503
0.75138646 0.27051222 0.70543754 0.7031358 0.27800795 0.28631145 1.0030329 1.0041765 1.0011308 0.99885464 0.35836557 0.7557565 0.36761394 1.0064689 1.0003713 0.2774287 0.27353033 0 0.04258651 0.9962078 0.99357027 0.2988671 0.990942 0.29842037 0.69804585 1.0030329 0.7023701 0.2955972 0.99885464 0.26965213
0.75302225 0.26807785 0.7072328 0.7087749 0.2768499 0.28338745 1.0076177 1.0130024 1.0068517 1.0060863 0.3628944 0.7565787 0.37105018 1.0130024 1.0083846 0.27960324 0.2759825 0.04258651 0 0.99734104 0.9943229 0.2993141 0.9977191 0.29842037 0.70160514 1.0095364 0.70595 0.29589388 1.0095364 0.26950887
0.9977191 0.98907024 0.9783054 0.9669665 1.0231062 1.015322 0.15275083 0.48929188 0.49546158 0.49121448 0.9924427 0.9827411 1.0049399 0.497206 0.48986816 1.0180373 1.0227151 0.9962078 0.99734104 0 0.038785826 0.9943229 0.5477734 0.9962078 0.9939465 0.49895447 0.9977191 1.01146 0.491022 0.9898184
0.9853408 0.9924427 0.98237044 0.97206604 1.0219333 1.019204 0.15079197 0.4843161 0.49546158 0.4915996 0.99545324 0.9853408 1.0049399 0.49333504 0.48527044 1.0168724 1.0219333 0.99357027 0.9943229 0.038785826 0 0.99734104 0.54570043 0.99847597 0.9943229 0.49973288 1.001891 1.0087683 0.49025255 0.99169195
0.7640195 0.2981227 0.702115 0.702115 0.29842037 0.30650267 1.0015109 1.0095364 1.0227151 1.0266355 0.36582026 0.762636 0.37055832 1.0037951 0.9946995 0.3062018 0.30695426 0.2988671 0.2993141 0.9943229 0.99734104 0 0.97867405 0.008548534 0.695261 1.0022715 0.6962725 0.2954489 0.9924427 0.29589388
0.99885464 0.9687838 0.9827411 0.9662408 0.9831119 0.9808897 0.5546552 0.53828484 0.5397211 0.5346044 0.99131685 1.0003713 0.9943229 0.53828484 0.5384899 0.9860852 0.9924427 0.990942 0.9977191 0.5477734 0.54570043 0.97867405 0 0.9790429 0.97941184 0.560333 0.9746289 1.0011308 0.53297436 0.9746289
0.76485085 0.29723036 0.70441365 0.7026252 0.29737902 0.30560035 1.0030329 1.01146 1.0223241 1.0270288 0.36582026 0.7618071 0.37039444 1.005704 0.9958304 0.3063522 0.3074061 0.29842037 0.29842037 0.9962078 0.99847597 0.008548534 0.9790429 0 0.6962725 1.0037951 0.6972853 0.294856 0.99545324 0.2951524
0.75056994 0.6892207 0.35178307 0.3441494 0.7080034 0.70954716 1.0122308 1.0141612 1.0099207 0.9946995 0.6945033 0.7494826 0.69399863 1.0133885 1.0022715 0.69399863 0.6960195 0.69804585 0.70160514 0.9939465 0.9943229 0.695261 0.97941184 0.6962725 0 1.0137748 0.35482633 0.68721807 1.0045581 0.68000287
1.0246727 0.9853408 1.005704 0.9924427 0.9946995 1.001891 0.5083492 0.31254622 0.48967603 0.48317254 0.9958304 1.0118452 0.99885464 0.3143688 0.31072804 1.001891 1.014548 1.0030329 1.0095364 0.49895447 0.49973288 1.0022715 0.560333 1.0037951 1.0137748 0 1.0091523 1.0231062 0.31497735 0.97573
0.7574018 0.68049824 0.28645793 0.28338745 0.7023701 0.69425094 1.0164845 1.0068517 1.0030329 1.0041765 0.69198316 0.7494826 0.6924865 1.0103053 0.9969631 0.69399863 0.6998234 0.7023701 0.70595 0.9977191 1.001891 0.6962725 0.9746289 0.6972853 0.35482633 1.0091523 0 0.6844731 0.99545324 0.680994
0.7532952 0.29071888 0.6877182 0.6837262 0.29367164 0.2991651 1.0207624 1.0091523 1.0329514 1.0149349 0.36257 0.7481256 0.36843067 1.0110749 1.0099207 0.2920462 0.2918986 0.2955972 0.29589388 1.01146 1.0087683 0.2954489 1.0011308 0.294856 0.68721807 1.0231062 0.6844731 0 1.0176488 0.28763095
1.019204 0.9790429 0.98907024 0.9727974 0.9943229 0.99357027 0.49063718 0.17300387 0.47937313 0.47994182 0.982 0.99885464 0.98757625 0.17653863 0.17603265 1.002652 1.0103053 0.99885464 1.0095364 0.491022 0.49025255 0.9924427 0.53297436 0.99545324 1.0045581 0.31497735 0.99545324 1.0176488 0 0.9746289
0.73923063 0.16448817 0.6777777 0.68397504 0.26025566 0.2649392 0.98237044 0.9860852 0.99961257 0.99658537 0.35066497 0.7483968 0.36403087 0.9845971 0.9801504 0.26124668 0.26110503 0.26965213 0.26950887 0.9898184 0.99169195 0.29589388 0.9746289 0.2951524 0.68000287 0.97573 0.680994 0.28763095 0.9746289 0
