0 0.39895183 0.9872032 0.39166775 0.39844134 0.41079012 0.40889028 0.39963302 0.6212099 0.38947943 0.3926799 0.4575242 0.6244219 0.63228023 0.6283408 0.6283408 0.62396216 0.39776123 0.39538565 0.392005 0.39183635 0.9827411 0.4555024 0.9831119 0.99847597 0.6269553 0.40219304 0.41338858 0.39048862 0.39521626
0.39895183 0 0.97720057 0.29737902 0.30891424 0.3776393 0.37219912 0.26636422 0.63834554 0.24001622 0.2433287 0.44402677 0.6311194 0.62903446 0.6283408 0.6421026 0.63881415 0.266079 0.26550886 0.26294866 0.26479682 0.9790429 0.4443884 0.98125964 0.9783054 0.63414127 0.2527943 0.38195345 0.20175974 0.15128121
0.9872032 0.97720057 0 0.9727974 0.99056727 0.9808897 0.99131685 0.9779369 1.0083846 0.9504507 0.9590223 0.9790429 1.0076177 1.0053219 1.01146 1.0157093 1.001891 0.9608204 0.9695119 0.9764649 0.98645765 0.12554516 0.9779369 0.12803192 0.35370368 0.99999183 0.98125964 0.99281836 0.96298385 0.97609735
0.39166775 0.29737902 0.9727974 0 0.1090584 0.3672875 0.36127383 0.30200177 0.6315835 0.29263687 0.29441166 0.44420755 0.6336756 0.6276477 0.6258027 0.6418672 0.6334428 0.30035818 0.3009554 0.29737902 0.2975277 0.9790429 0.44042012 0.9779369 0.97867405 0.62880313 0.305901 0.37846702 0.30020893 0.29827154
0.39844134 0.30891424 0.99056727 0.1090584 0 0.3781358 0.3712142 0.31406474 0.6348403 0.30125424 0.30245066 0.45476854 0.6390486 0.6374092 0.6367077 0.64587855 0.63998693 0.3122429 0.31118217 0.30785823 0.30831063 0.9958304 0.44765082 0.9969631 0.9969631 0.6409265 0.31512955 0.38746512 0.30997178 0.30785823
0.41079012 0.3776393 0.9808897 0.3672875 0.3781358 0 0.11172312 0.37797028 0.6409265 0.3614357 0.36468107 0.45899805 0.6374092 0.6406915 0.64280915 0.64328057 0.63998693 0.37417278 0.3731853 0.3708862 0.3723634 0.9783054 0.46139923 0.98237044 0.98794943 0.6477737 0.3781358 0.21803166 0.3723634 0.37203488
0.40889028 0.37219912 0.99131685 0.36127383 0.3712142 0.11172312 0 0.36843067 0.6320479 0.35772082 0.35965672 0.45531887 0.6283408 0.6336756 0.63019204 0.63554007 0.63228023 0.36810386 0.36712432 0.36468107 0.3667981 0.9920673 0.45678836 0.9969631 0.9816297 0.6378772 0.3753265 0.21309961 0.36516908 0.36565742
0.39963302 0.26636422 0.9779369 0.30200177 0.31406474 0.37797028 0.36843067 0 0.6461152 0.25870097 0.2649392 0.44983372 0.64045656 0.6402217 0.63928306 0.6520554 0.64872307 0.19602357 0.19602357 0.104791455 0.10444655 0.98907024 0.45147505 0.9939465 0.9939465 0.6409265 0.28003892 0.37615168 0.26850688 0.2646545
0.6212099 0.63834554 1.0083846 0.6315835 0.6348403 0.6409265 0.6320479 0.6461152 0 0.61052626 0.61664504 0.6276477 0.10272439 0.14798503 0.14591707 0.102953784 0.10272439 0.6353068 0.63834554 0.6413967 0.6439882 1.0003713 0.6193806 1.0022715 1.0022715 0.23617005 0.632745 0.6442242 0.6285719 0.6285719
0.38947943 0.24001622 0.9504507 0.29263687 0.30125424 0.3614357 0.35772082 0.25870097 0.61052626 0 0.08102306 0.43059036 0.60894805 0.61256033 0.6171003 0.6180116 0.62189704 0.25743133 0.25870097 0.25419644 0.25475803 0.9554389 0.43325844 0.9608204 0.9626228 0.6150539 0.22313097 0.3685941 0.23919038 0.24111876
0.3926799 0.2433287 0.9590223 0.29441166 0.30245066 0.36468107 0.35965672 0.2649392 0.61664504 0.08102306 0 0.4297031 0.6150539 0.62143886 0.62534213 0.62534213 0.62880313 0.25968993 0.26124668 0.25954857 0.25983134 0.9644296 0.43236804 0.97024083 0.9590223 0.620981 0.22528848 0.37351432 0.24084297 0.24001622
0.4575242 0.44402677 0.9790429 0.44420755 0.45476854 0.45899805 0.45531887 0.44983372 0.6276477 0.43059036 0.4297031 0 0.62926584 0.6318157 0.63297755 0.63811135 0.6357735 0.4389823 0.44240162 0.44601783 0.44565544 0.9838541 0.3484338 0.9853408 0.99357027 0.627186 0.44276246 0.46158424 0.43700978 0.43504247
0.6244219 0.6311194 1.0076177 0.6336756 0.6390486 0.6374092 0.6283408 0.64045656 0.10272439 0.60894805 0.6150539 0.62926584 0 0.15042526 0.14713283 0.08504452 0.08549268 0.6313514 0.6357735 0.63811135 0.63857985 1.000751 0.6198375 1.0022715 0.9950763 0.2433287 0.6285719 0.64351636 0.62396216 0.62926584
0.63228023 0.62903446 1.0053219 0.6276477 0.6374092 0.6406915 0.6336756 0.6402217 0.14798503 0.61256033 0.62143886 0.6318157 0.15042526 0 0.08236115 0.15115887 0.15287343 0.63228023 0.6360069 0.63554007 0.63998693 1.0045581 0.62996036 1.0041765 0.9901927 0.2433287 0.6294973 0.6413967 0.6216679 0.62075216
0.6283408 0.6283408 1.01146 0.6258027 0.6367077 0.64280915 0.63019204 0.63928306 0.14591707 0.6171003 0.62534213 0.63297755 0.14713283 0.08236115 0 0.1494482 0.14896016 0.6332101 0.6334428 0.6334428 0.6371753 1.0068517 0.6276477 1.005704 0.9872032 0.24139464 0.6336756 0.6418672 0.624192 0.62465185
0.6283408 0.6421026 1.0157093 0.6418672 0.64587855 0.64328057 0.63554007 0.6520554 0.102953784 0.6180116 0.62534213 0.63811135 0.08504452 0.15115887 0.1494482 0 0.06678736 0.63881415 0.6413967 0.6484856 0.64967364 1.0103053 0.6276477 1.01146 1.0045581 0.24070512 0.63857985 0.64991146 0.6315835 0.63834554
0.62396216 0.63881415 1.001891 0.6334428 0.63998693 0.63998693 0.63228023 0.64872307 0.10272439 0.62189704 0.62880313 0.6357735 0.08549268 0.15287343 0.14896016 0.06678736 0 0.63881415 0.6402217 0.64351636 0.64564204 0.9962078 0.624192 0.9969631 0.9946995 0.23946556 0.64233804 0.6477737 0.6297288 0.6343742
0.39776123 0.266079 0.9608204 0.30035818 0.3122429 0.37417278 0.36810386 0.19602357 0.6353068 0.25743133 0.25968993 0.4389823 0.6313514 0.63228023 0.6332101 0.63881415 0.63881415 0 0.06471328 0.192396 0.19368954 0.9615409 0.442582 0.9655158 0.98683035 0.6306556 0.27670524 0.37912986 0.266079 0.26679227
0.39538565 0.26550886 0.9695119 0.3009554 0.31118217 0.3731853 0.36712432 0.19602357 0.63834554 0.25870097 0.26124668 0.44240162 0.6357735 0.6360069 0.6334428 0.6413967 0.6402217 0.06471328 0 0.19278383 0.19381903 0.97352946 0.44837776 0.9783054 0.99658537 0.63414127 0.27670524 0.37747386 0.26508155 0.26394325
0.392005 0.26294866 0.9764649 0.29737902 0.30785823 0.3708862 0.36468107 0.104791455 0.6413967 0.25419644 0.25954857 0.44601783 0.63811135 0.63554007 0.6334428 0.6484856 0.64351636 0.192396 0.19278383 0 0.05389058 0.9827411 0.44493115 0.9872032 0.9838541 0.6348403 0.27194792 0.3731853 0.26294866 0.25813642
0.39183635 0.26479682 0.98645765 0.2975277 0.30831063 0.3723634 0.3667981 0.10444655 0.6439882 0.25475803 0.25983134 0.44565544 0.63857985 0.63998693 0.6371753 0.64967364 0.64564204 0.19368954 0.19381903 0.05389058 0 0.9946995 0.4478325 1.0003713 0.99885464 0.6371753 0.27367437 0.37598658 0.266079 0.2601142
0.9827411 0.9790429 0.12554516 0.9790429 0.9958304 0.9783054 0.9920673 0.98907024 1.0003713 0.9554389 0.9644296 0.9838541 1.000751 1.0045581 1.0068517 1.0103053 0.9962078 0.9615409 0.97352946 0.9827411 0.9946995 0 0.9790429 0.015152031 0.35482633 1.0015109 0.99056727 1.0011308 0.97499573 0.97573
0.4555024 0.4443884 0.9779369 0.44042012 0.44765082 0.46139923 0.45678836 0.45147505 0.6193806 0.43325844 0.43236804 0.3484338 0.6198375 0.62996036 0.6276477 0.6276477 0.624192 0.442582 0.44837776 0.44493115 0.4478325 0.9790429 0 0.97867405 0.97867405 0.62258476 0.44728765 0.45697227 0.43790576 0.44674316
0.9831119 0.98125964 0.12803192 0.9779369 0.9969631 0.98237044 0.9969631 0.9939465 1.0022715 0.9608204 0.97024083 0.9853408 1.0022715 1.0041765 1.005704 1.01146 0.9969631 0.9655158 0.9783054 0.9872032 1.0003713 0.015152031 0.97867405 0 0.35482633 1.005704 0.9920673 1.0041765 0.9816297 0.97720057
0.99847597 0.9783054 0.35370368 0.97867405 0.9969631 0.98794943 0.9816297 0.9939465 1.0022715 0.9626228 0.9590223 0.99357027 0.9950763 0.9901927 0.9872032 1.0045581 0.9946995 0.98683035 0.99658537 0.9838541 0.99885464 0.35482633 0.97867405 0.35482633 0 0.9962078 0.99357027 1.0110749 0.96298385 0.9753628
0.6269553 0.63414127 0.99999183 0.62880313 0.6409265 0.6477737 0.6378772 0.6409265 0.23617005 0.6150539 0.620981 0.627186 0.2433287 0.2433287 0.24139464 0.24070512 0.23946556 0.6306556 0.63414127 0.6348403 0.6371753 1.0015109 0.62258476 1.005704 0.9962078 0 0.6283408 0.64872307 0.62075216 0.6294973
0.40219304 0.2527943 0.98125964 0.305901 0.31512955 0.3781358 0.3753265 0.28003892 0.632745 0.22313097 0.22528848 0.44276246 0.6285719 0.6294973 0.6336756 0.63857985 0.64233804 0.27670524 0.27670524 0.27194792 0.27367437 0.99056727 0.44728765 0.9920673 0.99357027 0.6283408 0 0.38062337 0.25167447 0.2529344
0.41338858 0.38195345 0.99281836 0.37846702 0.38746512 0.21803166 0.21309961 0.37615168 0.6442242 0.3685941 0.37351432 0.46158424 0.64351636 0.6413967 0.6418672 0.64991146 0.6477737 0.37912986 0.37747386 0.3731853 0.37598658 1.0011308 0.45697227 1.0041765 1.0110749 0.64872307 0.38062337 0 0.37615168 0.376482
0.39048862 0.20175974 0.96298385 0.30020893 0.30997178 0.3723634 0.36516908 0.26850688 0.6285719 0.23919038 0.24084297 0.43700978 0.62396216 0.6216679 0.624192 0.6315835 0.6297288 0.266079 0.26508155 0.26294866 0.266079 0.97499573 0.43790576 0.9816297 0.96298385 0.62075216 0.25167447 0.37615168 0 0.1997993
0.39521626 0.15128121 0.97609735 0.29827154 0.30785823 0.37203488 0.36565742 0.2646545 0.6285719 0.24111876 0.24001622 0.43504247 0.62926584 0.62075216 0.62465185 0.63834554 0.6343742 0.26679227 0.26394325 0.25813642 0.2601142 0.97573 0.44674316 0.97720057 0.9753628 0.6294973 0.2529344 0.376482 0.1997993 0
