0 0.7301751 0.72885257 0.70748955 0.7186162 0.70415795 0.69906104 0.70415795 0.721751 0.50265914 0.50579315 0.7126442 0.6960195 0.7067194 0.71549445 0.70595 0.69804585 0.702115 0.69753873 0.69425094 0.70415795 0.70928967 0.697032 0.70543754 0.69753873 0.9962078 0.9950763 0.68972224 1.0118452 0.99999183
0.7301751 0 0.18098064 0.44511214 0.44765082 0.7397667 0.7296458 0.7152349 0.72044325 0.73789203 0.7264779 0.31589106 0.7241107 0.72568804 0.44222128 0.44240162 0.71445674 0.7165336 0.4355785 0.43183428 0.43504247 0.7241107 0.71783453 0.7251619 0.7259512 1.0130024 1.0133885 0.7067194 1.0227151 1.015322
0.72885257 0.18098064 0 0.44222128 0.4443884 0.73815954 0.71992075 0.714716 0.72044325 0.732296 0.7267414 0.3084615 0.7165336 0.72463614 0.43432835 0.43219006 0.71835554 0.72253674 0.42651764 0.42598802 0.4270476 0.71445674 0.71887696 0.71887696 0.7222747 0.9958304 0.99734104 0.70109564 1.0188149 1.0110749
0.70748955 0.44511214 0.44222128 0 0.1750217 0.71992075 0.7113522 0.7227989 0.7186162 0.7098048 0.7149754 0.4235215 0.7110941 0.718095 0.32942155 0.3238568 0.7126442 0.7113522 0.4336149 0.43254602 0.43414992 0.70415795 0.7105781 0.71161044 0.7105781 1.0262426 0.99847597 0.7005865 1.025065 1.0180373
0.7186162 0.44765082 0.4443884 0.1750217 0 0.73522204 0.7325615 0.73522204 0.72253674 0.7175742 0.723061 0.43041283 0.7267414 0.7293813 0.33190808 0.3280265 0.72726864 0.73149997 0.4463804 0.4463804 0.4507451 0.7173139 0.72832423 0.7222747 0.7186162 1.0313674 1.0126165 0.7126442 1.0231062 1.0254573
0.70415795 0.7397667 0.73815954 0.71992075 0.73522204 0 0.16249844 0.48603475 0.491022 0.70033205 0.697032 0.721751 0.57439595 0.5810934 0.7110941 0.7031358 0.56520385 0.56456673 0.7157541 0.71083605 0.7098048 0.5626586 0.5632941 0.56456673 0.5694652 1.0072346 0.98832285 0.5552839 0.99281836 0.982
0.69906104 0.7296458 0.71992075 0.7113522 0.7325615 0.16249844 0 0.48032117 0.48833245 0.69779223 0.69349426 0.7129029 0.57482624 0.57719725 0.70466954 0.69148016 0.56626695 0.5666926 0.7049255 0.7018601 0.69956917 0.56754464 0.56012195 0.56584156 0.5573836 0.99357027 0.9775687 0.5554936 0.98645765 0.97426224
0.70415795 0.7152349 0.714716 0.7227989 0.73522204 0.48603475 0.48032117 0 0.13806233 0.7139384 0.7082605 0.70466954 0.57590306 0.57871 0.70543754 0.70646286 0.5698927 0.56967896 0.7072328 0.70748955 0.70441365 0.57439595 0.55675304 0.58174473 0.5616006 1.0149349 1.0080011 0.5643545 1.005704 0.9901927
0.721751 0.72044325 0.72044325 0.7186162 0.72253674 0.491022 0.48833245 0.13806233 0 0.71887696 0.7191378 0.70748955 0.58544624 0.58653843 0.7085177 0.71186876 0.57181937 0.5724627 0.70928967 0.7033912 0.7033912 0.5713908 0.56117785 0.57482624 0.56054413 1.0219333 1.0176488 0.5694652 1.0172604 1.0045581
0.50265914 0.73789203 0.732296 0.7098048 0.7175742 0.70033205 0.69779223 0.7139384 0.71887696 0 0.12177156 0.7173139 0.6960195 0.70441365 0.7152349 0.7056938 0.7098048 0.70390224 0.71627367 0.70774645 0.7110941 0.70007765 0.7049255 0.6998234 0.70007765 0.98051995 1.0083846 0.697032 1.019204 1.0087683
0.50579315 0.7264779 0.7267414 0.7149754 0.723061 0.697032 0.69349426 0.7082605 0.7191378 0.12177156 0 0.7165336 0.70364666 0.7141975 0.7167936 0.7056938 0.7087749 0.70364666 0.71835554 0.71006244 0.7152349 0.700841 0.69956917 0.7005865 0.6998234 0.9924427 1.0215429 0.6945033 1.0231062 1.0164845
0.7126442 0.31589106 0.3084615 0.4235215 0.43041283 0.721751 0.7129029 0.70466954 0.70748955 0.7173139 0.7165336 0 0.7082605 0.71186876 0.4245776 0.4205373 0.70928967 0.7110941 0.4207125 0.4212384 0.4242254 0.7085177 0.7087749 0.7087749 0.70543754 0.99734104 0.97243166 0.69956917 1.001891 0.9943229
0.6960195 0.7241107 0.7165336 0.7110941 0.7267414 0.57439595 0.57482624 0.57590306 0.58544624 0.6960195 0.70364666 0.7082605 0 0.115096524 0.71032023 0.7105781 0.4147781 0.4170416 0.71342045 0.70903224 0.7105781 0.4215892 0.4100987 0.42088777 0.41425672 1.01069 1.014548 0.41529983 1.0034139 1.0160967
0.7067194 0.72568804 0.72463614 0.718095 0.7293813 0.5810934 0.57719725 0.57871 0.58653843 0.70441365 0.7141975 0.71186876 0.115096524 0 0.70697606 0.70928967 0.417216 0.41878742 0.72018194 0.71367943 0.7141975 0.4205373 0.4080283 0.42194015 0.41512588 1.0034139 1.0164845 0.42036211 1.0195932 1.0301816
0.71549445 0.44222128 0.43432835 0.32942155 0.33190808 0.7110941 0.70466954 0.70543754 0.7085177 0.7152349 0.7167936 0.4245776 0.71032023 0.70697606 0 0.10226581 0.7082605 0.7141975 0.442582 0.44294295 0.44511214 0.6927383 0.70364666 0.69122875 0.7013504 1.0160967 0.9969631 0.69399863 1.0180373 1.0110749
0.70595 0.44240162 0.43219006 0.3238568 0.3280265 0.7031358 0.69148016 0.70646286 0.71186876 0.7056938 0.7056938 0.4205373 0.7105781 0.70928967 0.10226581 0 0.7085177 0.71367943 0.43414992 0.43647274 0.43826443 0.6988071 0.7129029 0.69753873 0.7072328 1.0022715 0.9860852 0.6982995 1.01069 0.9901927
0.69804585 0.71445674 0.71835554 0.7126442 0.72726864 0.56520385 0.56626695 0.5698927 0.57181937 0.7098048 0.7087749 0.70928967 0.4147781 0.417216 0.7082605 0.7085177 0 0.09986288 0.71212715 0.7080034 0.70364666 0.3648437 0.35338324 0.36826724 0.363706 1.0083846 0.99847597 0.37203488 1.0060863 0.99885464
0.702115 0.7165336 0.72253674 0.7113522 0.73149997 0.56456673 0.5666926 0.56967896 0.5724627 0.70390224 0.70364666 0.7110941 0.4170416 0.41878742 0.7141975 0.71367943 0.09986288 0 0.7173139 0.71835554 0.7139384 0.3648437 0.35530797 0.36794052 0.36403087 1.0130024 1.0053219 0.3697393 1.0080011 1.0160967
0.69753873 0.4355785 0.42651764 0.4336149 0.4463804 0.7157541 0.7049255 0.7072328 0.70928967 0.71627367 0.71835554 0.4207125 0.71342045 0.72018194 0.442582 0.43414992 0.71212715 0.7173139 0 0.085380614 0.08908765 0.70364666 0.70774645 0.7085177 0.71627367 0.99169195 0.9790429 0.70364666 1.0037951 1.0099207
0.69425094 0.43183428 0.42598802 0.43254602 0.4463804 0.71083605 0.7018601 0.70748955 0.7033912 0.70774645 0.71006244 0.4212384 0.70903224 0.71367943 0.44294295 0.43647274 0.7080034 0.71835554 0.085380614 0 0.038785826 0.70109564 0.70364666 0.7062064 0.7152349 0.99923354 0.9857129 0.7049255 1.0080011 1.0087683
0.70415795 0.43504247 0.4270476 0.43414992 0.4507451 0.7098048 0.69956917 0.70441365 0.7033912 0.7110941 0.7152349 0.4242254 0.7105781 0.7141975 0.44511214 0.43826443 0.70364666 0.7139384 0.08908765 0.038785826 0 0.6993151 0.70543754 0.70595 0.7129029 0.9950763 0.9816297 0.70364666 1.0041765 1.0064689
0.70928967 0.7241107 0.71445674 0.70415795 0.7173139 0.5626586 0.56754464 0.57439595 0.5713908 0.70007765 0.700841 0.7085177 0.4215892 0.4205373 0.6927383 0.6988071 0.3648437 0.3648437 0.70364666 0.70109564 0.6993151 0 0.32926643 0.038259473 0.32895625 1.0133885 1.0087683 0.2515346 1.0083846 1.014548
0.697032 0.71783453 0.71887696 0.7105781 0.72832423 0.5632941 0.56012195 0.55675304 0.56117785 0.7049255 0.69956917 0.7087749 0.4100987 0.4080283 0.70364666 0.7129029 0.35338324 0.35530797 0.70774645 0.70364666 0.70543754 0.32926643 0 0.332531 0.26408544 0.9857129 0.98051995 0.3326868 0.99357027 0.98869646
0.70543754 0.7251619 0.71887696 0.71161044 0.7222747 0.56456673 0.56584156 0.58174473 0.57482624 0.6998234 0.7005865 0.7087749 0.42088777 0.42194015 0.69122875 0.69753873 0.36826724 0.36794052 0.7085177 0.7062064 0.70595 0.038259473 0.332531 0 0.33097467 1.0103053 1.0133885 0.25391582 1.0080011 1.0180373
0.69753873 0.7259512 0.7222747 0.7105781 0.7186162 0.5694652 0.5573836 0.5616006 0.56054413 0.70007765 0.6998234 0.70543754 0.41425672 0.41512588 0.7013504 0.7072328 0.363706 0.36403087 0.71627367 0.7152349 0.7129029 0.32895625 0.26408544 0.33097467 0 1.0003713 0.98907024 0.3340906 1.0060863 0.99131685
0.9962078 1.0130024 0.9958304 1.0262426 1.0313674 1.0072346 0.99357027 1.0149349 1.0219333 0.98051995 0.9924427 0.99734104 1.01069 1.0034139 1.0160967 1.0022715 1.0083846 1.0130024 0.99169195 0.99923354 0.9950763 1.0133885 0.9857129 1.0103053 1.0003713 0 0.25743133 0.99131685 0.27713925 0.27554917
0.9950763 1.0133885 0.99734104 0.99847597 1.0126165 0.98832285 0.9775687 1.0080011 1.0176488 1.0083846 1.0215429 0.97243166 1.014548 1.0164845 0.9969631 0.9860852 0.99847597 1.0053219 0.9790429 0.9857129 0.9816297 1.0087683 0.98051995 1.0133885 0.98907024 0.25743133 0 0.99734104 0.2756936 0.2713733
0.68972224 0.7067194 0.70109564 0.7005865 0.7126442 0.5552839 0.5554936 0.5643545 0.5694652 0.697032 0.6945033 0.69956917 0.41529983 0.42036211 0.69399863 0.6982995 0.37203488 0.3697393 0.70364666 0.7049255 0.70364666 0.2515346 0.3326868 0.25391582 0.3340906 0.99131685 0.99734104 0 0.99847597 0.99923354
1.0118452 1.0227151 1.0188149 1.025065 1.0231062 0.99281836 0.98645765 1.005704 1.0172604 1.019204 1.0231062 1.001891 1.0034139 1.0195932 1.0180373 1.01069 1.0060863 1.0080011 1.0037951 1.0080011 1.0041765 1.0083846 0.99357027 1.0080011 1.0060863 0.27713925 0.2756936 0.99847597 0 0.24415912
0.99999183 1.015322 1.0110749 1.0180373 1.0254573 0.982 0.97426224 0.9901927 1.0045581 1.0087683 1.0164845 0.9943229 1.0160967 1.0301816 1.0110749 0.9901927 0.99885464 1.0160967 1.0099207 1.0087683 1.0064689 1.014548 0.98869646 1.0180373 0.99131685 0.27554917 0.2713733 0.99923354 0.24415912 0
