0 0.8738345743 0.6908843743 0.6959196743 0.7135554743 0.7099435143 0.7050692243 0.6994645343 0.6964250743 0.6981965743 0.6883793743 0.8725546743 0.8874066743 0.8835038343 0.8680923343 0.8715962743 0.5534744043 0.5585051743 0.7014977743 0.7048135143 0.8757585043 0.8770438243 0.8620783743 0.8780092743 1.0081458743 1.0216736743 0.8864290743 0.6961722743 0.7169251243 0.7094289743
0.8738345743 0 0.8461701043 0.8520573143 0.8802668743 0.8767223143 0.8523684743 0.8489530743 0.8403287343 0.8639722743 0.8477148743 0.5468187743 0.1779562343 0.1793504043 0.5642053743 0.5690955343 0.8674570143 0.8728744743 0.8508140743 0.8586185343 0.1895685443 0.1894399643 0.4411515043 0.1902118243 0.9982523143 0.9986303743 0.5703764743 0.8671395743 0.8649210743 0.8605037143
0.6908843743 0.8461701043 0 0.0716442842999999 0.4944393743 0.4952121743 0.3727819443 0.3691785143 0.3673832743 0.4838933743 0.4785809343 0.8449365243 0.8433974743 0.8529911443 0.8557995343 0.8557995343 0.7089146743 0.7161461743 0.3727819443 0.3729461543 0.8433974743 0.8391046743 0.8489530743 0.8415546743 0.9948577743 1.0185600743 0.8608183743 0.4842742743 0.5243803043 0.5278045343
0.6959196743 0.8520573143 0.0716442842999999 0 0.4990881443 0.5022034443 0.3731103943 0.3670573343 0.3662431043 0.4886686243 0.4840838143 0.8533026743 0.8511246743 0.8611331743 0.8536143043 0.8539260743 0.7099435143 0.7171849443 0.3734389743 0.3750840543 0.8529911443 0.8498829743 0.8517463743 0.8529911443 1.0035632743 1.0185600743 0.8595605243 0.4865637743 0.5274008743 0.5298260743
0.7135554743 0.8802668743 0.4944393743 0.4990881443 0 0.0739555342999999 0.4950189043 0.4994768543 0.4969538743 0.2805145143 0.2758830743 0.9045578743 0.8913299743 0.8893657743 0.8828553343 0.8822073743 0.7273891743 0.7324112443 0.4898192343 0.4986996443 0.8751166243 0.8722350743 0.8652375743 0.8744753343 1.0370406743 1.0350527743 0.9038908743 0.2837152743 0.5324622743 0.5296236743
0.7099435143 0.8767223143 0.4952121743 0.5022034443 0.0739555342999999 0 0.4988938743 0.5029842743 0.5014233743 0.2824042243 0.2774719043 0.8962630743 0.8870807043 0.8835038343 0.8854527243 0.8851275743 0.7313511743 0.7382685343 0.4955988743 0.5037659243 0.8719156143 0.8709579743 0.8608183743 0.8722350743 1.0398324743 1.0271538743 0.9005649743 0.2825498043 0.5340891743 0.5302310343
0.7050692243 0.8523684743 0.3727819443 0.3731103943 0.4950189043 0.4988938743 0 0.2137452143 0.2128160943 0.4954055043 0.4915484543 0.8557995343 0.8595605243 0.8551745743 0.8649210743 0.8700015343 0.7166653743 0.7208320243 0.0683548042999999 0.0702170742999999 0.8501932443 0.8467876143 0.8706390043 0.8508140743 1.0212837743 1.0378372743 0.8992386743 0.4886686243 0.5340891743 0.5404270043
0.6994645343 0.8489530743 0.3691785143 0.3670573343 0.4994768543 0.5029842743 0.2137452143 0 0.0663880192999999 0.4923182743 0.4890519743 0.8598748243 0.8517463743 0.8498829743 0.8655542743 0.8646046743 0.7086577243 0.7151087743 0.2097713443 0.2117556543 0.8403287343 0.8348363743 0.8564250743 0.8372724443 1.0066152743 1.0279400743 0.8861034743 0.4954055043 0.5221729743 0.5330719743
0.6964250743 0.8403287343 0.3673832743 0.3662431043 0.4969538743 0.5014233743 0.2128160943 0.0663880192999999 0 0.4892437243 0.4865637743 0.8608183743 0.8492628743 0.8486432743 0.8614480743 0.8627091443 0.7104584343 0.7166653743 0.2095071743 0.2108289843 0.8394105243 0.8363579743 0.8557995343 0.8397164743 1.0146860743 1.0322786743 0.8890388743 0.4971476543 0.5189738043 0.5302310343
0.6981965743 0.8639722743 0.4838933743 0.4886686243 0.2805145143 0.2824042243 0.4954055043 0.4923182743 0.4892437243 0 0.0640999392999999 0.8799439743 0.8812364743 0.8764008743 0.8661879743 0.8719156143 0.7130384243 0.7166653743 0.4932816743 0.4998657443 0.8633404743 0.8633404743 0.8489530743 0.8642884243 1.0096795743 1.0334663743 0.8809131743 0.2724281943 0.5330719743 0.5286124743
0.6883793743 0.8477148743 0.4785809343 0.4840838143 0.2758830743 0.2774719043 0.4915484543 0.4890519743 0.4865637743 0.0640999392999999 0 0.8680923343 0.8760795743 0.8719156143 0.8608183743 0.8642884243 0.7107160743 0.7132969243 0.4913561143 0.4979232743 0.8542380143 0.8529911443 0.8455530743 0.8536143043 1.0069975743 1.0299090743 0.8792984743 0.2694181543 0.5334787143 0.5284104143
0.8725546743 0.5468187743 0.8449365243 0.8533026743 0.9045578743 0.8962630743 0.8557995343 0.8598748243 0.8608183743 0.8799439743 0.8680923343 0 0.5543104743 0.5568244743 0.4725552743 0.4808530943 0.8608183743 0.8598748243 0.8598748243 0.8677745743 0.5532654743 0.5503471743 0.5302310343 0.5507634043 1.0197261743 1.0279400743 0.4812324443 0.8731943743 0.8799439743 0.8719156143
0.8874066743 0.1779562343 0.8433974743 0.8511246743 0.8913299743 0.8870807043 0.8595605243 0.8517463743 0.8492628743 0.8812364743 0.8760795743 0.5543104743 0 0.0552317742999999 0.5714456243 0.5772454743 0.8809131743 0.8841528743 0.8554869743 0.8620783743 0.1925322043 0.1920159543 0.4438542243 0.1935658143 0.9986303743 1.0170079743 0.5671782243 0.8776873143 0.8854527243 0.8735143743
0.8835038343 0.1793504043 0.8529911443 0.8611331743 0.8893657743 0.8835038343 0.8551745743 0.8498829743 0.8486432743 0.8764008743 0.8719156143 0.5568244743 0.0552317742999999 0 0.5750921743 0.5802705743 0.8799439743 0.8805899443 0.8523684743 0.8567380143 0.1960263043 0.1953780243 0.4462044743 0.1970647243 1.0020420743 1.0166205743 0.5763833743 0.8700015343 0.8844776743 0.8715962743
0.8680923343 0.5642053743 0.8557995343 0.8536143043 0.8828553343 0.8854527243 0.8649210743 0.8655542743 0.8614480743 0.8661879743 0.8608183743 0.4725552743 0.5714456243 0.5750921743 0 0.0520133462999999 0.8671395743 0.8674570143 0.8674570143 0.8687281743 0.5637816743 0.5631465143 0.5551475743 0.5639934743 1.0016622743 1.0158461743 0.2805145143 0.8731943743 0.8735143743 0.8870807043
0.8715962743 0.5690955343 0.8557995343 0.8539260743 0.8822073743 0.8851275743 0.8700015343 0.8646046743 0.8627091443 0.8719156143 0.8642884243 0.4808530943 0.5772454743 0.5802705743 0.0520133462999999 0 0.8646046743 0.8674570143 0.8715962743 0.8757585043 0.5723020743 0.5710178443 0.5616665743 0.5718736743 1.0096795743 1.0131420743 0.2889825743 0.8747959743 0.8805899443 0.8952738743
0.5534744043 0.8674570143 0.7089146743 0.7099435143 0.7273891743 0.7313511743 0.7166653743 0.7086577243 0.7104584343 0.7130384243 0.7107160743 0.8608183743 0.8809131743 0.8799439743 0.8671395743 0.8646046743 0 0.0444509742999999 0.7125217143 0.7084008243 0.8668222243 0.8636563243 0.8608183743 0.8671395743 1.0073801743 1.0244087743 0.8959332743 0.7153680143 0.7156272743 0.7166653743
0.5585051743 0.8728744743 0.7161461743 0.7171849443 0.7324112443 0.7382685343 0.7208320243 0.7151087743 0.7166653743 0.7166653743 0.7132969243 0.8598748243 0.8841528743 0.8805899443 0.8674570143 0.8674570143 0.0444509742999999 0 0.7161461743 0.7127800343 0.8680923343 0.8642884243 0.8623937143 0.8655542743 1.0123712743 1.0346559743 0.8995700243 0.7166653743 0.7224005243 0.7197882343
0.7014977743 0.8508140743 0.3727819443 0.3734389743 0.4898192343 0.4955988743 0.0683548042999999 0.2097713443 0.2095071743 0.4932816743 0.4913561143 0.8598748243 0.8554869743 0.8523684743 0.8674570143 0.8715962743 0.7125217143 0.7161461743 0 0.0418062142999999 0.8517463743 0.8477148743 0.8601891743 0.8517463743 1.0116012743 1.0398324743 0.9018935343 0.4861817143 0.5278045343 0.5314472743
0.7048135143 0.8586185343 0.3729461543 0.3750840543 0.4986996443 0.5037659243 0.0702170742999999 0.2117556543 0.2108289843 0.4998657443 0.4979232743 0.8677745743 0.8620783743 0.8567380143 0.8687281743 0.8757585043 0.7084008243 0.7127800343 0.0418062142999999 0 0.8539260743 0.8501932443 0.8655542743 0.8539260743 1.0146860743 1.0418329743 0.8992386743 0.4902031543 0.5336821743 0.5357196143
0.8757585043 0.1895685443 0.8433974743 0.8529911443 0.8751166243 0.8719156143 0.8501932443 0.8403287343 0.8394105243 0.8633404743 0.8542380143 0.5532654743 0.1925322043 0.1960263043 0.5637816743 0.5723020743 0.8668222243 0.8680923343 0.8517463743 0.8539260743 0 0.0119927392999999 0.4354180743 0.0132115902999999 0.9971190743 1.0108319743 0.5627233743 0.8630247743 0.8815600043 0.8747959743
0.8770438243 0.1894399643 0.8391046743 0.8498829743 0.8722350743 0.8709579743 0.8467876143 0.8348363743 0.8363579743 0.8633404743 0.8529911443 0.5503471743 0.1920159543 0.1953780243 0.5631465143 0.5710178443 0.8636563243 0.8642884243 0.8477148743 0.8501932443 0.0119927392999999 0 0.4350611943 0.00572669999999993 0.9907296743 1.0028022743 0.5604004043 0.8611331743 0.8799439743 0.8700015343
0.8620783743 0.4411515043 0.8489530743 0.8517463743 0.8652375743 0.8608183743 0.8706390043 0.8564250743 0.8557995343 0.8489530743 0.8455530743 0.5302310343 0.4438542243 0.4462044743 0.5551475743 0.5616665743 0.8608183743 0.8623937143 0.8601891743 0.8655542743 0.4354180743 0.4350611943 0 0.4363110443 1.0054693743 1.0131420743 0.5599788243 0.8620783743 0.8700015343 0.8665050043
0.8780092743 0.1902118243 0.8415546743 0.8529911443 0.8744753343 0.8722350743 0.8508140743 0.8372724443 0.8397164743 0.8642884243 0.8536143043 0.5507634043 0.1935658143 0.1970647243 0.5639934743 0.5718736743 0.8671395743 0.8655542743 0.8517463743 0.8539260743 0.0132115902999999 0.00572669999999993 0.4363110443 0 0.9937296343 1.0085289743 0.5616665743 0.8627091443 0.8825312743 0.8715962743
1.0081458743 0.9982523143 0.9948577743 1.0035632743 1.0370406743 1.0398324743 1.0212837743 1.0066152743 1.0146860743 1.0096795743 1.0069975743 1.0197261743 0.9986303743 1.0020420743 1.0016622743 1.0096795743 1.0073801743 1.0123712743 1.0116012743 1.0146860743 0.9971190743 0.9907296743 1.0054693743 0.9937296343 0 0.3107318743 1.0096795743 1.0314879743 1.0228445743 1.0089123743
1.0216736743 0.9986303743 1.0185600743 1.0185600743 1.0350527743 1.0271538743 1.0378372743 1.0279400743 1.0322786743 1.0334663743 1.0299090743 1.0279400743 1.0170079743 1.0166205743 1.0158461743 1.0131420743 1.0244087743 1.0346559743 1.0398324743 1.0418329743 1.0108319743 1.0028022743 1.0131420743 1.0085289743 0.3107318743 0 1.0181716743 1.0244087743 1.0466561743 1.0310928743
0.8864290743 0.5703764743 0.8608183743 0.8595605243 0.9038908743 0.9005649743 0.8992386743 0.8861034743 0.8890388743 0.8809131743 0.8792984743 0.4812324443 0.5671782243 0.5763833743 0.2805145143 0.2889825743 0.8959332743 0.8995700243 0.9018935343 0.8992386743 0.5627233743 0.5604004043 0.5599788243 0.5616665743 1.0096795743 1.0181716743 0 0.8916578743 0.8870807043 0.8932993743
0.6961722743 0.8671395743 0.4842742743 0.4865637743 0.2837152743 0.2825498043 0.4886686243 0.4954055043 0.4971476543 0.2724281943 0.2694181543 0.8731943743 0.8776873143 0.8700015343 0.8731943743 0.8747959743 0.7153680143 0.7166653743 0.4861817143 0.4902031543 0.8630247743 0.8611331743 0.8620783743 0.8627091443 1.0314879743 1.0244087743 0.8916578743 0 0.5294213743 0.5213718743
0.7169251243 0.8649210743 0.5243803043 0.5274008743 0.5324622743 0.5340891743 0.5340891743 0.5221729743 0.5189738043 0.5330719743 0.5334787143 0.8799439743 0.8854527243 0.8844776743 0.8735143743 0.8805899443 0.7156272743 0.7224005243 0.5278045343 0.5336821743 0.8815600043 0.8799439743 0.8700015343 0.8825312743 1.0228445743 1.0466561743 0.8870807043 0.5294213743 0 0.2697042943
0.7094289743 0.8605037143 0.5278045343 0.5298260743 0.5296236743 0.5302310343 0.5404270043 0.5330719743 0.5302310343 0.5286124743 0.5284104143 0.8719156143 0.8735143743 0.8715962743 0.8870807043 0.8952738743 0.7166653743 0.7197882343 0.5314472743 0.5357196143 0.8747959743 0.8700015343 0.8665050043 0.8715962743 1.0089123743 1.0310928743 0.8932993743 0.5213718743 0.2697042943 0
