0 0.96298385 0.9943229 1.000751 1.0262426 0.9680563 0.9644296 0.9977191 1.0034139 0.9816297 1.0118452 0.97316337 1.0211525 0.98348296 0.98832285 0.9977191 1.0022715 0.9775687 0.97867405 0.97867405 0.9727974 0.98869646 0.99999183 0.9790429 0.98757625 0.9666036 0.99131685 0.9768326 0.99169195 0.97573
0.96298385 0 0.58763224 0.58763224 0.99545324 0.31863886 0.3270979 0.98683035 0.9931942 1.0118452 1.0072346 0.9669665 1.0126165 0.9746289 0.9727974 1.0060863 1.005704 1.005704 1.0015109 1.0072346 1.0068517 0.9831119 1.01146 0.9872032 0.9691478 0.9768326 0.5111116 0.9898184 0.56012195 0.5649914
0.9943229 0.58763224 0 0.26408544 1.0180373 0.59092313 0.5874133 1.0034139 1.0234975 1.005704 1.0337447 0.9931942 1.0317632 0.99923354 0.99056727 1.0421246 1.0389212 1.0045581 1.015322 1.0227151 1.0168724 1.0037951 1.0262426 1.0072346 0.9768326 0.990942 0.5920233 1.0258498 0.5929046 0.59400773
1.000751 0.58763224 0.26408544 0 1.0030329 0.58807015 0.58152753 0.99281836 1.0037951 1.0103053 1.0126165 0.9706055 1.01069 0.99923354 0.9894442 1.0176488 1.0234975 0.99847597 1.005704 1.002652 1.0087683 1.002652 1.0242808 1.0037951 0.97024083 0.98757625 0.57871 1.0099207 0.5828315 0.58653843
1.0262426 0.99545324 1.0180373 1.0030329 0 0.98757625 0.99056727 0.9593815 0.22353503 0.953297 0.2284008 1.000751 0.2223235 0.94514287 0.96226203 0.7170537 0.7193987 0.9518725 0.9608204 0.9611805 0.9706055 0.95615417 0.6807461 0.95080596 1.0246727 1.0242808 1.0030329 0.9430302 1.0223241 1.0266355
0.9680563 0.31863886 0.59092313 0.58807015 0.98757625 0 0.22691068 0.982 0.99885464 0.9969631 0.990942 0.9687838 1.0080011 0.9746289 0.97316337 1.0160967 1.0168724 1.000751 1.005704 1.0080011 1.0122308 0.97024083 1.0049399 0.96479154 0.9662408 0.97499573 0.49934357 0.9801504 0.5569632 0.5586462
0.9644296 0.3270979 0.5874133 0.58152753 0.99056727 0.22691068 0 0.9943229 1.0072346 0.99885464 1.001891 0.9768326 1.0126165 0.98757625 0.9816297 1.0118452 1.0064689 1.0072346 1.0076177 1.01146 1.0110749 0.97609735 1.0080011 0.9790429 0.9746289 0.97352946 0.502073 0.97720057 0.5557034 0.5533992
0.9977191 0.98683035 1.0034139 0.99281836 0.9593815 0.982 0.9943229 0 0.9568702 0.9419761 0.9405729 0.98496884 0.93987226 0.22353503 0.2243438 0.9430302 0.9479691 0.9342909 0.94092345 0.95080596 0.95151687 0.22030865 0.93672764 0.22124824 1.0199828 1.0015109 0.9901927 0.4979826 0.9939465 1.0118452
1.0034139 0.9931942 1.0234975 1.0037951 0.22353503 0.99885464 1.0072346 0.9568702 0 0.9543672 0.1942076 0.9872032 0.19149184 0.9374253 0.9536536 0.7196597 0.72148925 0.94867724 0.95866317 0.9608204 0.9673296 0.9479691 0.6849714 0.9391723 1.018426 1.0160967 1.0238891 0.9518725 1.018426 1.0270288
0.9816297 1.0118452 1.005704 1.0103053 0.953297 0.9969631 0.99885464 0.9419761 0.9543672 0 0.9472615 0.98645765 0.9335961 0.91203403 0.929441 0.9557965 0.95866317 0.15360944 0.15643755 0.14993657 0.15226063 0.92119914 0.928061 0.91203403 1.0211525 0.99923354 1.0060863 0.9229087 1.0110749 1.0118452
1.0118452 1.0072346 1.0337447 1.0126165 0.2284008 0.990942 1.001891 0.9405729 0.1942076 0.9472615 0 1.0045581 0.14482458 0.9370764 0.9554389 0.72991043 0.72991043 0.93812364 0.9540103 0.9518725 0.9604604 0.9483231 0.680994 0.9388226 1.0266355 1.0258498 1.0041765 0.94479036 1.0313674 1.0317632
0.97316337 0.9669665 0.9931942 0.9706055 1.000751 0.9687838 0.9768326 0.98496884 0.9872032 0.98645765 1.0045581 0 1.0022715 0.97978103 0.98496884 0.99885464 1.0003713 0.98051995 0.9842255 0.97978103 0.98645765 0.9894442 1.0164845 0.9845971 0.9860852 0.9845971 1.0041765 0.9924427 0.97243166 0.9931942
1.0211525 1.0126165 1.0317632 1.01069 0.2223235 1.0080011 1.0126165 0.93987226 0.19149184 0.9335961 0.14482458 1.0022715 0 0.9430302 0.94620144 0.7275324 0.7262145 0.9402225 0.9500957 0.94620144 0.9504507 0.95258445 0.6767909 0.9405729 1.0278157 1.0278157 1.0168724 0.95508146 1.0341415 1.0353336
0.98348296 0.9746289 0.99923354 0.99923354 0.94514287 0.9746289 0.98757625 0.22353503 0.9374253 0.91203403 0.9370764 0.97978103 0.9430302 0 0.1342254 0.9297863 0.93987226 0.9127091 0.91473794 0.91983426 0.9242792 0.21217017 0.93324894 0.21323249 1.0203725 1.0022715 0.99734104 0.49082956 0.98794943 0.9920673
0.98832285 0.9727974 0.99056727 0.9894442 0.96226203 0.97316337 0.9816297 0.2243438 0.9536536 0.929441 0.9554389 0.98496884 0.94620144 0.1342254 0 0.93151563 0.93672764 0.93082345 0.93672764 0.93672764 0.93847305 0.21044709 0.94232726 0.21018235 1.0195932 1.001891 0.99281836 0.4927561 0.98348296 0.99923354
0.9977191 1.0060863 1.0421246 1.0176488 0.7170537 1.0160967 1.0118452 0.9430302 0.7196597 0.9557965 0.72991043 0.99885464 0.7275324 0.9297863 0.93151563 0 0.093605734 0.9511613 0.9593815 0.9583042 0.9540103 0.91949344 0.7149754 0.92393637 1.0305767 1.0164845 1.0080011 0.92359364 1.0034139 0.99961257
1.0022715 1.005704 1.0389212 1.0234975 0.7193987 1.0168724 1.0064689 0.9479691 0.72148925 0.95866317 0.72991043 1.0003713 0.7262145 0.93987226 0.93672764 0.093605734 0 0.9511613 0.96298385 0.95615417 0.9511613 0.9287507 0.72122765 0.9270277 1.036926 1.01069 1.0011308 0.9304776 1.0030329 1.0011308
0.9775687 1.005704 1.0045581 0.99847597 0.9518725 1.000751 1.0072346 0.9342909 0.94867724 0.15360944 0.93812364 0.98051995 0.9402225 0.9127091 0.93082345 0.9511613 0.9511613 0 0.09542062 0.09417242 0.09258679 0.91575444 0.94232726 0.9123715 1.0157093 0.98757625 0.9950763 0.92393637 1.0110749 1.0110749
0.97867405 1.0015109 1.015322 1.005704 0.9608204 1.005704 1.0076177 0.94092345 0.95866317 0.15643755 0.9540103 0.9842255 0.9500957 0.91473794 0.93672764 0.9593815 0.96298385 0.09542062 0 0.08784994 0.08897505 0.9222244 0.9493862 0.91949344 1.0180373 0.9950763 1.0103053 0.92017525 1.0164845 1.0168724
0.97867405 1.0072346 1.0227151 1.002652 0.9611805 1.0080011 1.01146 0.95080596 0.9608204 0.14993657 0.9518725 0.97978103 0.94620144 0.91983426 0.93672764 0.9583042 0.95615417 0.09417242 0.08784994 0 0.0829194 0.92771643 0.94903165 0.9232511 1.0254573 0.9920673 1.000751 0.9263396 1.0103053 1.0126165
0.9727974 1.0068517 1.0168724 1.0087683 0.9706055 1.0122308 1.0110749 0.95151687 0.9673296 0.15226063 0.9604604 0.98645765 0.9504507 0.9242792 0.93847305 0.9540103 0.9511613 0.09258679 0.08897505 0.0829194 0 0.92771643 0.9483231 0.9205164 1.0254573 0.9939465 0.99999183 0.9266836 1.0180373 1.0164845
0.98869646 0.9831119 1.0037951 1.002652 0.95615417 0.97024083 0.97609735 0.22030865 0.9479691 0.92119914 0.9483231 0.9894442 0.95258445 0.21217017 0.21044709 0.91949344 0.9287507 0.91575444 0.9222244 0.92771643 0.92771643 0 0.9287507 0.049070854 1.0373245 0.99281836 0.9894442 0.49006033 0.9768326 0.9943229
0.99999183 1.01146 1.0262426 1.0242808 0.6807461 1.0049399 1.0080011 0.93672764 0.6849714 0.928061 0.680994 1.0164845 0.6767909 0.93324894 0.94232726 0.7149754 0.72122765 0.94232726 0.9493862 0.94903165 0.9483231 0.9287507 0 0.93324894 1.0329514 1.0172604 1.0072346 0.91439945 1.0234975 1.01069
0.9790429 0.9872032 1.0072346 1.0037951 0.95080596 0.96479154 0.9790429 0.22124824 0.9391723 0.91203403 0.9388226 0.9845971 0.9405729 0.21323249 0.21018235 0.92393637 0.9270277 0.9123715 0.91949344 0.9232511 0.9205164 0.049070854 0.93324894 0 1.0227151 0.99056727 0.9827411 0.48622596 0.9808897 0.99169195
0.98757625 0.9691478 0.9768326 0.97024083 1.0246727 0.9662408 0.9746289 1.0199828 1.018426 1.0211525 1.0266355 0.9860852 1.0278157 1.0203725 1.0195932 1.0305767 1.036926 1.0157093 1.0180373 1.0254573 1.0254573 1.0373245 1.0329514 1.0227151 0 0.530536 0.9370764 1.0118452 0.9615409 0.9673296
0.9666036 0.9768326 0.990942 0.98757625 1.0242808 0.97499573 0.97352946 1.0015109 1.0160967 0.99923354 1.0258498 0.9845971 1.0278157 1.0022715 1.001891 1.0164845 1.01069 0.98757625 0.9950763 0.9920673 0.9939465 0.99281836 1.0172604 0.99056727 0.530536 0 0.9775687 0.9980974 0.9687838 0.9706055
0.99131685 0.5111116 0.5920233 0.57871 1.0030329 0.49934357 0.502073 0.9901927 1.0238891 1.0060863 1.0041765 1.0041765 1.0168724 0.99734104 0.99281836 1.0080011 1.0011308 0.9950763 1.0103053 1.000751 0.99999183 0.9894442 1.0072346 0.9827411 0.9370764 0.9775687 0 0.99734104 0.5578042 0.5554936
0.9768326 0.9898184 1.0258498 1.0099207 0.9430302 0.9801504 0.97720057 0.4979826 0.9518725 0.9229087 0.94479036 0.9924427 0.95508146 0.49082956 0.4927561 0.92359364 0.9304776 0.92393637 0.92017525 0.9263396 0.9266836 0.49006033 0.91439945 0.48622596 1.0118452 0.9980974 0.99734104 0 0.99169195 1.0133885
0.99169195 0.56012195 0.5929046 0.5828315 1.0223241 0.5569632 0.5557034 0.9939465 1.018426 1.0110749 1.0313674 0.97243166 1.0341415 0.98794943 0.98348296 1.0034139 1.0030329 1.0110749 1.0164845 1.0103053 1.0180373 0.9768326 1.0234975 0.9808897 0.9615409 0.9687838 0.5578042 0.99169195 0 0.43970087
0.97573 0.5649914 0.59400773 0.58653843 1.0266355 0.5586462 0.5533992 1.0118452 1.0270288 1.0118452 1.0317632 0.9931942 1.0353336 0.9920673 0.99923354 0.99961257 1.0011308 1.0110749 1.0168724 1.0126165 1.0164845 0.9943229 1.01069 0.99169195 0.9673296 0.9706055 0.5554936 1.0133885 0.43970087 0
