0 0.7760242 0.65492344 0.661417 0.7676286 0.7690214 0.7681854 0.7695792 0.7693002 0.7667942 0.76790696 0.7760242 0.77153486 0.7726547 0.77546155 0.7746184 0.7757428 0.77546155 0.76707226 0.77153486 0.77715075 0.7729349 1.0317632 0.7690214 1.0278157 0.76540554 0.7673504 0.6640787 0.7836615 0.76623845
0.7760242 0 0.75384146 0.74704176 0.14034984 0.34320065 0.3465266 0.57181937 0.5703204 0.5789264 0.58304906 0.5724627 0.11860229 0.14506721 0.14421831 0.12071365 0.12519057 0.58304906 0.5874133 0.59092313 0.59092313 0.57827747 1.0203725 0.57482624 1.0083846 0.35178307 0.57267725 0.76042765 0.34193748 0.34430766
0.65492344 0.75384146 0 0.09860727 0.74110866 0.76707226 0.7601521 0.7574018 0.75712734 0.7667942 0.76790696 0.7554826 0.74677104 0.7543881 0.75822586 0.7502979 0.75302225 0.76846397 0.76707226 0.7723746 0.7796917 0.7598766 1.0137748 0.75493515 1.0188149 0.77405685 0.75002605 0.14749794 0.7631891 0.7656831
0.661417 0.74704176 0.09860727 0 0.73735726 0.7623596 0.7593259 0.7554826 0.75302225 0.7565787 0.756853 0.750842 0.74110866 0.74650043 0.7478545 0.7456892 0.7481256 0.7593259 0.75767636 0.7681854 0.77321523 0.75712734 1.0049399 0.75384146 1.0122308 0.7673504 0.7486681 0.14071167 0.7565787 0.7620833
0.7676286 0.14034984 0.74110866 0.73735726 0 0.34462425 0.34970793 0.57806134 0.5765499 0.57957584 0.58174473 0.56520385 0.13830279 0.107210256 0.105366655 0.13938582 0.141919 0.5810934 0.5874133 0.58938557 0.58850837 0.58348435 1.0095364 0.5774132 1.0064689 0.35562924 0.573751 0.75138646 0.34732068 0.34747958
0.7690214 0.34320065 0.76707226 0.7623596 0.34462425 0 0.07824301 0.57979244 0.57806134 0.58982456 0.59224355 0.5793593 0.3411491 0.35066497 0.34351677 0.3425688 0.34747958 0.58938557 0.5915831 0.5948914 0.60043794 0.58131045 1.0164845 0.5784937 0.99545324 0.23220722 0.5808764 0.7765873 0.20912434 0.20754011
0.7681854 0.3465266 0.7601521 0.7593259 0.34970793 0.07824301 0 0.5856646 0.5850098 0.59400773 0.59444946 0.5845737 0.3425688 0.35354343 0.34907058 0.34573337 0.34986734 0.59312516 0.5946704 0.5968834 0.60222155 0.58763224 1.0274222 0.5856646 0.99545324 0.2341177 0.58631986 0.7734957 0.21031472 0.206881
0.7695792 0.57181937 0.7574018 0.7554826 0.57806134 0.57979244 0.5856646 0 0.07913151 0.3481156 0.34907058 0.4617693 0.56818426 0.582614 0.58544624 0.57289183 0.57719725 0.35050538 0.35002682 0.30710486 0.3068037 0.11719802 1.0270288 0.11719802 1.0242808 0.58348435 0.1457956 0.7712552 0.591363 0.5847917
0.7693002 0.5703204 0.75712734 0.75302225 0.5765499 0.57806134 0.5850098 0.07913151 0 0.3487521 0.34891135 0.4621396 0.56626695 0.58239657 0.5828315 0.573751 0.5754721 0.3508246 0.34986734 0.30785823 0.30755678 0.11895377 1.0168724 0.1188366 1.014548 0.5769814 0.14688952 0.76540554 0.58807015 0.58152753
0.7667942 0.5789264 0.7667942 0.7565787 0.57957584 0.58982456 0.59400773 0.3481156 0.3487521 0 0.074810006 0.466411 0.5733213 0.5802258 0.58304906 0.5808764 0.58348435 0.108480364 0.11056338 0.35290283 0.35226277 0.35354343 1.0542608 0.3524227 1.0417235 0.5810934 0.3501863 0.7693002 0.5915831 0.58131045
0.76790696 0.58304906 0.76790696 0.756853 0.58174473 0.59224355 0.59444946 0.34907058 0.34891135 0.074810006 0 0.4656664 0.57439595 0.58131045 0.58828926 0.5828315 0.5828315 0.10928974 0.11218751 0.3508246 0.3508246 0.35290283 1.0465518 0.3524227 1.0365276 0.59444946 0.34668535 0.76985824 0.5964403 0.58348435
0.7760242 0.5724627 0.7554826 0.750842 0.56520385 0.5793593 0.5845737 0.4617693 0.4621396 0.466411 0.4656664 0 0.5630822 0.5763342 0.5761186 0.5731065 0.57461107 0.45973605 0.46195444 0.46696994 0.472958 0.46029004 1.0133885 0.45826077 1.0080011 0.5887276 0.46455088 0.7563045 0.5856646 0.57979244
0.77153486 0.11860229 0.74677104 0.74110866 0.13830279 0.3411491 0.3425688 0.56818426 0.56626695 0.5733213 0.57439595 0.5630822 0 0.13974719 0.13878395 0.06996417 0.07183272 0.5750415 0.58174473 0.5828315 0.58413774 0.5767656 1.018426 0.5711766 1.0168724 0.3447826 0.5694652 0.75466156 0.33831772 0.33973208
0.7726547 0.14506721 0.7543881 0.74650043 0.107210256 0.35066497 0.35354343 0.582614 0.58239657 0.5802258 0.58131045 0.5763342 0.13974719 0 0.07591571 0.14119436 0.14470328 0.58544624 0.58828926 0.5968834 0.59888077 0.59004414 1.0266355 0.5837021 1.0095364 0.35370368 0.58152753 0.7629125 0.35114396 0.35210282
0.77546155 0.14421831 0.75822586 0.7478545 0.105366655 0.34351677 0.34907058 0.58544624 0.5828315 0.58304906 0.58828926 0.5761186 0.13878395 0.07591571 0 0.14203984 0.14494589 0.58785117 0.59180313 0.60222155 0.60222155 0.59180313 1.0266355 0.5847917 1.0211525 0.3524227 0.5832667 0.7640195 0.3477975 0.34716177
0.7746184 0.12071365 0.7502979 0.7456892 0.13938582 0.3425688 0.34573337 0.57289183 0.573751 0.5808764 0.5828315 0.5731065 0.06996417 0.14119436 0.14203984 0 0.07172267 0.58435565 0.59004414 0.5887276 0.591363 0.58217925 1.0118452 0.5763342 0.9962078 0.3508246 0.5774132 0.7609791 0.34193748 0.34367487
0.7757428 0.12519057 0.75302225 0.7481256 0.141919 0.34747958 0.34986734 0.57719725 0.5754721 0.58348435 0.5828315 0.57461107 0.07183272 0.14470328 0.14494589 0.07172267 0 0.5819619 0.58938557 0.59400773 0.5957761 0.5837021 1.0211525 0.5778452 1.0083846 0.35338324 0.57719725 0.7598766 0.34557483 0.34462425
0.77546155 0.58304906 0.76846397 0.7593259 0.5810934 0.58938557 0.59312516 0.35050538 0.3508246 0.108480364 0.10928974 0.45973605 0.5750415 0.58544624 0.58785117 0.58435565 0.5819619 0 0.04523725 0.3508246 0.35226277 0.35322306 1.033348 0.35050538 1.0099207 0.5874133 0.34970793 0.76985824 0.5926842 0.58131045
0.76707226 0.5874133 0.76707226 0.75767636 0.5874133 0.5915831 0.5946704 0.35002682 0.34986734 0.11056338 0.11218751 0.46195444 0.58174473 0.58828926 0.59180313 0.59004414 0.58938557 0.04523725 0 0.35178307 0.35370368 0.35194293 1.0341415 0.35050538 1.0126165 0.58938557 0.34907058 0.7709756 0.5984365 0.58413774
0.77153486 0.59092313 0.7723746 0.7681854 0.58938557 0.5948914 0.5968834 0.30710486 0.30785823 0.35290283 0.3508246 0.46696994 0.5828315 0.5968834 0.60222155 0.5887276 0.59400773 0.3508246 0.35178307 0 0.04608747 0.30921626 1.0188149 0.3077075 1.0137748 0.59312516 0.30725548 0.78110707 0.6006607 0.5951125
0.77715075 0.59092313 0.7796917 0.77321523 0.58850837 0.60043794 0.60222155 0.3068037 0.30755678 0.35226277 0.3508246 0.472958 0.58413774 0.59888077 0.60222155 0.591363 0.5957761 0.35226277 0.35370368 0.04608747 0 0.30921626 1.018426 0.3077075 1.0095364 0.5968834 0.3087633 0.7876524 0.6028915 0.5984365
0.7729349 0.57827747 0.7598766 0.75712734 0.58348435 0.58131045 0.58763224 0.11719802 0.11895377 0.35354343 0.35290283 0.46029004 0.5767656 0.59004414 0.59180313 0.58217925 0.5837021 0.35322306 0.35194293 0.30921626 0.30921626 0 1.0149349 0.014743978 1.0211525 0.58304906 0.1457956 0.7656831 0.58850837 0.5847917
1.0317632 1.0203725 1.0137748 1.0049399 1.0095364 1.0164845 1.0274222 1.0270288 1.0168724 1.0542608 1.0465518 1.0133885 1.018426 1.0266355 1.0266355 1.0118452 1.0211525 1.033348 1.0341415 1.0188149 1.018426 1.0149349 0 1.0133885 0.2402917 1.0234975 1.0195932 1.0231062 1.0373245 1.0242808
0.7690214 0.57482624 0.75493515 0.75384146 0.5774132 0.5784937 0.5856646 0.11719802 0.1188366 0.3524227 0.3524227 0.45826077 0.5711766 0.5837021 0.5847917 0.5763342 0.5778452 0.35050538 0.35050538 0.3077075 0.3077075 0.014743978 1.0133885 0 1.0176488 0.58131045 0.14458202 0.762636 0.58807015 0.58174473
1.0278157 1.0083846 1.0188149 1.0122308 1.0064689 0.99545324 0.99545324 1.0242808 1.014548 1.0417235 1.0365276 1.0080011 1.0168724 1.0095364 1.0211525 0.9962078 1.0083846 1.0099207 1.0126165 1.0137748 1.0095364 1.0211525 0.2402917 1.0176488 0 1.0168724 1.0246727 1.0130024 1.0301816 1.0219333
0.76540554 0.35178307 0.77405685 0.7673504 0.35562924 0.23220722 0.2341177 0.58348435 0.5769814 0.5810934 0.59444946 0.5887276 0.3447826 0.35370368 0.3524227 0.3508246 0.35338324 0.5874133 0.58938557 0.59312516 0.5968834 0.58304906 1.0234975 0.58131045 1.0168724 0 0.5791428 0.78082377 0.23781599 0.23234352
0.7673504 0.57267725 0.75002605 0.7486681 0.573751 0.5808764 0.58631986 0.1457956 0.14688952 0.3501863 0.34668535 0.46455088 0.5694652 0.58152753 0.5832667 0.5774132 0.57719725 0.34970793 0.34907058 0.30725548 0.3087633 0.1457956 1.0195932 0.14458202 1.0246727 0.5791428 0 0.7609791 0.58653843 0.58217925
0.6640787 0.76042765 0.14749794 0.14071167 0.75138646 0.7765873 0.7734957 0.7712552 0.76540554 0.7693002 0.76985824 0.7563045 0.75466156 0.7629125 0.7640195 0.7609791 0.7598766 0.76985824 0.7709756 0.78110707 0.7876524 0.7656831 1.0231062 0.762636 1.0130024 0.78082377 0.7609791 0 0.77546155 0.776869
0.7836615 0.34193748 0.7631891 0.7565787 0.34732068 0.20912434 0.21031472 0.591363 0.58807015 0.5915831 0.5964403 0.5856646 0.33831772 0.35114396 0.3477975 0.34193748 0.34557483 0.5926842 0.5984365 0.6006607 0.6028915 0.58850837 1.0373245 0.58807015 1.0301816 0.23781599 0.58653843 0.77546155 0 0.13578178
0.76623845 0.34430766 0.7656831 0.7620833 0.34747958 0.20754011 0.206881 0.5847917 0.58152753 0.58131045 0.58348435 0.57979244 0.33973208 0.35210282 0.34716177 0.34367487 0.34462425 0.58131045 0.58413774 0.5951125 0.5984365 0.5847917 1.0242808 0.58174473 1.0219333 0.23234352 0.58217925 0.776869 0.13578178 0
