0 0.65134007 0.6672366 0.65277135 0.6418672 1.0053219 0.99999183 0.9872032 1.000751 1.0003713 0.58828926 0.6563616 0.58807015 0.585228 0.5887276 0.5946704 0.5968834 0.59932536 0.5997702 0.65038735 0.6477737 0.58916616 0.6515784 0.59092313 0.60872287 0.57827747 0.5845737 0.6475366 0.65110177 0.5915831
0.65134007 0 0.17086585 0.16237426 0.6132396 1.0278157 1.0278157 1.0238891 1.0172604 1.0103053 0.6568416 0.5542363 0.65516293 0.65277135 0.65348804 0.66553456 0.6672366 0.6582834 0.6604514 0.61482686 0.6118817 0.64801097 0.44312346 0.64919823 0.66650665 0.6430448 0.6484856 0.21682899 0.19498533 0.65181684
0.6672366 0.17086585 0 0.163617 0.6232732 1.0385218 1.0563028 1.0493827 1.0373245 1.0421246 0.67016345 0.55885684 0.67285645 0.6652917 0.6672366 0.67629796 0.67555916 0.6619002 0.66335183 0.6283408 0.6258027 0.65876466 0.4443884 0.6631097 0.6859691 0.6573219 0.67163116 0.2290791 0.19953829 0.6723661
0.65277135 0.16237426 0.163617 0 0.6060258 1.0258498 1.0341415 1.0270288 1.0172604 1.0157093 0.6484856 0.5536084 0.6449328 0.6437523 0.6475366 0.6682109 0.67016345 0.6573219 0.65852404 0.61346614 0.60894805 0.6461152 0.43826443 0.64967364 0.6640787 0.6461152 0.64919823 0.21442941 0.19149184 0.6484856
0.6418672 0.6132396 0.6232732 0.6060258 0 1.0133885 1.0219333 1.0099207 1.0118452 1.0122308 0.6320479 0.6019983 0.6311194 0.64729947 0.6501494 0.6539662 0.6573219 0.64967364 0.65134007 0.15631437 0.15348673 0.64516914 0.59888077 0.64587855 0.6530102 0.6413967 0.65134007 0.60557723 0.61960906 0.6530102
1.0053219 1.0278157 1.0385218 1.0258498 1.0133885 0 0.15705377 0.1555757 0.1778051 0.17174548 1.01069 0.9924427 0.99999183 1.0022715 0.99847597 1.01069 1.0141612 1.0168724 1.0149349 1.0122308 1.0122308 1.0060863 1.0034139 1.001891 1.0286036 0.98683035 1.0060863 1.0133885 1.0282096 1.0137748
0.99999183 1.0278157 1.0563028 1.0341415 1.0219333 0.15705377 0 0.12566338 0.18276484 0.17793186 1.0060863 1.0053219 1.0015109 1.0072346 0.99999183 1.0207624 1.0231062 1.0160967 1.0126165 1.0219333 1.0199828 1.015322 1.0242808 1.0137748 1.0329514 0.98645765 1.0095364 1.0313674 1.0441338 1.0199828
0.9872032 1.0238891 1.0493827 1.0270288 1.0099207 0.1555757 0.12566338 0 0.18021728 0.17489542 1.0030329 1.0064689 0.990942 0.99923354 0.9939465 1.014548 1.0195932 1.0118452 1.0130024 1.0149349 1.0141612 1.0080011 1.01146 1.0072346 1.0234975 0.9768326 1.0041765 1.0227151 1.0211525 1.01069
1.000751 1.0172604 1.0373245 1.0172604 1.0118452 0.1778051 0.18276484 0.18021728 0 0.10963688 1.0068517 0.99734104 1.0041765 1.0087683 1.0053219 1.0199828 1.0207624 1.0015109 1.0022715 1.002652 0.99961257 1.0091523 1.0157093 1.0072346 1.0373245 0.9872032 1.0076177 1.0176488 1.01146 1.0130024
1.0003713 1.0103053 1.0421246 1.0157093 1.0122308 0.17174548 0.17793186 0.17489542 0.10963688 0 0.99961257 0.9950763 0.99734104 0.9939465 0.9920673 1.025065 1.0286036 1.0133885 1.0110749 0.99847597 0.99961257 0.9946995 1.0072346 0.99658537 1.0270288 0.9827411 1.0034139 1.015322 1.0130024 0.99999183
0.58828926 0.6568416 0.67016345 0.6484856 0.6320479 1.01069 1.0060863 1.0030329 1.0068517 0.99961257 0 0.6439882 0.07447861 0.33627945 0.3358099 0.6205234 0.6193806 0.6182396 0.6157354 0.6437523 0.6413967 0.3358099 0.6542054 0.33816072 0.29411557 0.33878887 0.34351677 0.6522939 0.64919823 0.34036154
0.6563616 0.5542363 0.55885684 0.5536084 0.6019983 0.9924427 1.0053219 1.0064689 0.99734104 0.9950763 0.6439882 0 0.64045656 0.6470625 0.6484856 0.6515784 0.6568416 0.6501494 0.6606927 0.6046809 0.6002153 0.6461152 0.5533992 0.64801097 0.6592462 0.6515784 0.65564215 0.5546552 0.5504769 0.654684
0.58807015 0.65516293 0.67285645 0.6449328 0.6311194 0.99999183 1.0015109 0.990942 1.0041765 0.99734104 0.07447861 0.64045656 0 0.33284268 0.33159682 0.62304366 0.6216679 0.61664504 0.6161901 0.64280915 0.6406915 0.3340906 0.64919823 0.33565342 0.29337585 0.33627945 0.34083396 0.6494359 0.64872307 0.33362237
0.585228 0.65277135 0.6652917 0.6437523 0.64729947 1.0022715 1.0072346 0.99923354 1.0087683 0.9939465 0.33627945 0.6470625 0.33284268 0 0.053568296 0.615281 0.61256033 0.61391944 0.6109778 0.64991146 0.64516914 0.21256836 0.65134007 0.21509518 0.3462092 0.23166226 0.23685543 0.64233804 0.64801097 0.2195042
0.5887276 0.65348804 0.6672366 0.6475366 0.6501494 0.99847597 0.99999183 0.9939465 1.0053219 0.9920673 0.3358099 0.6484856 0.33159682 0.053568296 0 0.617328 0.614373 0.6132396 0.61142963 0.65348804 0.65038735 0.20912434 0.65277135 0.21190482 0.34700292 0.22921483 0.23589608 0.64351636 0.64967364 0.2189684
0.5946704 0.66553456 0.67629796 0.6682109 0.6539662 1.01069 1.0207624 1.014548 1.0199828 1.025065 0.6205234 0.6515784 0.62304366 0.615281 0.617328 0 0.051102072 0.21509518 0.21309961 0.64824826 0.64682555 0.615281 0.6470625 0.61687267 0.63297755 0.6082727 0.627186 0.6640787 0.6713863 0.62373245
0.5968834 0.6672366 0.67555916 0.67016345 0.6573219 1.0141612 1.0231062 1.0195932 1.0207624 1.0286036 0.6193806 0.6568416 0.6216679 0.61256033 0.614373 0.051102072 0 0.21336539 0.21084438 0.65134007 0.6508636 0.6109778 0.6515784 0.6121078 0.6311194 0.60423315 0.6232732 0.66650665 0.67432946 0.6186958
0.59932536 0.6582834 0.6619002 0.6573219 0.64967364 1.0168724 1.0160967 1.0118452 1.0015109 1.0133885 0.6182396 0.6501494 0.61664504 0.61391944 0.6132396 0.21509518 0.21336539 0 0.039417937 0.6501494 0.6489606 0.6091733 0.65948707 0.60894805 0.6228142 0.5966618 0.61664504 0.6606927 0.6602102 0.61915225
0.5997702 0.6604514 0.66335183 0.65852404 0.65134007 1.0149349 1.0126165 1.0130024 1.0022715 1.0110749 0.6157354 0.6606927 0.6161901 0.6109778 0.61142963 0.21309961 0.21084438 0.039417937 0 0.65372705 0.65253264 0.609624 0.6623838 0.60984945 0.6235028 0.5957761 0.61482686 0.6623838 0.66359407 0.6193806
0.65038735 0.61482686 0.6283408 0.61346614 0.15631437 1.0122308 1.0219333 1.0149349 1.002652 0.99847597 0.6437523 0.6046809 0.64280915 0.64991146 0.65348804 0.64824826 0.65134007 0.6501494 0.65372705 0 0.020477012 0.6484856 0.6082727 0.64991146 0.6604514 0.64469653 0.65972805 0.6075979 0.6267246 0.6542054
0.6477737 0.6118817 0.6258027 0.60894805 0.15348673 1.0122308 1.0199828 1.0141612 0.99961257 0.99961257 0.6413967 0.6002153 0.6406915 0.64516914 0.65038735 0.64682555 0.6508636 0.6489606 0.65253264 0.020477012 0 0.64564204 0.6019983 0.6470625 0.65948707 0.64257354 0.6578025 0.6019983 0.6232732 0.6530102
0.58916616 0.64801097 0.65876466 0.6461152 0.64516914 1.0060863 1.015322 1.0080011 1.0091523 0.9946995 0.3358099 0.6461152 0.3340906 0.21256836 0.20912434 0.615281 0.6109778 0.6091733 0.609624 0.6484856 0.64564204 0 0.6494359 0.013622978 0.34605056 0.2285364 0.2330254 0.63857985 0.64682555 0.16585916
0.6515784 0.44312346 0.4443884 0.43826443 0.59888077 1.0034139 1.0242808 1.01146 1.0157093 1.0072346 0.6542054 0.5533992 0.64919823 0.65134007 0.65277135 0.6470625 0.6515784 0.65948707 0.6623838 0.6082727 0.6019983 0.6494359 0 0.6515784 0.67212105 0.64919823 0.66093403 0.43290216 0.43290216 0.65948707
0.59092313 0.64919823 0.6631097 0.64967364 0.64587855 1.001891 1.0137748 1.0072346 1.0072346 0.99658537 0.33816072 0.64801097 0.33565342 0.21509518 0.21190482 0.61687267 0.6121078 0.60894805 0.60984945 0.64991146 0.6470625 0.013622978 0.6515784 0 0.34859294 0.23084556 0.2365812 0.64257354 0.65110177 0.16735767
0.60872287 0.66650665 0.6859691 0.6640787 0.6530102 1.0286036 1.0329514 1.0234975 1.0373245 1.0270288 0.29411557 0.6592462 0.29337585 0.3462092 0.34700292 0.63297755 0.6311194 0.6228142 0.6235028 0.6604514 0.65948707 0.34605056 0.67212105 0.34859294 0 0.34795654 0.35338324 0.66480625 0.67114156 0.3465266
0.57827747 0.6430448 0.6573219 0.6461152 0.6413967 0.98683035 0.98645765 0.9768326 0.9872032 0.9827411 0.33878887 0.6515784 0.33627945 0.23166226 0.22921483 0.6082727 0.60423315 0.5966618 0.5957761 0.64469653 0.64257354 0.2285364 0.64919823 0.23084556 0.34795654 0 0.23891531 0.6430448 0.64045656 0.23699258
0.5845737 0.6484856 0.67163116 0.64919823 0.65134007 1.0060863 1.0095364 1.0041765 1.0076177 1.0034139 0.34351677 0.65564215 0.34083396 0.23685543 0.23589608 0.627186 0.6232732 0.61664504 0.61482686 0.65972805 0.6578025 0.2330254 0.66093403 0.2365812 0.35338324 0.23891531 0 0.64682555 0.6539662 0.24139464
0.6475366 0.21682899 0.2290791 0.21442941 0.60557723 1.0133885 1.0313674 1.0227151 1.0176488 1.015322 0.6522939 0.5546552 0.6494359 0.64233804 0.64351636 0.6640787 0.66650665 0.6606927 0.6623838 0.6075979 0.6019983 0.63857985 0.43290216 0.64257354 0.66480625 0.6430448 0.64682555 0 0.21963823 0.6442242
0.65110177 0.19498533 0.19953829 0.19149184 0.61960906 1.0282096 1.0441338 1.0211525 1.01146 1.0130024 0.64919823 0.5504769 0.64872307 0.64801097 0.64967364 0.6713863 0.67432946 0.6602102 0.66359407 0.6267246 0.6232732 0.64682555 0.43290216 0.65110177 0.67114156 0.64045656 0.6539662 0.21963823 0 0.64587855
0.5915831 0.65181684 0.6723661 0.6484856 0.6530102 1.0137748 1.0199828 1.01069 1.0130024 0.99999183 0.34036154 0.654684 0.33362237 0.2195042 0.2189684 0.62373245 0.6186958 0.61915225 0.6193806 0.6542054 0.6530102 0.16585916 0.65948707 0.16735767 0.3465266 0.23699258 0.24139464 0.6442242 0.64587855 0
