0 1.01211087382399 1.46281985542737 1.44297421397641 1.57999364170246 1.06384644843638 1.65487025352195 1.88754947902635 1.13984194793738 1.75015565333888 1.84680273989215 1.46356987184845 1.51452316972427 1.70747038954869 1.71943960688077 1.49191111093387 1.06674630264752 1.15323487552814 1.12566131609492 1.38046863419004 1.86474928050302 1.50240913685411 1.83337208046578 0.987606504000723 1.22534043923952 1.9001631224528 1.6411355198361 0.99177647032775 0.975565379485488 1.64801916223951
1.01211087382399 0 1.17097243922763 1.33655879762955 1.71081348834559 0.956802248954773 1.22032108227722 1.21408557659015 1.39667835598812 1.13990081474185 1.06662683398463 1.14577256329358 1.80944759491831 1.59635351481847 1.78120840806514 1.69408044172451 1.11002588318661 1.72195559786633 1.91182581917383 1.42303724610247 1.49762920476496 1.0402665741276 1.04259876161814 1.1183221002575 1.88974446570501 1.72580709122121 1.25904529844411 1.91330825188197 1.21265008905903 1.73312348383479
1.46281985542737 1.17097243922763 0 1.65572758880444 1.89609094685875 1.88066693721339 1.34636224689893 1.82058985624462 1.22758085536771 1.39325308869593 1.52131824032404 1.11575275007635 1.17283901199698 1.71975888917223 1.36001072754152 0.950684980023652 0.9561647484079 1.94007921521552 1.84880058164708 1.30138614447787 1.31080346973613 1.90076162246987 1.94336186302826 1.07027356862091 1.39093665010296 1.86855952441692 1.27127812081017 1.59310664818622 0.979722776683047 1.14425354031846
1.44297421397641 1.33655879762955 1.65572758880444 0 1.60729749919847 1.76977211795747 1.50652666622773 1.27451557083987 1.82705414458178 1.35073941550218 1.85338548524305 1.71867318754084 1.19419053592719 1.39010273478925 1.45721092633903 1.53292130865157 1.83024967950769 1.4554483902175 1.39607019536197 1.75496658007614 1.72105867345817 1.51855109329335 1.76163120009005 1.06059471191838 1.7483413356822 1.16261200211011 1.89146206504665 1.10050212242641 1.3128995038569 0.985231116181239
1.57999364170246 1.71081348834559 1.89609094685875 1.60729749919847 0 1.22677720640786 1.63699758215807 1.27018523984589 1.61454862402752 1.87024047598243 1.58090823842213 1.75186138087884 1.24935491196811 1.65816830471158 1.81463387631811 1.00877698604017 1.17122067976743 1.59090476529673 1.39896039804444 1.90294192172587 1.7482743083965 0.985752736218274 1.16657450213097 1.51389798335731 1.01423034165055 1.3298358626198 1.20686467573978 1.31515695923008 1.79292667494155 1.25057271006517
1.06384644843638 0.956802248954773 1.88066693721339 1.76977211795747 1.22677720640786 0 1.91312873573042 1.20682134921663 1.03633815003559 1.54515491821803 1.77578438376077 1.8118068727199 1.81213266821578 1.67898178170435 1.73513603233732 1.29784773732536 1.51161468261853 1.58099604723975 1.06872924370691 1.6513376282528 1.31145017384551 1.254322134424 1.21363403927535 1.80941891809925 1.80334980087355 1.03313312935643 1.23965684999712 1.65491180750541 1.42842720332555 1.7986922133714
1.65487025352195 1.22032108227722 1.34636224689893 1.50652666622773 1.63699758215807 1.91312873573042 0 1.28517218749039 1.05114470538683 1.7010401727166 1.93862891546451 1.60892304638401 1.39118779846467 1.35168161289766 1.05616120505147 1.90167863387614 1.45373133546673 1.48172770673409 1.46170789655298 1.05453063966706 0.948576953262091 1.85717138438486 1.04427574644797 1.17316910903901 1.65718996664509 1.04940799786709 1.6966478175018 1.3021417085547 1.21880355081521 1.74269881774671
1.88754947902635 1.21408557659015 1.82058985624462 1.27451557083987 1.27018523984589 1.20682134921663 1.28517218749039 0 1.08246767451055 1.73657536064275 1.78827420482412 1.27866508765146 1.53352958802134 1.38188506267034 1.42441873322241 1.6680822360795 1.87306992476806 1.68068946758285 1.74022464826703 1.43507941579446 1.79584166267887 1.44380665407516 1.80149245844223 1.9141240878962 1.76884522428736 1.60880040377378 1.13216679240577 1.34809695836157 1.66035845596343 1.30111794010736
1.13984194793738 1.39667835598812 1.22758085536771 1.82705414458178 1.61454862402752 1.03633815003559 1.05114470538683 1.08246767451055 0 1.60987488436513 1.42533607897349 1.84519830415957 1.21302331588231 1.81337194796652 1.83477766928263 1.68572815065272 1.08048398583196 1.19661700516008 1.31064585736021 1.32747039734386 1.8909814634826 1.41231807763688 0.954988378565758 1.64655016525649 1.8685500768479 1.08285708259791 1.43572986940853 0.945193644845858 1.91939917765558 1.80310255452059
1.75015565333888 1.13990081474185 1.39325308869593 1.35073941550218 1.87024047598243 1.54515491821803 1.7010401727166 1.73657536064275 1.60987488436513 0 1.35908516682684 1.47788239247166 1.80567926890217 1.30968900630251 1.06436249823309 1.77632047748193 1.16942671616562 1.56780377053656 1.3200640915893 1.68078587180935 1.33881375030614 1.58601653273217 1.57797101326287 1.81530219409615 1.79490448534489 1.4488911726512 1.24083374952897 0.954984328011051 1.40054334001616 0.964840282220393
1.84680273989215 1.06662683398463 1.52131824032404 1.85338548524305 1.58090823842213 1.77578438376077 1.93862891546451 1.78827420482412 1.42533607897349 1.35908516682684 0 1.52364260470495 1.55208478681743 1.28025449765846 1.79719156236388 1.47049379372038 1.02765253488906 1.43317629746161 1.61499188444577 1.67834932939149 1.60438410495408 1.83955503068864 0.975387167651206 1.23625712702051 1.80279061663896 1.49638161133043 1.04008584725671 1.93273860774934 1.29326594970189 1.02023060200736
1.46356987184845 1.14577256329358 1.11575275007635 1.71867318754084 1.75186138087884 1.8118068727199 1.60892304638401 1.27866508765146 1.84519830415957 1.47788239247166 1.52364260470495 0 1.62064943322912 1.02343299775384 1.43413768033497 1.08544138190337 1.66502960817888 1.6589653599076 1.4387642275542 1.85448998515494 1.49059431487694 1.66464592539705 1.38040722860023 1.44467736594379 1.45154988043942 0.96094088954851 1.56794694601558 1.51322499010712 0.954916040645912 1.6281134521123
1.51452316972427 1.80944759491831 1.17283901199698 1.19419053592719 1.24935491196811 1.81213266821578 1.39118779846467 1.53352958802134 1.21302331588231 1.80567926890217 1.55208478681743 1.62064943322912 0 1.69604825391434 1.45657110842876 1.81851441250183 1.12692380440421 1.40044496417977 1.64393612276763 0.96820685849525 1.53250464773737 1.92814790830016 1.40357996081002 1.21558347693644 1.56579188001342 1.72543664230034 1.62523323483765 1.58659683424048 1.38498664181679 1.23729738662951
1.70747038954869 1.59635351481847 1.71975888917223 1.39010273478925 1.65816830471158 1.67898178170435 1.35168161289766 1.38188506267034 1.81337194796652 1.30968900630251 1.28025449765846 1.02343299775384 1.69604825391434 0 1.03378512943164 1.68412347696722 1.64182290178724 1.47447202680632 1.22184606036171 1.55692271282896 1.91297924611717 1.39456018875353 1.29334211279638 1.75853607454337 1.57774716359563 1.51854805531912 0.971155690727755 1.84631465491839 1.67286201636307 1.25760172796436
1.71943960688077 1.78120840806514 1.36001072754152 1.45721092633903 1.81463387631811 1.73513603233732 1.05616120505147 1.42441873322241 1.83477766928263 1.06436249823309 1.79719156236388 1.43413768033497 1.45657110842876 1.03378512943164 0 1.65221815672703 1.23914243141189 0.9447686963249 1.03828218649141 1.67304371669888 1.35096236341633 1.12744214315899 1.06055836076848 1.90220389328897 1.75947686936706 1.58122232789174 0.968451610533521 1.29041952011175 1.05400930391625 1.68876400706358
1.49191111093387 1.69408044172451 0.950684980023652 1.53292130865157 1.00877698604017 1.29784773732536 1.90167863387614 1.6680822360795 1.68572815065272 1.77632047748193 1.47049379372038 1.08544138190337 1.81851441250183 1.68412347696722 1.65221815672703 0 1.74208531505428 1.46136271138676 1.42055026418529 1.08233567140996 1.37002832861617 1.58798518427648 0.992676883004606 1.29010336380452 1.61433683685027 1.33441516431049 1.29844000260346 1.50243699271232 0.987065113149583 1.36614308715798
1.06674630264752 1.11002588318661 0.9561647484079 1.83024967950769 1.17122067976743 1.51161468261853 1.45373133546673 1.87306992476806 1.08048398583196 1.16942671616562 1.02765253488906 1.66502960817888 1.12692380440421 1.64182290178724 1.23914243141189 1.74208531505428 0 1.17722115269862 1.48546955082566 1.84327872190624 1.12162387091666 1.16470399312675 1.49410816491581 1.8675923331175 1.85024333372712 1.7112620100379 1.84619171964005 1.63189041125588 1.60320788854733 1.89085390046239
1.15323487552814 1.72195559786633 1.94007921521552 1.4554483902175 1.59090476529673 1.58099604723975 1.48172770673409 1.68068946758285 1.19661700516008 1.56780377053656 1.43317629746161 1.6589653599076 1.40044496417977 1.47447202680632 0.9447686963249 1.46136271138676 1.17722115269862 0 1.36086522694677 1.80364758358337 1.24809590075165 1.11404791404493 1.86148534039967 1.65280769369565 1.41765494085848 1.49633513693698 1.35129030584358 1.33473901893012 1.80940124113113 0.995412925491109
1.12566131609492 1.91182581917383 1.84880058164708 1.39607019536197 1.39896039804444 1.06872924370691 1.46170789655298 1.74022464826703 1.31064585736021 1.3200640915893 1.61499188444577 1.4387642275542 1.64393612276763 1.22184606036171 1.03828218649141 1.42055026418529 1.48546955082566 1.36086522694677 0 1.15994911617599 1.80499467556365 1.09727501031011 1.01819547335617 1.09201774024405 1.51985094579868 1.6811943531502 1.30877283005975 1.64912795135751 1.24464632198215 1.20908700185828
1.38046863419004 1.42303724610247 1.30138614447787 1.75496658007614 1.90294192172587 1.6513376282528 1.05453063966706 1.43507941579446 1.32747039734386 1.68078587180935 1.67834932939149 1.85448998515494 0.96820685849525 1.55692271282896 1.67304371669888 1.08233567140996 1.84327872190624 1.80364758358337 1.15994911617599 0 1.29506663954817 1.29360145493411 1.83633421431296 1.64969743043184 1.08428918360732 1.70615413482301 1.47922917362303 1.75744467880577 1.6569138285704 1.74425773345865
1.86474928050302 1.49762920476496 1.31080346973613 1.72105867345817 1.7482743083965 1.31145017384551 0.948576953262091 1.79584166267887 1.8909814634826 1.33881375030614 1.60438410495408 1.49059431487694 1.53250464773737 1.91297924611717 1.35096236341633 1.37002832861617 1.12162387091666 1.24809590075165 1.80499467556365 1.29506663954817 0 1.13387574139051 1.15198251418769 1.57646665396169 1.36568735935725 1.30561423278414 1.13747206749395 1.13625296764076 1.49960071500391 1.22632432496175
1.50240913685411 1.0402665741276 1.90076162246987 1.51855109329335 0.985752736218274 1.254322134424 1.85717138438486 1.44380665407516 1.41231807763688 1.58601653273217 1.83955503068864 1.66464592539705 1.92814790830016 1.39456018875353 1.12744214315899 1.58798518427648 1.16470399312675 1.11404791404493 1.09727501031011 1.29360145493411 1.13387574139051 0 1.27851845696568 1.79514407808892 1.34949055896141 1.18295429344289 1.0771325728856 1.58997326903045 1.0838214631658 1.19855735055171
1.83337208046578 1.04259876161814 1.94336186302826 1.76163120009005 1.16657450213097 1.21363403927535 1.04427574644797 1.80149245844223 0.954988378565758 1.57797101326287 0.975387167651206 1.38040722860023 1.40357996081002 1.29334211279638 1.06055836076848 0.992676883004606 1.49410816491581 1.86148534039967 1.01819547335617 1.83633421431296 1.15198251418769 1.27851845696568 0 1.41289696376771 0.961107165319845 1.79746283893473 1.87841809098609 1.02229202887975 1.8088853219524 1.59056919510476
0.987606504000723 1.1183221002575 1.07027356862091 1.06059471191838 1.51389798335731 1.80941891809925 1.17316910903901 1.9141240878962 1.64655016525649 1.81530219409615 1.23625712702051 1.44467736594379 1.21558347693644 1.75853607454337 1.90220389328897 1.29010336380452 1.8675923331175 1.65280769369565 1.09201774024405 1.64969743043184 1.57646665396169 1.79514407808892 1.41289696376771 0 1.10916586965322 1.32456155843101 1.0009581730701 1.23651996417902 1.74535717233084 1.77281968994066
1.22534043923952 1.88974446570501 1.39093665010296 1.7483413356822 1.01423034165055 1.80334980087355 1.65718996664509 1.76884522428736 1.8685500768479 1.79490448534489 1.80279061663896 1.45154988043942 1.56579188001342 1.57774716359563 1.75947686936706 1.61433683685027 1.85024333372712 1.41765494085848 1.51985094579868 1.08428918360732 1.36568735935725 1.34949055896141 0.961107165319845 1.10916586965322 0 1.57030570646748 1.8674735405948 1.49694729177281 1.54729619738646 1.16142629948445
1.9001631224528 1.72580709122121 1.86855952441692 1.16261200211011 1.3298358626198 1.03313312935643 1.04940799786709 1.60880040377378 1.08285708259791 1.4488911726512 1.49638161133043 0.96094088954851 1.72543664230034 1.51854805531912 1.58122232789174 1.33441516431049 1.7112620100379 1.49633513693698 1.6811943531502 1.70615413482301 1.30561423278414 1.18295429344289 1.79746283893473 1.32456155843101 1.57030570646748 0 1.67356871138327 1.05537304189056 1.10024520405568 1.39555239700712
1.6411355198361 1.25904529844411 1.27127812081017 1.89146206504665 1.20686467573978 1.23965684999712 1.6966478175018 1.13216679240577 1.43572986940853 1.24083374952897 1.04008584725671 1.56794694601558 1.62523323483765 0.971155690727755 0.968451610533521 1.29844000260346 1.84619171964005 1.35129030584358 1.30877283005975 1.47922917362303 1.13747206749395 1.0771325728856 1.87841809098609 1.0009581730701 1.8674735405948 1.67356871138327 0 1.53945548948832 1.28902010037564 1.48341292352416
0.99177647032775 1.91330825188197 1.59310664818622 1.10050212242641 1.31515695923008 1.65491180750541 1.3021417085547 1.34809695836157 0.945193644845858 0.954984328011051 1.93273860774934 1.51322499010712 1.58659683424048 1.84631465491839 1.29041952011175 1.50243699271232 1.63189041125588 1.33473901893012 1.64912795135751 1.75744467880577 1.13625296764076 1.58997326903045 1.02229202887975 1.23651996417902 1.49694729177281 1.05537304189056 1.53945548948832 0 1.78824253636412 1.52625177195296
0.975565379485488 1.21265008905903 0.979722776683047 1.3128995038569 1.79292667494155 1.42842720332555 1.21880355081521 1.66035845596343 1.91939917765558 1.40054334001616 1.29326594970189 0.954916040645912 1.38498664181679 1.67286201636307 1.05400930391625 0.987065113149583 1.60320788854733 1.80940124113113 1.24464632198215 1.6569138285704 1.49960071500391 1.0838214631658 1.8088853219524 1.74535717233084 1.54729619738646 1.10024520405568 1.28902010037564 1.78824253636412 0 1.82310253055766
1.64801916223951 1.73312348383479 1.14425354031846 0.985231116181239 1.25057271006517 1.7986922133714 1.74269881774671 1.30111794010736 1.80310255452059 0.964840282220393 1.02023060200736 1.6281134521123 1.23729738662951 1.25760172796436 1.68876400706358 1.36614308715798 1.89085390046239 0.995412925491109 1.20908700185828 1.74425773345865 1.22632432496175 1.19855735055171 1.59056919510476 1.77281968994066 1.16142629948445 1.39555239700712 1.48341292352416 1.52625177195296 1.82310253055766 0
