0 1.5377254516352 1.21613280242309 1.83258354384452 1.05343065550551 1.60003026737832 1.14050241815858 0.934530246537179 1.54008543072268 1.55618001776747 1.12739976937883 1.41487218509428 1.12898825597949 1.52995504648425 1.83598427311517 1.30539201386273 1.857936313143 1.65426858980209 1.66544309910387 1.3662106951233 1.16950884275138 1.9113486786373 1.14501147181727 1.09714042395353 1.20382298668846 1.65157742309384 1.83308020234108 1.25706102908589 1.89232190418988 1.90724088833667
1.5377254516352 0 0.923311511287466 1.02032306487672 1.16661656438373 1.27353323251009 1.75053603132255 1.36329786595888 1.46110617509112 1.27617588709109 1.81845228024758 1.45827262080275 1.85889919684269 1.12548841396347 1.14935932750814 1.31548188393936 1.69384494866244 1.55137449596077 1.74813852016814 0.963686648756266 1.46294742263854 1.77762499894015 1.02781104575843 1.18261606851593 1.26595126348548 1.65494022145867 1.43813666491769 1.86584579036571 1.3017265542876 1.49120189319365
1.21613280242309 0.923311511287466 0 1.55842171330005 1.58376709069125 1.0175697193481 1.00668523996137 1.01305465749465 1.5531411874108 1.53403026610613 1.3203331285622 1.62424719892442 1.52911716559902 0.951937228441238 1.79305144445971 1.19860944151878 1.17876272834837 1.03854568582028 1.11434147576801 0.983445156598464 1.24439428118058 1.67170773097314 1.5753911701031 1.20357773406431 0.987398290773854 0.974081073887646 1.24748528981581 1.64320975798182 1.17307870276272 1.3461284074001
1.83258354384452 1.02032306487672 1.55842171330005 0 1.22162615507841 1.59354670881294 1.01464669080451 1.31944945827127 1.11949864053167 1.89490653667599 1.07674502464943 0.920141744427383 0.988778607686982 1.63495998410508 1.07684230036102 1.44200093811378 1.03722341242246 1.12592285894789 1.37111013615504 1.42713200161234 1.35108846914954 1.60428027994931 1.7246431815438 1.0463392175734 1.16727654566057 1.2912900717929 1.69221076206304 1.56182493199594 1.7580574892927 1.91244408488274
1.05343065550551 1.16661656438373 1.58376709069125 1.22162615507841 0 1.28571253782138 1.4597627427429 1.9122612606734 1.821173022734 0.951287016971037 1.34793216595426 1.74156564357691 1.23384175379761 1.23652462218888 1.52119847107679 1.86748444498517 1.76974645629525 1.54533633333631 1.26511915144511 1.73595082643442 1.72884679259732 1.09867653134279 1.86851987731643 1.73770998907275 1.73364642052911 1.11012824764475 1.20686984551139 1.25646103778854 1.15402058023028 1.54822167917155
1.60003026737832 1.27353323251009 1.0175697193481 1.59354670881294 1.28571253782138 0 1.46786424098536 1.1764184392523 1.54463944374584 1.65111375926062 1.74108390649781 1.19966486818157 1.85976048046723 1.90547614265233 1.90296646137722 1.5502013459336 1.4066396499984 1.19288215506822 1.31541590951383 1.29304308048449 1.73305055778474 1.12682729260996 1.90022712456994 1.0494695357047 1.46216208767146 1.59441101783887 1.51287767500617 1.21999176801182 1.14922494557686 1.07890509488061
1.14050241815858 1.75053603132255 1.00668523996137 1.01464669080451 1.4597627427429 1.46786424098536 0 1.28861930221319 1.04779710946605 1.77668741741218 1.07103043375537 1.26816411875188 1.58110638451762 1.56731855729595 1.16381418821402 1.26041393727064 1.84867640957236 1.26179030374624 1.18599743675441 1.7763384997379 1.11819766438566 1.65452023199759 1.06571789854206 0.990117511944845 1.36926776892506 1.63227363210171 1.6659193362575 1.42874445137568 1.48818712471984 1.27685167174786
0.934530246537179 1.36329786595888 1.01305465749465 1.31944945827127 1.9122612606734 1.1764184392523 1.28861930221319 0 0.985515234293416 1.41383687709458 0.934015180449933 1.13585252105258 1.60056978673674 1.03432595543563 1.73212137469091 1.56339729297906 1.6457735162694 1.38968824665062 1.27573339338414 1.78966418770142 0.964700675103813 1.89195334725082 1.67343853716739 1.7943885428831 1.86655624816194 1.28218004805967 1.82353826030158 1.75398341193795 1.4802581386175 1.35467887786217
1.54008543072268 1.46110617509112 1.5531411874108 1.11949864053167 1.821173022734 1.54463944374584 1.04779710946605 0.985515234293416 0 1.73247499787249 1.80044232541695 1.48107652971521 1.65822264086455 1.34247694769874 0.990425743162632 1.23240276589058 1.49475132953376 1.2323739209678 1.52934843976982 1.55709693138488 0.93616077885963 1.40298634814098 0.969548092223704 1.48868038528599 1.37153095495887 0.95898162946105 1.64393769251183 0.980716832214966 1.66239249520004 1.04997505503707
1.55618001776747 1.27617588709109 1.53403026610613 1.89490653667599 0.951287016971037 1.65111375926062 1.77668741741218 1.41383687709458 1.73247499787249 0 1.70767748658545 1.87075891508721 1.65808863402344 0.979897522833198 1.79678857093677 1.59640216780826 1.83475559577346 1.07703345478512 1.32942002103664 1.31514976755716 1.39518269128166 1.79900687257759 1.89067145297304 0.972441718215123 1.261064178776 1.45367736299522 1.03266933327541 1.28378657577559 1.2457576720044 1.20367171731777
1.12739976937883 1.81845228024758 1.3203331285622 1.07674502464943 1.34793216595426 1.74108390649781 1.07103043375537 0.934015180449933 1.80044232541695 1.70767748658545 0 1.34354039211757 1.33584779594094 1.7832144445274 1.45824201987125 1.87031114660203 1.22603992954828 1.56071120733395 1.69235392124392 1.84137327852659 1.6406279488001 1.41783951059915 1.03949480969459 1.11989204958081 1.26170071144588 1.06852876278572 1.24851632444188 1.25434472970665 1.69739439804107 1.79841154580936
1.41487218509428 1.45827262080275 1.62424719892442 0.920141744427383 1.74156564357691 1.19966486818157 1.26816411875188 1.13585252105258 1.48107652971521 1.87075891508721 1.34354039211757 0 1.26982768112794 1.1244180672802 1.37866844213568 1.9015253088437 1.32937767286785 1.27113545010798 1.8725803620182 1.81272957054898 1.04643634334207 1.85779087757692 1.62847493332811 1.4944894425571 1.06668025976978 1.40018411632627 1.45628034090623 1.52385164657608 1.07724861474708 1.31294507929124
1.12898825597949 1.85889919684269 1.52911716559902 0.988778607686982 1.23384175379761 1.85976048046723 1.58110638451762 1.60056978673674 1.65822264086455 1.65808863402344 1.33584779594094 1.26982768112794 0 1.50768944318406 1.25504904869013 0.97553095431067 1.44273764104582 0.946860252646729 0.939436817541718 1.71003305073828 1.20821666577831 0.921156971249729 1.32480803248473 1.64877435751259 1.07956801820546 0.920096705202013 0.926078603835776 1.30351542588323 1.21010803780518 1.16581388819031
1.52995504648425 1.12548841396347 0.951937228441238 1.63495998410508 1.23652462218888 1.90547614265233 1.56731855729595 1.03432595543563 1.34247694769874 0.979897522833198 1.7832144445274 1.1244180672802 1.50768944318406 0 1.43766546831466 1.85488861589693 1.40603598905727 0.975072452332824 1.57514537777752 1.49875962594524 1.41930418903939 1.01232064305805 0.948800635756925 1.10696466895752 0.94311046670191 0.936455056304112 1.38017407944426 1.33980396832339 1.11355714383535 1.90012638759799
1.83598427311517 1.14935932750814 1.79305144445971 1.07684230036102 1.52119847107679 1.90296646137722 1.16381418821402 1.73212137469091 0.990425743162632 1.79678857093677 1.45824201987125 1.37866844213568 1.25504904869013 1.43766546831466 0 0.961807555751875 1.88501894590445 1.56699637533166 1.18744975165464 1.82696038088761 1.08055158774368 1.03535882034339 1.51379352156073 1.89706706744619 1.15582023188472 1.44735377887264 1.07446351624094 1.15944584202953 1.29867391940206 1.34030820219778
1.30539201386273 1.31548188393936 1.19860944151878 1.44200093811378 1.86748444498517 1.5502013459336 1.26041393727064 1.56339729297906 1.23240276589058 1.59640216780826 1.87031114660203 1.9015253088437 0.97553095431067 1.85488861589693 0.961807555751875 0 1.69926949520595 1.5006547505036 1.00364427082241 1.32881931308657 1.28151344112121 1.6135926025454 1.50544838886708 1.63729416765273 1.75165197206661 1.33960362547077 1.26834884402342 1.03133835899644 1.23153850226663 1.15522207436152
1.857936313143 1.69384494866244 1.17876272834837 1.03722341242246 1.76974645629525 1.4066396499984 1.84867640957236 1.6457735162694 1.49475132953376 1.83475559577346 1.22603992954828 1.32937767286785 1.44273764104582 1.40603598905727 1.88501894590445 1.69926949520595 0 1.76113401353359 1.1151746972464 1.52676660846919 1.42390270810574 1.33806171896867 1.83083805441856 1.59374459041283 1.42302097263746 1.56979407928884 1.03670493280515 1.28743040468544 1.90340360417031 1.82142514595762
1.65426858980209 1.55137449596077 1.03854568582028 1.12592285894789 1.54533633333631 1.19288215506822 1.26179030374624 1.38968824665062 1.2323739209678 1.07703345478512 1.56071120733395 1.27113545010798 0.946860252646729 0.975072452332824 1.56699637533166 1.5006547505036 1.76113401353359 0 1.35265557700768 1.85514981485903 1.7472984616179 1.25426346273161 1.86756046791561 1.77073119627312 1.43908557086252 1.18535452894866 1.33418735186569 1.41894197138026 1.11039854073897 1.63007639045827
1.66544309910387 1.74813852016814 1.11434147576801 1.37111013615504 1.26511915144511 1.31541590951383 1.18599743675441 1.27573339338414 1.52934843976982 1.32942002103664 1.69235392124392 1.8725803620182 0.939436817541718 1.57514537777752 1.18744975165464 1.00364427082241 1.1151746972464 1.35265557700768 0 1.73041665600613 1.52085479721427 1.22419781377539 1.12741758907214 1.88646356575191 0.920117682311684 1.38352055195719 1.26465143333189 1.90829212008975 0.918783201137558 1.76226618071087
1.3662106951233 0.963686648756266 0.983445156598464 1.42713200161234 1.73595082643442 1.29304308048449 1.7763384997379 1.78966418770142 1.55709693138488 1.31514976755716 1.84137327852659 1.81272957054898 1.71003305073828 1.49875962594524 1.82696038088761 1.32881931308657 1.52676660846919 1.85514981485903 1.73041665600613 0 1.46544344210997 1.06598596042022 1.72732086735778 1.46055139694363 0.924412655644119 1.51606850069948 1.54962162207812 1.14484706800431 1.60173313808627 1.67920312355272
1.16950884275138 1.46294742263854 1.24439428118058 1.35108846914954 1.72884679259732 1.73305055778474 1.11819766438566 0.964700675103813 0.93616077885963 1.39518269128166 1.6406279488001 1.04643634334207 1.20821666577831 1.41930418903939 1.08055158774368 1.28151344112121 1.42390270810574 1.7472984616179 1.52085479721427 1.46544344210997 0 1.47711284575053 1.75637418264523 1.07357401889749 1.23794492683373 1.11762285674922 1.05528618511744 1.59111128374934 1.00367717142217 1.6210017837584
1.9113486786373 1.77762499894015 1.67170773097314 1.60428027994931 1.09867653134279 1.12682729260996 1.65452023199759 1.89195334725082 1.40298634814098 1.79900687257759 1.41783951059915 1.85779087757692 0.921156971249729 1.01232064305805 1.03535882034339 1.6135926025454 1.33806171896867 1.25426346273161 1.22419781377539 1.06598596042022 1.47711284575053 0 1.37557429005392 1.71044745761901 1.09334246418439 1.35381674091332 1.77289069350809 1.85803483612835 1.38240873231553 1.21692509087734
1.14501147181727 1.02781104575843 1.5753911701031 1.7246431815438 1.86851987731643 1.90022712456994 1.06571789854206 1.67343853716739 0.969548092223704 1.89067145297304 1.03949480969459 1.62847493332811 1.32480803248473 0.948800635756925 1.51379352156073 1.50544838886708 1.83083805441856 1.86756046791561 1.12741758907214 1.72732086735778 1.75637418264523 1.37557429005392 0 1.03293670574203 1.02887952048331 1.00354213011451 1.58210475370288 1.37430918077007 1.80879638670012 1.90699133486487
1.09714042395353 1.18261606851593 1.20357773406431 1.0463392175734 1.73770998907275 1.0494695357047 0.990117511944845 1.7943885428831 1.48868038528599 0.972441718215123 1.11989204958081 1.4944894425571 1.64877435751259 1.10696466895752 1.89706706744619 1.63729416765273 1.59374459041283 1.77073119627312 1.88646356575191 1.46055139694363 1.07357401889749 1.71044745761901 1.03293670574203 0 1.63173150829971 1.13076568278484 1.27767467405647 1.8102748664096 1.28325078147464 1.25682977424003
1.20382298668846 1.26595126348548 0.987398290773854 1.16727654566057 1.73364642052911 1.46216208767146 1.36926776892506 1.86655624816194 1.37153095495887 1.261064178776 1.26170071144588 1.06668025976978 1.07956801820546 0.94311046670191 1.15582023188472 1.75165197206661 1.42302097263746 1.43908557086252 0.920117682311684 0.924412655644119 1.23794492683373 1.09334246418439 1.02887952048331 1.63173150829971 0 1.61155419866554 1.54521520459093 1.72634745854884 1.12382663367316 0.962526449467987
1.65157742309384 1.65494022145867 0.974081073887646 1.2912900717929 1.11012824764475 1.59441101783887 1.63227363210171 1.28218004805967 0.95898162946105 1.45367736299522 1.06852876278572 1.40018411632627 0.920096705202013 0.936455056304112 1.44735377887264 1.33960362547077 1.56979407928884 1.18535452894866 1.38352055195719 1.51606850069948 1.11762285674922 1.35381674091332 1.00354213011451 1.13076568278484 1.61155419866554 0 1.84617530903779 1.70447924081236 1.03069662721828 1.89976237760857
1.83308020234108 1.43813666491769 1.24748528981581 1.69221076206304 1.20686984551139 1.51287767500617 1.6659193362575 1.82353826030158 1.64393769251183 1.03266933327541 1.24851632444188 1.45628034090623 0.926078603835776 1.38017407944426 1.07446351624094 1.26834884402342 1.03670493280515 1.33418735186569 1.26465143333189 1.54962162207812 1.05528618511744 1.77289069350809 1.58210475370288 1.27767467405647 1.54521520459093 1.84617530903779 0 0.962499710498378 1.10726205515675 1.70459223119542
1.25706102908589 1.86584579036571 1.64320975798182 1.56182493199594 1.25646103778854 1.21999176801182 1.42874445137568 1.75398341193795 0.980716832214966 1.28378657577559 1.25434472970665 1.52385164657608 1.30351542588323 1.33980396832339 1.15944584202953 1.03133835899644 1.28743040468544 1.41894197138026 1.90829212008975 1.14484706800431 1.59111128374934 1.85803483612835 1.37430918077007 1.8102748664096 1.72634745854884 1.70447924081236 0.962499710498378 0 1.79216238902882 1.71277490002103
1.89232190418988 1.3017265542876 1.17307870276272 1.7580574892927 1.15402058023028 1.14922494557686 1.48818712471984 1.4802581386175 1.66239249520004 1.2457576720044 1.69739439804107 1.07724861474708 1.21010803780518 1.11355714383535 1.29867391940206 1.23153850226663 1.90340360417031 1.11039854073897 0.918783201137558 1.60173313808627 1.00367717142217 1.38240873231553 1.80879638670012 1.28325078147464 1.12382663367316 1.03069662721828 1.10726205515675 1.79216238902882 0 1.84541258378886
1.90724088833667 1.49120189319365 1.3461284074001 1.91244408488274 1.54822167917155 1.07890509488061 1.27685167174786 1.35467887786217 1.04997505503707 1.20367171731777 1.79841154580936 1.31294507929124 1.16581388819031 1.90012638759799 1.34030820219778 1.15522207436152 1.82142514595762 1.63007639045827 1.76226618071087 1.67920312355272 1.6210017837584 1.21692509087734 1.90699133486487 1.25682977424003 0.962526449467987 1.89976237760857 1.70459223119542 1.71277490002103 1.84541258378886 0
