0 1.30360730574466 1.8169889843557 1.18010147707537 1.17071355646476 0.935279839672148 1.6001559693832 1.03101322706789 1.08139436016791 1.34681895631365 1.10053323139437 0.970277118263766 1.79206753708422 1.7537527512759 1.88748958916403 1.77484937664121 1.8250922143925 1.22503141476773 1.75652354140766 1.8131742819678 1.52131764311343 1.11821912694722 1.82277391431853 0.931636903667822 0.909275916870683 1.79090186092071 1.80856426106766 1.30912371841259 1.8785340229515 1.18565215705894
1.30360730574466 0 1.14729802613147 1.11879145936109 0.921458397526294 0.995134320342913 1.062213673722 1.64140372164547 1.14186074538156 1.64235972729512 1.6382553530857 0.910077928332612 0.93246092973277 1.17600564169697 1.67470104247332 1.25406103464775 1.60191916092299 1.2456290225964 1.61324741644785 1.68531592609361 1.70191458868794 1.16815306898206 1.46043686266057 1.03116048802622 1.13599486462772 1.72912311321124 1.71753038326278 1.20561818405986 1.73735869512893 1.46233040723018
1.8169889843557 1.14729802613147 0 1.20069332816638 1.11981316539459 0.915722174337134 1.29808368883096 1.38944379310124 0.943426267011091 1.322825696785 1.84507510438561 1.34287598193623 1.60369303892367 1.2154865663033 1.59712586714886 1.32621974707581 1.49587952834554 1.53848176682368 1.87806607456878 1.04118004092015 1.38750518183224 1.50341556174681 1.68348321621306 1.61160785891116 1.56783687509596 1.62788192904554 1.7882182598114 1.24948994629085 1.20407755044289 1.0636182425078
1.18010147707537 1.11879145936109 1.20069332816638 0 1.57346530072391 1.55061803432181 1.02254360006191 1.25131574296393 1.62066561728716 1.71326843602583 1.5527880336158 1.59300643065944 1.06438506278209 1.32167193037458 1.33641886664554 1.72071632673033 1.05031949514523 1.81817434122786 1.26836779410951 1.60942496499047 1.59240681375377 1.37511412682943 1.58747062925249 1.43394846050069 1.26023446256295 1.89310164307244 1.67156254756264 0.995116925332695 1.62374963075854 1.62200991297141
1.17071355646476 0.921458397526294 1.11981316539459 1.57346530072391 0 1.14279131661169 1.50783229013905 1.83549594902433 1.09150569676422 1.47922649676912 1.7663910058327 1.73678978090174 1.2990420400165 1.48546394100413 1.5369562767446 1.36362014291808 1.52822371199727 1.07711839722469 1.24327142490074 1.69578987313434 1.75548333022743 1.3503082273528 1.06054562306963 1.38757076207548 1.60590915521607 1.43108795350417 1.08154076593928 1.3215884284582 1.46446732943878 1.77072776854038
0.935279839672148 0.995134320342913 0.915722174337134 1.55061803432181 1.14279131661169 0 1.39918726612814 0.939751155441627 1.82564929290675 1.03301079128869 0.986323941498995 1.30879183858633 0.960532760014758 0.991849813843146 1.47350728395395 1.84493234264664 1.28561448329128 1.70072751143016 1.26095038466156 1.57234984589741 0.927003362448886 1.78874456044286 1.41293034981936 1.60890447744168 1.15315735968761 1.60994838015176 1.84042758448049 1.86418727389537 1.05313311098143 0.966356733581051
1.6001559693832 1.062213673722 1.29808368883096 1.02254360006191 1.50783229013905 1.39918726612814 0 1.41504281433299 1.65204933308996 1.70673545077443 1.14516013069078 1.87173228035681 1.40813874499872 1.44798612501472 1.41085192654282 1.28284210013226 1.47858090884984 1.73485135775991 1.77536959899589 1.71858278824948 1.55984721262939 1.01027518417686 1.37802779651247 1.44633749127388 1.18721510819159 1.82179100788198 1.50607902300544 1.72377709439024 1.37979878368787 1.4499922725372
1.03101322706789 1.64140372164547 1.38944379310124 1.25131574296393 1.83549594902433 0.939751155441627 1.41504281433299 0 1.54640792938881 1.69995298795402 1.13340971199796 1.81569440243766 1.1079429986421 0.98832878889516 1.42048349627294 1.38604587852024 1.1181419051718 1.10105633339845 1.01604823255911 1.49356380035169 0.958622060716152 1.25274330913089 1.47606579260901 1.57814197055995 1.00426664063707 1.84461691742763 0.919454610673711 1.20512288203463 1.66362126753666 1.43310202239081
1.08139436016791 1.14186074538156 0.943426267011091 1.62066561728716 1.09150569676422 1.82564929290675 1.65204933308996 1.54640792938881 0 1.28827680158429 1.59496333962306 1.73265004903078 1.8358806616161 1.34204742638394 1.38167710951529 1.45252517890185 1.00179315102287 1.56204723962583 1.49198365118355 1.08708956185728 1.04498036857694 1.32993600401096 1.1983785352204 1.30129493144341 1.18632144480944 1.59797503519803 1.43941682297736 1.52671185042709 0.980500470148399 0.900330689270049
1.34681895631365 1.64235972729512 1.322825696785 1.71326843602583 1.47922649676912 1.03301079128869 1.70673545077443 1.69995298795402 1.28827680158429 0 1.82004197430797 0.960868871305138 1.83742036833428 1.38328294362873 1.19903953257017 0.912939068861306 1.25047433772124 1.21899480232969 1.00154563598335 1.32928599370643 1.8683800578583 1.58659185562283 1.32708483049646 1.50438522477634 1.49139442667365 1.672719176393 1.28739647264592 1.49716523429379 1.33689067000523 1.62823194405064
1.10053323139437 1.6382553530857 1.84507510438561 1.5527880336158 1.7663910058327 0.986323941498995 1.14516013069078 1.13340971199796 1.59496333962306 1.82004197430797 0 1.16537627833895 1.71942136622965 1.67802631342784 0.982302131596953 1.52832867507823 1.82312880875543 1.44306778651662 1.24435701384209 1.78077765274793 1.06383257452399 1.30781219224446 1.68551291245967 1.34691808884963 1.74116483540274 1.45460329740308 1.80517679033801 1.2074257505592 1.43705259333365 1.53979902900755
0.970277118263766 0.910077928332612 1.34287598193623 1.59300643065944 1.73678978090174 1.30879183858633 1.87173228035681 1.81569440243766 1.73265004903078 0.960868871305138 1.16537627833895 0 1.07974997907877 1.39291323255748 1.44202390010469 0.997550771106035 1.1316198236309 1.85874636238441 1.25937303504907 1.45844182465225 1.17271321290173 1.73377748485655 1.56927081965841 1.06525654322468 1.12422088556923 1.5160226104781 0.963786466047168 1.74874271336012 1.03845916665159 1.05387280439027
1.79206753708422 0.93246092973277 1.60369303892367 1.06438506278209 1.2990420400165 0.960532760014758 1.40813874499872 1.1079429986421 1.8358806616161 1.83742036833428 1.71942136622965 1.07974997907877 0 1.5612591530662 1.59443000843748 1.85579583910294 0.984318129718304 0.914652152685449 1.41241567023098 1.09038806287572 0.998497521970421 1.00142048625275 1.33680586772971 1.01090550958179 1.47140431310982 1.44114962616004 1.52238157088868 1.7532258364372 1.55164330475964 1.53841394558549
1.7537527512759 1.17600564169697 1.2154865663033 1.32167193037458 1.48546394100413 0.991849813843146 1.44798612501472 0.98832878889516 1.34204742638394 1.38328294362873 1.67802631342784 1.39291323255748 1.5612591530662 0 1.55997507902794 1.1320954922121 1.57944326614961 1.70735470205545 1.18367095012218 1.82942168274894 1.42779133468866 1.75478540826589 1.18119627982378 1.29810587526299 1.11172501835972 0.914737286511809 1.2159457760863 0.902426938991994 1.79668025905266 1.75785308796912
1.88748958916403 1.67470104247332 1.59712586714886 1.33641886664554 1.5369562767446 1.47350728395395 1.41085192654282 1.42048349627294 1.38167710951529 1.19903953257017 0.982302131596953 1.44202390010469 1.59443000843748 1.55997507902794 0 1.48163849301636 1.20017613330856 1.87145603937097 1.87762460717931 1.8929295677226 1.44057473563589 1.05959243793041 1.35861939424649 1.12628077249974 1.82990272575989 1.50788450031541 1.70444261282682 1.57080228021368 1.29045617673546 1.77064109803177
1.77484937664121 1.25406103464775 1.32621974707581 1.72071632673033 1.36362014291808 1.84493234264664 1.28284210013226 1.38604587852024 1.45252517890185 0.912939068861306 1.52832867507823 0.997550771106035 1.85579583910294 1.1320954922121 1.48163849301636 0 0.913390639936551 0.983061187667772 1.35102917905897 1.31172149302438 1.59189039492048 1.41073089535348 1.45984819671139 1.00570594565943 1.04125413950533 1.54479044536129 1.08247864991426 1.8338378239423 1.68018930288963 1.56041856925003
1.8250922143925 1.60191916092299 1.49587952834554 1.05031949514523 1.52822371199727 1.28561448329128 1.47858090884984 1.1181419051718 1.00179315102287 1.25047433772124 1.82312880875543 1.1316198236309 0.984318129718304 1.57944326614961 1.20017613330856 0.913390639936551 0 1.65395624446683 1.24670128198341 1.68281040270813 1.12069529108703 0.974081783788279 0.90123153035529 1.46026205457747 1.72771209711209 1.33759757271037 0.946847772691399 1.07892882288434 1.27612056932412 0.989470803877339
1.22503141476773 1.2456290225964 1.53848176682368 1.81817434122786 1.07711839722469 1.70072751143016 1.73485135775991 1.10105633339845 1.56204723962583 1.21899480232969 1.44306778651662 1.85874636238441 0.914652152685449 1.70735470205545 1.87145603937097 0.983061187667772 1.65395624446683 0 1.64180318987928 1.60921908728778 1.53729310561903 1.18637771322392 1.68869849131443 1.34206413314678 1.46230063773692 0.960997748887166 0.966412307461724 1.33834060491063 1.40548838395625 1.20268086576834
1.75652354140766 1.61324741644785 1.87806607456878 1.26836779410951 1.24327142490074 1.26095038466156 1.77536959899589 1.01604823255911 1.49198365118355 1.00154563598335 1.24435701384209 1.25937303504907 1.41241567023098 1.18367095012218 1.87762460717931 1.35102917905897 1.24670128198341 1.64180318987928 0 1.88246820727363 0.952619254589081 1.58868075744249 1.10116869048215 1.04754186584614 1.8367602317594 1.13182431389578 1.47955659474246 1.27363229403272 1.87926380638964 1.39216310181655
1.8131742819678 1.68531592609361 1.04118004092015 1.60942496499047 1.69578987313434 1.57234984589741 1.71858278824948 1.49356380035169 1.08708956185728 1.32928599370643 1.78077765274793 1.45844182465225 1.09038806287572 1.82942168274894 1.8929295677226 1.31172149302438 1.68281040270813 1.60921908728778 1.88246820727363 0 0.929848952684551 1.44798954576254 1.3957869715523 1.25636964873411 1.09340989030898 1.01437845127657 1.08155177324079 1.22301319777034 1.63725875876844 1.73877396038733
1.52131764311343 1.70191458868794 1.38750518183224 1.59240681375377 1.75548333022743 0.927003362448886 1.55984721262939 0.958622060716152 1.04498036857694 1.8683800578583 1.06383257452399 1.17271321290173 0.998497521970421 1.42779133468866 1.44057473563589 1.59189039492048 1.12069529108703 1.53729310561903 0.952619254589081 0.929848952684551 0 1.76938512572087 1.79850004473701 1.00929085025564 0.94792948057875 1.05516215786338 1.40561760473065 1.07910175807774 1.37867543287575 0.970957747893408
1.11821912694722 1.16815306898206 1.50341556174681 1.37511412682943 1.3503082273528 1.78874456044286 1.01027518417686 1.25274330913089 1.32993600401096 1.58659185562283 1.30781219224446 1.73377748485655 1.00142048625275 1.75478540826589 1.05959243793041 1.41073089535348 0.974081783788279 1.18637771322392 1.58868075744249 1.44798954576254 1.76938512572087 0 1.01028229109943 1.25605407590047 1.62349255359732 1.39096094388515 1.60590533423238 1.37059822422452 1.31184356100857 1.75542659778148
1.82277391431853 1.46043686266057 1.68348321621306 1.58747062925249 1.06054562306963 1.41293034981936 1.37802779651247 1.47606579260901 1.1983785352204 1.32708483049646 1.68551291245967 1.56927081965841 1.33680586772971 1.18119627982378 1.35861939424649 1.45984819671139 0.90123153035529 1.68869849131443 1.10116869048215 1.3957869715523 1.79850004473701 1.01028229109943 0 1.76865750504658 1.72980162641034 1.84669693512842 1.46616132440977 1.45151657075621 1.46483907499351 1.40463722171262
0.931636903667822 1.03116048802622 1.61160785891116 1.43394846050069 1.38757076207548 1.60890447744168 1.44633749127388 1.57814197055995 1.30129493144341 1.50438522477634 1.34691808884963 1.06525654322468 1.01090550958179 1.29810587526299 1.12628077249974 1.00570594565943 1.46026205457747 1.34206413314678 1.04754186584614 1.25636964873411 1.00929085025564 1.25605407590047 1.76865750504658 0 1.53635239740834 1.11968693975359 1.49514981242828 1.47433377918787 1.62363014789298 1.26904619624838
0.909275916870683 1.13599486462772 1.56783687509596 1.26023446256295 1.60590915521607 1.15315735968761 1.18721510819159 1.00426664063707 1.18632144480944 1.49139442667365 1.74116483540274 1.12422088556923 1.47140431310982 1.11172501835972 1.82990272575989 1.04125413950533 1.72771209711209 1.46230063773692 1.8367602317594 1.09340989030898 0.94792948057875 1.62349255359732 1.72980162641034 1.53635239740834 0 1.00092400587164 1.16463705175556 1.10074207000434 1.25996527587995 0.962616925826296
1.79090186092071 1.72912311321124 1.62788192904554 1.89310164307244 1.43108795350417 1.60994838015176 1.82179100788198 1.84461691742763 1.59797503519803 1.672719176393 1.45460329740308 1.5160226104781 1.44114962616004 0.914737286511809 1.50788450031541 1.54479044536129 1.33759757271037 0.960997748887166 1.13182431389578 1.01437845127657 1.05516215786338 1.39096094388515 1.84669693512842 1.11968693975359 1.00092400587164 0 1.36405533319339 1.25679027289152 1.39140793634579 0.944459765218198
1.80856426106766 1.71753038326278 1.7882182598114 1.67156254756264 1.08154076593928 1.84042758448049 1.50607902300544 0.919454610673711 1.43941682297736 1.28739647264592 1.80517679033801 0.963786466047168 1.52238157088868 1.2159457760863 1.70444261282682 1.08247864991426 0.946847772691399 0.966412307461724 1.47955659474246 1.08155177324079 1.40561760473065 1.60590533423238 1.46616132440977 1.49514981242828 1.16463705175556 1.36405533319339 0 1.71321702213027 1.48019269760698 1.09126738179475
1.30912371841259 1.20561818405986 1.24948994629085 0.995116925332695 1.3215884284582 1.86418727389537 1.72377709439024 1.20512288203463 1.52671185042709 1.49716523429379 1.2074257505592 1.74874271336012 1.7532258364372 0.902426938991994 1.57080228021368 1.8338378239423 1.07892882288434 1.33834060491063 1.27363229403272 1.22301319777034 1.07910175807774 1.37059822422452 1.45151657075621 1.47433377918787 1.10074207000434 1.25679027289152 1.71321702213027 0 1.3469067804981 1.05122988601215
1.8785340229515 1.73735869512893 1.20407755044289 1.62374963075854 1.46446732943878 1.05313311098143 1.37979878368787 1.66362126753666 0.980500470148399 1.33689067000523 1.43705259333365 1.03845916665159 1.55164330475964 1.79668025905266 1.29045617673546 1.68018930288963 1.27612056932412 1.40548838395625 1.87926380638964 1.63725875876844 1.37867543287575 1.31184356100857 1.46483907499351 1.62363014789298 1.25996527587995 1.39140793634579 1.48019269760698 1.3469067804981 0 0.9190959923435
1.18565215705894 1.46233040723018 1.0636182425078 1.62200991297141 1.77072776854038 0.966356733581051 1.4499922725372 1.43310202239081 0.900330689270049 1.62823194405064 1.53979902900755 1.05387280439027 1.53841394558549 1.75785308796912 1.77064109803177 1.56041856925003 0.989470803877339 1.20268086576834 1.39216310181655 1.73877396038733 0.970957747893408 1.75542659778148 1.40463722171262 1.26904619624838 0.962616925826296 0.944459765218198 1.09126738179475 1.05122988601215 0.9190959923435 0
