0 0.984933250118047 1.87987031810917 1.58822397212498 1.91944893891923 1.61415649391711 1.18490669038147 1.69625346595421 1.59068671194836 1.9178812392056 1.11362342326902 1.81187535473146 1.53743053786457 1.70075973425992 1.68421100010164 0.985107912449166 1.69478590879589 1.0785970299039 1.69250950822607 1.86037205345929 1.18484205333516 1.80888630705886 1.22615875280462 1.03811589931138 1.88994904933497 1.02842199220322 1.731761099305 1.6392069181893 1.71281744958833 1.79904109658673
0.984933250118047 0 0.98374500288628 1.67788519128226 1.31863905698992 1.93296524928883 1.835801103618 1.35768549493514 1.75952649419196 1.81514790793881 1.74071351159364 1.35973801137879 1.45362481893972 1.48901105904952 1.8843884235248 1.84279689914547 1.29063688055612 1.07484612776898 1.84491775813513 1.60012457030825 1.53366008261219 1.40119119849987 1.60535268671811 1.39960192632861 1.06676988117397 1.94369702972472 1.44824226899073 1.59831147966906 1.84836459951475 1.33481757645495
1.87987031810917 0.98374500288628 0 1.82624777103774 1.480615765322 1.59841793589294 1.40999082475901 1.0736078787595 1.64197136927396 1.14759729104117 1.54550252947956 1.09226242429577 1.61792463134043 1.77888913545758 1.13281558570452 1.39078213484026 1.2277715082746 1.62095356662758 1.14093926805072 1.3777003583964 1.69386408943683 1.62023763288744 1.25792439817451 1.02736851992086 1.31542723649181 1.07435619458556 1.37964667961933 1.61091067898087 1.8106513353996 1.52886376017705
1.58822397212498 1.67788519128226 1.82624777103774 0 1.00885640876368 1.37557702814229 1.45038415538147 1.62797120749019 1.78455639490858 1.33623559260741 1.3103959558066 1.60315411631018 1.18693840969354 1.58646734151989 1.30713207321241 1.85496270935982 1.31714001693763 1.63697984837927 1.4639745648019 1.21091066650115 1.05771640175954 1.35090113384649 1.07712616026402 1.82348774140701 1.15544991451316 1.72670952021144 1.96784760965966 1.74503086856566 1.21349019440822 0.985423780046403
1.91944893891923 1.31863905698992 1.480615765322 1.00885640876368 0 1.79167591221631 1.91546356142499 1.3032070226036 1.93501259130426 1.11298919073306 1.00007715960965 1.42384267481975 1.46108336048201 1.05845473706722 1.86005108640529 1.14144478552043 1.23928949912079 1.64426942891441 1.68115241616033 1.65017862827517 1.61391039425507 1.00664735375904 1.91761337104253 1.15018751355819 1.73621441051364 1.20017984835431 1.20070294872858 1.75183483352885 1.53022521198727 1.22903507831506
1.61415649391711 1.93296524928883 1.59841793589294 1.37557702814229 1.79167591221631 0 1.53150552790612 1.65738247754052 1.4434403043706 1.76586970617063 1.37399202818051 1.92921483679675 1.46767706098035 1.85379437752999 1.69977587391622 1.40138395433314 1.08654383593239 1.10852660634555 1.39963445719332 1.63180441828445 1.79111858690158 1.74517649482004 1.24181676865555 1.20471701934002 1.0737877835054 1.11238955124281 1.75740694953129 0.99185926001519 1.96451112790965 1.64297011261806
1.18490669038147 1.835801103618 1.40999082475901 1.45038415538147 1.91546356142499 1.53150552790612 0 1.51937652309425 1.72236696933396 1.90817277645692 1.66185752605088 1.83510372671299 1.41569415247068 1.48955897288397 1.46460632700473 1.11174837802537 1.46875868202187 1.80910298228264 1.63262077607214 1.06192385801114 1.8987351662945 1.65089531987906 1.04754178202711 1.31509201321751 1.46828892664053 1.21219406626187 1.70745382388122 1.3951136241667 0.991854613181204 1.37751384289004
1.69625346595421 1.35768549493514 1.0736078787595 1.62797120749019 1.3032070226036 1.65738247754052 1.51937652309425 0 1.21101073222235 1.40574800595641 1.82526682154275 1.07453517988324 1.05785304517485 1.66458031465299 1.01857349718921 1.34349895967171 1.64611348812468 1.3932759182062 1.46033888170496 1.88424218585715 1.62405900401063 1.04831622471102 1.19850139901973 1.90871873358265 1.06398453656584 1.40380721003748 1.87904011551291 1.85043517686427 1.53120738686994 1.39815025613643
1.59068671194836 1.75952649419196 1.64197136927396 1.78455639490858 1.93501259130426 1.4434403043706 1.72236696933396 1.21101073222235 0 1.52627518237568 1.64810373424552 1.71724142692983 1.42623661388643 1.6727896744851 1.94344602944329 0.996028492925689 1.87359518557787 1.67246990441345 1.60057105007581 1.36336463782936 1.55914331623353 1.35744676599279 1.67858104920015 1.28666251525283 1.16535088093951 1.93195296660997 1.39520723070018 1.50733232218772 1.79787612846121 1.72154342359863
1.9178812392056 1.81514790793881 1.14759729104117 1.33623559260741 1.11298919073306 1.76586970617063 1.90817277645692 1.40574800595641 1.52627518237568 0 1.79640994500369 1.05369632341899 1.43678801693022 1.08601831807755 1.61716709611937 1.60521521861665 1.11724848509766 1.49352307594381 1.25077124475501 1.34863897738978 1.10603711381555 1.19406308187172 1.13788535329513 1.66530556604266 1.09291310980916 1.25242790742777 1.86657884041779 1.82782096904702 1.0343134875875 1.56693769618869
1.11362342326902 1.74071351159364 1.54550252947956 1.3103959558066 1.00007715960965 1.37399202818051 1.66185752605088 1.82526682154275 1.64810373424552 1.79640994500369 0 1.93600238114595 1.91213814052753 1.50083283521235 1.41236522211693 1.11516513722017 1.36493427306414 1.3771096765995 1.3627843875438 1.47299790848047 1.26580312266015 1.24803069909103 1.06681485939771 1.6945069776848 1.01462796051055 1.67961133341305 1.29046933236532 1.53815954388119 1.94416481629014 1.53906343923882
1.81187535473146 1.35973801137879 1.09226242429577 1.60315411631018 1.42384267481975 1.92921483679675 1.83510372671299 1.07453517988324 1.71724142692983 1.05369632341899 1.93600238114595 0 1.82181641017087 1.78429862181656 1.387186097214 1.27670010505244 1.20209394488484 1.6051418276038 1.93018593103625 1.83561899256893 1.59682970447466 1.73736230609939 1.07068425510079 1.82827577460557 1.44677789090201 1.63060061796568 1.15833417861722 1.51409328076988 1.38853265880607 1.31566853774711
1.53743053786457 1.45362481893972 1.61792463134043 1.18693840969354 1.46108336048201 1.46767706098035 1.41569415247068 1.05785304517485 1.42623661388643 1.43678801693022 1.91213814052753 1.82181641017087 0 1.4686706031207 1.69878853950649 1.0549954790622 1.00625582691282 1.64509835210629 1.86859365948476 1.68297604494728 1.86935878265649 1.32693950273097 1.05412312457338 1.65599294635467 1.70855060848407 1.36525661149062 1.09583660122007 1.69636763609014 1.18064084183425 1.00406716996804
1.70075973425992 1.48901105904952 1.77888913545758 1.58646734151989 1.05845473706722 1.85379437752999 1.48955897288397 1.66458031465299 1.6727896744851 1.08601831807755 1.50083283521235 1.78429862181656 1.4686706031207 0 1.54781380482018 1.06325504765846 1.33549630874768 1.60800624662079 1.79291076795198 1.00118199689314 1.44363327650353 0.982919212896377 1.47887162887491 1.60655961139128 1.31617807410657 1.40249074413441 1.66012475220487 1.64321141596884 1.20561631326564 1.47573116258718
1.68421100010164 1.8843884235248 1.13281558570452 1.30713207321241 1.86005108640529 1.69977587391622 1.46460632700473 1.01857349718921 1.94344602944329 1.61716709611937 1.41236522211693 1.387186097214 1.69878853950649 1.54781380482018 0 1.0390147974249 1.57967923674732 1.59864517278038 1.60253271996044 1.72220787429251 0.976127772359177 1.51527630514465 1.96353002730757 1.0185583839193 1.69907194538973 1.85717238672078 1.67680536769331 1.43864068225957 1.88512986316346 1.85936168162152
0.985107912449166 1.84279689914547 1.39078213484026 1.85496270935982 1.14144478552043 1.40138395433314 1.11174837802537 1.34349895967171 0.996028492925689 1.60521521861665 1.11516513722017 1.27670010505244 1.0549954790622 1.06325504765846 1.0390147974249 0 1.33291667420417 1.09160887869075 1.33242514287122 1.04164009634405 1.17364417249337 1.70206793677062 1.72222324297763 1.16861832491122 1.45024510170333 1.89694393007085 1.61940934904851 1.03388143982738 1.21925097890198 0.989930549636483
1.69478590879589 1.29063688055612 1.2277715082746 1.31714001693763 1.23928949912079 1.08654383593239 1.46875868202187 1.64611348812468 1.87359518557787 1.11724848509766 1.36493427306414 1.20209394488484 1.00625582691282 1.33549630874768 1.57967923674732 1.33291667420417 0 1.755454989383 1.75258803274482 1.39700100105256 1.27484527579509 1.38985130470246 1.34896229603328 1.04361100564711 1.88800242543221 1.04758285358548 1.311097453814 1.6166185149923 1.60411680187099 1.11570183280855
1.0785970299039 1.07484612776898 1.62095356662758 1.63697984837927 1.64426942891441 1.10852660634555 1.80910298228264 1.3932759182062 1.67246990441345 1.49352307594381 1.3771096765995 1.6051418276038 1.64509835210629 1.60800624662079 1.59864517278038 1.09160887869075 1.755454989383 0 1.28946577687748 1.14724307344295 1.19329888606444 1.23503007856198 1.51025072764605 1.15625304868445 1.23463708185591 1.30254841875285 1.75967969745398 1.02302194666117 1.23657619091682 1.86563800857402
1.69250950822607 1.84491775813513 1.14093926805072 1.4639745648019 1.68115241616033 1.39963445719332 1.63262077607214 1.46033888170496 1.60057105007581 1.25077124475501 1.3627843875438 1.93018593103625 1.86859365948476 1.79291076795198 1.60253271996044 1.33242514287122 1.75258803274482 1.28946577687748 0 1.24714416731149 1.35959668690339 1.12041718815453 1.02018919913098 1.70845965272747 1.07433361420408 1.93911353498697 1.01635832246393 1.11917578661814 1.50086316722445 1.83616898534819
1.86037205345929 1.60012457030825 1.3777003583964 1.21091066650115 1.65017862827517 1.63180441828445 1.06192385801114 1.88424218585715 1.36336463782936 1.34863897738978 1.47299790848047 1.83561899256893 1.68297604494728 1.00118199689314 1.72220787429251 1.04164009634405 1.39700100105256 1.14724307344295 1.24714416731149 0 1.64674933440983 0.984824653016403 1.18286743154749 1.31346194539219 1.13322729594074 1.15254516573623 1.88969398313202 1.20091129676439 1.41491945064627 1.06069578579627
1.18484205333516 1.53366008261219 1.69386408943683 1.05771640175954 1.61391039425507 1.79111858690158 1.8987351662945 1.62405900401063 1.55914331623353 1.10603711381555 1.26580312266015 1.59682970447466 1.86935878265649 1.44363327650353 0.976127772359177 1.17364417249337 1.27484527579509 1.19329888606444 1.35959668690339 1.64674933440983 0 1.13038231618702 1.96046706731431 1.27028752746992 1.7293243589811 1.2507196853403 1.64526240061969 1.76985605852678 1.61079497612081 1.61504113744013
1.80888630705886 1.40119119849987 1.62023763288744 1.35090113384649 1.00664735375904 1.74517649482004 1.65089531987906 1.04831622471102 1.35744676599279 1.19406308187172 1.24803069909103 1.73736230609939 1.32693950273097 0.982919212896377 1.51527630514465 1.70206793677062 1.38985130470246 1.23503007856198 1.12041718815453 0.984824653016403 1.13038231618702 0 1.70921260653995 1.87233152450062 1.03140901820734 1.8441415366251 1.20115675521083 1.50151591887698 1.68459888873622 1.22827488812618
1.22615875280462 1.60535268671811 1.25792439817451 1.07712616026402 1.91761337104253 1.24181676865555 1.04754178202711 1.19850139901973 1.67858104920015 1.13788535329513 1.06681485939771 1.07068425510079 1.05412312457338 1.47887162887491 1.96353002730757 1.72222324297763 1.34896229603328 1.51025072764605 1.02018919913098 1.18286743154749 1.96046706731431 1.70921260653995 0 1.53418783727102 1.48472589533776 1.59561157855205 1.96524316282012 1.8332446445711 1.18089949572459 1.42340820515528
1.03811589931138 1.39960192632861 1.02736851992086 1.82348774140701 1.15018751355819 1.20471701934002 1.31509201321751 1.90871873358265 1.28666251525283 1.66530556604266 1.6945069776848 1.82827577460557 1.65599294635467 1.60655961139128 1.0185583839193 1.16861832491122 1.04361100564711 1.15625304868445 1.70845965272747 1.31346194539219 1.27028752746992 1.87233152450062 1.53418783727102 0 1.5468279295601 1.82340168370865 1.8182839914225 1.81501494953409 1.08207923779264 1.63322557345964
1.88994904933497 1.06676988117397 1.31542723649181 1.15544991451316 1.73621441051364 1.0737877835054 1.46828892664053 1.06398453656584 1.16535088093951 1.09291310980916 1.01462796051055 1.44677789090201 1.70855060848407 1.31617807410657 1.69907194538973 1.45024510170333 1.88800242543221 1.23463708185591 1.07433361420408 1.13322729594074 1.7293243589811 1.03140901820734 1.48472589533776 1.5468279295601 0 1.59390174830332 1.40676240483299 1.40991860697977 1.77235334948637 1.68262140988372
1.02842199220322 1.94369702972472 1.07435619458556 1.72670952021144 1.20017984835431 1.11238955124281 1.21219406626187 1.40380721003748 1.93195296660997 1.25242790742777 1.67961133341305 1.63060061796568 1.36525661149062 1.40249074413441 1.85717238672078 1.89694393007085 1.04758285358548 1.30254841875285 1.93911353498697 1.15254516573623 1.2507196853403 1.8441415366251 1.59561157855205 1.82340168370865 1.59390174830332 0 1.25955581385642 1.33892425172962 1.02006011712365 1.4716528900899
1.731761099305 1.44824226899073 1.37964667961933 1.96784760965966 1.20070294872858 1.75740694953129 1.70745382388122 1.87904011551291 1.39520723070018 1.86657884041779 1.29046933236532 1.15833417861722 1.09583660122007 1.66012475220487 1.67680536769331 1.61940934904851 1.311097453814 1.75967969745398 1.01635832246393 1.88969398313202 1.64526240061969 1.20115675521083 1.96524316282012 1.8182839914225 1.40676240483299 1.25955581385642 0 1.16035189758986 1.30865069665015 0.982423829613253
1.6392069181893 1.59831147966906 1.61091067898087 1.74503086856566 1.75183483352885 0.99185926001519 1.3951136241667 1.85043517686427 1.50733232218772 1.82782096904702 1.53815954388119 1.51409328076988 1.69636763609014 1.64321141596884 1.43864068225957 1.03388143982738 1.6166185149923 1.02302194666117 1.11917578661814 1.20091129676439 1.76985605852678 1.50151591887698 1.8332446445711 1.81501494953409 1.40991860697977 1.33892425172962 1.16035189758986 0 1.34770925436169 1.93751232558861
1.71281744958833 1.84836459951475 1.8106513353996 1.21349019440822 1.53022521198727 1.96451112790965 0.991854613181204 1.53120738686994 1.79787612846121 1.0343134875875 1.94416481629014 1.38853265880607 1.18064084183425 1.20561631326564 1.88512986316346 1.21925097890198 1.60411680187099 1.23657619091682 1.50086316722445 1.41491945064627 1.61079497612081 1.68459888873622 1.18089949572459 1.08207923779264 1.77235334948637 1.02006011712365 1.30865069665015 1.34770925436169 0 1.02721099345945
1.79904109658673 1.33481757645495 1.52886376017705 0.985423780046403 1.22903507831506 1.64297011261806 1.37751384289004 1.39815025613643 1.72154342359863 1.56693769618869 1.53906343923882 1.31566853774711 1.00406716996804 1.47573116258718 1.85936168162152 0.989930549636483 1.11570183280855 1.86563800857402 1.83616898534819 1.06069578579627 1.61504113744013 1.22827488812618 1.42340820515528 1.63322557345964 1.68262140988372 1.4716528900899 0.982423829613253 1.93751232558861 1.02721099345945 0
