0 1.23373059066944 1.54882622580044 1.54107815981843 1.64510182361118 1.24071599473245 1.70103244809434 1.58955987705849 1.80529157747515 1.81932305218652 1.60126805817708 1.42168749170378 1.26990583399311 1.86835900321603 1.6142634099815 1.57382077653892 1.1977902376093 1.32009908487089 1.53454367630184 1.5727667149622 1.33089858922176 1.92173011624254 0.968959697755054 1.73107878561132 1.29735769680701 1.11906184325926 1.87591917789541 1.88499494316056 1.39036494074389 1.36652619973756
1.23373059066944 0 1.19166178209707 1.54979473236017 1.00679153995588 1.7505489338655 1.27763402741402 1.33740199799649 1.54298126022331 1.14792257500812 1.11467126593925 0.990061473799869 1.64667956181802 1.92487930343486 1.22344984067604 1.65725071076304 0.965986145660281 1.00991730368696 1.91901888861321 1.92736545088701 1.05431539006531 1.74657631618902 1.94470635056496 0.99667772767134 1.69933253107592 0.95908722630702 1.71974776335992 1.34981366316788 1.8395986831747 1.18171744747087
1.54882622580044 1.19166178209707 0 1.17373656667769 1.12477538292296 1.60537752881646 1.4981953590177 1.37036629347131 1.06805877573788 1.90061393892393 1.19094419805333 1.22929377644323 1.76927375025116 1.24085356621072 1.00591023685411 1.21510913176462 1.46004630764946 1.01350951055065 1.13467849232256 1.01902052410878 1.72129068127833 1.78666307660751 1.40947142359801 1.09738584677689 1.27326815039851 1.42546670837328 1.61041960422881 1.46719832485542 1.93273181770928 1.40714681241661
1.54107815981843 1.54979473236017 1.17373656667769 0 1.71709462814033 1.30015866877511 1.64678345806897 1.67069146246649 1.76578359398991 1.55520870652981 1.94250220688991 1.66357964859344 1.19516526069492 0.994721855968237 1.35151640721597 1.84163130028173 1.48197373701259 1.72706805402413 1.84023096994497 1.43703555851243 1.19678169256076 1.15966765559278 1.94253221922554 1.48309557675384 1.12225375394337 1.06185899674892 1.14560910710134 1.34174238983542 1.14137659780681 1.25020014308393
1.64510182361118 1.00679153995588 1.12477538292296 1.71709462814033 0 1.70554036810063 1.23507707798854 1.88023994653486 1.84434929233976 1.12863353919238 1.54159745527431 1.23162826267071 1.44506192137487 1.02461659163237 1.76559501467273 1.14014771860093 1.41247028461657 1.39322099532001 1.63497942569666 1.07000369043089 1.35283365543 1.464443519013 1.12167773861438 1.39528756239451 1.35923012415878 1.4856956882868 1.5364051554352 1.08715986437164 1.31365075265057 1.08322832058184
1.24071599473245 1.7505489338655 1.60537752881646 1.30015866877511 1.70554036810063 0 1.94457940082066 1.78413844155148 1.11282176966779 1.83639539079741 1.15921544330195 1.38938299939036 1.33939790609293 1.49613157799467 1.31756870471872 1.91052159597166 1.82463922491297 1.80647677788511 1.03284794348292 1.68080211780034 1.45263634598814 0.963463107589632 1.66124697029591 1.10363515396602 1.60134354466572 1.05193643691018 1.53779731458053 1.55168036115356 1.35723278461955 1.5692742341198
1.70103244809434 1.27763402741402 1.4981953590177 1.64678345806897 1.23507707798854 1.94457940082066 0 1.51182682602666 1.80951325781643 1.55056106182747 1.13580292300321 1.48230544710532 1.91034277179278 1.64471692754887 1.74926186352968 1.15224588965066 1.43757249019109 1.26705587655306 1.6184188737534 1.90896147163585 1.40652965917252 1.6366821648553 1.30516647733748 1.23536736983806 1.87375896517187 1.52810964477248 1.45331343170255 1.21340291551314 1.80132322991267 1.71486096596345
1.58955987705849 1.33740199799649 1.37036629347131 1.67069146246649 1.88023994653486 1.78413844155148 1.51182682602666 0 1.56954474118538 1.42319288570434 1.13494510529563 1.21993292286061 1.04286581510678 1.44746004021727 1.85516118723899 1.33563529350795 1.20497207529843 1.70064903562889 1.41720031527802 1.65200650086626 1.39486409723759 1.44082120480016 0.956878490746021 1.58841379964724 1.92378521105275 1.75706632807851 1.02405247767456 1.46326222084463 1.62365367519669 1.50637243059464
1.80529157747515 1.54298126022331 1.06805877573788 1.76578359398991 1.84434929233976 1.11282176966779 1.80951325781643 1.56954474118538 0 1.69233794673346 1.58700100472197 0.95169645617716 1.82361516682431 1.82151011750102 1.34201719029807 1.43593084649183 1.2179318673443 1.59632728272118 1.19582379050553 1.03359041828662 1.93697038060054 1.58376990584657 1.69742436148226 1.03654837002978 1.82493709493428 1.76245860010386 1.57049143686891 1.47517822240479 1.77395230974071 1.14428304438479
1.81932305218652 1.14792257500812 1.90061393892393 1.55520870652981 1.12863353919238 1.83639539079741 1.55056106182747 1.42319288570434 1.69233794673346 0 1.5185817910824 1.40904893144034 1.67187799466774 0.989358124323189 1.42735810740851 1.86990328622051 1.6877437478397 1.8021987574175 1.47184873512015 1.86563132680021 1.21524835890159 1.0533974240534 1.78035758621991 1.4094642365817 0.998344691470265 1.70333840209059 1.19205486308783 1.57053665723652 1.56061071809381 1.09191203513183
1.60126805817708 1.11467126593925 1.19094419805333 1.94250220688991 1.54159745527431 1.15921544330195 1.13580292300321 1.13494510529563 1.58700100472197 1.5185817910824 0 1.82342024263926 1.94625426409766 1.40807689330541 1.211694290163 1.32052047247998 1.13598207337782 1.16915753064677 1.39881625236012 1.00257338676602 1.15931619587354 1.55982947442681 1.6421979831066 1.84154352475889 1.89833818632178 1.06939679034986 1.82353730755858 1.11345248809084 1.24645122466609 1.6023023116868
1.42168749170378 0.990061473799869 1.22929377644323 1.66357964859344 1.23162826267071 1.38938299939036 1.48230544710532 1.21993292286061 0.95169645617716 1.40904893144034 1.82342024263926 0 1.83030827646144 1.53238111408427 1.67539662099443 1.44407070986927 1.34683449449949 1.1564252008684 1.01923935930245 1.56763637647964 1.72309355484322 1.88393214181997 1.40063341683708 1.50388609129004 1.83206884656101 1.5511228821706 1.68310198443942 1.75584730273113 1.50695647508837 1.37000352074392
1.26990583399311 1.64667956181802 1.76927375025116 1.19516526069492 1.44506192137487 1.33939790609293 1.91034277179278 1.04286581510678 1.82361516682431 1.67187799466774 1.94625426409766 1.83030827646144 0 1.49455372337252 1.46287738485262 1.0101207785774 1.64474910707213 1.74812966282479 1.08547854237258 1.16703457641415 1.31616052449681 1.94730918691494 1.71799193508923 1.36177427158691 1.27181005594321 1.48317710962147 1.38761993334629 1.90001337672584 1.56517488742247 1.45152701972984
1.86835900321603 1.92487930343486 1.24085356621072 0.994721855968237 1.02461659163237 1.49613157799467 1.64471692754887 1.44746004021727 1.82151011750102 0.989358124323189 1.40807689330541 1.53238111408427 1.49455372337252 0 1.3039140549954 1.2979333254043 0.958893157774583 1.40956044360064 1.94613195885904 1.22595277894288 1.51635336712934 1.64834840083495 1.43346679653041 1.0956865157932 1.25327086122707 1.94384830538183 1.49474579002708 1.5905812534038 1.07872863556258 1.05795794166625
1.6142634099815 1.22344984067604 1.00591023685411 1.35151640721597 1.76559501467273 1.31756870471872 1.74926186352968 1.85516118723899 1.34201719029807 1.42735810740851 1.211694290163 1.67539662099443 1.46287738485262 1.3039140549954 0 1.26418503327295 1.74791736970656 1.0591812308412 1.56501489225775 1.85804836661555 1.51720028091222 1.51525273430161 1.64900748222135 1.9257182199508 1.83990378980525 1.8156807962805 1.67018876201473 1.14638436841778 0.977322794497013 1.03276506927796
1.57382077653892 1.65725071076304 1.21510913176462 1.84163130028173 1.14014771860093 1.91052159597166 1.15224588965066 1.33563529350795 1.43593084649183 1.86990328622051 1.32052047247998 1.44407070986927 1.0101207785774 1.2979333254043 1.26418503327295 0 1.51630681171082 1.2375133887399 0.970395019743592 1.56509385118261 1.65731192776002 1.32359456829727 1.73953712801449 1.38055445998907 1.00877650198527 1.08704987796955 1.67156353825703 1.23791588633321 0.973229149822146 1.10407456569374
1.1977902376093 0.965986145660281 1.46004630764946 1.48197373701259 1.41247028461657 1.82463922491297 1.43757249019109 1.20497207529843 1.2179318673443 1.6877437478397 1.13598207337782 1.34683449449949 1.64474910707213 0.958893157774583 1.74791736970656 1.51630681171082 0 1.14287963625975 1.38034244114533 1.74026484042406 1.43716164585203 1.29510691878386 1.16006830777042 1.22054702136666 1.16014480311424 1.00416239304468 1.93550746398978 0.997060929657891 1.19179242383689 1.60502432915382
1.32009908487089 1.00991730368696 1.01350951055065 1.72706805402413 1.39322099532001 1.80647677788511 1.26705587655306 1.70064903562889 1.59632728272118 1.8021987574175 1.16915753064677 1.1564252008684 1.74812966282479 1.40956044360064 1.0591812308412 1.2375133887399 1.14287963625975 0 1.2254407571163 1.14655410288833 1.66375538054854 1.89525010250509 1.33451982191764 1.31297415611334 1.76659705443308 1.73312945128419 1.53555316966958 1.20302289887331 1.67681604507379 1.77787721017376
1.53454367630184 1.91901888861321 1.13467849232256 1.84023096994497 1.63497942569666 1.03284794348292 1.6184188737534 1.41720031527802 1.19582379050553 1.47184873512015 1.39881625236012 1.01923935930245 1.08547854237258 1.94613195885904 1.56501489225775 0.970395019743592 1.38034244114533 1.2254407571163 0 1.49944466841407 1.9377927579917 1.077338431729 1.23150563728996 1.53831013152376 1.77752500958741 1.4032513552811 1.43732726015151 1.84915733733214 1.77279736893252 1.4252123653423
1.5727667149622 1.92736545088701 1.01902052410878 1.43703555851243 1.07000369043089 1.68080211780034 1.90896147163585 1.65200650086626 1.03359041828662 1.86563132680021 1.00257338676602 1.56763637647964 1.16703457641415 1.22595277894288 1.85804836661555 1.56509385118261 1.74026484042406 1.14655410288833 1.49944466841407 0 1.4083490089979 1.54043530020863 1.07179493573494 1.12810695194639 1.16458629793487 1.08399973157793 1.0423097750172 1.39827234554105 1.8490023536142 1.60244181542657
1.33089858922176 1.05431539006531 1.72129068127833 1.19678169256076 1.35283365543 1.45263634598814 1.40652965917252 1.39486409723759 1.93697038060054 1.21524835890159 1.15931619587354 1.72309355484322 1.31616052449681 1.51635336712934 1.51720028091222 1.65731192776002 1.43716164585203 1.66375538054854 1.9377927579917 1.4083490089979 0 1.18810624163598 1.73297588364221 1.90790347824804 1.23133026645519 1.08783081988804 1.28993187076412 1.50680694077164 1.01412715227343 1.67546153487638
1.92173011624254 1.74657631618902 1.78666307660751 1.15966765559278 1.464443519013 0.963463107589632 1.6366821648553 1.44082120480016 1.58376990584657 1.0533974240534 1.55982947442681 1.88393214181997 1.94730918691494 1.64834840083495 1.51525273430161 1.32359456829727 1.29510691878386 1.89525010250509 1.077338431729 1.54043530020863 1.18810624163598 0 1.87542232149281 1.27590346243232 1.06745892926119 1.30091751343571 1.84017189987935 1.76297741616145 1.63109965948388 1.36070233676583
0.968959697755054 1.94470635056496 1.40947142359801 1.94253221922554 1.12167773861438 1.66124697029591 1.30516647733748 0.956878490746021 1.69742436148226 1.78035758621991 1.6421979831066 1.40063341683708 1.71799193508923 1.43346679653041 1.64900748222135 1.73953712801449 1.16006830777042 1.33451982191764 1.23150563728996 1.07179493573494 1.73297588364221 1.87542232149281 0 1.94385682838038 1.10601870343089 1.2850082248915 1.07896224083379 1.46380767505616 1.16511465306394 1.58844578941353
1.73107878561132 0.99667772767134 1.09738584677689 1.48309557675384 1.39528756239451 1.10363515396602 1.23536736983806 1.58841379964724 1.03654837002978 1.4094642365817 1.84154352475889 1.50388609129004 1.36177427158691 1.0956865157932 1.9257182199508 1.38055445998907 1.22054702136666 1.31297415611334 1.53831013152376 1.12810695194639 1.90790347824804 1.27590346243232 1.94385682838038 0 1.42643684591167 1.42689717048779 1.12896584300324 1.92650819988921 1.50295545998961 1.13302053930238
1.29735769680701 1.69933253107592 1.27326815039851 1.12225375394337 1.35923012415878 1.60134354466572 1.87375896517187 1.92378521105275 1.82493709493428 0.998344691470265 1.89833818632178 1.83206884656101 1.27181005594321 1.25327086122707 1.83990378980525 1.00877650198527 1.16014480311424 1.76659705443308 1.77752500958741 1.16458629793487 1.23133026645519 1.06745892926119 1.10601870343089 1.42643684591167 0 1.20673063094728 1.48101674742065 1.61110772727989 1.50586910080165 1.51056348485872
1.11906184325926 0.95908722630702 1.42546670837328 1.06185899674892 1.4856956882868 1.05193643691018 1.52810964477248 1.75706632807851 1.76245860010386 1.70333840209059 1.06939679034986 1.5511228821706 1.48317710962147 1.94384830538183 1.8156807962805 1.08704987796955 1.00416239304468 1.73312945128419 1.4032513552811 1.08399973157793 1.08783081988804 1.30091751343571 1.2850082248915 1.42689717048779 1.20673063094728 0 1.43192260479555 0.973439486697316 1.91120855277404 1.57763744681142
1.87591917789541 1.71974776335992 1.61041960422881 1.14560910710134 1.5364051554352 1.53779731458053 1.45331343170255 1.02405247767456 1.57049143686891 1.19205486308783 1.82353730755858 1.68310198443942 1.38761993334629 1.49474579002708 1.67018876201473 1.67156353825703 1.93550746398978 1.53555316966958 1.43732726015151 1.0423097750172 1.28993187076412 1.84017189987935 1.07896224083379 1.12896584300324 1.48101674742065 1.43192260479555 0 1.91996539826505 1.67201171605848 1.15879952046089
1.88499494316056 1.34981366316788 1.46719832485542 1.34174238983542 1.08715986437164 1.55168036115356 1.21340291551314 1.46326222084463 1.47517822240479 1.57053665723652 1.11345248809084 1.75584730273113 1.90001337672584 1.5905812534038 1.14638436841778 1.23791588633321 0.997060929657891 1.20302289887331 1.84915733733214 1.39827234554105 1.50680694077164 1.76297741616145 1.46380767505616 1.92650819988921 1.61110772727989 0.973439486697316 1.91996539826505 0 1.3982977643609 1.47696262039244
1.39036494074389 1.8395986831747 1.93273181770928 1.14137659780681 1.31365075265057 1.35723278461955 1.80132322991267 1.62365367519669 1.77395230974071 1.56061071809381 1.24645122466609 1.50695647508837 1.56517488742247 1.07872863556258 0.977322794497013 0.973229149822146 1.19179242383689 1.67681604507379 1.77279736893252 1.8490023536142 1.01412715227343 1.63109965948388 1.16511465306394 1.50295545998961 1.50586910080165 1.91120855277404 1.67201171605848 1.3982977643609 0 1.65885234624147
1.36652619973756 1.18171744747087 1.40714681241661 1.25020014308393 1.08322832058184 1.5692742341198 1.71486096596345 1.50637243059464 1.14428304438479 1.09191203513183 1.6023023116868 1.37000352074392 1.45152701972984 1.05795794166625 1.03276506927796 1.10407456569374 1.60502432915382 1.77787721017376 1.4252123653423 1.60244181542657 1.67546153487638 1.36070233676583 1.58844578941353 1.13302053930238 1.51056348485872 1.57763744681142 1.15879952046089 1.47696262039244 1.65885234624147 0
