0 1.59253933094442 1.04440327454358 1.75298660597764 1.92107760463841 1.85585785470903 1.84923820197582 1.09190120059066 1.93177736573853 1.16382743790746 1.489970237948 0.960840560728684 1.40521034388803 1.50819893344305 1.31685826694593 1.61761174164712 1.86206205398776 1.67530590249225 1.5794472519774 0.953947956673801 1.55136788450181 1.11670325533487 1.87580832163803 1.08147133537568 1.09352086624131 1.84590134909377 1.15419047605246 1.04920095158741 1.86757728271186 1.25249883206561
1.59253933094442 0 1.77253859862685 1.11507597798482 1.20571661507711 1.15924191451631 1.72491142386571 1.88624772732146 0.968019939726219 1.26456881198101 0.958571745082736 1.24941176082939 1.92627397202887 1.66645675501786 0.95644910261035 1.07852481328882 1.25495115271769 1.7529734254349 1.888388347812 1.13353339792229 1.37964998488314 1.36328817368485 1.78915511677042 1.24123542243615 1.29418387636542 1.58300583111122 1.09862177656032 1.66874082363211 1.70814343681559 1.90221640327945
1.04440327454358 1.77253859862685 0 1.83981972211041 1.42650409089401 1.67401776858605 1.72975710290484 1.88214344577864 1.81446014111862 1.77179263462313 1.79266565665603 1.13635509670712 1.13385596708395 1.76147659285925 1.0799136988353 1.82892428105697 1.78111254586838 1.28208255162463 1.83715355722234 0.984931301092729 1.51150115858763 1.02423523948528 1.45743954228237 1.57509726169519 1.64816692261957 1.15536578767933 1.74284562701359 1.59539237781428 1.75849717250094 1.35590945021249
1.75298660597764 1.11507597798482 1.83981972211041 0 1.24603370227851 1.81347247841768 1.07882666331716 0.979845524067059 1.13728246442042 1.35755263501778 1.51646336424164 1.61401378293522 1.80754995672032 1.00748576968908 1.91569875180721 1.20710603985935 1.49008250772022 0.9990251341369 1.47742521343753 1.87468152190559 1.65150216361508 1.80796826235019 1.40914883837104 0.960381376789883 1.25836450536735 1.31901956815273 1.81499792472459 1.69327740836889 1.3573276377283 1.18008942226879
1.92107760463841 1.20571661507711 1.42650409089401 1.24603370227851 0 1.69107416365296 1.50639217090793 1.68325716559775 1.29335943399929 1.44939397159033 1.02026267186739 1.48298820806667 1.30504740192555 1.81747166905552 1.08710197964683 1.75638279132545 1.02483797841705 1.51092633232474 1.52440234669484 1.90747231431305 1.28825508221053 1.14242533990182 1.1242188771721 1.49609183613211 1.74231676966883 1.72642009961419 1.01751197385602 1.36714991671033 1.10731374891475 0.985904362984002
1.85585785470903 1.15924191451631 1.67401776858605 1.81347247841768 1.69107416365296 0 1.60250893025659 1.50716632371768 1.67205618764274 1.13361264718696 1.06373943854123 1.48315607826225 1.69290919066407 1.83014095807448 1.29045115481131 1.63154150242917 1.80853845714591 1.04670773283578 1.77932591713034 1.46396481618285 1.92098566680215 1.72334420611151 1.62022840511054 1.58406796981581 1.78631798434071 1.6919543358963 1.74183676764369 1.66236353944987 1.81750243110582 1.81325160129927
1.84923820197582 1.72491142386571 1.72975710290484 1.07882666331716 1.50639217090793 1.60250893025659 0 1.60492825577967 1.7448527275119 1.8856051042676 1.32692347024567 1.35888451361097 1.90690741944127 1.35437620291486 1.07636426575482 1.81724400422536 1.45458003529347 1.15758716478013 1.66814950224943 1.4501380843576 1.36915081320331 1.90777512500063 1.45253418688662 1.10707302368246 1.24394085025415 1.57830372196622 1.36213616561145 1.34748836280778 1.04136555595323 1.30254208971746
1.09190120059066 1.88624772732146 1.88214344577864 0.979845524067059 1.68325716559775 1.50716632371768 1.60492825577967 0 1.24799774517305 1.59229497425258 1.05125947133638 1.2040543355979 1.48189727123827 1.23908264562488 1.20186670892872 1.77880664751865 1.16087312810123 1.77075630030595 1.13108523702249 1.63878233614378 0.963243240723386 1.23460286436602 1.43766965158284 1.24897746113129 1.89179624360986 0.994262206368148 1.59377635736018 1.87470002938062 1.1535810129717 1.67643409525044
1.93177736573853 0.968019939726219 1.81446014111862 1.13728246442042 1.29335943399929 1.67205618764274 1.7448527275119 1.24799774517305 0 1.01776068448089 1.46729347249493 1.4704536148347 1.48339026467875 1.38488346803933 1.92446904233657 1.42600011220202 1.20873565552756 1.5899637141265 1.80070409271866 1.41048294818029 1.04625741462223 1.49534086883068 1.29955953801982 1.55236355611123 1.87172781047411 1.85880370694213 1.3015351658687 1.13038110220805 1.91467374190688 1.35658099851571
1.16382743790746 1.26456881198101 1.77179263462313 1.35755263501778 1.44939397159033 1.13361264718696 1.8856051042676 1.59229497425258 1.01776068448089 0 1.70128974295221 1.92794809327461 1.2129025910981 1.83472076966427 1.44083648081869 1.44343570852652 1.62015553563833 0.975149919744581 1.7026464920491 1.39377601840533 1.79794933111407 1.6562366662547 1.38224111055024 1.24943603086285 1.07481241272762 1.64908020594157 1.93381327809766 0.952411394799128 1.03644397505559 1.04127793665975
1.489970237948 0.958571745082736 1.79266565665603 1.51646336424164 1.02026267186739 1.06373943854123 1.32692347024567 1.05125947133638 1.46729347249493 1.70128974295221 0 1.11218640115112 1.40217492333613 1.79168523522094 1.08892713440582 1.39397803228348 1.25235448498279 1.10874419356696 0.96711945370771 1.38724585948512 1.43230350222439 1.74684506701306 1.59045658982359 1.41718974546529 1.35535434819758 1.45000852644444 1.00684418482706 1.44369909260422 1.4936961773783 1.71535230032168
0.960840560728684 1.24941176082939 1.13635509670712 1.61401378293522 1.48298820806667 1.48315607826225 1.35888451361097 1.2040543355979 1.4704536148347 1.92794809327461 1.11218640115112 0 1.34236850100569 1.62312109791674 1.69658106612042 1.75214114179835 1.71036155079491 1.69619667646475 1.50902103655972 1.19401100627147 1.05746579542756 1.92358162999153 1.61714117531665 1.28112526773475 1.16841644211672 1.71683404315263 1.31805808027275 1.15367847145535 1.83224252215587 1.93870986904949
1.40521034388803 1.92627397202887 1.13385596708395 1.80754995672032 1.30504740192555 1.69290919066407 1.90690741944127 1.48189727123827 1.48339026467875 1.2129025910981 1.40217492333613 1.34236850100569 0 1.57418899447657 1.2585958854761 1.18336517550051 1.59787644445896 1.57082517957315 1.4284598545637 1.45458889543079 1.92576129059307 1.42471265629865 1.18126337788999 1.89284206414595 1.82992236525752 1.50153556722216 1.19356641848572 1.86696008173749 1.8749657436274 1.89680211641826
1.50819893344305 1.66645675501786 1.76147659285925 1.00748576968908 1.81747166905552 1.83014095807448 1.35437620291486 1.23908264562488 1.38488346803933 1.83472076966427 1.79168523522094 1.62312109791674 1.57418899447657 0 1.65886788116768 1.72656982438639 1.59029372106306 0.999619908630848 1.00986086414196 1.85797321237624 1.80763983936049 1.32488592714071 1.25926536298357 0.952946794219315 1.57897000783123 1.68914569402114 1.09433662029915 1.58381191804074 1.32120691146702 1.67100126296282
1.31685826694593 0.95644910261035 1.0799136988353 1.91569875180721 1.08710197964683 1.29045115481131 1.07636426575482 1.20186670892872 1.92446904233657 1.44083648081869 1.08892713440582 1.69658106612042 1.2585958854761 1.65886788116768 0 1.27113949507475 1.49313436960801 1.43566455575638 1.71931872470304 1.34999477793463 1.54548785556108 1.30915981950238 1.41037025884725 1.49782200250775 1.79165097698569 1.34518719976768 1.59707770380192 1.27484480780549 1.6562675323803 1.63966106506996
1.61761174164712 1.07852481328882 1.82892428105697 1.20710603985935 1.75638279132545 1.63154150242917 1.81724400422536 1.77880664751865 1.42600011220202 1.44343570852652 1.39397803228348 1.75214114179835 1.18336517550051 1.72656982438639 1.27113949507475 0 1.11291538574733 1.15593234542757 1.70182878500782 1.54596334276721 1.53226856538095 1.45756208430976 1.87218879512511 1.46802055812441 0.976295917294919 1.83557798201218 1.05318808159791 1.89260038454086 1.09772979747504 1.64054468506947
1.86206205398776 1.25495115271769 1.78111254586838 1.49008250772022 1.02483797841705 1.80853845714591 1.45458003529347 1.16087312810123 1.20873565552756 1.62015553563833 1.25235448498279 1.71036155079491 1.59787644445896 1.59029372106306 1.49313436960801 1.11291538574733 0 1.59649023413658 1.68960194475949 1.35815223446116 1.7899003108032 1.89740062621422 1.79645137814805 1.52540581324138 1.32798603456467 1.13221630873159 1.03319020662457 1.41110658878461 1.72105649346486 1.11768586118706
1.67530590249225 1.7529734254349 1.28208255162463 0.9990251341369 1.51092633232474 1.04670773283578 1.15758716478013 1.77075630030595 1.5899637141265 0.975149919744581 1.10874419356696 1.69619667646475 1.57082517957315 0.999619908630848 1.43566455575638 1.15593234542757 1.59649023413658 0 1.53683454822749 1.90989252598956 1.23663356364705 1.91781731252559 1.11455628671683 0.956846073968336 1.33130036829971 1.66295997938141 1.04925135709345 1.38774157944135 1.36830375622958 1.91457574325614
1.5794472519774 1.888388347812 1.83715355722234 1.47742521343753 1.52440234669484 1.77932591713034 1.66814950224943 1.13108523702249 1.80070409271866 1.7026464920491 0.96711945370771 1.50902103655972 1.4284598545637 1.00986086414196 1.71931872470304 1.70182878500782 1.68960194475949 1.53683454822749 0 1.89468192122877 1.43620015308261 0.980732074473053 1.36644712626003 1.56175822555088 1.53200298734009 1.3287660498172 1.92711587785743 1.42399026756175 1.55740432953462 1.68479716172442
0.953947956673801 1.13353339792229 0.984931301092729 1.87468152190559 1.90747231431305 1.46396481618285 1.4501380843576 1.63878233614378 1.41048294818029 1.39377601840533 1.38724585948512 1.19401100627147 1.45458889543079 1.85797321237624 1.34999477793463 1.54596334276721 1.35815223446116 1.90989252598956 1.89468192122877 0 1.45062708854675 1.51328185480088 1.59295042953454 1.54991204105318 1.0066885065753 1.08182905148715 1.43634552205913 0.98967292229645 1.76093150884844 1.93054626602679
1.55136788450181 1.37964998488314 1.51150115858763 1.65150216361508 1.28825508221053 1.92098566680215 1.36915081320331 0.963243240723386 1.04625741462223 1.79794933111407 1.43230350222439 1.05746579542756 1.92576129059307 1.80763983936049 1.54548785556108 1.53226856538095 1.7899003108032 1.23663356364705 1.43620015308261 1.45062708854675 0 1.75511175161228 1.48978693783283 1.17187740863301 1.2552696489729 1.11319202044979 1.78207718092017 1.67163495160639 1.88083335594274 1.31594174122438
1.11670325533487 1.36328817368485 1.02423523948528 1.80796826235019 1.14242533990182 1.72334420611151 1.90777512500063 1.23460286436602 1.49534086883068 1.6562366662547 1.74684506701306 1.92358162999153 1.42471265629865 1.32488592714071 1.30915981950238 1.45756208430976 1.89740062621422 1.91781731252559 0.980732074473053 1.51328185480088 1.75511175161228 0 1.85746174911037 1.55608382727951 1.0285908151418 1.24672365072183 1.23026345064864 1.2144156654831 1.22813693317585 1.57768502063118
1.87580832163803 1.78915511677042 1.45743954228237 1.40914883837104 1.1242188771721 1.62022840511054 1.45253418688662 1.43766965158284 1.29955953801982 1.38224111055024 1.59045658982359 1.61714117531665 1.18126337788999 1.25926536298357 1.41037025884725 1.87218879512511 1.79645137814805 1.11455628671683 1.36644712626003 1.59295042953454 1.48978693783283 1.85746174911037 0 1.34178515290841 1.13780955784023 1.0415717724245 1.16576967900619 1.63035079976544 1.80009433883242 1.33691782108508
1.08147133537568 1.24123542243615 1.57509726169519 0.960381376789883 1.49609183613211 1.58406796981581 1.10707302368246 1.24897746113129 1.55236355611123 1.24943603086285 1.41718974546529 1.28112526773475 1.89284206414595 0.952946794219315 1.49782200250775 1.46802055812441 1.52540581324138 0.956846073968336 1.56175822555088 1.54991204105318 1.17187740863301 1.55608382727951 1.34178515290841 0 1.26649564062245 1.4700851207599 1.36991716362536 0.958183740498498 1.76203622180037 0.967847572639585
1.09352086624131 1.29418387636542 1.64816692261957 1.25836450536735 1.74231676966883 1.78631798434071 1.24394085025415 1.89179624360986 1.87172781047411 1.07481241272762 1.35535434819758 1.16841644211672 1.82992236525752 1.57897000783123 1.79165097698569 0.976295917294919 1.32798603456467 1.33130036829971 1.53200298734009 1.0066885065753 1.2552696489729 1.0285908151418 1.13780955784023 1.26649564062245 0 1.26674070698209 1.56233409931883 1.29212436778471 1.15459444210865 1.42435571039096
1.84590134909377 1.58300583111122 1.15536578767933 1.31901956815273 1.72642009961419 1.6919543358963 1.57830372196622 0.994262206368148 1.85880370694213 1.64908020594157 1.45000852644444 1.71683404315263 1.50153556722216 1.68914569402114 1.34518719976768 1.83557798201218 1.13221630873159 1.66295997938141 1.3287660498172 1.08182905148715 1.11319202044979 1.24672365072183 1.0415717724245 1.4700851207599 1.26674070698209 0 1.44043601327576 1.7282676147297 1.60287937615067 1.7089781423565
1.15419047605246 1.09862177656032 1.74284562701359 1.81499792472459 1.01751197385602 1.74183676764369 1.36213616561145 1.59377635736018 1.3015351658687 1.93381327809766 1.00684418482706 1.31805808027275 1.19356641848572 1.09433662029915 1.59707770380192 1.05318808159791 1.03319020662457 1.04925135709345 1.92711587785743 1.43634552205913 1.78207718092017 1.23026345064864 1.16576967900619 1.36991716362536 1.56233409931883 1.44043601327576 0 1.29040357051417 1.22651824052446 1.28440658329055
1.04920095158741 1.66874082363211 1.59539237781428 1.69327740836889 1.36714991671033 1.66236353944987 1.34748836280778 1.87470002938062 1.13038110220805 0.952411394799128 1.44369909260422 1.15367847145535 1.86696008173749 1.58381191804074 1.27484480780549 1.89260038454086 1.41110658878461 1.38774157944135 1.42399026756175 0.98967292229645 1.67163495160639 1.2144156654831 1.63035079976544 0.958183740498498 1.29212436778471 1.7282676147297 1.29040357051417 0 0.97313294862397 1.40469552646391
1.86757728271186 1.70814343681559 1.75849717250094 1.3573276377283 1.10731374891475 1.81750243110582 1.04136555595323 1.1535810129717 1.91467374190688 1.03644397505559 1.4936961773783 1.83224252215587 1.8749657436274 1.32120691146702 1.6562675323803 1.09772979747504 1.72105649346486 1.36830375622958 1.55740432953462 1.76093150884844 1.88083335594274 1.22813693317585 1.80009433883242 1.76203622180037 1.15459444210865 1.60287937615067 1.22651824052446 0.97313294862397 0 1.7094249157235
1.25249883206561 1.90221640327945 1.35590945021249 1.18008942226879 0.985904362984002 1.81325160129927 1.30254208971746 1.67643409525044 1.35658099851571 1.04127793665975 1.71535230032168 1.93870986904949 1.89680211641826 1.67100126296282 1.63966106506996 1.64054468506947 1.11768586118706 1.91457574325614 1.68479716172442 1.93054626602679 1.31594174122438 1.57768502063118 1.33691782108508 0.967847572639585 1.42435571039096 1.7089781423565 1.28440658329055 1.40469552646391 1.7094249157235 0
