0 1.69351758575067 0.944012763909996 0.980465272441506 1.02672452433035 1.22963847825304 1.52014053589664 1.13686214294285 1.23545184917748 1.04515391215682 1.42437481251545 1.20063196634874 1.0665999178309 1.15180099848658 1.87678076233715 1.73384146741591 1.59332866314799 1.50129389110953 1.803765848279 1.04341232776642 1.47526900959201 1.54411444906145 1.58314035809599 0.940771962283179 1.72056300891563 1.04564934503287 1.84036645456217 1.66227026632987 1.59744017501362 1.12231957353652
1.69351758575067 0 1.07818399858661 1.51007360522635 1.41922137956135 1.77782620629296 1.70601877220906 1.56303902855143 1.06745369918644 1.29757579276338 0.996356329182163 0.99938006605953 1.70490774814971 0.976348901633173 1.32409697026014 1.11809385428205 1.22461357340217 1.53174536861479 1.69398187473416 1.24633517861366 1.73849312704988 1.68262486136518 1.51462074369192 0.947830614401028 1.10270871850662 1.05414671008475 1.81964896922 0.968234358588234 1.70673008006997 1.70595299405977
0.944012763909996 1.07818399858661 0 1.29783139121719 1.82432024530135 1.4132289737463 0.961696907645091 1.09368651709519 1.08856852306053 1.06749248271808 1.87012277985923 1.53126978967339 1.76742389122956 1.16029761685058 1.25963325006887 1.25460897944868 1.84480654587969 1.7555420040153 1.36236494965851 1.62831174395978 1.23886686610058 1.80767288547941 0.935863594990224 1.24730616249144 1.14782067574561 1.39776477753185 1.02853965386748 1.27864705352113 0.960582682164386 1.46078575495631
0.980465272441506 1.51007360522635 1.29783139121719 0 1.27303233812563 1.4353933641687 1.06379493395798 1.19459191570058 0.940217853523791 1.43417697306722 1.68214991665445 1.15998942777514 1.68357070465572 0.891139421844855 1.38269142829813 0.905154211912304 1.04140958213247 1.79927538731135 0.949482762021944 1.17215442215092 1.73849752289243 1.416676558787 1.7696494392585 1.20558666880243 1.45552531932481 1.661503625568 1.60686328075826 1.198201141553 1.41875124187209 1.59485829016194
1.02672452433035 1.41922137956135 1.82432024530135 1.27303233812563 0 1.20686836494133 1.65977950859815 1.13400871586055 0.906740452628583 1.14248118782416 1.04844029666856 1.33143395953812 1.46410650014877 1.50775837968104 1.58345947181806 1.82979310443625 1.70226337737404 1.39371613389812 1.79282834217884 1.46657820721157 1.08570313034579 1.79818824701943 0.984745659632608 1.37766757234931 1.35613000835292 1.46874025790021 0.894271729281172 1.11094119376503 1.28615339542739 0.976089060306549
1.22963847825304 1.77782620629296 1.4132289737463 1.4353933641687 1.20686836494133 0 1.88311098329723 1.80719303549267 1.40046208491549 1.16728933667764 0.943302223924547 0.970489392289892 1.4141198399011 1.10108504048549 1.75666642235592 0.892066491069272 1.63584195869043 1.41408470901661 1.5346988956444 1.31513132364489 0.959955008467659 1.31850680452771 1.49687150330283 1.57263547647744 1.52931625558995 1.12232898198999 1.32070713373832 0.888526557944715 1.11063402611762 1.6166765789967
1.52014053589664 1.70601877220906 0.961696907645091 1.06379493395798 1.65977950859815 1.88311098329723 0 1.39768676273525 1.66307240305468 1.42188106314279 0.939808759372681 1.28871325380169 1.23993483139202 1.50218514679 1.59395435126498 1.63267682818696 1.1728705575224 1.81373115698807 1.46003560465761 1.12404375523329 1.8464266390074 1.65273588243872 1.04164619976655 0.931047400459647 1.55817314633168 1.5963977065403 1.31862572906539 1.41805930202827 0.949587818235159 1.36684455443174
1.13686214294285 1.56303902855143 1.09368651709519 1.19459191570058 1.13400871586055 1.80719303549267 1.39768676273525 0 1.20842750836164 0.993788533378392 1.78105166880414 1.60730995936319 1.57797131990083 1.37942282529548 1.52000573091209 1.19284820742905 1.54790222155862 0.913055744720623 1.37965815025382 1.73493681056425 1.44818674586713 1.13603589893319 1.82850324385799 1.48024011473171 0.970367934787646 1.56986867450178 1.19970336346887 1.18437486840412 1.41478988761082 1.66977662057616
1.23545184917748 1.06745369918644 1.08856852306053 0.940217853523791 0.906740452628583 1.40046208491549 1.66307240305468 1.20842750836164 0 1.76858602883294 1.82772573595867 1.05977601418272 1.14961500070058 1.06260439753532 1.77551943389699 1.37302597356029 1.8635066987481 1.26055121677928 1.14219718473032 0.917010434670374 1.64029521658085 1.15692899771966 1.4144912015181 1.03184680710547 1.52651413786225 1.36836665449664 1.09155482053757 1.26502887741663 1.48833102243952 1.39964464469813
1.04515391215682 1.29757579276338 1.06749248271808 1.43417697306722 1.14248118782416 1.16728933667764 1.42188106314279 0.993788533378392 1.76858602883294 0 1.67416525818408 1.02508264174685 1.40108203142881 1.56227322225459 1.25718189962208 1.59227310516872 1.11467009270564 1.27461551339366 0.978557981550694 1.11288118502125 1.19609641493298 1.43812469113618 1.74075374775566 1.14870485151187 0.912317917216569 1.18836735910736 1.54836107557639 1.18565798178315 1.77159532532096 1.55609048786573
1.42437481251545 0.996356329182163 1.87012277985923 1.68214991665445 1.04844029666856 0.943302223924547 0.939808759372681 1.78105166880414 1.82772573595867 1.67416525818408 0 1.17776299756952 1.61475993297063 1.54623079719022 1.24829005543143 1.57665247214027 1.86103054904379 1.06701235240325 1.54006973374635 0.975903452374041 1.2356389251072 1.04768095305189 1.7036802850198 1.1224353085272 0.999312055297196 0.891675252001733 0.942022184142843 1.81562706129625 1.7301509717945 1.30263633979484
1.20063196634874 0.99938006605953 1.53126978967339 1.15998942777514 1.33143395953812 0.970489392289892 1.28871325380169 1.60730995936319 1.05977601418272 1.02508264174685 1.17776299756952 0 1.25810378673486 1.5298506510444 0.931302135111764 1.5098019449506 1.80238348245621 1.54887980245985 0.981748406542465 1.73496486805379 1.11609127605334 1.60119256121106 1.31208868930116 1.23528009164147 1.27811641874723 1.66355217248201 1.87152322102338 0.962983089732006 1.33040560223162 1.5303170864936
1.0665999178309 1.70490774814971 1.76742389122956 1.68357070465572 1.46410650014877 1.4141198399011 1.23993483139202 1.57797131990083 1.14961500070058 1.40108203142881 1.61475993297063 1.25810378673486 0 1.26075023366138 1.54636154393665 1.51935756602325 1.85373148741201 1.7213350830134 1.14432308962569 1.00496295955963 1.07712464733049 0.893914985470474 1.39179075974971 1.81741143623367 1.5250484389253 1.76598373171873 1.40823432756588 1.84032132918946 1.08426547679119 0.910527099855244
1.15180099848658 0.976348901633173 1.16029761685058 0.891139421844855 1.50775837968104 1.10108504048549 1.50218514679 1.37942282529548 1.06260439753532 1.56227322225459 1.54623079719022 1.5298506510444 1.26075023366138 0 1.63504006783478 1.07144385832362 1.33650006866083 1.68472518259659 1.11607820377685 1.83115102513693 1.47977651655674 1.56171562476084 1.68929677130654 1.37231722427532 1.13184197316878 1.01222938788123 0.904277358902618 1.11807192838751 1.43728551943786 1.78718473319896
1.87678076233715 1.32409697026014 1.25963325006887 1.38269142829813 1.58345947181806 1.75666642235592 1.59395435126498 1.52000573091209 1.77551943389699 1.25718189962208 1.24829005543143 0.931302135111764 1.54636154393665 1.63504006783478 0 0.962203259579837 1.62135385395959 1.14234687318094 1.66395347029902 0.97292350162752 1.02922898903489 1.18880491680466 0.951008837670088 1.60304370848462 1.57860548864119 1.77609983319417 1.88012822926976 1.43457744596526 1.5356545643881 1.63652160600759
1.73384146741591 1.11809385428205 1.25460897944868 0.905154211912304 1.82979310443625 0.892066491069272 1.63267682818696 1.19284820742905 1.37302597356029 1.59227310516872 1.57665247214027 1.5098019449506 1.51935756602325 1.07144385832362 0.962203259579837 0 1.41337571712211 1.82234078017063 0.917002840200439 1.48991263657808 1.07551643252373 1.67986938799731 1.14272149233148 1.43413302279077 0.957267694873735 1.53233557450585 0.96514289197512 1.44134546583518 1.3969239119906 0.949486474273726
1.59332866314799 1.22461357340217 1.84480654587969 1.04140958213247 1.70226337737404 1.63584195869043 1.1728705575224 1.54790222155862 1.8635066987481 1.11467009270564 1.86103054904379 1.80238348245621 1.85373148741201 1.33650006866083 1.62135385395959 1.41337571712211 0 1.79951509321108 1.36179301794618 1.36972658149898 1.81762258615345 1.00729206996039 1.27571914694272 1.28980065020733 1.14342891122214 1.56263376376592 0.946460847742856 1.66800953214988 1.48781267483719 1.30811334983446
1.50129389110953 1.53174536861479 1.7555420040153 1.79927538731135 1.39371613389812 1.41408470901661 1.81373115698807 0.913055744720623 1.26055121677928 1.27461551339366 1.06701235240325 1.54887980245985 1.7213350830134 1.68472518259659 1.14234687318094 1.82234078017063 1.79951509321108 0 1.45096452045254 1.18594156485051 1.67963830358349 1.12726817582734 1.78696481185034 1.74855591380037 1.57160492241383 1.49790267203934 1.22288331482559 1.81013089674525 1.34094403684139 1.62437229929492
1.803765848279 1.69398187473416 1.36236494965851 0.949482762021944 1.79282834217884 1.5346988956444 1.46003560465761 1.37965815025382 1.14219718473032 0.978557981550694 1.54006973374635 0.981748406542465 1.14432308962569 1.11607820377685 1.66395347029902 0.917002840200439 1.36179301794618 1.45096452045254 0 1.87772799353115 0.948018757160753 1.65404702466913 1.80886290292256 1.46065082703717 1.43263127771206 1.77486168569885 1.29773208103143 1.08528820169158 1.38311871187761 1.69759141281247
1.04341232776642 1.24633517861366 1.62831174395978 1.17215442215092 1.46657820721157 1.31513132364489 1.12404375523329 1.73493681056425 0.917010434670374 1.11288118502125 0.975903452374041 1.73496486805379 1.00496295955963 1.83115102513693 0.97292350162752 1.48991263657808 1.36972658149898 1.18594156485051 1.87772799353115 0 1.82782579632476 1.14489087928087 1.36784108704887 1.59218840976246 1.43522609234788 0.929116561077535 1.1332029197365 1.24437423120253 1.14078390249051 1.27273921738379
1.47526900959201 1.73849312704988 1.23886686610058 1.73849752289243 1.08570313034579 0.959955008467659 1.8464266390074 1.44818674586713 1.64029521658085 1.19609641493298 1.2356389251072 1.11609127605334 1.07712464733049 1.47977651655674 1.02922898903489 1.07551643252373 1.81762258615345 1.67963830358349 0.948018757160753 1.82782579632476 0 1.84259076556191 1.31694972002879 1.3226068422664 1.71077457698993 1.148531004088 1.53419442800805 1.1401188315358 1.28818036010489 1.42209911555983
1.54411444906145 1.68262486136518 1.80767288547941 1.416676558787 1.79818824701943 1.31850680452771 1.65273588243872 1.13603589893319 1.15692899771966 1.43812469113618 1.04768095305189 1.60119256121106 0.893914985470474 1.56171562476084 1.18880491680466 1.67986938799731 1.00729206996039 1.12726817582734 1.65404702466913 1.14489087928087 1.84259076556191 0 1.18199925986119 0.940442729974166 1.0691679045558 1.09524570009671 1.30487233423628 1.68211321951821 1.8094502678141 0.908532040193677
1.58314035809599 1.51462074369192 0.935863594990224 1.7696494392585 0.984745659632608 1.49687150330283 1.04164619976655 1.82850324385799 1.4144912015181 1.74075374775566 1.7036802850198 1.31208868930116 1.39179075974971 1.68929677130654 0.951008837670088 1.14272149233148 1.27571914694272 1.78696481185034 1.80886290292256 1.36784108704887 1.31694972002879 1.18199925986119 0 1.74107746919617 1.5715867774561 1.41972992522642 1.54727468080819 1.3899760346394 1.24986526020803 0.953934781020507
0.940771962283179 0.947830614401028 1.24730616249144 1.20558666880243 1.37766757234931 1.57263547647744 0.931047400459647 1.48024011473171 1.03184680710547 1.14870485151187 1.1224353085272 1.23528009164147 1.81741143623367 1.37231722427532 1.60304370848462 1.43413302279077 1.28980065020733 1.74855591380037 1.46065082703717 1.59218840976246 1.3226068422664 0.940442729974166 1.74107746919617 0 1.39379941718653 0.950665626674891 1.7681073625572 1.67443515127525 1.58393974672072 1.53664467018098
1.72056300891563 1.10270871850662 1.14782067574561 1.45552531932481 1.35613000835292 1.52931625558995 1.55817314633168 0.970367934787646 1.52651413786225 0.912317917216569 0.999312055297196 1.27811641874723 1.5250484389253 1.13184197316878 1.57860548864119 0.957267694873735 1.14342891122214 1.57160492241383 1.43263127771206 1.43522609234788 1.71077457698993 1.0691679045558 1.5715867774561 1.39379941718653 0 1.26758247613907 1.25181114696898 1.36576565541327 1.20961297350004 1.79846583399922
1.04564934503287 1.05414671008475 1.39776477753185 1.661503625568 1.46874025790021 1.12232898198999 1.5963977065403 1.56986867450178 1.36836665449664 1.18836735910736 0.891675252001733 1.66355217248201 1.76598373171873 1.01222938788123 1.77609983319417 1.53233557450585 1.56263376376592 1.49790267203934 1.77486168569885 0.929116561077535 1.148531004088 1.09524570009671 1.41972992522642 0.950665626674891 1.26758247613907 0 1.55973850004375 1.7285611287225 1.50172282219864 1.25149199017324
1.84036645456217 1.81964896922 1.02853965386748 1.60686328075826 0.894271729281172 1.32070713373832 1.31862572906539 1.19970336346887 1.09155482053757 1.54836107557639 0.942022184142843 1.87152322102338 1.40823432756588 0.904277358902618 1.88012822926976 0.96514289197512 0.946460847742856 1.22288331482559 1.29773208103143 1.1332029197365 1.53419442800805 1.30487233423628 1.54727468080819 1.7681073625572 1.25181114696898 1.55973850004375 0 0.934659117367119 1.08494166657329 1.13606582186185
1.66227026632987 0.968234358588234 1.27864705352113 1.198201141553 1.11094119376503 0.888526557944715 1.41805930202827 1.18437486840412 1.26502887741663 1.18565798178315 1.81562706129625 0.962983089732006 1.84032132918946 1.11807192838751 1.43457744596526 1.44134546583518 1.66800953214988 1.81013089674525 1.08528820169158 1.24437423120253 1.1401188315358 1.68211321951821 1.3899760346394 1.67443515127525 1.36576565541327 1.7285611287225 0.934659117367119 0 1.420109171886 1.66625879169442
1.59744017501362 1.70673008006997 0.960582682164386 1.41875124187209 1.28615339542739 1.11063402611762 0.949587818235159 1.41478988761082 1.48833102243952 1.77159532532096 1.7301509717945 1.33040560223162 1.08426547679119 1.43728551943786 1.5356545643881 1.3969239119906 1.48781267483719 1.34094403684139 1.38311871187761 1.14078390249051 1.28818036010489 1.8094502678141 1.24986526020803 1.58393974672072 1.20961297350004 1.50172282219864 1.08494166657329 1.420109171886 0 1.64463790180162
1.12231957353652 1.70595299405977 1.46078575495631 1.59485829016194 0.976089060306549 1.6166765789967 1.36684455443174 1.66977662057616 1.39964464469813 1.55609048786573 1.30263633979484 1.5303170864936 0.910527099855244 1.78718473319896 1.63652160600759 0.949486474273726 1.30811334983446 1.62437229929492 1.69759141281247 1.27273921738379 1.42209911555983 0.908532040193677 0.953934781020507 1.53664467018098 1.79846583399922 1.25149199017324 1.13606582186185 1.66625879169442 1.64463790180162 0
