0 1.61825502570719 1.60801258683205 1.6173006889876 1.68648151680827 1.01666380651295 1.11038062511943 1.94210758246481 1.67305137170479 1.08556603221223 1.70206827670336 1.17609901726246 1.93511581211351 1.28762080939487 1.35994624928571 0.969250544207171 1.75398782105185 1.2129814249929 1.26792080095038 1.59087997535244 1.86882511898875 1.72976486803964 1.35782231157646 1.13755135633983 1.92749356292188 0.986096754204482 1.40532871964388 1.00062563666143 1.59375192620791 1.35554048232734
1.61825502570719 0 1.47993266070262 1.04719747812487 1.32737151160836 0.973267709836364 1.5549458428286 0.987490148749202 1.175604254473 1.44961684313603 1.61609405721538 1.46863221284002 1.09092283039354 1.75319714820944 1.95003390591592 1.90014102007262 1.37875172193162 1.1862115713302 1.83892089221627 1.33400346478447 1.23156069917604 1.43153267214075 1.17928941175342 1.01504212641157 1.5514960444998 1.08268472854979 1.2033066349104 1.80204482446425 1.87609175383113 1.07003201148473
1.60801258683205 1.47993266070262 0 1.31009165057912 1.74414250999689 1.72580562857911 1.57792664133012 0.994354222435504 1.6293215402402 1.30334915407002 1.16745042125694 1.03899271436967 1.39218636159785 0.975790746742859 1.37132842442952 1.02363634854555 1.72477188380435 1.06429138849489 1.11641490575857 1.69099684315734 1.53656554711051 1.44058688636869 0.997337907552719 1.45515352371149 1.87998425634578 1.35327564924955 1.34142470895313 1.07198838074692 1.11836170079187 1.71762335323729
1.6173006889876 1.04719747812487 1.31009165057912 0 1.91206100722775 1.63371288124472 1.15145695721731 1.81311671249568 1.55618576006964 1.04749250970781 1.6619551491458 1.20430085249245 1.63736300100572 1.05082150362432 1.13192979851738 1.54766333871521 1.13653056044132 1.20418644277379 1.30903827515431 0.98771089874208 1.51753938547336 1.33575096959248 1.83661093236879 1.95441220980138 1.29049026547 1.79930303385481 1.14382539479993 1.32762595452368 1.11881072865799 1.89590479829349
1.68648151680827 1.32737151160836 1.74414250999689 1.91206100722775 0 1.50428624707274 1.24578140908852 1.03590305126272 1.12566202017479 1.17716533341445 1.02646068111062 1.87170849856921 1.79481286229566 1.65233089565299 1.23319632513449 1.47250866494142 1.69396920222789 1.28999814670533 0.957759839249775 1.63258526660502 1.70547634433024 1.91401386098005 1.81399703514762 1.34369476162829 1.09863263648003 1.42467455379665 1.46920719579794 1.24806985259056 1.08490126044489 0.963417244609445
1.01666380651295 0.973267709836364 1.72580562857911 1.63371288124472 1.50428624707274 0 1.13637479604222 1.17268883017823 1.23960475623608 1.87587083131075 1.20306546404026 1.88806990394369 1.19396046339534 1.83649834943935 1.72952336189337 1.54343146760948 1.11610120767727 1.67676171194762 1.19485705997795 1.26788201835006 1.05426325229928 1.69782902230509 1.18244825839065 1.24896341166459 1.54676846577786 1.35637876880355 1.59949734993279 1.69070027442649 1.61848416086286 1.32745156832971
1.11038062511943 1.5549458428286 1.57792664133012 1.15145695721731 1.24578140908852 1.13637479604222 0 1.37778462981805 1.18304411065765 1.46569106867537 1.1081359044183 0.976290510734543 1.22908030776307 1.64602617872879 1.01532456232235 1.88712135213427 1.87262913049199 1.13103590602987 1.28068143734708 1.02082512248307 1.6146964263171 1.4782749870792 1.65872049052268 1.27511244709603 1.89544043154456 1.76269364194013 1.55857887607999 1.60368061973713 1.00935454433784 1.08341221278533
1.94210758246481 0.987490148749202 0.994354222435504 1.81311671249568 1.03590305126272 1.17268883017823 1.37778462981805 0 1.22066273586825 1.37411830644123 1.61292369407602 1.2033841132652 1.40864980150945 1.10467022913508 1.05672689015046 1.76159366895445 1.54866990121081 1.61225412925705 1.66142177465372 1.32541460241191 1.88745783478953 1.87385183735751 1.75504756905138 0.978278614580631 1.62630014424212 1.10835343203507 1.25043524964713 1.82233834639192 1.48564684740268 1.88485312904231
1.67305137170479 1.175604254473 1.6293215402402 1.55618576006964 1.12566202017479 1.23960475623608 1.18304411065765 1.22066273586825 0 1.06074475939386 1.42680247151293 1.57985316566192 1.39203906129114 1.0096898288466 1.14274070435204 1.50424475758336 1.36374824191444 1.53724342794158 1.40277748578228 1.11738802818581 1.92223374452442 1.44207857828587 1.41067192866467 1.95721606421284 1.10202650539577 1.69155565695837 1.08785187127069 1.92645314754918 1.33393833693117 1.23670474579558
1.08556603221223 1.44961684313603 1.30334915407002 1.04749250970781 1.17716533341445 1.87587083131075 1.46569106867537 1.37411830644123 1.06074475939386 0 1.31218327581882 1.51848607487045 1.61161105358042 1.87053949735127 1.12375877681188 1.94651514152065 1.50497201271355 1.19757253210992 1.58496487280354 1.13911441527307 1.28919415618293 1.42104694107547 1.77166200010106 1.3789488452021 0.970607790630311 1.76209038333036 1.07256905408576 1.1961087975651 1.02892621024512 1.49505854141898
1.70206827670336 1.61609405721538 1.16745042125694 1.6619551491458 1.02646068111062 1.20306546404026 1.1081359044183 1.61292369407602 1.42680247151293 1.31218327581882 0 1.1644379501231 1.15722976834513 1.54258225252852 1.08563308953308 1.53812325047329 1.75512550608255 1.86647425009869 1.83769347937778 1.03293221956119 1.87917288416065 1.68704633531161 1.272798178019 1.43801720323972 1.48465856048279 1.47744306572713 1.31345168873668 1.83826075028628 1.15600464981981 1.73931486392394
1.17609901726246 1.46863221284002 1.03899271436967 1.20430085249245 1.87170849856921 1.88806990394369 0.976290510734543 1.2033841132652 1.57985316566192 1.51848607487045 1.1644379501231 0 1.22634661034681 1.75841279351152 1.57097389153205 1.33802323183045 1.83793052099645 1.17824525199831 1.87250046688132 1.79415306355804 1.19436947978102 1.89622111176141 1.76886485354044 1.21170250978321 1.33768685092218 1.86548798298463 1.06849446077831 1.13210923667066 1.78325518639758 1.56363128544763
1.93511581211351 1.09092283039354 1.39218636159785 1.63736300100572 1.79481286229566 1.19396046339534 1.22908030776307 1.40864980150945 1.39203906129114 1.61161105358042 1.15722976834513 1.22634661034681 0 1.39505629963242 1.58366620843299 1.21247807703912 1.67858447344042 1.21654712990858 1.50431048311293 1.42697468656115 1.16495606629178 0.964187944773585 1.38745148619637 1.92911574686877 1.16955057834275 1.54487232747488 1.66899249190465 1.40089744562283 1.3907368874643 0.978093852521852
1.28762080939487 1.75319714820944 0.975790746742859 1.05082150362432 1.65233089565299 1.83649834943935 1.64602617872879 1.10467022913508 1.0096898288466 1.87053949735127 1.54258225252852 1.75841279351152 1.39505629963242 0 1.43558872467838 1.16380502586253 1.77403522888198 1.63500966061838 1.903584131971 1.60473239282146 1.68767878669314 1.32712898030877 1.39997868612409 1.49783959751949 1.7892908914946 1.65874616173096 1.94765782030299 1.20140590541996 1.83209420787171 1.9377530105412
1.35994624928571 1.95003390591592 1.37132842442952 1.13192979851738 1.23319632513449 1.72952336189337 1.01532456232235 1.05672689015046 1.14274070435204 1.12375877681188 1.08563308953308 1.57097389153205 1.58366620843299 1.43558872467838 0 1.08471520175226 1.37647125450894 1.32078002439812 1.89944380754605 1.36729555041529 1.56734324037097 1.08430598443374 1.40214583696797 1.9056451858487 1.51459509762935 1.71773226535879 1.58981989137828 1.28667020681314 1.80118501302786 1.78444051253609
0.969250544207171 1.90014102007262 1.02363634854555 1.54766333871521 1.47250866494142 1.54343146760948 1.88712135213427 1.76159366895445 1.50424475758336 1.94651514152065 1.53812325047329 1.33802323183045 1.21247807703912 1.16380502586253 1.08471520175226 0 1.25840601883829 1.03720170515589 1.29078594199382 1.14660388231277 1.23917820490897 1.03578860941343 1.75446998747066 0.983408847590908 1.21637387061492 1.95534729841165 1.25944239250384 1.55101087014191 1.91085471212864 1.45019199419767
1.75398782105185 1.37875172193162 1.72477188380435 1.13653056044132 1.69396920222789 1.11610120767727 1.87262913049199 1.54866990121081 1.36374824191444 1.50497201271355 1.75512550608255 1.83793052099645 1.67858447344042 1.77403522888198 1.37647125450894 1.25840601883829 0 1.62632306711748 1.48658294393681 1.66737738600932 1.51811132044531 1.95194293907844 1.93622627248988 1.58932254393585 1.27682171296328 1.5751495489385 1.67701973603107 1.87730906670913 1.51965584908612 1.77385869366117
1.2129814249929 1.1862115713302 1.06429138849489 1.20418644277379 1.28999814670533 1.67676171194762 1.13103590602987 1.61225412925705 1.53724342794158 1.19757253210992 1.86647425009869 1.17824525199831 1.21654712990858 1.63500966061838 1.32078002439812 1.03720170515589 1.62632306711748 0 1.90889520267956 1.18768951203674 1.70378893334419 1.75859629479237 1.88017872977071 1.79293669573963 1.21564760617912 1.50672386982478 1.01480093668215 1.04167316993698 1.08062855363823 1.70649841567501
1.26792080095038 1.83892089221627 1.11641490575857 1.30903827515431 0.957759839249775 1.19485705997795 1.28068143734708 1.66142177465372 1.40277748578228 1.58496487280354 1.83769347937778 1.87250046688132 1.50431048311293 1.903584131971 1.89944380754605 1.29078594199382 1.48658294393681 1.90889520267956 0 1.73906407156028 1.29295359156094 1.2994566266425 1.66546417563222 1.18454434815794 1.53940858272836 1.55608695722185 1.53108560200781 1.21068013086915 1.68063334329054 1.74855472287163
1.59087997535244 1.33400346478447 1.69099684315734 0.98771089874208 1.63258526660502 1.26788201835006 1.02082512248307 1.32541460241191 1.11738802818581 1.13911441527307 1.03293221956119 1.79415306355804 1.42697468656115 1.60473239282146 1.36729555041529 1.14660388231277 1.66737738600932 1.18768951203674 1.73906407156028 0 1.77808878710493 1.27830168325454 0.996703692013398 1.86850235052407 1.23011680156924 1.13455214817077 1.51700297486968 1.45697110099718 1.79158711712807 1.06556555256248
1.86882511898875 1.23156069917604 1.53656554711051 1.51753938547336 1.70547634433024 1.05426325229928 1.6146964263171 1.88745783478953 1.92223374452442 1.28919415618293 1.87917288416065 1.19436947978102 1.16495606629178 1.68767878669314 1.56734324037097 1.23917820490897 1.51811132044531 1.70378893334419 1.29295359156094 1.77808878710493 0 1.68679839931428 1.61172130424529 1.71973088942468 1.4272207415197 1.9195934580639 0.990959657821804 1.26842031697743 1.41180083341897 1.68598093907349
1.72976486803964 1.43153267214075 1.44058688636869 1.33575096959248 1.91401386098005 1.69782902230509 1.4782749870792 1.87385183735751 1.44207857828587 1.42104694107547 1.68704633531161 1.89622111176141 0.964187944773585 1.32712898030877 1.08430598443374 1.03578860941343 1.95194293907844 1.75859629479237 1.2994566266425 1.27830168325454 1.68679839931428 0 1.07847721735016 1.01174319465645 1.53059657220729 1.03820376261137 1.66392160346732 1.34109757980332 1.34505631541833 1.40244366764091
1.35782231157646 1.17928941175342 0.997337907552719 1.83661093236879 1.81399703514762 1.18244825839065 1.65872049052268 1.75504756905138 1.41067192866467 1.77166200010106 1.272798178019 1.76886485354044 1.38745148619637 1.39997868612409 1.40214583696797 1.75446998747066 1.93622627248988 1.88017872977071 1.66546417563222 0.996703692013398 1.61172130424529 1.07847721735016 0 1.65591082093306 1.65982056059875 0.968848680378869 1.26672719162889 1.39758156426251 1.68278994783759 1.00805545784533
1.13755135633983 1.01504212641157 1.45515352371149 1.95441220980138 1.34369476162829 1.24896341166459 1.27511244709603 0.978278614580631 1.95721606421284 1.3789488452021 1.43801720323972 1.21170250978321 1.92911574686877 1.49783959751949 1.9056451858487 0.983408847590908 1.58932254393585 1.79293669573963 1.18454434815794 1.86850235052407 1.71973088942468 1.01174319465645 1.65591082093306 0 1.44687871541828 1.61751697724685 1.63997712638229 1.08831149549223 1.79806751850992 1.6343645893503
1.92749356292188 1.5514960444998 1.87998425634578 1.29049026547 1.09863263648003 1.54676846577786 1.89544043154456 1.62630014424212 1.10202650539577 0.970607790630311 1.48465856048279 1.33768685092218 1.16955057834275 1.7892908914946 1.51459509762935 1.21637387061492 1.27682171296328 1.21564760617912 1.53940858272836 1.23011680156924 1.4272207415197 1.53059657220729 1.65982056059875 1.44687871541828 0 1.73169149458408 1.15450603654608 1.00724936951883 1.45370690850541 1.92147853551432
0.986096754204482 1.08268472854979 1.35327564924955 1.79930303385481 1.42467455379665 1.35637876880355 1.76269364194013 1.10835343203507 1.69155565695837 1.76209038333036 1.47744306572713 1.86548798298463 1.54487232747488 1.65874616173096 1.71773226535879 1.95534729841165 1.5751495489385 1.50672386982478 1.55608695722185 1.13455214817077 1.9195934580639 1.03820376261137 0.968848680378869 1.61751697724685 1.73169149458408 0 1.34221401833929 1.66506066545844 1.72676934185438 1.04206130281091
1.40532871964388 1.2033066349104 1.34142470895313 1.14382539479993 1.46920719579794 1.59949734993279 1.55857887607999 1.25043524964713 1.08785187127069 1.07256905408576 1.31345168873668 1.06849446077831 1.66899249190465 1.94765782030299 1.58981989137828 1.25944239250384 1.67701973603107 1.01480093668215 1.53108560200781 1.51700297486968 0.990959657821804 1.66392160346732 1.26672719162889 1.63997712638229 1.15450603654608 1.34221401833929 0 1.7934187061619 1.91685436386615 1.20733934198506
1.00062563666143 1.80204482446425 1.07198838074692 1.32762595452368 1.24806985259056 1.69070027442649 1.60368061973713 1.82233834639192 1.92645314754918 1.1961087975651 1.83826075028628 1.13210923667066 1.40089744562283 1.20140590541996 1.28667020681314 1.55101087014191 1.87730906670913 1.04167316993698 1.21068013086915 1.45697110099718 1.26842031697743 1.34109757980332 1.39758156426251 1.08831149549223 1.00724936951883 1.66506066545844 1.7934187061619 0 1.91262606345117 1.54321321984753
1.59375192620791 1.87609175383113 1.11836170079187 1.11881072865799 1.08490126044489 1.61848416086286 1.00935454433784 1.48564684740268 1.33393833693117 1.02892621024512 1.15600464981981 1.78325518639758 1.3907368874643 1.83209420787171 1.80118501302786 1.91085471212864 1.51965584908612 1.08062855363823 1.68063334329054 1.79158711712807 1.41180083341897 1.34505631541833 1.68278994783759 1.79806751850992 1.45370690850541 1.72676934185438 1.91685436386615 1.91262606345117 0 0.97577370563522
1.35554048232734 1.07003201148473 1.71762335323729 1.89590479829349 0.963417244609445 1.32745156832971 1.08341221278533 1.88485312904231 1.23670474579558 1.49505854141898 1.73931486392394 1.56363128544763 0.978093852521852 1.9377530105412 1.78444051253609 1.45019199419767 1.77385869366117 1.70649841567501 1.74855472287163 1.06556555256248 1.68598093907349 1.40244366764091 1.00805545784533 1.6343645893503 1.92147853551432 1.04206130281091 1.20733934198506 1.54321321984753 0.97577370563522 0
