0 1.38064058986492 1.56820024992339 1.02407645364292 1.80738751287572 1.85301840212196 1.59449604596011 1.61414306680672 1.57648701616563 1.62589188665152 1.47087496821769 1.63606429402716 1.20657687261701 1.12703887699172 1.24972635647282 1.23142154491507 1.48261246853508 1.70591401611455 1.71470149629749 1.58095684507862 1.73165307124145 1.53932409128174 1.02518380340189 1.46496403845958 1.51971093029715 1.95417056279257 1.30844985158183 1.3800970679149 1.09147313912399 1.08223383524455
1.38064058986492 0 1.50891397125088 1.74435487412848 1.73206408973783 1.0544119339902 1.79900189372711 1.25380086619407 1.19263699394651 1.70401254342869 1.93623515637591 1.02178259054199 1.87860418437049 1.06466018222272 1.33666834118776 1.58331537805498 1.62247665529139 1.27142333122902 1.34813261055388 1.66594846034423 1.18365629040636 1.37002319982275 1.45077832625248 1.1163402586244 1.3724479994271 1.16388303157873 1.67401105468161 1.10414896789007 1.31450297031552 1.64733757288195
1.56820024992339 1.50891397125088 0 1.84591493895277 1.89157199743204 1.44489705981687 1.71757118054666 1.28972911625169 1.3384133821819 1.50788621441461 1.50408844626509 1.08284754725173 1.0859847094398 1.80266323289834 1.58224524999969 0.999906280776486 1.07859799196012 1.28841381031089 1.29012558655813 1.0773693441879 1.30477093718946 1.42517256829888 1.01441430696286 1.03583412081935 1.67662222962826 1.20697123464197 0.990528401685879 1.64532210212201 1.75242014252581 1.73697432572953
1.02407645364292 1.74435487412848 1.84591493895277 0 1.17108832672238 1.26047577196732 1.55520090507343 1.75814945087768 1.65025255270302 1.47338897595182 1.48563329549506 1.41466508666053 1.92853840230964 1.61722964793444 1.47575296461582 1.240718357265 1.06751968478784 1.26553168077953 1.54286920512095 1.73662295565009 1.59353985311463 1.21745202410966 1.90604400704615 1.14075640006922 1.11781070032157 1.13300227699801 1.59869226324372 1.83314426150173 1.19504930544645 1.17930005257949
1.80738751287572 1.73206408973783 1.89157199743204 1.17108832672238 0 1.10291659133509 0.998241463676095 1.22254123492166 1.0693900201004 1.83750503347255 1.12410176289268 1.84576379391365 1.33442732342519 1.91141216433607 1.94829344400205 1.82915264344774 1.35971443494782 1.45313154323958 1.46372675523162 1.45378537289798 1.86852652020752 1.8492906880565 1.22321933158673 1.17441658652388 1.00176831730641 1.14749890705571 1.80998522648588 1.47034333064221 1.9093639862258 1.52866437868215
1.85301840212196 1.0544119339902 1.44489705981687 1.26047577196732 1.10291659133509 0 1.19228277425282 1.37559875240549 1.31731342989951 0.966673656832427 1.04503987263888 1.40653900592588 1.30473578581586 1.62086593499407 1.63517534988932 1.92629710934125 1.74061494576745 1.55096757179126 1.50745555222966 1.4687948608771 1.13352394197136 1.30900224391371 1.49398583522998 1.85503205657005 1.64294990291819 1.41002767370082 1.46961177908815 1.78462099540047 1.29948911815882 1.0865215184167
1.59449604596011 1.79900189372711 1.71757118054666 1.55520090507343 0.998241463676095 1.19228277425282 0 1.37555729155429 1.57498008036055 1.53231361228973 1.36935239122249 1.18322182330303 1.61570321256295 1.83842568984255 1.24708549934439 1.673962790519 1.28592280158773 1.86338889063336 1.87058817897923 1.19993750029244 1.95335399871692 1.14935150672682 1.82559796492569 1.7193954421673 1.25460471143015 1.12862113956362 1.77007691934705 1.30195587873459 1.57003441615961 1.42053237184882
1.61414306680672 1.25380086619407 1.28972911625169 1.75814945087768 1.22254123492166 1.37559875240549 1.37555729155429 0 1.95715650240891 1.76376560959034 1.25791612430476 1.04764345381409 1.23426993587054 1.56392194447108 1.04735483787954 0.994263232219964 1.44788858364336 1.73509258078411 1.30005654669367 1.80833307513967 1.48352914955467 1.66492723347619 1.54537102021277 1.11016959534027 1.6993730799295 1.56800074293278 1.74406699393876 1.90968101937324 1.02676182263531 1.76351812109351
1.57648701616563 1.19263699394651 1.3384133821819 1.65025255270302 1.0693900201004 1.31731342989951 1.57498008036055 1.95715650240891 0 1.18193195178173 1.87554746400565 1.1407838659361 1.33443734212779 1.14884641789831 1.10688333702274 1.01512621715665 1.68765747058205 1.5794349485077 1.32124249590561 1.8099619736895 1.49268923839554 1.34198385989293 1.62900783936493 1.16544790938497 1.61695168097503 1.36819266295061 1.1535232111346 1.11157355736941 1.48055060626939 1.70141911855899
1.62589188665152 1.70401254342869 1.50788621441461 1.47338897595182 1.83750503347255 0.966673656832427 1.53231361228973 1.76376560959034 1.18193195178173 0 1.84412167593837 1.740099305287 1.66643464379013 1.81486594374292 1.80689364112914 1.44932004017755 1.38747879257426 1.83089252375066 1.668317142874 1.62176393135451 1.50329686840996 1.6745464859996 1.80626359465532 1.24431890691631 1.49606630019844 1.48982791928574 1.02095783990808 1.07914263312705 1.00492389686406 1.52242344501428
1.47087496821769 1.93623515637591 1.50408844626509 1.48563329549506 1.12410176289268 1.04503987263888 1.36935239122249 1.25791612430476 1.87554746400565 1.84412167593837 0 1.36041351617314 1.956134917913 1.48080636793748 1.33166147605516 1.37211942509748 1.94806747115217 1.30023229774088 1.11899372842163 1.70754759036936 1.83852401631884 1.34377780696377 1.93531150673516 0.987684577703476 1.73088926379569 1.62929111951962 0.967655128333718 1.30301435478032 1.54657688434236 1.73186639253981
1.63606429402716 1.02178259054199 1.08284754725173 1.41466508666053 1.84576379391365 1.40653900592588 1.18322182330303 1.04764345381409 1.1407838659361 1.740099305287 1.36041351617314 0 1.56803027074784 1.82133925915696 1.7371711183805 1.40636002155952 1.35485438327305 1.9026199253276 1.28912615636364 1.06503254943527 1.29697984363884 1.33637139736675 1.7938210691791 1.16298669227399 1.73571087117307 1.64267966849729 1.3311624545604 1.34496973198839 0.975935594178736 1.70795239252038
1.20657687261701 1.87860418437049 1.0859847094398 1.92853840230964 1.33442732342519 1.30473578581586 1.61570321256295 1.23426993587054 1.33443734212779 1.66643464379013 1.956134917913 1.56803027074784 0 1.57989795529284 1.04265567590483 1.36731487698853 1.07441451726481 1.13909942307509 1.82896537077613 1.06570885749534 1.57687812228687 1.47577384929173 1.03469570586458 0.968450340209529 1.70093737961724 1.59592711203732 1.15446995571256 1.95911448076367 1.7035482772626 1.6768809936475
1.12703887699172 1.06466018222272 1.80266323289834 1.61722964793444 1.91141216433607 1.62086593499407 1.83842568984255 1.56392194447108 1.14884641789831 1.81486594374292 1.48080636793748 1.82133925915696 1.57989795529284 0 1.8239313592203 1.92322395276278 1.84574990696274 1.95400430960581 1.2135486935731 1.17586571350694 1.05097888503224 1.56826156843454 1.19898146693595 1.21940477867611 0.975856071338058 1.48225861485116 1.67260428355075 1.89257557620294 1.54621989629231 1.53724930761382
1.24972635647282 1.33666834118776 1.58224524999969 1.47575296461582 1.94829344400205 1.63517534988932 1.24708549934439 1.04735483787954 1.10688333702274 1.80689364112914 1.33166147605516 1.7371711183805 1.04265567590483 1.8239313592203 0 0.980820990633219 1.01018778607249 1.93541426351294 1.76287985383533 1.36241350299679 1.45255659706891 1.09055043919943 1.82618059730157 1.71099528321065 1.5078802050557 1.51985072833486 1.48688631225377 1.02015810576268 1.00003126682714 1.28350103530101
1.23142154491507 1.58331537805498 0.999906280776486 1.240718357265 1.82915264344774 1.92629710934125 1.673962790519 0.994263232219964 1.01512621715665 1.44932004017755 1.37211942509748 1.40636002155952 1.36731487698853 1.92322395276278 0.980820990633219 0 1.58846539142542 1.14955320861191 1.62892652209848 1.91198202129453 1.81177599471994 1.44269990548491 1.23147220606916 1.03577931271866 1.94129282794893 1.80797256738879 1.1657405521255 1.39114446565509 1.18214514874853 1.92097233072855
1.48261246853508 1.62247665529139 1.07859799196012 1.06751968478784 1.35971443494782 1.74061494576745 1.28592280158773 1.44788858364336 1.68765747058205 1.38747879257426 1.94806747115217 1.35485438327305 1.07441451726481 1.84574990696274 1.01018778607249 1.58846539142542 0 1.22079871990718 1.8115185352508 1.82712702802382 1.62779057235457 1.52474377560429 1.9273810070008 1.56978407199495 0.971416396554559 1.53452867176384 1.92044631042518 1.76829766645096 1.17232332611457 1.01482292450964
1.70591401611455 1.27142333122902 1.28841381031089 1.26553168077953 1.45313154323958 1.55096757179126 1.86338889063336 1.73509258078411 1.5794349485077 1.83089252375066 1.30023229774088 1.9026199253276 1.13909942307509 1.95400430960581 1.93541426351294 1.14955320861191 1.22079871990718 0 1.24838727316819 1.52664636704139 1.13552299421281 1.85167470341548 1.72976294648834 1.27222588984296 1.07670359080657 1.9031308745034 1.31122940452769 1.46919613098726 1.46099737472832 1.61093948082998
1.71470149629749 1.34813261055388 1.29012558655813 1.54286920512095 1.46372675523162 1.50745555222966 1.87058817897923 1.30005654669367 1.32124249590561 1.668317142874 1.11899372842163 1.28912615636364 1.82896537077613 1.2135486935731 1.76287985383533 1.62892652209848 1.8115185352508 1.24838727316819 0 1.34339108131826 1.38834737148136 1.52625422156416 1.20586567558348 1.0338561530225 0.974238980328664 1.4254536414519 1.41112011531368 1.3684051160235 1.43638934614137 1.81947476137429
1.58095684507862 1.66594846034423 1.0773693441879 1.73662295565009 1.45378537289798 1.4687948608771 1.19993750029244 1.80833307513967 1.8099619736895 1.62176393135451 1.70754759036936 1.06503254943527 1.06570885749534 1.17586571350694 1.36241350299679 1.91198202129453 1.82712702802382 1.52664636704139 1.34339108131826 0 1.37646874831989 1.24269340164028 1.1988706109114 1.37464596936479 1.19058877322823 1.05661857128143 1.92369524412788 1.90723424893804 1.31480209762231 1.92504064156674
1.73165307124145 1.18365629040636 1.30477093718946 1.59353985311463 1.86852652020752 1.13352394197136 1.95335399871692 1.48352914955467 1.49268923839554 1.50329686840996 1.83852401631884 1.29697984363884 1.57687812228687 1.05097888503224 1.45255659706891 1.81177599471994 1.62779057235457 1.13552299421281 1.38834737148136 1.37646874831989 0 1.07379610743374 1.29186338558793 1.46799066080712 1.14993357402273 1.57224453380331 1.23677979130298 1.41674200119451 1.85905908886343 1.12113715219311
1.53932409128174 1.37002319982275 1.42517256829888 1.21745202410966 1.8492906880565 1.30900224391371 1.14935150672682 1.66492723347619 1.34198385989293 1.6745464859996 1.34377780696377 1.33637139736675 1.47577384929173 1.56826156843454 1.09055043919943 1.44269990548491 1.52474377560429 1.85167470341548 1.52625422156416 1.24269340164028 1.07379610743374 0 1.65851266612299 1.00482307188213 1.82639598310925 1.2623020701576 1.44107798603363 1.76874937210232 1.69298953888938 1.64408494532108
1.02518380340189 1.45077832625248 1.01441430696286 1.90604400704615 1.22321933158673 1.49398583522998 1.82559796492569 1.54537102021277 1.62900783936493 1.80626359465532 1.93531150673516 1.7938210691791 1.03469570586458 1.19898146693595 1.82618059730157 1.23147220606916 1.9273810070008 1.72976294648834 1.20586567558348 1.1988706109114 1.29186338558793 1.65851266612299 0 1.85911075607873 1.04458974837326 1.60515685123391 1.11002141935751 1.168709698366 1.9615562974941 1.31925204675645
1.46496403845958 1.1163402586244 1.03583412081935 1.14075640006922 1.17441658652388 1.85503205657005 1.7193954421673 1.11016959534027 1.16544790938497 1.24431890691631 0.987684577703476 1.16298669227399 0.968450340209529 1.21940477867611 1.71099528321065 1.03577931271866 1.56978407199495 1.27222588984296 1.0338561530225 1.37464596936479 1.46799066080712 1.00482307188213 1.85911075607873 0 1.31265003839508 1.91312068281695 1.92511045257561 1.68015066976659 1.40912059345283 1.1234955592081
1.51971093029715 1.3724479994271 1.67662222962826 1.11781070032157 1.00176831730641 1.64294990291819 1.25460471143015 1.6993730799295 1.61695168097503 1.49606630019844 1.73088926379569 1.73571087117307 1.70093737961724 0.975856071338058 1.5078802050557 1.94129282794893 0.971416396554559 1.07670359080657 0.974238980328664 1.19058877322823 1.14993357402273 1.82639598310925 1.04458974837326 1.31265003839508 0 1.81567574990913 1.56834526942112 1.60711417510174 1.57197268377058 1.26076428359374
1.95417056279257 1.16388303157873 1.20697123464197 1.13300227699801 1.14749890705571 1.41002767370082 1.12862113956362 1.56800074293278 1.36819266295061 1.48982791928574 1.62929111951962 1.64267966849729 1.59592711203732 1.48225861485116 1.51985072833486 1.80797256738879 1.53452867176384 1.9031308745034 1.4254536414519 1.05661857128143 1.57224453380331 1.2623020701576 1.60515685123391 1.91312068281695 1.81567574990913 0 1.26058862009086 1.1241186899133 1.26093517383561 1.19958016695455
1.30844985158183 1.67401105468161 0.990528401685879 1.59869226324372 1.80998522648588 1.46961177908815 1.77007691934705 1.74406699393876 1.1535232111346 1.02095783990808 0.967655128333718 1.3311624545604 1.15446995571256 1.67260428355075 1.48688631225377 1.1657405521255 1.92044631042518 1.31122940452769 1.41112011531368 1.92369524412788 1.23677979130298 1.44107798603363 1.11002141935751 1.92511045257561 1.56834526942112 1.26058862009086 0 1.07918785721995 0.967404722468928 1.6113157258369
1.3800970679149 1.10414896789007 1.64532210212201 1.83314426150173 1.47034333064221 1.78462099540047 1.30195587873459 1.90968101937324 1.11157355736941 1.07914263312705 1.30301435478032 1.34496973198839 1.95911448076367 1.89257557620294 1.02015810576268 1.39114446565509 1.76829766645096 1.46919613098726 1.3684051160235 1.90723424893804 1.41674200119451 1.76874937210232 1.168709698366 1.68015066976659 1.60711417510174 1.1241186899133 1.07918785721995 0 0.989047974580899 1.83167849900201
1.09147313912399 1.31450297031552 1.75242014252581 1.19504930544645 1.9093639862258 1.29948911815882 1.57003441615961 1.02676182263531 1.48055060626939 1.00492389686406 1.54657688434236 0.975935594178736 1.7035482772626 1.54621989629231 1.00003126682714 1.18214514874853 1.17232332611457 1.46099737472832 1.43638934614137 1.31480209762231 1.85905908886343 1.69298953888938 1.9615562974941 1.40912059345283 1.57197268377058 1.26093517383561 0.967404722468928 0.989047974580899 0 1.41157378233038
1.08223383524455 1.64733757288195 1.73697432572953 1.17930005257949 1.52866437868215 1.0865215184167 1.42053237184882 1.76351812109351 1.70141911855899 1.52242344501428 1.73186639253981 1.70795239252038 1.6768809936475 1.53724930761382 1.28350103530101 1.92097233072855 1.01482292450964 1.61093948082998 1.81947476137429 1.92504064156674 1.12113715219311 1.64408494532108 1.31925204675645 1.1234955592081 1.26076428359374 1.19958016695455 1.6113157258369 1.83167849900201 1.41157378233038 0
