0 1.93910162313841 1.29397472459823 1.33831374743022 0.951679686782882 1.60960988537408 1.56537859491073 1.48164455429651 1.04585266765207 1.33559567597695 1.86419654311612 1.40453185909428 1.92856593825854 1.19699787045829 1.73401265754364 1.3379120179452 1.52871359908022 1.91402363940142 1.0912111743819 1.4262400039006 1.70546334818937 1.73880712804385 0.994005513610318 1.18553517386317 0.987297801533714 1.2765173970256 1.70862222323194 1.23016290948726 1.77974564605393 1.90124655188993
1.93910162313841 0 1.34967768681236 1.52900888212025 1.42803791421466 1.55247542797588 1.42880330653861 1.14406209019944 1.45135446684435 1.02929773251526 1.53201789385639 1.14374622679316 1.55635743588209 1.32399188983254 1.28223620238714 1.42700419505127 1.02276656404138 1.27920615184121 1.46188000752591 1.36054755095392 1.13905114517547 1.87659840099514 1.5395674193278 1.76394973997958 1.85253452393226 1.72905063885264 0.960532068507746 1.2226504299324 1.29811971192248 1.4127732894849
1.29397472459823 1.34967768681236 0 1.05109297949821 1.26364900777116 1.6942261417862 1.05093817296438 1.42700481996872 1.62010195967741 1.76358589576557 1.90198941156268 1.11058171396144 1.74679181911051 1.18413071869873 1.47727729217149 1.19859102065675 1.54533074912615 1.69941964745522 1.39773936732672 1.85777284228243 1.42469152691774 1.79703854164109 1.60185709432699 1.51384405908175 1.67337056342512 1.38583561498672 1.12630544020794 1.26836566464044 1.93782406067476 1.02929185284302
1.33831374743022 1.52900888212025 1.05109297949821 0 1.31740191183053 1.10716462973505 1.57813239959069 1.00557574862614 1.21339648333378 1.90789900254458 1.23808441567235 1.42332195513882 1.36824764334597 1.00343564152718 1.32384826219641 1.18708924786188 1.88286110991612 1.49716607644223 1.55505651631393 1.3421971492935 1.21494848444127 1.73019153648056 1.93480391008779 1.64486640552059 1.58395388699137 1.11876367148943 1.23656560247764 1.81771076656878 1.93689963850193 1.5429200779181
0.951679686782882 1.42803791421466 1.26364900777116 1.31740191183053 0 0.962616933975369 1.52156401542015 1.3865233566612 1.85893730819225 1.087675238261 1.04875933961011 1.71915959543549 1.83167648059316 0.972273488761857 1.60624030651525 1.6728730329778 1.22516362159513 1.61599025409669 0.996126624522731 1.28616286348552 1.58355471352115 1.4474539977964 1.35760078835301 1.22372729075141 1.3614240330644 1.17170378495939 1.23143863049336 1.13864256092347 1.82495954749174 1.85917812818661
1.60960988537408 1.55247542797588 1.6942261417862 1.10716462973505 0.962616933975369 0 0.99125188193284 1.19415789167397 1.2466197356116 1.37888984172605 1.93772593769245 1.09206354920752 1.5159405185841 1.08040627115406 1.41712939576246 1.57351816794835 1.08249698625877 1.52474852930754 1.59625917370431 1.05342960194685 1.52644588123076 1.11560741462745 1.78023347188719 1.94317423575558 0.963034543208778 1.29672447405756 1.78913531685248 1.82388785365038 1.55695223785006 1.63614117447287
1.56537859491073 1.42880330653861 1.05093817296438 1.57813239959069 1.52156401542015 0.99125188193284 0 1.8274787417613 1.51398671604693 1.38949045026675 1.08243393502198 1.44254444236867 1.58935742988251 1.54247353668325 1.63344288198277 1.42943867319264 0.984993649180979 1.06528744124807 1.64145124750212 1.72341933008283 1.30445732595399 1.8966439680662 1.30651881429367 1.57724128221162 1.24698469205759 1.29875844810158 1.04173931758851 1.34890455752611 1.24474839842878 1.22078722389415
1.48164455429651 1.14406209019944 1.42700481996872 1.00557574862614 1.3865233566612 1.19415789167397 1.8274787417613 0 1.08512173686177 1.18138684239239 1.17228779010475 1.49695668951608 1.23134048562497 1.59617346990854 1.29602070921101 1.59811342810281 1.08824029006064 1.61139661399648 1.03431918751448 1.59343081712723 1.01408243784681 1.34499990497716 1.51999750197865 1.64532942534424 1.2788110265974 1.25069100200199 1.50060038105585 1.48665060312487 1.93702189764008 1.77554487041198
1.04585266765207 1.45135446684435 1.62010195967741 1.21339648333378 1.85893730819225 1.2466197356116 1.51398671604693 1.08512173686177 0 1.73631176701747 1.4638424240984 1.19827307201922 1.51201767125167 1.72237743600272 1.94297393644229 1.49050323385745 1.18408182682469 1.31987587804906 1.30070153460838 1.49436859413981 1.51359945465811 1.74892007745802 1.20069159194827 1.39411374577321 1.58077070536092 1.79591506067663 1.1254006868694 1.58842979930341 1.28358749067411 1.83581693447195
1.33559567597695 1.02929773251526 1.76358589576557 1.90789900254458 1.087675238261 1.37888984172605 1.38949045026675 1.18138684239239 1.73631176701747 0 1.5518783563748 1.37719250028022 1.87219848507084 1.34278219426051 1.12830090802163 1.3294367485214 0.964938178425655 1.86897860374302 1.92867357376963 1.09545422135852 1.69744732882828 1.94713913230225 1.72808325174265 1.79384822095744 1.43008273118176 1.84991951822303 1.93547667586245 1.02094457647763 1.85306479199789 1.27456756215543
1.86419654311612 1.53201789385639 1.90198941156268 1.23808441567235 1.04875933961011 1.93772593769245 1.08243393502198 1.17228779010475 1.4638424240984 1.5518783563748 0 1.80092659732327 1.8309425895568 1.62783882697113 1.65351128671318 1.4855889249593 1.89215037878603 1.1714814058505 1.32866460480727 1.47823262307793 1.2273845335003 1.33577323146164 1.19919632747769 1.02244027447887 1.88187933224253 1.29808618267998 1.18072987627238 0.972161817131564 1.42211905471049 1.36265326687135
1.40453185909428 1.14374622679316 1.11058171396144 1.42332195513882 1.71915959543549 1.09206354920752 1.44254444236867 1.49695668951608 1.19827307201922 1.37719250028022 1.80092659732327 0 1.5325044542551 1.28275356511585 1.11708912136964 1.7611196085345 1.93631579494104 1.46442201803438 1.65902510215528 1.20786678465083 1.62719952804036 1.33329595043324 1.73001956776716 1.77219187119044 1.55097606731579 1.60191061487421 1.60448597720824 1.24129492766224 1.83653813158162 1.76665570912883
1.92856593825854 1.55635743588209 1.74679181911051 1.36824764334597 1.83167648059316 1.5159405185841 1.58935742988251 1.23134048562497 1.51201767125167 1.87219848507084 1.8309425895568 1.5325044542551 0 1.72849113401026 1.7840899862349 1.9285589333158 1.11664950964041 1.52978241979145 1.10023884475231 1.15066292858683 1.37159344065003 1.58501421171241 1.07323518814519 1.8113835635595 1.46937933610752 1.41389148775488 1.39174782298505 1.2940309275873 0.982718273531646 1.00619976385497
1.19699787045829 1.32399188983254 1.18413071869873 1.00343564152718 0.972273488761857 1.08040627115406 1.54247353668325 1.59617346990854 1.72237743600272 1.34278219426051 1.62783882697113 1.28275356511585 1.72849113401026 0 1.7653925830964 1.09763703937642 1.81024146312848 1.05615972192027 1.07816140051 1.68855959060602 1.67234250414185 1.08172738738358 1.90945370588452 1.44305319269188 1.87317179981619 1.52500398270786 1.9065149712842 1.70598135818727 1.94317607418634 1.51051886193454
1.73401265754364 1.28223620238714 1.47727729217149 1.32384826219641 1.60624030651525 1.41712939576246 1.63344288198277 1.29602070921101 1.94297393644229 1.12830090802163 1.65351128671318 1.11708912136964 1.7840899862349 1.7653925830964 0 1.92462777951732 1.92502744379453 1.72119334479794 1.7328658956103 1.64380617835559 1.05490768095478 1.50150988390669 1.84704430005513 1.87007150729187 1.46946016210131 1.2810238909442 1.23948013712652 1.15360721130855 1.80790042527951 1.42083217785694
1.3379120179452 1.42700419505127 1.19859102065675 1.18708924786188 1.6728730329778 1.57351816794835 1.42943867319264 1.59811342810281 1.49050323385745 1.3294367485214 1.4855889249593 1.7611196085345 1.9285589333158 1.09763703937642 1.92462777951732 0 1.91641644877382 1.13435922143981 1.31039244122803 1.07555595738813 1.22319460427389 1.54550923150964 0.969355772947893 1.10790587286465 1.67055954877287 1.03785981866531 1.23235552036203 1.52174983313307 1.24396419432014 1.36847579595633
1.52871359908022 1.02276656404138 1.54533074912615 1.88286110991612 1.22516362159513 1.08249698625877 0.984993649180979 1.08824029006064 1.18408182682469 0.964938178425655 1.89215037878603 1.93631579494104 1.11664950964041 1.81024146312848 1.92502744379453 1.91641644877382 0 1.35744365584105 1.45096193929203 1.81580944661982 1.55201460863464 1.62535170884803 1.8765749274753 1.70114711276256 1.83610207517631 1.45514100161381 1.6092855676543 0.958384561352432 1.79410925181583 1.48782475595362
1.91402363940142 1.27920615184121 1.69941964745522 1.49716607644223 1.61599025409669 1.52474852930754 1.06528744124807 1.61139661399648 1.31987587804906 1.86897860374302 1.1714814058505 1.46442201803438 1.52978241979145 1.05615972192027 1.72119334479794 1.13435922143981 1.35744365584105 0 1.63879286963493 1.39938239823096 1.9409173054155 1.30244567547925 0.987230145605281 1.40119873033836 1.09813697752543 1.74359138263389 1.80301686283201 1.79873736808077 1.27180522074923 1.15263413637877
1.0912111743819 1.46188000752591 1.39773936732672 1.55505651631393 0.996126624522731 1.59625917370431 1.64145124750212 1.03431918751448 1.30070153460838 1.92867357376963 1.32866460480727 1.65902510215528 1.10023884475231 1.07816140051 1.7328658956103 1.31039244122803 1.45096193929203 1.63879286963493 0 1.50468822661787 1.50762594700791 0.959312048507854 1.49810463795438 1.0458604786545 1.92672549467534 1.06178171001375 1.55346235120669 1.66997522488236 1.25690480321646 1.35452091973275
1.4262400039006 1.36054755095392 1.85777284228243 1.3421971492935 1.28616286348552 1.05342960194685 1.72341933008283 1.59343081712723 1.49436859413981 1.09545422135852 1.47823262307793 1.20786678465083 1.15066292858683 1.68855959060602 1.64380617835559 1.07555595738813 1.81580944661982 1.39938239823096 1.50468822661787 0 1.22557484614663 1.83769703586586 0.954265333944932 1.29785451013595 1.90669108554721 1.46094777272083 0.98116993275471 1.31791560025886 1.346646692371 1.04216511547565
1.70546334818937 1.13905114517547 1.42469152691774 1.21494848444127 1.58355471352115 1.52644588123076 1.30445732595399 1.01408243784681 1.51359945465811 1.69744732882828 1.2273845335003 1.62719952804036 1.37159344065003 1.67234250414185 1.05490768095478 1.22319460427389 1.55201460863464 1.9409173054155 1.50762594700791 1.22557484614663 0 1.7020099631045 1.48493768461049 1.20853541675024 1.13717543031089 1.15209395322017 1.54654860077426 1.03672110824846 1.01795981545001 1.01121765258722
1.73880712804385 1.87659840099514 1.79703854164109 1.73019153648056 1.4474539977964 1.11560741462745 1.8966439680662 1.34499990497716 1.74892007745802 1.94713913230225 1.33577323146164 1.33329595043324 1.58501421171241 1.08172738738358 1.50150988390669 1.54550923150964 1.62535170884803 1.30244567547925 0.959312048507854 1.83769703586586 1.7020099631045 0 1.05349224875681 1.3004332431592 0.967413446167484 1.18537100404501 1.6252870997414 1.1513573625125 1.38010761979967 1.71587276598439
0.994005513610318 1.5395674193278 1.60185709432699 1.93480391008779 1.35760078835301 1.78023347188719 1.30651881429367 1.51999750197865 1.20069159194827 1.72808325174265 1.19919632747769 1.73001956776716 1.07323518814519 1.90945370588452 1.84704430005513 0.969355772947893 1.8765749274753 0.987230145605281 1.49810463795438 0.954265333944932 1.48493768461049 1.05349224875681 0 1.72055922891013 1.8076599847991 1.69642777531408 1.38391088368371 1.20111156906933 1.00339807081036 1.497945377836
1.18553517386317 1.76394973997958 1.51384405908175 1.64486640552059 1.22372729075141 1.94317423575558 1.57724128221162 1.64532942534424 1.39411374577321 1.79384822095744 1.02244027447887 1.77219187119044 1.8113835635595 1.44305319269188 1.87007150729187 1.10790587286465 1.70114711276256 1.40119873033836 1.0458604786545 1.29785451013595 1.20853541675024 1.3004332431592 1.72055922891013 0 1.24508837237954 1.19855412887409 1.83672129828483 1.77791281556711 1.09004498762079 1.48541852622293
0.987297801533714 1.85253452393226 1.67337056342512 1.58395388699137 1.3614240330644 0.963034543208778 1.24698469205759 1.2788110265974 1.58077070536092 1.43008273118176 1.88187933224253 1.55097606731579 1.46937933610752 1.87317179981619 1.46946016210131 1.67055954877287 1.83610207517631 1.09813697752543 1.92672549467534 1.90669108554721 1.13717543031089 0.967413446167484 1.8076599847991 1.24508837237954 0 0.961499107303098 1.44254666822962 1.69707729504444 1.21879309345968 1.39797030948102
1.2765173970256 1.72905063885264 1.38583561498672 1.11876367148943 1.17170378495939 1.29672447405756 1.29875844810158 1.25069100200199 1.79591506067663 1.84991951822303 1.29808618267998 1.60191061487421 1.41389148775488 1.52500398270786 1.2810238909442 1.03785981866531 1.45514100161381 1.74359138263389 1.06178171001375 1.46094777272083 1.15209395322017 1.18537100404501 1.69642777531408 1.19855412887409 0.961499107303098 0 1.48127557919361 1.89316809480079 1.51586479041725 1.93854333064519
1.70862222323194 0.960532068507746 1.12630544020794 1.23656560247764 1.23143863049336 1.78913531685248 1.04173931758851 1.50060038105585 1.1254006868694 1.93547667586245 1.18072987627238 1.60448597720824 1.39174782298505 1.9065149712842 1.23948013712652 1.23235552036203 1.6092855676543 1.80301686283201 1.55346235120669 0.98116993275471 1.54654860077426 1.6252870997414 1.38391088368371 1.83672129828483 1.44254666822962 1.48127557919361 0 0.949062122032046 1.24975068052299 1.13965023029596
1.23016290948726 1.2226504299324 1.26836566464044 1.81771076656878 1.13864256092347 1.82388785365038 1.34890455752611 1.48665060312487 1.58842979930341 1.02094457647763 0.972161817131564 1.24129492766224 1.2940309275873 1.70598135818727 1.15360721130855 1.52174983313307 0.958384561352432 1.79873736808077 1.66997522488236 1.31791560025886 1.03672110824846 1.1513573625125 1.20111156906933 1.77791281556711 1.69707729504444 1.89316809480079 0.949062122032046 0 1.31148014171049 1.84646075800993
1.77974564605393 1.29811971192248 1.93782406067476 1.93689963850193 1.82495954749174 1.55695223785006 1.24474839842878 1.93702189764008 1.28358749067411 1.85306479199789 1.42211905471049 1.83653813158162 0.982718273531646 1.94317607418634 1.80790042527951 1.24396419432014 1.79410925181583 1.27180522074923 1.25690480321646 1.346646692371 1.01795981545001 1.38010761979967 1.00339807081036 1.09004498762079 1.21879309345968 1.51586479041725 1.24975068052299 1.31148014171049 0 1.26593920309097
1.90124655188993 1.4127732894849 1.02929185284302 1.5429200779181 1.85917812818661 1.63614117447287 1.22078722389415 1.77554487041198 1.83581693447195 1.27456756215543 1.36265326687135 1.76665570912883 1.00619976385497 1.51051886193454 1.42083217785694 1.36847579595633 1.48782475595362 1.15263413637877 1.35452091973275 1.04216511547565 1.01121765258722 1.71587276598439 1.497945377836 1.48541852622293 1.39797030948102 1.93854333064519 1.13965023029596 1.84646075800993 1.26593920309097 0
