0 0.94460346037522 1.46414672653191 1.63689574040473 1.81550434697419 1.8758279546164 1.63711009453982 1.63807816198096 1.46730762766674 1.4386491170153 1.77565841958858 1.44802425056696 1.38455801131204 1.00738150649704 0.918163413181901 1.80183374229819 1.60950161120854 1.29853537166491 1.59743265109137 1.60830000997521 0.964009281480685 1.23723082290962 1.14557331055403 1.57418925175443 1.537474518409 1.6653506772127 1.11542170494795 1.82781079225242 1.51194083830342 1.86636942927726
0.94460346037522 0 1.6702150744386 1.04074455192313 1.46040314482525 1.6798334880732 1.4767521165777 1.69949769880623 1.60854916833341 1.279618433211 1.25912496168166 1.34347653808072 1.33193965326063 1.43724670703523 0.939703385345638 1.39269456896 1.70439508138224 1.46344669698738 1.74288058187813 1.70172365568578 1.30526468739845 1.60807104571722 1.14655781607144 1.70044660731219 1.15594291454181 1.81757099693641 1.67157533275895 1.3883846194949 1.5081519507803 1.26876149489544
1.46414672653191 1.6702150744386 0 1.50311375176534 1.3723360542208 1.85342291044071 1.20076774875633 1.65906123211607 1.68190763168968 1.47073057456873 1.40928589296527 1.02864648937248 1.31626602262259 1.75359531445429 1.22150015761144 0.94322666968219 1.42526722000912 1.4093373909127 1.81060212384909 1.26817637099884 0.983467695768923 1.87574857473373 1.6106887566857 1.33610284980386 1.05555763537996 1.03359556058422 1.00047107436694 1.21618077624589 1.17466302937828 1.25140254269354
1.63689574040473 1.04074455192313 1.50311375176534 0 1.8033996289596 1.52063094358891 1.30699209822342 1.44542994443327 1.73692615819164 1.27905383124016 1.59440158028156 1.01677092514001 1.40785807813518 1.8485666543711 1.80811996478587 1.67084758076817 1.15972870052792 1.05604080250487 1.66321212612092 1.13011347549036 1.5088609221857 1.54218193166889 1.06643998343498 1.59809332201257 1.87579699256457 1.8366495615337 1.29014973761514 1.48430213029496 1.56398644368164 0.992395004723221
1.81550434697419 1.46040314482525 1.3723360542208 1.8033996289596 0 1.09353987732902 1.22775363759138 1.12893920880742 0.948807029286399 1.64296438568272 1.8150807544589 1.06728350906633 1.46683897194453 1.08464846434072 1.44819523254409 1.58490017219447 1.29994920641184 1.53763234452344 0.933001943863928 1.30995610309765 1.70665532140993 1.89612747705542 1.04862745618448 1.02083774656057 1.71337407990359 1.27148368139751 1.46970650879666 0.997279564384371 1.05623283749446 1.59714582329616
1.8758279546164 1.6798334880732 1.85342291044071 1.52063094358891 1.09353987732902 0 1.54929574811831 0.961444812826812 1.16278248745948 1.19540166505612 1.20507354219444 1.80919440998696 1.13771606958471 1.33515884703957 1.37010264280252 1.78174483589828 1.03015005006455 1.08242536056787 1.11849764431827 1.37139848642983 1.31100257486105 1.35256732953712 1.23980868910439 1.11263918830082 1.36950692092068 1.62618315848522 1.20490754279308 0.973332807421684 1.44469458959065 1.3741459378507
1.63711009453982 1.4767521165777 1.20076774875633 1.30699209822342 1.22775363759138 1.54929574811831 0 1.40870690927841 1.88433776632883 1.56181072676554 1.62634905357845 1.62257792497985 1.4468572922051 1.05643539177254 1.40566730569117 1.62275156844407 1.59243565471843 1.16273207822815 1.40597064234316 1.75169280567206 1.3459646794945 1.00512259895913 1.14742592582479 1.46545870578848 1.53762190626003 1.11627248907462 1.43973590014502 1.7194897623267 1.51733054802753 1.15832322812639
1.63807816198096 1.69949769880623 1.65906123211607 1.44542994443327 1.12893920880742 0.961444812826812 1.40870690927841 0 0.919191837543622 1.05328176333569 1.45739716850221 1.78343347762711 1.63305668137036 1.17618722771294 1.28563505178317 1.29065123386681 0.953689413378015 1.04270506906323 1.61545486166142 1.8202810974326 1.85250229085796 1.19968111254275 1.60026746918447 1.84822968021035 1.70031548058614 1.14210614562035 1.81018354580738 0.914676891639829 1.75613600877114 1.52940643276088
1.46730762766674 1.60854916833341 1.68190763168968 1.73692615819164 0.948807029286399 1.16278248745948 1.88433776632883 0.919191837543622 0 1.48839112184942 1.36985458969139 1.19989720941521 1.61022911174223 1.44660806609318 1.49667779100128 0.952161459252238 1.35407873569056 1.67120239580981 1.67312089563347 1.87853327626362 0.95882186666131 1.23866894096136 1.69758744863793 1.77335667633452 1.72054492146708 1.43632535915822 1.21156070125289 1.2155523323454 1.60765830986202 1.50598232750781
1.4386491170153 1.279618433211 1.47073057456873 1.27905383124016 1.64296438568272 1.19540166505612 1.56181072676554 1.05328176333569 1.48839112184942 0 1.60591581882909 1.44786519138142 1.85355413379148 1.06809034431353 1.89199629379436 0.943238878855482 1.4971034869086 1.18074714695103 1.81456564064138 1.42481628665701 0.918595464201644 1.76122668595053 1.07356825680472 1.05929651600309 1.62403084011748 1.40072035393678 1.6892107531894 1.43841587612405 1.28152895020321 1.69130429672077
1.77565841958858 1.25912496168166 1.40928589296527 1.59440158028156 1.8150807544589 1.20507354219444 1.62634905357845 1.45739716850221 1.36985458969139 1.60591581882909 0 1.53441225155257 1.44363659387454 1.16097781085409 1.9032481960021 1.54594007274136 1.42130855447613 1.88082668511197 1.76669628219679 1.45452350121923 1.39233463164419 0.972385464468971 1.55565111734904 1.25926704518497 1.66320657846518 1.59246374713257 1.03767176577821 1.44500607880764 1.38058719527908 1.10709410253912
1.44802425056696 1.34347653808072 1.02864648937248 1.01677092514001 1.06728350906633 1.80919440998696 1.62257792497985 1.78343347762711 1.19989720941521 1.44786519138142 1.53441225155257 0 0.954752728808671 1.16034914646298 1.55132658174261 1.50114782480523 1.65996512095444 1.13861324940808 1.22111522848718 1.71368823386729 1.0568272639066 1.12808935297653 1.13478945731185 1.16391832195222 1.28176411776803 1.84138388116844 1.59330045850947 1.06059630424716 1.70129334484227 1.44492781884037
1.38455801131204 1.33193965326063 1.31626602262259 1.40785807813518 1.46683897194453 1.13771606958471 1.4468572922051 1.63305668137036 1.61022911174223 1.85355413379148 1.44363659387454 0.954752728808671 0 1.38647995656356 1.85334927006625 1.31099761486985 0.971837624674663 1.32459582434967 1.13314444175921 1.77609949512407 1.53641485376284 1.60965473135002 1.51572779542767 1.08908225153573 1.40872590127401 0.953570275567472 1.64169240486808 1.3105407927651 1.82700000423938 1.91004466731101
1.00738150649704 1.43724670703523 1.75359531445429 1.8485666543711 1.08464846434072 1.33515884703957 1.05643539177254 1.17618722771294 1.44660806609318 1.06809034431353 1.16097781085409 1.16034914646298 1.38647995656356 0 1.46031042328104 1.65151801984757 1.63932773401029 1.35474803089164 1.76999677624553 1.28983891033567 1.34728318545967 1.59467822290026 1.8467165005859 1.39837020332925 1.22934701060876 1.28181574377231 1.33516596443951 1.15086204302497 1.86074447771534 1.884740463458
0.918163413181901 0.939703385345638 1.22150015761144 1.80811996478587 1.44819523254409 1.37010264280252 1.40566730569117 1.28563505178317 1.49667779100128 1.89199629379436 1.9032481960021 1.55132658174261 1.85334927006625 1.46031042328104 0 0.948757414938882 1.05381525307894 1.86688528233208 1.6210980466567 1.13381352624856 1.07231313898228 1.30541336443275 1.18977595074102 1.12838876037858 1.68821614934132 1.2117757818196 1.60427544964477 1.06391734676436 1.2605328252539 1.35404506023042
1.80183374229819 1.39269456896 0.94322666968219 1.67084758076817 1.58490017219447 1.78174483589828 1.62275156844407 1.29065123386681 0.952161459252238 0.943238878855482 1.54594007274136 1.50114782480523 1.31099761486985 1.65151801984757 0.948757414938882 0 1.78307162667625 1.04420913779177 1.0548445796594 1.72190910158679 1.74892387352884 1.14087320980616 1.65191233973019 1.60427270876244 0.936020252062008 1.13848859886639 1.10752297611907 1.12993351276964 1.74415149260312 1.79149426450022
1.60950161120854 1.70439508138224 1.42526722000912 1.15972870052792 1.29994920641184 1.03015005006455 1.59243565471843 0.953689413378015 1.35407873569056 1.4971034869086 1.42130855447613 1.65996512095444 0.971837624674663 1.63932773401029 1.05381525307894 1.78307162667625 0 1.47303688945249 1.21567088412121 1.72731178696267 1.58999960962683 1.26767012290657 1.34431117377244 1.05024906480685 1.44157570949756 1.6196411321871 1.72279718169011 1.19077120930888 1.08765387511812 1.38945872429758
1.29853537166491 1.46344669698738 1.4093373909127 1.05604080250487 1.53763234452344 1.08242536056787 1.16273207822815 1.04270506906323 1.67120239580981 1.18074714695103 1.88082668511197 1.13861324940808 1.32459582434967 1.35474803089164 1.86688528233208 1.04420913779177 1.47303688945249 0 1.43130330368876 1.54235631902702 1.35809242492542 0.972915513440967 1.64931526128203 1.81920785550028 1.06355342059396 1.5482718506828 1.774549781112 1.87440093397163 1.43211299739778 1.63838578853756
1.59743265109137 1.74288058187813 1.81060212384909 1.66321212612092 0.933001943863928 1.11849764431827 1.40597064234316 1.61545486166142 1.67312089563347 1.81456564064138 1.76669628219679 1.22111522848718 1.13314444175921 1.76999677624553 1.6210980466567 1.0548445796594 1.21567088412121 1.43130330368876 0 1.1575916968286 1.84520994499326 1.27547996467911 1.6270537620876 1.66394165437669 1.84665213059634 1.1149962968193 1.45309187076055 1.21310086874291 1.66782639501616 1.32130531780422
1.60830000997521 1.70172365568578 1.26817637099884 1.13011347549036 1.30995610309765 1.37139848642983 1.75169280567206 1.8202810974326 1.87853327626362 1.42481628665701 1.45452350121923 1.71368823386729 1.77609949512407 1.28983891033567 1.13381352624856 1.72190910158679 1.72731178696267 1.54235631902702 1.1575916968286 0 1.74223105190322 1.52431645803154 1.8287067017518 1.69028405589052 1.17962039262056 1.22368881711736 1.58288164902478 1.17322594579309 1.29082829249091 1.12938770605251
0.964009281480685 1.30526468739845 0.983467695768923 1.5088609221857 1.70665532140993 1.31100257486105 1.3459646794945 1.85250229085796 0.95882186666131 0.918595464201644 1.39233463164419 1.0568272639066 1.53641485376284 1.34728318545967 1.07231313898228 1.74892387352884 1.58999960962683 1.35809242492542 1.84520994499326 1.74223105190322 0 1.21852879156359 1.6948716356419 1.58645557006821 1.79347964026965 1.60226952820085 1.73166073136963 1.68899285676889 1.4353112843819 1.81372872181237
1.23723082290962 1.60807104571722 1.87574857473373 1.54218193166889 1.89612747705542 1.35256732953712 1.00512259895913 1.19968111254275 1.23866894096136 1.76122668595053 0.972385464468971 1.12808935297653 1.60965473135002 1.59467822290026 1.30541336443275 1.14087320980616 1.26767012290657 0.972915513440967 1.27547996467911 1.52431645803154 1.21852879156359 0 1.02377238939516 1.252404501196 1.72598442249 1.89407777041197 1.01189116179012 1.85481872037053 1.63990365411155 0.963244720827788
1.14557331055403 1.14655781607144 1.6106887566857 1.06643998343498 1.04862745618448 1.23980868910439 1.14742592582479 1.60026746918447 1.69758744863793 1.07356825680472 1.55565111734904 1.13478945731185 1.51572779542767 1.8467165005859 1.18977595074102 1.65191233973019 1.34431117377244 1.64931526128203 1.6270537620876 1.8287067017518 1.6948716356419 1.02377238939516 0 1.88100475794636 1.19950051186606 1.7694161797408 1.66583903273568 1.85830581234768 1.33683959930204 1.83129440038465
1.57418925175443 1.70044660731219 1.33610284980386 1.59809332201257 1.02083774656057 1.11263918830082 1.46545870578848 1.84822968021035 1.77335667633452 1.05929651600309 1.25926704518497 1.16391832195222 1.08908225153573 1.39837020332925 1.12838876037858 1.60427270876244 1.05024906480685 1.81920785550028 1.66394165437669 1.69028405589052 1.58645557006821 1.252404501196 1.88100475794636 0 1.89030994381756 1.77174879680388 0.976147508248687 1.36924741975963 1.69539886969142 1.75491136987694
1.537474518409 1.15594291454181 1.05555763537996 1.87579699256457 1.71337407990359 1.36950692092068 1.53762190626003 1.70031548058614 1.72054492146708 1.62403084011748 1.66320657846518 1.28176411776803 1.40872590127401 1.22934701060876 1.68821614934132 0.936020252062008 1.44157570949756 1.06355342059396 1.84665213059634 1.17962039262056 1.79347964026965 1.72598442249 1.19950051186606 1.89030994381756 0 1.39337908383459 1.09994523995556 1.17192086577415 1.06910959514789 1.33364876336418
1.6653506772127 1.81757099693641 1.03359556058422 1.8366495615337 1.27148368139751 1.62618315848522 1.11627248907462 1.14210614562035 1.43632535915822 1.40072035393678 1.59246374713257 1.84138388116844 0.953570275567472 1.28181574377231 1.2117757818196 1.13848859886639 1.6196411321871 1.5482718506828 1.1149962968193 1.22368881711736 1.60226952820085 1.89407777041197 1.7694161797408 1.77174879680388 1.39337908383459 0 1.66724774311297 1.83161889901385 1.19794638152234 1.56342258304358
1.11542170494795 1.67157533275895 1.00047107436694 1.29014973761514 1.46970650879666 1.20490754279308 1.43973590014502 1.81018354580738 1.21156070125289 1.6892107531894 1.03767176577821 1.59330045850947 1.64169240486808 1.33516596443951 1.60427544964477 1.10752297611907 1.72279718169011 1.774549781112 1.45309187076055 1.58288164902478 1.73166073136963 1.01189116179012 1.66583903273568 0.976147508248687 1.09994523995556 1.66724774311297 0 1.15491606597789 1.59013512753882 1.750227563316
1.82781079225242 1.3883846194949 1.21618077624589 1.48430213029496 0.997279564384371 0.973332807421684 1.7194897623267 0.914676891639829 1.2155523323454 1.43841587612405 1.44500607880764 1.06059630424716 1.3105407927651 1.15086204302497 1.06391734676436 1.12993351276964 1.19077120930888 1.87440093397163 1.21310086874291 1.17322594579309 1.68899285676889 1.85481872037053 1.85830581234768 1.36924741975963 1.17192086577415 1.83161889901385 1.15491606597789 0 1.82684355066158 1.2173903521616
1.51194083830342 1.5081519507803 1.17466302937828 1.56398644368164 1.05623283749446 1.44469458959065 1.51733054802753 1.75613600877114 1.60765830986202 1.28152895020321 1.38058719527908 1.70129334484227 1.82700000423938 1.86074447771534 1.2605328252539 1.74415149260312 1.08765387511812 1.43211299739778 1.66782639501616 1.29082829249091 1.4353112843819 1.63990365411155 1.33683959930204 1.69539886969142 1.06910959514789 1.19794638152234 1.59013512753882 1.82684355066158 0 1.1653267047368
1.86636942927726 1.26876149489544 1.25140254269354 0.992395004723221 1.59714582329616 1.3741459378507 1.15832322812639 1.52940643276088 1.50598232750781 1.69130429672077 1.10709410253912 1.44492781884037 1.91004466731101 1.884740463458 1.35404506023042 1.79149426450022 1.38945872429758 1.63838578853756 1.32130531780422 1.12938770605251 1.81372872181237 0.963244720827788 1.83129440038465 1.75491136987694 1.33364876336418 1.56342258304358 1.750227563316 1.2173903521616 1.1653267047368 0
