0 1.30286248843186 1.72787283896469 1.7655465209391 1.49662163527682 1.81877406593412 1.44893314293586 1.47686227387749 0.955834347754717 1.48698170739226 1.57532651955262 1.08781360881403 1.72212038538419 0.960728959413245 1.52340427460149 1.3393103252165 1.72321528568864 1.81608495675027 1.85762611194514 1.37556455796584 1.15460233041085 1.63645779201761 1.05643374985084 1.48584216251038 1.90883541060612 1.20735605247319 1.33556995401159 1.81884828885086 1.13803445152007 0.940528717590496
1.30286248843186 0 1.6576550216414 1.66187836276367 1.20946570369415 1.2090119717177 1.68149611842819 1.2285575477872 1.09359194291756 1.03111172490753 1.63844027766027 1.54940612846985 1.81289461138658 1.31060952786356 1.60746103990823 1.47680939291604 1.09639241406694 1.34930178429931 1.07694940827787 1.42219171416946 1.13320913538337 1.64220774383284 1.47509858221747 1.90558849601075 1.54401097190566 1.62332543288358 1.53143274504691 1.67609075480141 1.3789804817643 1.33294741879217
1.72787283896469 1.6576550216414 0 1.79704293888062 1.07984551298432 1.92324759461917 1.53964158799499 1.36056760814972 1.01509111141786 1.06518055545166 1.71348933223635 1.44425989338197 1.83839056431316 1.40729851135984 0.999564085854217 1.58180488506332 1.07539773685858 1.4699958213605 0.962176742963493 1.50136536452919 1.09348386456259 1.73547258391045 1.89749662578106 1.35614419798367 1.88089527445845 1.55666314228438 1.72534266393632 1.65263577620499 0.954817914171144 1.48989367834292
1.7655465209391 1.66187836276367 1.79704293888062 0 1.88047246006317 1.2131245767232 1.67258025123738 1.86247819848359 1.24351717252284 1.57885381835513 1.27239623200148 1.39948326279409 1.15196900279261 1.79811348975636 1.19349870062433 1.51435027411208 1.49948389502242 1.76457977341488 0.933206755667925 1.26404388877563 1.48999111959711 0.991773545043543 1.52349439170212 1.12091375980526 1.67807912407443 1.75900012813509 1.07882757391781 1.7709448763635 1.62417690223083 1.36619460093789
1.49662163527682 1.20946570369415 1.07984551298432 1.88047246006317 0 1.82081273943186 1.30306711816229 1.78109791851602 1.18257632828318 1.53200335684232 1.08482079906389 1.20300117507577 1.17204236821271 1.07342329877429 1.48627048241906 1.64633470377885 0.978740052320063 1.27911667595617 1.23556964844465 1.83823274122551 1.72452755481936 1.66987727349624 0.968747299863026 1.35832200269215 1.3299844537396 0.982962847454473 1.60363573697396 1.35385284014046 1.47769868606701 1.54788277670741
1.81877406593412 1.2090119717177 1.92324759461917 1.2131245767232 1.82081273943186 0 0.962155552348122 1.40158402733505 1.57668465655297 0.991424927022308 1.89172303490341 1.0095422801096 1.354901767103 1.70371172390878 1.88793824845925 1.80519191455096 1.52310437592678 1.45680698147044 1.75455818837509 1.22445814381354 1.11324766930193 1.87146837706678 1.04559352924116 1.06338233943097 1.66871192585677 1.48534849332646 1.09567685285583 1.29858414945193 1.519382835133 1.1110639218241
1.44893314293586 1.68149611842819 1.53964158799499 1.67258025123738 1.30306711816229 0.962155552348122 0 1.58869220223278 1.01038397313096 1.17342303972691 1.64680527197197 0.978484410326928 1.61222072481178 1.87989293597639 1.08986685937271 1.34843462333083 1.80773801868781 1.74997703148983 1.73685396159999 1.15737612335943 1.68407413526438 1.32377260713838 1.29219277459197 0.934586325427517 1.57960563804954 1.465356197441 1.32335616904311 1.71960776741616 1.13903305237181 1.77777973632328
1.47686227387749 1.2285575477872 1.36056760814972 1.86247819848359 1.78109791851602 1.40158402733505 1.58869220223278 0 1.66416313964874 0.934288127114996 1.81615477777086 1.75528689427301 1.73269007517956 1.33219572692178 0.933200938161463 1.56068881810643 1.20237782364711 1.31877479539253 0.929271442815661 1.21776915248483 1.07757561188191 1.62459982349537 1.83021454862319 1.18360463296995 1.31894438667223 1.34245143388398 1.1565294500906 1.3245065161027 1.73056372837164 0.95681388117373
0.955834347754717 1.09359194291756 1.01509111141786 1.24351717252284 1.18257632828318 1.57668465655297 1.01038397313096 1.66416313964874 0 1.72097013192251 1.17857817769982 0.938578322762623 1.6859781157691 1.48888312187046 1.74207452731207 1.11907985829748 1.1641374391038 1.89231922803447 1.26000199583359 1.87589471251704 0.956917662872002 1.7954235477373 1.59704874153249 1.5218092338182 1.11018650257029 1.46878764871508 1.38855391228572 1.75233479286544 1.44595367391594 1.8576442070771
1.48698170739226 1.03111172490753 1.06518055545166 1.57885381835513 1.53200335684232 0.991424927022308 1.17342303972691 0.934288127114996 1.72097013192251 0 0.938183114863932 1.76090282388031 1.61901725851931 1.04662396758795 1.53131525614299 1.66616476443596 1.07427302352153 1.50050176098011 1.77701229555532 1.5349123426713 1.61760657466948 1.14031726308167 1.09415589482524 1.59755416726694 1.55293836235069 1.82329311524518 1.37842074804939 1.12954935152084 1.82882998837158 1.43908254383132
1.57532651955262 1.63844027766027 1.71348933223635 1.27239623200148 1.08482079906389 1.89172303490341 1.64680527197197 1.81615477777086 1.17857817769982 0.938183114863932 0 1.35346524813212 1.85637768311426 1.57629275741056 1.56699505425058 1.34420610568486 1.53912802808918 1.56011616205797 1.24683099449612 1.51231676223688 1.3536968359258 1.50172640010715 0.990021671168506 1.67806536913849 1.30361383245327 1.92244846560061 1.57535502803512 1.0980514169205 0.975138143636286 1.42443041456863
1.08781360881403 1.54940612846985 1.44425989338197 1.39948326279409 1.20300117507577 1.0095422801096 0.978484410326928 1.75528689427301 0.938578322762623 1.76090282388031 1.35346524813212 0 1.18123907223344 1.1484260566067 1.32078704424202 1.86075536487624 1.39748849906027 0.992306862259284 1.04570904676802 1.84233683208004 1.51731423707679 1.58862079586834 1.47631286713295 1.86214368115179 1.45904200850055 1.07309656846337 1.68046465632506 1.31048023351468 1.91898063244298 1.72412399668247
1.72212038538419 1.81289461138658 1.83839056431316 1.15196900279261 1.17204236821271 1.354901767103 1.61222072481178 1.73269007517956 1.6859781157691 1.61901725851931 1.85637768311426 1.18123907223344 0 1.8664677310735 1.85069840913638 1.06904293945991 1.43177601695061 1.1776521729771 1.16519009694457 1.03506816294976 1.55250898003578 1.78849469777197 1.73257388081402 1.25604061619379 1.21824273467064 0.931131016928703 1.36913391435519 1.09602082683705 1.81969548226334 1.87351324828342
0.960728959413245 1.31060952786356 1.40729851135984 1.79811348975636 1.07342329877429 1.70371172390878 1.87989293597639 1.33219572692178 1.48888312187046 1.04662396758795 1.57629275741056 1.1484260566067 1.8664677310735 0 1.69014449999668 1.03771308949217 1.53080630162731 1.41696174512617 1.78595758345909 1.54727117228322 1.50633799354546 1.24341386696324 1.81665888638236 1.44233856745996 1.53104316443205 1.18250151514076 1.21631674352102 0.981661434285343 1.69403349980712 1.8407596105244
1.52340427460149 1.60746103990823 0.999564085854217 1.19349870062433 1.48627048241906 1.88793824845925 1.08986685937271 0.933200938161463 1.74207452731207 1.53131525614299 1.56699505425058 1.32078704424202 1.85069840913638 1.69014449999668 0 1.156663431786 1.19757033395581 1.36158371949568 1.22826713626273 1.73919948749244 1.16327741602436 1.36724648042582 1.61472478625365 1.76886875671335 1.8499584433157 1.29123723087832 1.77032076031901 1.68127852235921 1.63563761324622 1.69984281458892
1.3393103252165 1.47680939291604 1.58180488506332 1.51435027411208 1.64633470377885 1.80519191455096 1.34843462333083 1.56068881810643 1.11907985829748 1.66616476443596 1.34420610568486 1.86075536487624 1.06904293945991 1.03771308949217 1.156663431786 0 1.75605512899347 1.76671838178299 1.03655982227065 1.23456975468434 1.0716454742942 0.9865463799797 1.90030519221909 1.37291863746941 1.31160331587307 1.52967802947387 1.07627169811167 1.17063091648743 1.66658062813804 1.8133546768222
1.72321528568864 1.09639241406694 1.07539773685858 1.49948389502242 0.978740052320063 1.52310437592678 1.80773801868781 1.20237782364711 1.1641374391038 1.07427302352153 1.53912802808918 1.39748849906027 1.43177601695061 1.53080630162731 1.19757033395581 1.75605512899347 0 1.44244614639319 1.36704175849445 1.2109186835587 1.80384787195362 1.91430119471624 1.59982396918349 1.18781162844971 1.79971944727004 1.58657874609344 1.29323733109049 1.2303693476133 1.05916488729417 1.39870672207326
1.81608495675027 1.34930178429931 1.4699958213605 1.76457977341488 1.27911667595617 1.45680698147044 1.74997703148983 1.31877479539253 1.89231922803447 1.50050176098011 1.56011616205797 0.992306862259284 1.1776521729771 1.41696174512617 1.36158371949568 1.76671838178299 1.44244614639319 0 0.990670278668404 1.73783205542713 1.13668869994581 1.5207007159479 1.91072571487166 1.34903326886706 1.84200460882857 1.54706534184515 1.21583537478 1.14717118768021 1.36022562789731 1.7443178833928
1.85762611194514 1.07694940827787 0.962176742963493 0.933206755667925 1.23556964844465 1.75455818837509 1.73685396159999 0.929271442815661 1.26000199583359 1.77701229555532 1.24683099449612 1.04570904676802 1.16519009694457 1.78595758345909 1.22826713626273 1.03655982227065 1.36704175849445 0.990670278668404 0 1.06222181417979 1.45534012583084 0.944778151577339 1.15803512069397 1.66474427166395 1.56900603789836 1.90772379236296 1.92245971807279 1.18600246636197 1.00837918836623 1.8605007508304
1.37556455796584 1.42219171416946 1.50136536452919 1.26404388877563 1.83823274122551 1.22445814381354 1.15737612335943 1.21776915248483 1.87589471251704 1.5349123426713 1.51231676223688 1.84233683208004 1.03506816294976 1.54727117228322 1.73919948749244 1.23456975468434 1.2109186835587 1.73783205542713 1.06222181417979 0 1.38347134599462 1.21576847857796 1.15435328707099 0.973084263736382 0.954777122242376 1.56268644891679 1.13958908268251 0.937644593650475 1.59085203241557 1.36322168330662
1.15460233041085 1.13320913538337 1.09348386456259 1.48999111959711 1.72452755481936 1.11324766930193 1.68407413526438 1.07757561188191 0.956917662872002 1.61760657466948 1.3536968359258 1.51731423707679 1.55250898003578 1.50633799354546 1.16327741602436 1.0716454742942 1.80384787195362 1.13668869994581 1.45534012583084 1.38347134599462 0 1.80445572989993 1.03030271665193 1.00318217976019 1.33873481652699 1.03089019632898 1.60323053854518 1.80771990120411 1.27707595773973 1.55317141814157
1.63645779201761 1.64220774383284 1.73547258391045 0.991773545043543 1.66987727349624 1.87146837706678 1.32377260713838 1.62459982349537 1.7954235477373 1.14031726308167 1.50172640010715 1.58862079586834 1.78849469777197 1.24341386696324 1.36724648042582 0.9865463799797 1.91430119471624 1.5207007159479 0.944778151577339 1.21576847857796 1.80445572989993 0 1.0052189566195 1.87456188956276 1.1802545604296 1.86202816921286 1.02790356683545 1.3067155526951 1.05393363139592 1.76384282973595
1.05643374985084 1.47509858221747 1.89749662578106 1.52349439170212 0.968747299863026 1.04559352924116 1.29219277459197 1.83021454862319 1.59704874153249 1.09415589482524 0.990021671168506 1.47631286713295 1.73257388081402 1.81665888638236 1.61472478625365 1.90030519221909 1.59982396918349 1.91072571487166 1.15803512069397 1.15435328707099 1.03030271665193 1.0052189566195 0 1.29426249233074 1.54032627679408 1.34855563333258 1.46229277667589 1.87784167518839 1.47300211433321 1.24712016666308
1.48584216251038 1.90558849601075 1.35614419798367 1.12091375980526 1.35832200269215 1.06338233943097 0.934586325427517 1.18360463296995 1.5218092338182 1.59755416726694 1.67806536913849 1.86214368115179 1.25604061619379 1.44233856745996 1.76886875671335 1.37291863746941 1.18781162844971 1.34903326886706 1.66474427166395 0.973084263736382 1.00318217976019 1.87456188956276 1.29426249233074 0 1.69629272911698 1.42706267535686 1.16289178933948 1.86928226985037 1.13561409595422 1.17910764040425
1.90883541060612 1.54401097190566 1.88089527445845 1.67807912407443 1.3299844537396 1.66871192585677 1.57960563804954 1.31894438667223 1.11018650257029 1.55293836235069 1.30361383245327 1.45904200850055 1.21824273467064 1.53104316443205 1.8499584433157 1.31160331587307 1.79971944727004 1.84200460882857 1.56900603789836 0.954777122242376 1.33873481652699 1.1802545604296 1.54032627679408 1.69629272911698 0 1.30809762282297 1.25765743292868 1.08292275527492 1.51883491291665 0.973022073041648
1.20735605247319 1.62332543288358 1.55666314228438 1.75900012813509 0.982962847454473 1.48534849332646 1.465356197441 1.34245143388398 1.46878764871508 1.82329311524518 1.92244846560061 1.07309656846337 0.931131016928703 1.18250151514076 1.29123723087832 1.52967802947387 1.58657874609344 1.54706534184515 1.90772379236296 1.56268644891679 1.03089019632898 1.86202816921286 1.34855563333258 1.42706267535686 1.30809762282297 0 1.39175336016342 1.71836644993164 1.1661100324709 1.90146816824563
1.33556995401159 1.53143274504691 1.72534266393632 1.07882757391781 1.60363573697396 1.09567685285583 1.32335616904311 1.1565294500906 1.38855391228572 1.37842074804939 1.57535502803512 1.68046465632506 1.36913391435519 1.21631674352102 1.77032076031901 1.07627169811167 1.29323733109049 1.21583537478 1.92245971807279 1.13958908268251 1.60323053854518 1.02790356683545 1.46229277667589 1.16289178933948 1.25765743292868 1.39175336016342 0 1.48054874734953 0.996915113879368 1.66082111210562
1.81884828885086 1.67609075480141 1.65263577620499 1.7709448763635 1.35385284014046 1.29858414945193 1.71960776741616 1.3245065161027 1.75233479286544 1.12954935152084 1.0980514169205 1.31048023351468 1.09602082683705 0.981661434285343 1.68127852235921 1.17063091648743 1.2303693476133 1.14717118768021 1.18600246636197 0.937644593650475 1.80771990120411 1.3067155526951 1.87784167518839 1.86928226985037 1.08292275527492 1.71836644993164 1.48054874734953 0 1.71011528256349 0.97011567489244
1.13803445152007 1.3789804817643 0.954817914171144 1.62417690223083 1.47769868606701 1.519382835133 1.13903305237181 1.73056372837164 1.44595367391594 1.82882998837158 0.975138143636286 1.91898063244298 1.81969548226334 1.69403349980712 1.63563761324622 1.66658062813804 1.05916488729417 1.36022562789731 1.00837918836623 1.59085203241557 1.27707595773973 1.05393363139592 1.47300211433321 1.13561409595422 1.51883491291665 1.1661100324709 0.996915113879368 1.71011528256349 0 1.54933540266939
0.940528717590496 1.33294741879217 1.48989367834292 1.36619460093789 1.54788277670741 1.1110639218241 1.77777973632328 0.95681388117373 1.8576442070771 1.43908254383132 1.42443041456863 1.72412399668247 1.87351324828342 1.8407596105244 1.69984281458892 1.8133546768222 1.39870672207326 1.7443178833928 1.8605007508304 1.36322168330662 1.55317141814157 1.76384282973595 1.24712016666308 1.17910764040425 0.973022073041648 1.90146816824563 1.66082111210562 0.97011567489244 1.54933540266939 0
