0 1.25515935523435 1.89708546036854 1.95187578373589 1.04679368063807 1.03092119400389 1.25400415388867 1.06750277872197 1.62229398381896 1.7476092306897 1.30417032283731 1.24649827904068 1.54038850590587 1.25361020886339 1.02921092673205 1.28502727206796 1.19766103848815 1.39016100834124 1.40972844511271 1.80332386260852 1.19884254876524 1.40251132263802 1.79154339409433 1.22914928011596 1.59506629314274 1.44464318198152 1.59362865053117 1.6850270240102 1.39494344335981 1.41862987191416
1.25515935523435 0 1.20533458585851 1.49736865982413 1.74200670560822 1.3170220607426 1.6165695192758 1.73074849275872 1.44324989640154 1.51072851312347 1.00369317387231 1.80529381940141 1.8180879005231 1.76119051408023 1.8122654047329 1.86448068334721 1.74917606613599 1.40343343396671 1.45593729824759 1.45415353355929 1.75715439370833 1.47715828614309 1.3151128788013 1.5083147471305 1.09632077487186 1.58654685551301 1.13082892191596 1.83926010411233 1.54676809115335 0.971926609054208
1.89708546036854 1.20533458585851 0 1.02330159815028 1.41401870036498 1.29934129188769 1.76956450147554 1.70704671973363 1.55144489044324 1.63680030172691 1.04149284679443 1.14965433394536 1.52967472863384 1.31066009681672 1.89526968332939 1.09721407620236 1.8026811289601 1.94243764015846 1.60324609745294 1.52686810865998 1.85985823301598 1.05470876046456 1.87101347162388 1.56872324901633 1.88861486013047 1.69930274621584 1.51482171495445 1.34970196592622 1.30466195940971 1.60476224380545
1.95187578373589 1.49736865982413 1.02330159815028 0 1.08006948558614 1.43940346455202 1.0924656491261 1.68141316785477 1.71513608749956 1.45615494018421 1.49309178744443 1.72906920360401 1.85372334788553 1.76350877829827 0.970667296554893 1.37588964961469 1.79323539114557 0.990868131397292 1.84909972851165 1.13900178787299 1.30811246135272 1.19027026486583 1.25179496430792 1.43478986248374 1.02050081500784 1.79167128400877 1.71510196756572 1.93954920792021 1.51376452669501 1.81061079958454
1.04679368063807 1.74200670560822 1.41401870036498 1.08006948558614 0 1.63667638530023 1.31472358247265 1.01499478984624 1.21144531434402 1.33554243342951 1.50803297595121 1.94913410278969 1.07943719113246 1.77279696776532 1.333648807602 1.28978131152689 1.66251537110656 1.82705111755058 1.3453189660795 0.968536332715303 1.43493383890018 1.11544437427074 1.01749118533917 1.27322981273755 1.88518372084945 1.006464215694 1.33227210771292 1.55374825233594 1.63201300031506 1.33262245962396
1.03092119400389 1.3170220607426 1.29934129188769 1.43940346455202 1.63667638530023 0 1.45326877455227 1.58191576646641 1.2567835485097 1.07660750159994 1.88134062709287 1.79861302860081 1.79930091672577 0.983320489758626 1.2093744983431 1.45656025060453 1.35198628623039 1.76737385964952 1.72469878965057 1.95019959076308 1.01244438113645 1.0127953113988 1.04413027991541 1.03590335813351 1.39268999174237 1.09086763556115 1.85295011196285 1.86701675807126 1.32447287091054 1.13068547216244
1.25400415388867 1.6165695192758 1.76956450147554 1.0924656491261 1.31472358247265 1.45326877455227 0 1.0022660579998 1.85243534715846 1.00714218826033 0.996098017320037 1.8466861420311 1.03389442316256 1.56396879069507 1.7983403338585 1.51999220997095 1.17656677193008 1.4251046651043 1.26226033479907 1.70412399596535 1.83698070747778 1.35897133499384 1.2625330791343 0.960849395021796 1.67245030030608 1.32420807774179 1.10206249076873 1.31355190975592 1.21729317982681 1.15371223259717
1.06750277872197 1.73074849275872 1.70704671973363 1.68141316785477 1.01499478984624 1.58191576646641 1.0022660579998 0 1.32234020391479 1.50277342763729 1.65467273001559 1.70811994792894 1.73756423825398 1.86472659185529 1.29545957734808 1.70149123668671 0.971575939562172 1.16109984973446 1.01627623196691 1.59837924526073 1.95887553622015 1.87498958199285 1.25915527995676 1.73120546108112 1.45773981767707 1.77812138060108 1.32449940918013 1.16114995954558 1.82531865080819 1.02507159975357
1.62229398381896 1.44324989640154 1.55144489044324 1.71513608749956 1.21144531434402 1.2567835485097 1.85243534715846 1.32234020391479 0 1.08808097965084 1.55062084784731 1.60835501761176 1.77471422962844 1.01158544328064 1.8621186488308 1.31272062286735 1.28862524102442 0.972828220110387 1.68350914679468 1.77571944566444 1.94446059269831 1.36635555350222 1.94772768765688 1.76459211064503 0.977238997817039 0.976856540655717 1.498824772425 1.87205677223392 1.07720145699568 1.30160110117868
1.7476092306897 1.51072851312347 1.63680030172691 1.45615494018421 1.33554243342951 1.07660750159994 1.00714218826033 1.50277342763729 1.08808097965084 0 0.982065686956048 1.4648591731675 1.26656905026175 1.24528466747142 1.56126702879556 1.63584756548516 1.80413682130165 1.38368446542881 1.66113731032237 1.47771256184205 1.79741216963157 1.15884605562314 1.92098549613729 1.4638525894843 1.18268190813251 1.06465464062057 0.978930676123127 1.02270302269608 1.58992898254655 1.11481753317639
1.30417032283731 1.00369317387231 1.04149284679443 1.49309178744443 1.50803297595121 1.88134062709287 0.996098017320037 1.65467273001559 1.55062084784731 0.982065686956048 0 1.70140546211042 1.87397970864549 1.71734248078428 1.62218243116513 1.73684921069071 1.18753703823313 1.36082521337084 1.61256895237602 1.06476070266217 1.31331176823005 1.79185565025546 1.82910738606006 1.95694741234183 1.53936858102679 1.45359973283485 1.0490675107576 1.57407908095047 1.30759826488793 1.75453686155379
1.24649827904068 1.80529381940141 1.14965433394536 1.72906920360401 1.94913410278969 1.79861302860081 1.8466861420311 1.70811994792894 1.60835501761176 1.4648591731675 1.70140546211042 0 1.01586102647707 1.19869021489285 1.27481513121165 1.05994725250639 1.49810304073617 1.9313982820604 1.54922592430376 1.3149330036249 1.35284407669678 1.01127282273956 1.3180116401054 1.62915460322984 1.4602177105844 1.91462184861302 1.59480114467442 1.85877666645683 1.55680384719744 1.70211157063022
1.54038850590587 1.8180879005231 1.52967472863384 1.85372334788553 1.07943719113246 1.79930091672577 1.03389442316256 1.73756423825398 1.77471422962844 1.26656905026175 1.87397970864549 1.01586102647707 0 0.978202562313527 1.69803755101748 1.83905461337417 1.27822727058083 1.72328911349177 1.62534986250103 1.62923525436781 1.13630955736153 1.10266214772128 1.65374649735168 1.65903659607284 1.44523406238295 1.02459466969594 1.6563826946076 1.31633060937747 1.69087005057372 1.15494837681763
1.25361020886339 1.76119051408023 1.31066009681672 1.76350877829827 1.77279696776532 0.983320489758626 1.56396879069507 1.86472659185529 1.01158544328064 1.24528466747142 1.71734248078428 1.19869021489285 0.978202562313527 0 1.3333622131031 1.8995782060083 1.02378340135328 1.84916610317305 1.62665511807427 1.57236576476134 1.73460141848773 1.04960379446857 1.4154866640456 1.82696272735484 1.74337699939497 1.95016327733174 1.94450690317899 1.70622161310166 0.994011654518545 1.74127276847139
1.02921092673205 1.8122654047329 1.89526968332939 0.970667296554893 1.333648807602 1.2093744983431 1.7983403338585 1.29545957734808 1.8621186488308 1.56126702879556 1.62218243116513 1.27481513121165 1.69803755101748 1.3333622131031 0 1.49838212365285 1.43547922302969 1.35018693795428 1.58357366966084 1.54877404053695 1.02984298928641 1.58695925609209 1.02182742347941 1.03364554140717 1.67435680702329 1.71856162487529 1.00863705947995 0.988046695943922 1.08234965777956 1.52590866433457
1.28502727206796 1.86448068334721 1.09721407620236 1.37588964961469 1.28978131152689 1.45656025060453 1.51999220997095 1.70149123668671 1.31272062286735 1.63584756548516 1.73684921069071 1.05994725250639 1.83905461337417 1.8995782060083 1.49838212365285 0 1.86785888881423 1.40084913838655 1.66028526588343 1.24089317303151 1.16733140847646 1.0528011454735 1.06329708825797 1.10346925491467 0.969509266316891 1.86935276072472 1.5422258451581 1.82788051362149 1.45943141356111 1.55241442588158
1.19766103848815 1.74917606613599 1.8026811289601 1.79323539114557 1.66251537110656 1.35198628623039 1.17656677193008 0.971575939562172 1.28862524102442 1.80413682130165 1.18753703823313 1.49810304073617 1.27822727058083 1.02378340135328 1.43547922302969 1.86785888881423 0 1.52871827036142 1.22652626829222 1.02311224630103 1.48489387752488 1.1260932337027 1.18023666599765 1.61516345455311 1.24782015220262 1.58373973495327 1.15989580773748 1.4006214721594 0.976197594543919 1.31675800611265
1.39016100834124 1.40343343396671 1.94243764015846 0.990868131397292 1.82705111755058 1.76737385964952 1.4251046651043 1.16109984973446 0.972828220110387 1.38368446542881 1.36082521337084 1.9313982820604 1.72328911349177 1.84916610317305 1.35018693795428 1.40084913838655 1.52871827036142 0 1.53671402833425 1.3083448887337 1.52920049335808 1.01200404157862 1.26956859533675 1.15735253621824 1.80297857313417 1.45708521339111 1.7390787275508 1.89450278226286 1.76574135990813 1.615993429441
1.40972844511271 1.45593729824759 1.60324609745294 1.84909972851165 1.3453189660795 1.72469878965057 1.26226033479907 1.01627623196691 1.68350914679468 1.66113731032237 1.61256895237602 1.54922592430376 1.62534986250103 1.62665511807427 1.58357366966084 1.66028526588343 1.22652626829222 1.53671402833425 0 1.03258410328999 1.71072776033543 1.28518049931154 1.28848446649499 1.56350622233003 1.03834529803135 1.609889553627 1.08773419656791 1.12133516417816 1.568251386052 1.84408145910129
1.80332386260852 1.45415353355929 1.52686810865998 1.13900178787299 0.968536332715303 1.95019959076308 1.70412399596535 1.59837924526073 1.77571944566444 1.47771256184205 1.06476070266217 1.3149330036249 1.62923525436781 1.57236576476134 1.54877404053695 1.24089317303151 1.02311224630103 1.3083448887337 1.03258410328999 0 1.6391547289677 1.66123552899808 1.00967933028005 1.53448517736979 1.31203027744778 1.75200553541072 1.15895223570988 1.56007816479541 1.10227054287679 1.4070744777564
1.19884254876524 1.75715439370833 1.85985823301598 1.30811246135272 1.43493383890018 1.01244438113645 1.83698070747778 1.95887553622015 1.94446059269831 1.79741216963157 1.31331176823005 1.35284407669678 1.13630955736153 1.73460141848773 1.02984298928641 1.16733140847646 1.48489387752488 1.52920049335808 1.71072776033543 1.6391547289677 0 1.56342605105601 1.89091940922663 1.15437722043134 1.68075345805846 1.62098737154156 1.90243205241859 1.56820627418347 1.30668328446336 1.32180200587027
1.40251132263802 1.47715828614309 1.05470876046456 1.19027026486583 1.11544437427074 1.0127953113988 1.35897133499384 1.87498958199285 1.36635555350222 1.15884605562314 1.79185565025546 1.01127282273956 1.10266214772128 1.04960379446857 1.58695925609209 1.0528011454735 1.1260932337027 1.01200404157862 1.28518049931154 1.66123552899808 1.56342605105601 0 1.54909501387738 1.79589728289284 1.11881038080901 1.49618614045903 1.77871301025152 1.45799249201082 1.58264210284688 1.66809158888645
1.79154339409433 1.3151128788013 1.87101347162388 1.25179496430792 1.01749118533917 1.04413027991541 1.2625330791343 1.25915527995676 1.94772768765688 1.92098549613729 1.82910738606006 1.3180116401054 1.65374649735168 1.4154866640456 1.02182742347941 1.06329708825797 1.18023666599765 1.26956859533675 1.28848446649499 1.00967933028005 1.89091940922663 1.54909501387738 0 1.52537616272457 1.56060000089929 1.79215486114845 1.21409053797834 0.972577895736322 1.2143374173902 1.30923763709143
1.22914928011596 1.5083147471305 1.56872324901633 1.43478986248374 1.27322981273755 1.03590335813351 0.960849395021796 1.73120546108112 1.76459211064503 1.4638525894843 1.95694741234183 1.62915460322984 1.65903659607284 1.82696272735484 1.03364554140717 1.10346925491467 1.61516345455311 1.15735253621824 1.56350622233003 1.53448517736979 1.15437722043134 1.79589728289284 1.52537616272457 0 1.76232847501524 1.01544833672233 1.86789591517299 1.0227384227328 1.31364732305519 1.37714019883424
1.59506629314274 1.09632077487186 1.88861486013047 1.02050081500784 1.88518372084945 1.39268999174237 1.67245030030608 1.45773981767707 0.977238997817039 1.18268190813251 1.53936858102679 1.4602177105844 1.44523406238295 1.74337699939497 1.67435680702329 0.969509266316891 1.24782015220262 1.80297857313417 1.03834529803135 1.31203027744778 1.68075345805846 1.11881038080901 1.56060000089929 1.76232847501524 0 1.6859020520933 1.70171750499867 1.3299227936659 1.62880901643075 1.14754746947438
1.44464318198152 1.58654685551301 1.69930274621584 1.79167128400877 1.006464215694 1.09086763556115 1.32420807774179 1.77812138060108 0.976856540655717 1.06465464062057 1.45359973283485 1.91462184861302 1.02459466969594 1.95016327733174 1.71856162487529 1.86935276072472 1.58373973495327 1.45708521339111 1.609889553627 1.75200553541072 1.62098737154156 1.49618614045903 1.79215486114845 1.01544833672233 1.6859020520933 0 1.63314146106131 1.85547372116707 1.75574406632222 1.77671678201295
1.59362865053117 1.13082892191596 1.51482171495445 1.71510196756572 1.33227210771292 1.85295011196285 1.10206249076873 1.32449940918013 1.498824772425 0.978930676123127 1.0490675107576 1.59480114467442 1.6563826946076 1.94450690317899 1.00863705947995 1.5422258451581 1.15989580773748 1.7390787275508 1.08773419656791 1.15895223570988 1.90243205241859 1.77871301025152 1.21409053797834 1.86789591517299 1.70171750499867 1.63314146106131 0 1.40317292953841 1.83462095656432 1.67289054067805
1.6850270240102 1.83926010411233 1.34970196592622 1.93954920792021 1.55374825233594 1.86701675807126 1.31355190975592 1.16114995954558 1.87205677223392 1.02270302269608 1.57407908095047 1.85877666645683 1.31633060937747 1.70622161310166 0.988046695943922 1.82788051362149 1.4006214721594 1.89450278226286 1.12133516417816 1.56007816479541 1.56820627418347 1.45799249201082 0.972577895736322 1.0227384227328 1.3299227936659 1.85547372116707 1.40317292953841 0 1.90338755468838 1.76160622574389
1.39494344335981 1.54676809115335 1.30466195940971 1.51376452669501 1.63201300031506 1.32447287091054 1.21729317982681 1.82531865080819 1.07720145699568 1.58992898254655 1.30759826488793 1.55680384719744 1.69087005057372 0.994011654518545 1.08234965777956 1.45943141356111 0.976197594543919 1.76574135990813 1.568251386052 1.10227054287679 1.30668328446336 1.58264210284688 1.2143374173902 1.31364732305519 1.62880901643075 1.75574406632222 1.83462095656432 1.90338755468838 0 1.66772529343143
1.41862987191416 0.971926609054208 1.60476224380545 1.81061079958454 1.33262245962396 1.13068547216244 1.15371223259717 1.02507159975357 1.30160110117868 1.11481753317639 1.75453686155379 1.70211157063022 1.15494837681763 1.74127276847139 1.52590866433457 1.55241442588158 1.31675800611265 1.615993429441 1.84408145910129 1.4070744777564 1.32180200587027 1.66809158888645 1.30923763709143 1.37714019883424 1.14754746947438 1.77671678201295 1.67289054067805 1.76160622574389 1.66772529343143 0
