0 1.24336004443467 0.998095903778449 1.88587974454276 1.05340993357822 1.09591743908823 1.3347648717463 1.13674530433491 1.22278541931883 1.32900395710021 1.78207592386752 1.161822644528 1.04619491216727 1.92614622041583 1.5180357680656 1.4722362740431 1.72450202866457 1.03675486263819 1.40234591858461 1.19559185416438 1.36378635303117 1.07902522035874 1.24684890685603 0.976319100707769 1.45525037148036 1.06453205877915 1.97176723601297 1.37401633197442 1.49875570414588 1.78228771034628
1.24336004443467 0 1.50145217054524 1.12040523299947 1.80453477357514 0.987338887527585 1.88305561384186 1.10754597000778 1.83032595715486 1.4586895252578 1.71319526876323 1.49079946288839 0.979131283471361 1.42516785580665 1.20013713999651 1.26715455530211 1.16953129484318 1.0697247502394 1.35780850448646 1.62014911416918 1.13095464394428 1.10976970847696 1.65300903702155 1.24934913613833 1.63618603441864 1.11338998749852 1.35491249733604 1.82587812491693 1.78506242157891 1.06201734556817
0.998095903778449 1.50145217054524 0 1.77989230235107 1.66423323773779 1.23365206411108 1.87052387581207 1.43172441772185 1.88491723965853 1.31584910210222 1.12964433804154 1.32695218129084 1.27917116996832 1.62814861908555 1.12561552389525 1.39562283270061 1.07373568811454 1.67630556435324 1.49310498847626 1.92917882744223 1.47575415344909 1.23579148110002 0.996484844014049 1.74935788102448 0.993234148714691 1.01761362096295 1.28903459524736 1.18941268604249 1.76154070883058 1.87999257282354
1.88587974454276 1.12040523299947 1.77989230235107 0 1.58372140093707 1.42092707729898 1.49574921093881 1.22856864822097 1.15624206559733 1.03697009361349 1.81961323064752 1.24963188800029 0.997252499451861 1.29300900828093 1.06871945154853 1.08155704126693 1.65188115858473 1.96891753189266 1.48298575705849 1.30887572001666 1.00829594954848 1.57930196076632 1.01570459385403 1.08686986472458 1.96224555466324 1.32264177384786 1.56270519969985 1.88162724906579 1.82686743931845 1.72931340197101
1.05340993357822 1.80453477357514 1.66423323773779 1.58372140093707 0 1.7194406229537 1.20055451826192 1.59394260961562 1.17847235919908 1.85040173842572 1.5109512808267 1.06635347334668 1.9065451216884 0.981545797549188 1.18715793220326 1.91732462448999 1.96682148845866 1.49975945032202 1.35326320375316 1.15834612422623 1.65615286398679 1.73133279965259 1.83782961941324 1.95505529432558 1.24347966862842 1.77397618582472 1.72394592827186 1.208054499235 1.54767796141095 1.25354735949077
1.09591743908823 0.987338887527585 1.23365206411108 1.42092707729898 1.7194406229537 0 1.42302681342699 1.42288463655859 1.48062753258273 1.47721922420897 1.14917258359492 1.49755138414912 1.9084548430983 1.76386486855336 1.65722733433358 1.58659666334279 1.63833234156482 1.21625941363163 1.06852508615702 1.37533759186044 1.14330861065537 1.17852925509214 1.70149396243505 1.75453864922747 1.92671703384258 0.97982937307097 1.16772823245265 1.27268099598587 1.36058636126108 1.97149550588802
1.3347648717463 1.88305561384186 1.87052387581207 1.49574921093881 1.20055451826192 1.42302681342699 0 1.76468734606169 0.988504370674491 1.7986956438981 1.31076275394298 1.59528843546286 1.93475222424604 1.09477002569474 1.34510150714777 1.641871253727 1.65869131195359 1.18110688915476 0.982346084434539 1.50856485916302 0.984689829638228 1.25324342469685 0.984515807591379 1.26357265608385 1.07583667733707 0.982463303254917 1.02796137076803 1.45235888333991 1.33619198412634 1.55066297040321
1.13674530433491 1.10754597000778 1.43172441772185 1.22856864822097 1.59394260961562 1.42288463655859 1.76468734606169 0 1.48610637639649 1.3991518728435 1.41950593865477 1.54811349837109 1.40978334192187 1.31594009511173 1.15976814948954 1.02567438525148 1.12952282652259 1.33365654153749 1.26922302041203 1.80073577235453 1.55960024986416 1.92167536425404 1.81340044178069 1.83426202530973 1.35590575402603 1.42691978695802 1.67379730381072 1.28791950922459 1.5697424588725 1.63505232636817
1.22278541931883 1.83032595715486 1.88491723965853 1.15624206559733 1.17847235919908 1.48062753258273 0.988504370674491 1.48610637639649 0 1.7668935500551 1.4332049684599 1.37119996873662 1.7482954331208 1.82351624802686 1.44999532657675 1.63416013028473 1.49674688815139 1.10143320611678 1.97085045510903 1.77672664960846 1.91123879491352 1.94413890410215 1.79909029789269 1.20483563258313 1.11277636582963 1.90062340674922 1.36552706267685 1.28937237523496 1.60927479155362 1.82213725126348
1.32900395710021 1.4586895252578 1.31584910210222 1.03697009361349 1.85040173842572 1.47721922420897 1.7986956438981 1.3991518728435 1.7668935500551 0 1.05700076115318 1.43829680839553 1.91672286763787 1.01812983234413 1.37673411844298 1.17448438773863 1.27805416169576 1.02593945036642 1.60527412500232 1.61641438910738 1.56668598996475 1.69290561950766 1.57605982758105 1.93956334330142 1.52490125782788 1.89988904469647 1.0616368027404 1.28993261558935 1.8649282020051 1.48698917357251
1.78207592386752 1.71319526876323 1.12964433804154 1.81961323064752 1.5109512808267 1.14917258359492 1.31076275394298 1.41950593865477 1.4332049684599 1.05700076115318 0 1.95001553790644 1.13079419825226 1.19469627994113 1.18679548054934 1.39073497685604 1.47307506902143 1.47656065854244 1.96635033818893 1.5404080026783 1.93227531085722 1.01261961157434 1.53015798074193 1.81732946820557 1.16886425577104 1.86255897977389 1.62809954257682 1.37553298380226 1.77100174920633 1.14125105366111
1.161822644528 1.49079946288839 1.32695218129084 1.24963188800029 1.06635347334668 1.49755138414912 1.59528843546286 1.54811349837109 1.37119996873662 1.43829680839553 1.95001553790644 0 1.74093446950428 1.88175635784864 1.76965436921455 1.23391948710196 1.28706252807751 1.90013546380214 1.80741636012681 0.999948045937344 1.55950679443777 1.5385174183175 1.37899011513218 1.5365791269578 1.41218033130281 1.09704435919411 1.48994991416112 1.53836465300992 1.40112792653963 1.26198763982393
1.04619491216727 0.979131283471361 1.27917116996832 0.997252499451861 1.9065451216884 1.9084548430983 1.93475222424604 1.40978334192187 1.7482954331208 1.91672286763787 1.13079419825226 1.74093446950428 0 0.979560244828463 1.3936184165068 1.36431980854832 1.10662488383241 1.33382419683039 1.85310235456564 1.2125214159023 1.45967046101578 1.8618421391584 1.14016456110403 1.22610016074032 1.90872031729668 1.54336714209057 1.18570159538649 1.22405125270598 1.74525809893385 1.78174567664973
1.92614622041583 1.42516785580665 1.62814861908555 1.29300900828093 0.981545797549188 1.76386486855336 1.09477002569474 1.31594009511173 1.82351624802686 1.01812983234413 1.19469627994113 1.88175635784864 0.979560244828463 0 1.56503042276017 1.49953496060334 1.32930015423335 1.37110171676613 0.974930818891153 1.29862162005156 1.79056346113794 1.91699725668877 1.49096089089289 1.78267239592969 1.53436545375735 1.40913156280294 1.5057668206282 1.4012115127407 1.56611459585838 1.48145152116194
1.5180357680656 1.20013713999651 1.12561552389525 1.06871945154853 1.18715793220326 1.65722733433358 1.34510150714777 1.15976814948954 1.44999532657675 1.37673411844298 1.18679548054934 1.76965436921455 1.3936184165068 1.56503042276017 0 1.48744840244763 1.66130435909145 1.32024871767499 1.53963810345158 1.20854943711311 1.94964848039672 1.80012515583076 1.83597458899021 1.73377337562852 0.97501306142658 1.26556221954525 1.51415742025711 1.48222945118323 1.74453268805519 1.79972857842222
1.4722362740431 1.26715455530211 1.39562283270061 1.08155704126693 1.91732462448999 1.58659666334279 1.641871253727 1.02567438525148 1.63416013028473 1.17448438773863 1.39073497685604 1.23391948710196 1.36431980854832 1.49953496060334 1.48744840244763 0 1.2376066679135 1.81738892989233 1.32985064969398 1.73311103740707 1.87685491796583 1.36747394548729 1.35814323625527 1.28928742487915 1.63493046723306 1.57367421966046 0.998466727556661 1.37180772516876 1.39815685409121 1.75634901830927
1.72450202866457 1.16953129484318 1.07373568811454 1.65188115858473 1.96682148845866 1.63833234156482 1.65869131195359 1.12952282652259 1.49674688815139 1.27805416169576 1.47307506902143 1.28706252807751 1.10662488383241 1.32930015423335 1.66130435909145 1.2376066679135 0 1.75368799758144 1.88817293848842 1.05325433588587 1.40862211096101 1.21443912270479 1.64816192467697 1.92932045063935 1.73487225105055 1.46390571887605 1.08807770605199 1.58529443619773 1.23017049510963 1.3239568460267
1.03675486263819 1.0697247502394 1.67630556435324 1.96891753189266 1.49975945032202 1.21625941363163 1.18110688915476 1.33365654153749 1.10143320611678 1.02593945036642 1.47656065854244 1.90013546380214 1.33382419683039 1.37110171676613 1.32024871767499 1.81738892989233 1.75368799758144 0 1.7732660532929 1.3746874560602 1.10036315233447 1.44936725310981 1.75619622506201 1.63378895330243 1.6400282306131 1.48902273410931 1.68579236837104 1.1902181324549 1.49702085694298 1.0325855712872
1.40234591858461 1.35780850448646 1.49310498847626 1.48298575705849 1.35326320375316 1.06852508615702 0.982346084434539 1.26922302041203 1.97085045510903 1.60527412500232 1.96635033818893 1.80741636012681 1.85310235456564 0.974930818891153 1.53963810345158 1.32985064969398 1.88817293848842 1.7732660532929 0 1.02160288230516 1.4214591793716 1.8020462540444 1.80853308388032 1.69675857340917 1.24413602193817 1.4904495482333 1.4109439086169 1.20844115945511 1.60542705701664 1.5321976991836
1.19559185416438 1.62014911416918 1.92917882744223 1.30887572001666 1.15834612422623 1.37533759186044 1.50856485916302 1.80073577235453 1.77672664960846 1.61641438910738 1.5404080026783 0.999948045937344 1.2125214159023 1.29862162005156 1.20854943711311 1.73311103740707 1.05325433588587 1.3746874560602 1.02160288230516 0 1.11862160428427 0.982294088695198 1.62744116364047 1.51750022359192 1.92398240393959 1.60057223052718 1.16767288860865 1.28026498458348 1.51716410578229 1.54332047887146
1.36378635303117 1.13095464394428 1.47575415344909 1.00829594954848 1.65615286398679 1.14330861065537 0.984689829638228 1.55960024986416 1.91123879491352 1.56668598996475 1.93227531085722 1.55950679443777 1.45967046101578 1.79056346113794 1.94964848039672 1.87685491796583 1.40862211096101 1.10036315233447 1.4214591793716 1.11862160428427 0 1.0708194701001 1.90745087224059 1.42380274925381 1.76223656418733 1.55722709838301 1.56160798994824 1.07074141851626 1.39176339260302 1.36825046758167
1.07902522035874 1.10976970847696 1.23579148110002 1.57930196076632 1.73133279965259 1.17852925509214 1.25324342469685 1.92167536425404 1.94413890410215 1.69290561950766 1.01261961157434 1.5385174183175 1.8618421391584 1.91699725668877 1.80012515583076 1.36747394548729 1.21443912270479 1.44936725310981 1.8020462540444 0.982294088695198 1.0708194701001 0 1.16634402167983 1.3429351313971 1.7239350064192 1.75098018231802 1.80402305186726 1.71897994098254 1.86861356534064 1.13011596817523
1.24684890685603 1.65300903702155 0.996484844014049 1.01570459385403 1.83782961941324 1.70149396243505 0.984515807591379 1.81340044178069 1.79909029789269 1.57605982758105 1.53015798074193 1.37899011513218 1.14016456110403 1.49096089089289 1.83597458899021 1.35814323625527 1.64816192467697 1.75619622506201 1.80853308388032 1.62744116364047 1.90745087224059 1.16634402167983 0 1.35970912128687 1.55309688788839 1.8359842679929 1.72668483178131 1.48268512706272 1.77866906253621 1.65370490355417
0.976319100707769 1.24934913613833 1.74935788102448 1.08686986472458 1.95505529432558 1.75453864922747 1.26357265608385 1.83426202530973 1.20483563258313 1.93956334330142 1.81732946820557 1.5365791269578 1.22610016074032 1.78267239592969 1.73377337562852 1.28928742487915 1.92932045063935 1.63378895330243 1.69675857340917 1.51750022359192 1.42380274925381 1.3429351313971 1.35970912128687 0 1.52867615479045 1.77591798827052 1.67014771141112 1.18575913296081 1.86689277552068 1.10099054011516
1.45525037148036 1.63618603441864 0.993234148714691 1.96224555466324 1.24347966862842 1.92671703384258 1.07583667733707 1.35590575402603 1.11277636582963 1.52490125782788 1.16886425577104 1.41218033130281 1.90872031729668 1.53436545375735 0.97501306142658 1.63493046723306 1.73487225105055 1.6400282306131 1.24413602193817 1.92398240393959 1.76223656418733 1.7239350064192 1.55309688788839 1.52867615479045 0 1.35769981984049 1.41263453150168 1.42860710225068 1.25716284872033 1.83156212768517
1.06453205877915 1.11338998749852 1.01761362096295 1.32264177384786 1.77397618582472 0.97982937307097 0.982463303254917 1.42691978695802 1.90062340674922 1.89988904469647 1.86255897977389 1.09704435919411 1.54336714209057 1.40913156280294 1.26556221954525 1.57367421966046 1.46390571887605 1.48902273410931 1.4904495482333 1.60057223052718 1.55722709838301 1.75098018231802 1.8359842679929 1.77591798827052 1.35769981984049 0 1.20781521918252 1.48457633750513 1.32616344094276 1.28335113706999
1.97176723601297 1.35491249733604 1.28903459524736 1.56270519969985 1.72394592827186 1.16772823245265 1.02796137076803 1.67379730381072 1.36552706267685 1.0616368027404 1.62809954257682 1.48994991416112 1.18570159538649 1.5057668206282 1.51415742025711 0.998466727556661 1.08807770605199 1.68579236837104 1.4109439086169 1.16767288860865 1.56160798994824 1.80402305186726 1.72668483178131 1.67014771141112 1.41263453150168 1.20781521918252 0 1.25298173329793 1.34917658334598 1.81982195843011
1.37401633197442 1.82587812491693 1.18941268604249 1.88162724906579 1.208054499235 1.27268099598587 1.45235888333991 1.28791950922459 1.28937237523496 1.28993261558935 1.37553298380226 1.53836465300992 1.22405125270598 1.4012115127407 1.48222945118323 1.37180772516876 1.58529443619773 1.1902181324549 1.20844115945511 1.28026498458348 1.07074141851626 1.71897994098254 1.48268512706272 1.18575913296081 1.42860710225068 1.48457633750513 1.25298173329793 0 1.87169533525594 1.26626606658101
1.49875570414588 1.78506242157891 1.76154070883058 1.82686743931845 1.54767796141095 1.36058636126108 1.33619198412634 1.5697424588725 1.60927479155362 1.8649282020051 1.77100174920633 1.40112792653963 1.74525809893385 1.56611459585838 1.74453268805519 1.39815685409121 1.23017049510963 1.49702085694298 1.60542705701664 1.51716410578229 1.39176339260302 1.86861356534064 1.77866906253621 1.86689277552068 1.25716284872033 1.32616344094276 1.34917658334598 1.87169533525594 0 0.974398138001561
1.78228771034628 1.06201734556817 1.87999257282354 1.72931340197101 1.25354735949077 1.97149550588802 1.55066297040321 1.63505232636817 1.82213725126348 1.48698917357251 1.14125105366111 1.26198763982393 1.78174567664973 1.48145152116194 1.79972857842222 1.75634901830927 1.3239568460267 1.0325855712872 1.5321976991836 1.54332047887146 1.36825046758167 1.13011596817523 1.65370490355417 1.10099054011516 1.83156212768517 1.28335113706999 1.81982195843011 1.26626606658101 0.974398138001561 0
