0 1.37966947932728 1.71181336999871 1.40460742614232 1.45129379979335 1.8859567574691 1.89614462037571 1.41114023025148 1.91288256202824 1.00188974733464 1.81292621931061 0.975998714100569 1.16302515007555 1.41909159044735 1.65800284501165 1.76955951889977 1.61823845631443 1.50262924819253 1.35389955760911 1.72822505654767 1.49130405089818 1.66265119914897 1.67395474063233 1.73395667015575 1.02220008056611 1.34355262876488 1.11132388515398 1.81637422996573 1.33353061159141 1.51978918467648
1.37966947932728 0 1.6385303363204 1.70896082185209 1.3104740830604 1.11866612639278 1.14944817684591 0.934708503773436 1.85748672485352 1.27794247190468 1.5070634407457 1.61003103712574 1.37132218899205 1.04887365689501 1.59682775428519 1.86742861219682 1.40246401936747 1.21416431386024 1.8634674558416 1.1989083646331 1.74224659102038 0.989672708790749 1.12731081293896 1.75772500247695 0.96850287518464 1.56129719922319 1.74339684937149 1.30532571184449 1.17975665791892 1.24074864271097
1.71181336999871 1.6385303363204 0 1.40272475243546 0.931858428055421 1.2123273385223 1.4247597840149 1.51807482191361 1.6685898762662 1.86812347266823 1.89073320408352 1.80872071534395 1.7453156914562 1.23616319778375 1.02039548382163 1.83409468573518 1.08920209668577 1.44582277210429 1.59936629910953 1.39577136095613 1.72373847616836 1.89815839286894 1.90861201123334 1.39369497052394 1.81506655551493 1.34908057563007 1.39340327796526 1.76249439548701 1.50385928433388 1.32243076758459
1.40460742614232 1.70896082185209 1.40272475243546 0 1.19125928543508 0.945383686106652 1.44066523341462 1.69962984696031 1.7733581403736 1.19067042740062 1.12580279051326 1.6918025505729 1.71603762870654 1.01748669962399 1.044084652327 1.22385167144239 1.59821204422042 1.34874432836659 1.41188919311389 1.36110346764326 1.00094001647085 1.42268232582137 1.50082657136954 1.84471488022245 1.20150975254364 1.08620651927777 1.40442252508365 1.86136988759972 1.24465691694058 1.34696088684723
1.45129379979335 1.3104740830604 0.931858428055421 1.19125928543508 0 1.24209294235334 0.971820875070989 1.81881121452898 1.62985404534265 1.56206749123521 1.22220392152667 0.93417483381927 1.90713585680351 1.51437884266488 1.17313085473143 1.66225589276291 1.43882235465571 1.45179867348634 1.05137457116507 0.982587423175573 0.933812344679609 1.43581130844541 1.81780742900446 1.65677333041094 1.71711011603475 1.45787142612971 1.49906511907466 1.32954116282053 1.85199590516277 1.39648989168927
1.8859567574691 1.11866612639278 1.2123273385223 0.945383686106652 1.24209294235334 0 1.22758559091017 1.32970677968115 1.00914846896194 1.64916719240136 1.87725017266348 1.7794127757661 1.05283928639255 1.14354882994667 1.49078914429992 1.75842660712078 1.64089041622356 1.60671925568022 1.40896767401136 1.76076289708726 1.4914756801445 1.85957365925424 1.737715782132 0.974386067362502 0.953852495411411 1.23703020601533 1.64845828595571 1.48219656012952 1.6811888741795 1.67173742712475
1.89614462037571 1.14944817684591 1.4247597840149 1.44066523341462 0.971820875070989 1.22758559091017 0 1.36081732623279 1.29227832844481 1.6959770671092 1.54129880829714 1.70384356519207 1.26541085075587 1.114540575305 1.5391973820515 1.41233690246008 1.35448364447802 1.61633061128668 1.41008885996416 1.29833379201591 1.4641320456285 1.54709558514878 1.11044431547634 1.38480258639902 1.45657109771855 1.53257587226108 0.952683564741164 1.54471078072675 1.51697646919638 1.2614552420564
1.41114023025148 0.934708503773436 1.51807482191361 1.69962984696031 1.81881121452898 1.32970677968115 1.36081732623279 0 1.2786948888097 1.84096475737169 1.56287106801756 1.90866270544939 1.3501351212617 1.69591388222761 0.953285204945132 1.33828885713592 1.46383335278369 1.32090722140856 1.47369381785393 1.66710508498363 1.7407210522797 1.36946406611241 1.03279327158816 1.02029857691377 1.32670985162258 1.33918850100599 1.42046982306056 1.25886126211844 1.04650649568066 1.02875627321191
1.91288256202824 1.85748672485352 1.6685898762662 1.7733581403736 1.62985404534265 1.00914846896194 1.29227832844481 1.2786948888097 0 1.23741485155188 1.34714799723588 1.05182841629721 0.973731017205864 1.87806563032791 0.974534398876131 1.13736531161703 1.06718050595373 1.2746676641982 1.19262685021386 0.996191010344774 1.26195042417385 1.34111102460884 1.32180208317004 1.54899137094617 1.67683875281364 1.43182905786671 1.24202967411838 1.13415636308491 0.973374999128282 1.48630119138397
1.00188974733464 1.27794247190468 1.86812347266823 1.19067042740062 1.56206749123521 1.64916719240136 1.6959770671092 1.84096475737169 1.23741485155188 0 1.90009546536021 1.65017520519905 1.39476921083406 1.01568110263906 1.60937848081812 1.47072597872466 1.51347144739702 1.52599520864896 1.274058340583 1.12603239296004 1.07504147919826 1.13971847202629 1.33578262967058 1.04025469627231 1.5738348683808 1.20756202284247 1.31907674716786 1.03022608440369 1.5337468967773 1.84699543216266
1.81292621931061 1.5070634407457 1.89073320408352 1.12580279051326 1.22220392152667 1.87725017266348 1.54129880829714 1.56287106801756 1.34714799723588 1.90009546536021 0 1.06421458977275 1.65883776172996 1.1048835767433 0.97674826066941 1.13121080491692 1.54595578089356 1.35801899712533 1.10986290662549 1.59622679883614 1.09828075417317 1.54763361881487 1.57198768062517 1.18376355245709 1.83395905280486 0.949217665940523 1.17998437932692 1.22930963034742 1.34837367734872 1.27949488256127
0.975998714100569 1.61003103712574 1.80872071534395 1.6918025505729 0.93417483381927 1.7794127757661 1.70384356519207 1.90866270544939 1.05182841629721 1.65017520519905 1.06421458977275 0 1.11357337306254 1.75862889573909 1.30041287909262 1.08169165346771 1.12643516762182 0.960313426330686 1.17439122893848 1.38535405043513 0.986242453800514 0.934457504190505 1.36017408408225 1.20119297364727 1.31932493718341 0.961216689320281 1.25057233846746 1.48612257791683 1.37153620901518 1.3910023313947
1.16302515007555 1.37132218899205 1.7453156914562 1.71603762870654 1.90713585680351 1.05283928639255 1.26541085075587 1.3501351212617 0.973731017205864 1.39476921083406 1.65883776172996 1.11357337306254 0 1.83178963302635 1.77964484947734 1.70414366596378 1.82323166588321 1.91758381156251 1.36762804165483 1.9137532482855 1.69610350625589 1.17407129122876 1.4370710530784 1.9177387910895 1.51473394408822 0.989811146631837 1.54073956236243 1.90999007574283 1.61417337879539 1.76075187744573
1.41909159044735 1.04887365689501 1.23616319778375 1.01748669962399 1.51437884266488 1.14354882994667 1.114540575305 1.69591388222761 1.87806563032791 1.01568110263906 1.1048835767433 1.75862889573909 1.83178963302635 0 1.12771171913482 1.65198639407754 1.82720450893976 1.1356785686221 1.90761789842509 1.69337877747603 1.79927186970599 1.73357301321812 1.12448561005294 0.946916356682777 1.16521018068306 1.36964539322071 1.00633578957058 1.72009101673029 1.41867472045124 1.07592737837695
1.65800284501165 1.59682775428519 1.02039548382163 1.044084652327 1.17313085473143 1.49078914429992 1.5391973820515 0.953285204945132 0.974534398876131 1.60937848081812 0.97674826066941 1.30041287909262 1.77964484947734 1.12771171913482 0 1.22773103392683 1.92010960238986 1.09063410921954 1.65284102084115 1.26774276862852 1.04546615551226 1.75160071579739 1.90216874890029 1.7008683369495 0.954109912505373 1.76913544349372 1.62153672170825 1.63172719045542 1.92417435138486 1.40919980825856
1.76955951889977 1.86742861219682 1.83409468573518 1.22385167144239 1.66225589276291 1.75842660712078 1.41233690246008 1.33828885713592 1.13736531161703 1.47072597872466 1.13121080491692 1.08169165346771 1.70414366596378 1.65198639407754 1.22773103392683 0 1.63697629212402 1.14015522133559 1.47841145424172 1.56580696674064 1.89374216413125 1.38357230485417 0.987960918340832 0.970933249918744 1.69891075463966 1.22295114630833 1.27790287346579 1.50626815250143 1.18846823112108 1.25090502784587
1.61823845631443 1.40246401936747 1.08920209668577 1.59821204422042 1.43882235465571 1.64089041622356 1.35448364447802 1.46383335278369 1.06718050595373 1.51347144739702 1.54595578089356 1.12643516762182 1.82323166588321 1.82720450893976 1.92010960238986 1.63697629212402 0 1.0444532521069 1.2288318478968 1.16925679054111 1.55095941247419 1.83608611766249 1.03155317599885 1.49931189813651 1.73423035582528 1.6162586088758 1.30382472788915 1.29181572562084 1.71865546586923 1.90464732190594
1.50262924819253 1.21416431386024 1.44582277210429 1.34874432836659 1.45179867348634 1.60671925568022 1.61633061128668 1.32090722140856 1.2746676641982 1.52599520864896 1.35801899712533 0.960313426330686 1.91758381156251 1.1356785686221 1.09063410921954 1.14015522133559 1.0444532521069 0 0.959568691905588 0.952153222635388 0.946004366734996 0.961724874563515 0.939473930047825 1.47230299422517 1.17723836726509 1.87211385322735 0.996746548684314 1.41532204649411 1.57450140896253 1.09299668995664
1.35389955760911 1.8634674558416 1.59936629910953 1.41188919311389 1.05137457116507 1.40896767401136 1.41008885996416 1.47369381785393 1.19262685021386 1.274058340583 1.10986290662549 1.17439122893848 1.36762804165483 1.90761789842509 1.65284102084115 1.47841145424172 1.2288318478968 0.959568691905588 0 0.965062252944335 1.03604363556951 1.50233349343762 1.34217289439403 1.0439585398417 1.63084466289729 1.25510683236644 1.6228210888803 1.88307476346381 1.89891511714086 1.27023392170668
1.72822505654767 1.1989083646331 1.39577136095613 1.36110346764326 0.982587423175573 1.76076289708726 1.29833379201591 1.66710508498363 0.996191010344774 1.12603239296004 1.59622679883614 1.38535405043513 1.9137532482855 1.69337877747603 1.26774276862852 1.56580696674064 1.16925679054111 0.952153222635388 0.965062252944335 0 1.07115920330398 1.9138780971989 1.60230725281872 1.20896103605628 1.53857959224842 1.82326406659558 1.43548376904801 1.22540238499641 1.00895268609747 1.18784928228706
1.49130405089818 1.74224659102038 1.72373847616836 1.00094001647085 0.933812344679609 1.4914756801445 1.4641320456285 1.7407210522797 1.26195042417385 1.07504147919826 1.09828075417317 0.986242453800514 1.69610350625589 1.79927186970599 1.04546615551226 1.89374216413125 1.55095941247419 0.946004366734996 1.03604363556951 1.07115920330398 0 1.51434411201626 1.78851008880883 1.42019388591871 1.89280185452662 1.71153440792114 1.71646982454695 1.57723419950344 1.59880033717491 1.21742954431102
1.66265119914897 0.989672708790749 1.89815839286894 1.42268232582137 1.43581130844541 1.85957365925424 1.54709558514878 1.36946406611241 1.34111102460884 1.13971847202629 1.54763361881487 0.934457504190505 1.17407129122876 1.73357301321812 1.75160071579739 1.38357230485417 1.83608611766249 0.961724874563515 1.50233349343762 1.9138780971989 1.51434411201626 0 1.25850433623418 1.0875009316951 1.51759141054936 1.48905252292752 1.47146351472475 1.54748243023641 1.81897261436097 1.85484879068099
1.67395474063233 1.12731081293896 1.90861201123334 1.50082657136954 1.81780742900446 1.737715782132 1.11044431547634 1.03279327158816 1.32180208317004 1.33578262967058 1.57198768062517 1.36017408408225 1.4370710530784 1.12448561005294 1.90216874890029 0.987960918340832 1.03155317599885 0.939473930047825 1.34217289439403 1.60230725281872 1.78851008880883 1.25850433623418 0 1.45301332324743 1.08022430958226 1.38749779574573 1.73609947506338 1.44467716221698 1.04163056565449 1.76692766998895
1.73395667015575 1.75772500247695 1.39369497052394 1.84471488022245 1.65677333041094 0.974386067362502 1.38480258639902 1.02029857691377 1.54899137094617 1.04025469627231 1.18376355245709 1.20119297364727 1.9177387910895 0.946916356682777 1.7008683369495 0.970933249918744 1.49931189813651 1.47230299422517 1.0439585398417 1.20896103605628 1.42019388591871 1.0875009316951 1.45301332324743 0 1.12893869471736 1.80336555233225 1.46237762016244 1.79803920630366 1.11870426568203 1.1565718811471
1.02220008056611 0.96850287518464 1.81506655551493 1.20150975254364 1.71711011603475 0.953852495411411 1.45657109771855 1.32670985162258 1.67683875281364 1.5738348683808 1.83395905280486 1.31932493718341 1.51473394408822 1.16521018068306 0.954109912505373 1.69891075463966 1.73423035582528 1.17723836726509 1.63084466289729 1.53857959224842 1.89280185452662 1.51759141054936 1.08022430958226 1.12893869471736 0 1.30390456691384 0.986332451691851 1.39882440888323 1.26626501511782 1.46123297861777
1.34355262876488 1.56129719922319 1.34908057563007 1.08620651927777 1.45787142612971 1.23703020601533 1.53257587226108 1.33918850100599 1.43182905786671 1.20756202284247 0.949217665940523 0.961216689320281 0.989811146631837 1.36964539322071 1.76913544349372 1.22295114630833 1.6162586088758 1.87211385322735 1.25510683236644 1.82326406659558 1.71153440792114 1.48905252292752 1.38749779574573 1.80336555233225 1.30390456691384 0 1.46570011996664 1.62292051804252 1.86881648935378 1.48891870351508
1.11132388515398 1.74339684937149 1.39340327796526 1.40442252508365 1.49906511907466 1.64845828595571 0.952683564741164 1.42046982306056 1.24202967411838 1.31907674716786 1.17998437932692 1.25057233846746 1.54073956236243 1.00633578957058 1.62153672170825 1.27790287346579 1.30382472788915 0.996746548684314 1.6228210888803 1.43548376904801 1.71646982454695 1.47146351472475 1.73609947506338 1.46237762016244 0.986332451691851 1.46570011996664 0 1.56098505249247 1.62241210206412 1.52943014563061
1.81637422996573 1.30532571184449 1.76249439548701 1.86136988759972 1.32954116282053 1.48219656012952 1.54471078072675 1.25886126211844 1.13415636308491 1.03022608440369 1.22930963034742 1.48612257791683 1.90999007574283 1.72009101673029 1.63172719045542 1.50626815250143 1.29181572562084 1.41532204649411 1.88307476346381 1.22540238499641 1.57723419950344 1.54748243023641 1.44467716221698 1.79803920630366 1.39882440888323 1.62292051804252 1.56098505249247 0 0.946889436338097 1.39398346911184
1.33353061159141 1.17975665791892 1.50385928433388 1.24465691694058 1.85199590516277 1.6811888741795 1.51697646919638 1.04650649568066 0.973374999128282 1.5337468967773 1.34837367734872 1.37153620901518 1.61417337879539 1.41867472045124 1.92417435138486 1.18846823112108 1.71865546586923 1.57450140896253 1.89891511714086 1.00895268609747 1.59880033717491 1.81897261436097 1.04163056565449 1.11870426568203 1.26626501511782 1.86881648935378 1.62241210206412 0.946889436338097 0 1.67065079440363
1.51978918467648 1.24074864271097 1.32243076758459 1.34696088684723 1.39648989168927 1.67173742712475 1.2614552420564 1.02875627321191 1.48630119138397 1.84699543216266 1.27949488256127 1.3910023313947 1.76075187744573 1.07592737837695 1.40919980825856 1.25090502784587 1.90464732190594 1.09299668995664 1.27023392170668 1.18784928228706 1.21742954431102 1.85484879068099 1.76692766998895 1.1565718811471 1.46123297861777 1.48891870351508 1.52943014563061 1.39398346911184 1.67065079440363 0
