0 1.62937047425658 1.58002284634858 1.61334736039862 1.90852303663269 1.77701363246888 1.00565276201814 1.16824107547291 1.05754706053995 1.74062857823446 1.17107452917844 1.48281740699895 1.1114946436137 1.61078759585507 1.83781369053759 1.2871321849525 1.23267450230196 1.39248605724424 1.28876500925981 1.60896725440398 1.67860716907308 1.82959279417992 1.40256966254674 1.41876454628073 1.23222331865691 1.78706393507309 1.81421289290302 1.6380584272556 1.33102435641922 1.09798690769821
1.62937047425658 0 1.39480621367693 1.72908398346044 0.946635268395767 1.78030163724907 1.89452939317562 1.63109333626926 1.01931034750305 1.08435353077948 1.42397557478398 1.18835095223039 0.984873127425089 1.43519397964701 1.74069854826666 1.09723775647581 1.90775176137686 1.04316523903981 1.23051984142512 1.73006282607093 0.945909525733441 1.86010703537613 1.54725086735561 1.2994124321267 1.03515966841951 1.51874680561014 1.40112703642808 1.40432550921105 0.97400423255749 1.39289957843721
1.58002284634858 1.39480621367693 0 1.8945637838915 0.933904699515551 1.75181233603507 0.933007628424093 1.05017855018377 1.74832562822849 1.80137286917306 1.82196179055609 0.930606074398383 1.35347951157019 1.72783078346401 1.2803462324664 1.3874552634079 1.49462382122874 1.18045698315836 1.43938414077275 1.74529959191568 1.49139484670013 1.26136073796079 1.72396134724841 1.17627887870185 1.45102102519013 1.81521975761279 1.52590824174695 1.11969124432653 1.89490947150625 1.2028570624534
1.61334736039862 1.72908398346044 1.8945637838915 0 1.16038831160404 1.30563950841315 1.7669698051177 1.87373727909289 1.01614731037989 1.85569011047482 1.17300739116035 1.8858475908637 1.80239803367294 1.46313557890244 1.44427272537723 1.69374703872018 1.30078830663115 1.53128951252438 1.61230657878332 0.967105621937662 1.29750588629395 1.70628668437712 1.82273900322616 1.2860415535979 1.87958562746644 1.09027257724665 1.90945581090637 1.87580326013267 1.17188919940963 1.00976498355158
1.90852303663269 0.946635268395767 0.933904699515551 1.16038831160404 0 1.19565196102485 1.68655703938566 1.52875324967317 1.44751145970076 1.33648702292703 1.71729713398963 0.969223950989544 1.01505490927957 1.04882657318376 1.20672493590973 1.75161131634377 1.29658249649219 1.2644223801326 1.70871255244128 1.0287066437304 1.11759543139488 1.91470691375434 1.88726306147873 1.62824399443343 1.73126197885722 1.78617909341119 1.45307157607749 0.964778800262138 1.32753054238856 1.69635629490949
1.77701363246888 1.78030163724907 1.75181233603507 1.30563950841315 1.19565196102485 0 1.6068270127289 1.74845225759782 1.22753181657754 1.53368858504109 1.24731335765682 1.64505468821153 1.89120945404284 1.00716135185212 1.49245739844628 1.70105076767504 1.20908306189813 1.53298734826967 1.12628118740395 1.74687686515972 1.41318226000294 1.13309529982507 1.46455740486272 1.88481094385497 1.49551247898489 1.08257496915758 1.05327775189653 1.70930647663772 1.59728632029146 1.3903190405108
1.00565276201814 1.89452939317562 0.933007628424093 1.7669698051177 1.68655703938566 1.6068270127289 0 1.66216915124096 1.91768479254097 1.82327706972137 1.8471906632185 1.19290361390449 1.08069178229198 1.20643309061415 1.57103995373473 1.01985004427843 1.506999818841 1.47914527333342 1.01017591380514 1.86738972412422 1.28003869228996 1.69181310711429 1.00551398424432 1.79223877005279 1.16504343482666 1.1917494982481 1.7736211521551 1.58309064502828 1.22525194752961 1.7769442864228
1.16824107547291 1.63109333626926 1.05017855018377 1.87373727909289 1.52875324967317 1.74845225759782 1.66216915124096 0 1.5262252970133 1.29832155397162 1.55145810474642 1.81437882524915 1.88182610669173 1.44327798718587 1.73179833195172 1.38814436667599 1.86442101630382 1.65465128375217 1.79284129198641 1.09475049981847 1.53313826071098 1.67611140734516 1.08581113442779 1.5652153454721 1.55817661690526 1.634568186244 1.78751376038417 1.37187766004354 1.35927149374038 1.05450094980188
1.05754706053995 1.01931034750305 1.74832562822849 1.01614731037989 1.44751145970076 1.22753181657754 1.91768479254097 1.5262252970133 0 1.57680717250332 1.21694130916148 1.23519048816524 0.945515071973205 1.43842526525259 1.55236339243129 1.46428973623551 1.10166540858336 1.63570704357699 0.939313551411033 0.977185718016699 1.29914717958309 1.07662315526977 1.62708982126787 1.71348247118294 1.1842498453334 1.52015118044801 1.37082449323498 1.19399344595149 0.990360706113279 1.61235411791131
1.74062857823446 1.08435353077948 1.80137286917306 1.85569011047482 1.33648702292703 1.53368858504109 1.82327706972137 1.29832155397162 1.57680717250332 0 0.935626742662862 1.30149252503179 1.58453261735849 1.76670537120663 1.68427715473808 1.52998776733875 1.28510232199915 1.46593739325181 1.59297800716013 1.00223917188123 1.07306335610338 1.58287390670739 1.27342768805102 1.08473754837178 1.31026267632842 1.0816692262888 1.40073691611178 1.57112491829321 1.64072140539065 1.6337325903587
1.17107452917844 1.42397557478398 1.82196179055609 1.17300739116035 1.71729713398963 1.24731335765682 1.8471906632185 1.55145810474642 1.21694130916148 0.935626742662862 0 1.716335226316 1.67436200240627 1.91206732951105 1.56749259284697 1.56965786637738 1.7450926352758 1.05248849466443 0.942684038775042 1.6985071033705 1.1569572519511 1.87782637728378 1.68565937434323 1.66946366778575 1.27085142419674 1.15735292970203 1.73673164891079 1.08825901802629 1.19188335747458 1.64218677068129
1.48281740699895 1.18835095223039 0.930606074398383 1.8858475908637 0.969223950989544 1.64505468821153 1.19290361390449 1.81437882524915 1.23519048816524 1.30149252503179 1.716335226316 0 1.29999364400283 1.55646219430491 1.19268598593771 1.64151066285558 1.06532337330282 1.53867672360502 1.50350521062501 1.44939973205328 0.943517809035257 1.56201684707776 1.75112744886428 1.86835505743511 1.59239117754623 0.9784752628766 1.28493094770238 1.52340513491072 1.60611456655897 1.50802230532281
1.1114946436137 0.984873127425089 1.35347951157019 1.80239803367294 1.01505490927957 1.89120945404284 1.08069178229198 1.88182610669173 0.945515071973205 1.58453261735849 1.67436200240627 1.29999364400283 0 1.5063486197032 1.02152083464898 1.87136335088871 1.31438708864152 1.03829758940265 1.14396540634334 1.51623742119409 1.43831759691238 1.32526915264316 1.09535188693553 1.57847356749699 1.1818888427224 1.37945688096806 1.39226251910441 1.71609166078269 0.966128196334466 1.35814863746054
1.61078759585507 1.43519397964701 1.72783078346401 1.46313557890244 1.04882657318376 1.00716135185212 1.20643309061415 1.44327798718587 1.43842526525259 1.76670537120663 1.91206732951105 1.55646219430491 1.5063486197032 0 0.995809383690357 1.77873329818249 1.54498471412808 1.33177377702668 0.969383290736005 1.1683480697684 1.77513434318826 1.1540813066531 1.1860152806621 1.18093904969282 1.11355500319041 1.64184699091129 1.06428566016257 1.30184301384725 1.84270544769242 1.57494974811561
1.83781369053759 1.74069854826666 1.2803462324664 1.44427272537723 1.20672493590973 1.49245739844628 1.57103995373473 1.73179833195172 1.55236339243129 1.68427715473808 1.56749259284697 1.19268598593771 1.02152083464898 0.995809383690357 0 1.43753822334111 1.37253536377102 1.37651843880303 1.36119732423685 1.88092864630744 1.73311801324598 1.03810571064241 1.79869926301762 0.944867052370682 1.77909540501423 1.51140526356176 1.71095565473661 1.72175967227668 1.15802067355253 1.66784773976542
1.2871321849525 1.09723775647581 1.3874552634079 1.69374703872018 1.75161131634377 1.70105076767504 1.01985004427843 1.38814436667599 1.46428973623551 1.52998776733875 1.56965786637738 1.64151066285558 1.87136335088871 1.77873329818249 1.43753822334111 0 1.45205270755105 1.43681053770706 1.70736002200283 1.29435543343425 0.960916336392984 1.23989066365175 1.50611044885591 1.08337864535861 1.36502671381459 1.39146959525533 1.60766187938862 1.75435829511844 1.1888896971941 1.43154451274313
1.23267450230196 1.90775176137686 1.49462382122874 1.30078830663115 1.29658249649219 1.20908306189813 1.506999818841 1.86442101630382 1.10166540858336 1.28510232199915 1.7450926352758 1.06532337330282 1.31438708864152 1.54498471412808 1.37253536377102 1.45205270755105 0 1.09840607712977 1.70562711730599 1.27964171301574 1.17092964239419 1.28395117842592 0.96584847336635 1.82064041146077 1.5714989984408 1.22242749505676 0.961676789214835 1.88294279715046 1.11261928477325 1.02397472504526
1.39248605724424 1.04316523903981 1.18045698315836 1.53128951252438 1.2644223801326 1.53298734826967 1.47914527333342 1.65465128375217 1.63570704357699 1.46593739325181 1.05248849466443 1.53867672360502 1.03829758940265 1.33177377702668 1.37651843880303 1.43681053770706 1.09840607712977 0 1.42438794160262 1.29914210201241 1.38275151257403 1.41071859654039 1.20442435448058 1.81720234523527 1.47660131216981 1.52611148986034 0.955920467153192 1.30006238212809 1.42225030437112 1.83630661619827
1.28876500925981 1.23051984142512 1.43938414077275 1.61230657878332 1.70871255244128 1.12628118740395 1.01017591380514 1.79284129198641 0.939313551411033 1.59297800716013 0.942684038775042 1.50350521062501 1.14396540634334 0.969383290736005 1.36119732423685 1.70736002200283 1.70562711730599 1.42438794160262 0 1.37403543363325 1.89347124448977 1.41191867482848 1.0299508611206 1.17578244162723 1.74885291769169 1.5443851230666 1.44135359418578 1.28348542680033 1.11665655649267 1.56210475950502
1.60896725440398 1.73006282607093 1.74529959191568 0.967105621937662 1.0287066437304 1.74687686515972 1.86738972412422 1.09475049981847 0.977185718016699 1.00223917188123 1.6985071033705 1.44939973205328 1.51623742119409 1.1683480697684 1.88092864630744 1.29435543343425 1.27964171301574 1.29914210201241 1.37403543363325 0 1.56894568051212 1.40985479066148 1.21047470439225 1.48657910409383 1.51568009518087 1.8764451444149 1.62470026430674 0.945251144934446 0.99207033100538 1.85228472086601
1.67860716907308 0.945909525733441 1.49139484670013 1.29750588629395 1.11759543139488 1.41318226000294 1.28003869228996 1.53313826071098 1.29914717958309 1.07306335610338 1.1569572519511 0.943517809035257 1.43831759691238 1.77513434318826 1.73311801324598 0.960916336392984 1.17092964239419 1.38275151257403 1.89347124448977 1.56894568051212 0 1.65130328736268 1.15336410864256 1.80844102543779 1.4639405363705 1.65941215399653 0.960662797326222 1.66497010807507 1.49294229201041 1.03254758287221
1.82959279417992 1.86010703537613 1.26136073796079 1.70628668437712 1.91470691375434 1.13309529982507 1.69181310711429 1.67611140734516 1.07662315526977 1.58287390670739 1.87782637728378 1.56201684707776 1.32526915264316 1.1540813066531 1.03810571064241 1.23989066365175 1.28395117842592 1.41071859654039 1.41191867482848 1.40985479066148 1.65130328736268 0 1.52364370971918 1.86515001114458 1.11400164663792 1.53776375460438 1.79343133186921 1.13184492872097 0.952678235247731 1.72890911763534
1.40256966254674 1.54725086735561 1.72396134724841 1.82273900322616 1.88726306147873 1.46455740486272 1.00551398424432 1.08581113442779 1.62708982126787 1.27342768805102 1.68565937434323 1.75112744886428 1.09535188693553 1.1860152806621 1.79869926301762 1.50611044885591 0.96584847336635 1.20442435448058 1.0299508611206 1.21047470439225 1.15336410864256 1.52364370971918 0 1.54816209478304 1.45516475429758 0.97620458342135 0.964908754220232 1.2955763344653 1.45097460132092 1.4962345410604
1.41876454628073 1.2994124321267 1.17627887870185 1.2860415535979 1.62824399443343 1.88481094385497 1.79223877005279 1.5652153454721 1.71348247118294 1.08473754837178 1.66946366778575 1.86835505743511 1.57847356749699 1.18093904969282 0.944867052370682 1.08337864535861 1.82064041146077 1.81720234523527 1.17578244162723 1.48657910409383 1.80844102543779 1.86515001114458 1.54816209478304 0 1.8346167919226 1.59537412272766 1.79445850057527 0.941141603281721 1.17716438672505 1.40293976059183
1.23222331865691 1.03515966841951 1.45102102519013 1.87958562746644 1.73126197885722 1.49551247898489 1.16504343482666 1.55817661690526 1.1842498453334 1.31026267632842 1.27085142419674 1.59239117754623 1.1818888427224 1.11355500319041 1.77909540501423 1.36502671381459 1.5714989984408 1.47660131216981 1.74885291769169 1.51568009518087 1.4639405363705 1.11400164663792 1.45516475429758 1.8346167919226 0 1.78406188008375 1.86564065376297 1.91893534199335 1.57048490038142 1.31371298991144
1.78706393507309 1.51874680561014 1.81521975761279 1.09027257724665 1.78617909341119 1.08257496915758 1.1917494982481 1.634568186244 1.52015118044801 1.0816692262888 1.15735292970203 0.9784752628766 1.37945688096806 1.64184699091129 1.51140526356176 1.39146959525533 1.22242749505676 1.52611148986034 1.5443851230666 1.8764451444149 1.65941215399653 1.53776375460438 0.97620458342135 1.59537412272766 1.78406188008375 0 1.51922588446178 1.18644071184099 1.23866443848237 1.06983040529303
1.81421289290302 1.40112703642808 1.52590824174695 1.90945581090637 1.45307157607749 1.05327775189653 1.7736211521551 1.78751376038417 1.37082449323498 1.40073691611178 1.73673164891079 1.28493094770238 1.39226251910441 1.06428566016257 1.71095565473661 1.60766187938862 0.961676789214835 0.955920467153192 1.44135359418578 1.62470026430674 0.960662797326222 1.79343133186921 0.964908754220232 1.79445850057527 1.86564065376297 1.51922588446178 0 0.98460238869302 1.20274211536162 1.05919189634733
1.6380584272556 1.40432550921105 1.11969124432653 1.87580326013267 0.964778800262138 1.70930647663772 1.58309064502828 1.37187766004354 1.19399344595149 1.57112491829321 1.08825901802629 1.52340513491072 1.71609166078269 1.30184301384725 1.72175967227668 1.75435829511844 1.88294279715046 1.30006238212809 1.28348542680033 0.945251144934446 1.66497010807507 1.13184492872097 1.2955763344653 0.941141603281721 1.91893534199335 1.18644071184099 0.98460238869302 0 1.0155146480538 1.33619941188954
1.33102435641922 0.97400423255749 1.89490947150625 1.17188919940963 1.32753054238856 1.59728632029146 1.22525194752961 1.35927149374038 0.990360706113279 1.64072140539065 1.19188335747458 1.60611456655897 0.966128196334466 1.84270544769242 1.15802067355253 1.1888896971941 1.11261928477325 1.42225030437112 1.11665655649267 0.99207033100538 1.49294229201041 0.952678235247731 1.45097460132092 1.17716438672505 1.57048490038142 1.23866443848237 1.20274211536162 1.0155146480538 0 0.974522961769253
1.09798690769821 1.39289957843721 1.2028570624534 1.00976498355158 1.69635629490949 1.3903190405108 1.7769442864228 1.05450094980188 1.61235411791131 1.6337325903587 1.64218677068129 1.50802230532281 1.35814863746054 1.57494974811561 1.66784773976542 1.43154451274313 1.02397472504526 1.83630661619827 1.56210475950502 1.85228472086601 1.03254758287221 1.72890911763534 1.4962345410604 1.40293976059183 1.31371298991144 1.06983040529303 1.05919189634733 1.33619941188954 0.974522961769253 0
