0 0.97410701867193 1.49730436783284 1.49878532579169 1.50909163663164 1.12024565646425 1.51319623691961 1.00424192962237 1.39641258050688 1.15381049690768 1.71423023776151 1.24083887622692 1.57953430805355 1.4077283735387 1.0735460142605 1.89154775533825 1.73948878468946 1.41520487586968 1.34055943251587 1.06717348960228 1.46704968763515 1.04432236705907 1.92387235770002 1.46902050892822 1.56506987824105 1.63583837472834 1.80098606622778 1.78462227201089 1.00400750688277 1.5605596313253
0.97410701867193 0 1.85530670383014 1.13640126283281 1.63717463216744 1.40792954224162 1.15083192754537 1.81598895625211 1.20050447061658 1.23474820354022 1.15315409819596 1.47121719550341 1.27625061408617 1.70276246475987 1.0392705691047 1.41939072078094 1.18696703435853 1.04178346856497 1.26697606570087 1.73691793088801 1.6641459390521 1.37669376842678 1.01374730886891 1.48088663560338 1.91146903019398 1.60930612566881 1.28480772371404 1.39033860061318 1.13704807753675 1.82107398100197
1.49730436783284 1.85530670383014 0 1.03894357010722 1.28163333190605 1.09312285925262 1.10110710840672 1.63448563567363 1.89008221658878 1.83915147092193 1.13435896113515 1.16655033989809 1.03000246011652 1.05876915715635 1.79397841659375 1.57832908537239 1.61773179890588 1.81764263869263 1.43542886502109 1.47886985517107 1.10246178111993 1.38922620145604 1.68847062950954 1.5784726687707 1.55520400544629 1.82194593152963 1.74154910328798 1.33079062309116 1.15078029036522 1.29014925728552
1.49878532579169 1.13640126283281 1.03894357010722 0 0.979322213679552 1.02999922563322 1.45840691495687 1.16789495409466 1.33557660318911 1.782135972986 1.4251554608345 1.73625417449512 1.6359687813092 1.62469684099779 1.05839622346684 1.51425705081783 1.68596232822165 0.981364307692274 1.61122782714665 1.83218777738512 0.982305727200583 1.18362082378007 1.83069323934615 1.16487241815776 1.90867831720971 1.16912100999616 1.05720842978917 1.66080262418836 1.67671643826179 1.92597010591999
1.50909163663164 1.63717463216744 1.28163333190605 0.979322213679552 0 0.977944668382406 1.7676285605412 1.42044509178959 1.83543474110775 1.22984691546299 1.06096963537857 1.21488989703357 1.91344940266572 1.48531659482978 1.69791332166642 1.80649954476394 1.92532211192884 1.86714780796319 1.07430196739733 1.23448644136079 1.18964048149064 1.47027562675066 1.57997432514094 1.46396191674285 1.38255530758761 1.90944533189759 1.29282074212097 1.84577076346613 1.73975680349395 1.58653631387278
1.12024565646425 1.40792954224162 1.09312285925262 1.02999922563322 0.977944668382406 0 1.76413378957659 1.76173928566277 1.33981864782982 1.51571209169924 1.94800223154016 1.92694888799451 1.13737935828976 1.3629465168342 1.81854255730286 1.70203192462213 1.05517025478184 1.70817753579468 1.03637611842714 1.56855352921411 1.12861131341197 1.14401317504235 1.95568176056258 1.76707311230712 1.25173425511457 1.80535707389936 1.14805707638152 1.23864433774725 0.982373541453853 1.13626619498245
1.51319623691961 1.15083192754537 1.10110710840672 1.45840691495687 1.7676285605412 1.76413378957659 0 1.63100459426641 1.52780633000657 1.58234463306144 1.87445933069102 1.30913571571 1.68174142460339 0.966603007167578 1.62977680144832 1.61910391575657 1.63674161746167 1.15046126907691 1.79401387716644 1.90359569434077 1.10063028731383 1.16705010412261 1.6407998255454 1.14848627219908 1.7698872347828 1.52583669754677 1.60529271839187 1.03792072529905 1.10904401959851 1.961342001101
1.00424192962237 1.81598895625211 1.63448563567363 1.16789495409466 1.42044509178959 1.76173928566277 1.63100459426641 0 1.18373991176486 1.31049247505143 1.45701037440449 1.48794663208537 1.01714599668048 1.41773840715177 1.72442812030204 1.70153625193052 1.34246197436005 1.42851209454238 1.43067255243659 1.94443032983691 1.05481696664356 1.30214385618456 1.31032940000296 1.02784224203788 1.31163193145767 1.46916648861952 1.28878304315731 1.27980632777326 1.55439935787581 1.31174841406755
1.39641258050688 1.20050447061658 1.89008221658878 1.33557660318911 1.83543474110775 1.33981864782982 1.52780633000657 1.18373991176486 0 1.13488536234945 1.8205571055878 1.36340243578888 1.71434833109379 0.968921046936885 1.06835992168635 1.08082329039462 1.40413273312151 1.73167451727204 1.94784179050475 1.22861595405266 0.991842878749594 1.7599252415821 1.92731698020361 1.70003762748092 1.36993715842254 1.07764307642356 1.49097521440126 1.52118391217664 1.27851140056737 1.81903321342543
1.15381049690768 1.23474820354022 1.83915147092193 1.782135972986 1.22984691546299 1.51571209169924 1.58234463306144 1.31049247505143 1.13488536234945 0 1.5626256223768 1.84202572400682 1.58799908892252 1.71122692828067 1.68944919412024 1.74523514416069 1.28384334291331 1.86864116648212 1.75381040247157 1.40565910423175 1.6547796993982 1.83127511339262 1.43501834268682 1.95279969507828 1.26846013753675 1.12877222406678 1.21803062059917 1.59677032288164 1.83818952110596 1.47328510973603
1.71423023776151 1.15315409819596 1.13435896113515 1.4251554608345 1.06096963537857 1.94800223154016 1.87445933069102 1.45701037440449 1.8205571055878 1.5626256223768 0 1.63090134225786 1.03878688719124 1.7372526822146 1.65001295879483 1.59179291618057 1.51084331935272 0.967858420684934 1.67459594877437 1.49182346346788 1.67524847644381 1.17608481319621 1.88678608951159 1.90962450229563 1.87837834050879 0.985401325626299 1.85072932043113 1.43347067502327 1.75200825394131 1.47553764842451
1.24083887622692 1.47121719550341 1.16655033989809 1.73625417449512 1.21488989703357 1.92694888799451 1.30913571571 1.48794663208537 1.36340243578888 1.84202572400682 1.63090134225786 0 1.90696582128294 1.19845116231591 1.80749928858131 1.85671010962687 0.96470596594736 1.13900672388263 1.06788195017725 1.58189834654331 0.969415920088068 1.13128858874552 1.34010854410008 1.85005773836747 1.75707420473918 1.31804794585332 1.76438452815637 1.91368496511132 1.21976344846189 0.978917784523219
1.57953430805355 1.27625061408617 1.03000246011652 1.6359687813092 1.91344940266572 1.13737935828976 1.68174142460339 1.01714599668048 1.71434833109379 1.58799908892252 1.03878688719124 1.90696582128294 0 1.01240899064578 1.60328772547655 1.41377441771328 0.994728055084124 1.91439541638829 1.49642996396869 1.23617432662286 1.84469118737616 1.19995993352495 1.06132577266544 1.72053223941475 1.72031289711595 1.06489685713314 1.31299421144649 1.75778037193231 1.3295191291254 1.45736450515687
1.4077283735387 1.70276246475987 1.05876915715635 1.62469684099779 1.48531659482978 1.3629465168342 0.966603007167578 1.41773840715177 0.968921046936885 1.71122692828067 1.7372526822146 1.19845116231591 1.01240899064578 0 1.07606034702621 1.03026344464161 1.33591984794475 1.652123400243 0.978920743567869 1.5572858962696 1.40815779170953 1.05687447194941 1.52178904274479 1.45439039124176 1.19420528877527 1.69952052924782 1.63136425963603 1.93280122475699 1.65283220098354 1.05941997328773
1.0735460142605 1.0392705691047 1.79397841659375 1.05839622346684 1.69791332166642 1.81854255730286 1.62977680144832 1.72442812030204 1.06835992168635 1.68944919412024 1.65001295879483 1.80749928858131 1.60328772547655 1.07606034702621 0 1.66584341577254 1.17219706601463 1.19439017795958 1.82462783157825 1.13497042004019 1.85043544997461 1.13330399408005 1.30994371185079 1.67326141358353 1.85153495334089 1.62514191889204 1.46810314781033 1.78369910665788 1.33230786817148 0.998144801938906
1.89154775533825 1.41939072078094 1.57832908537239 1.51425705081783 1.80649954476394 1.70203192462213 1.61910391575657 1.70153625193052 1.08082329039462 1.74523514416069 1.59179291618057 1.85671010962687 1.41377441771328 1.03026344464161 1.66584341577254 0 1.43084806459956 1.95848194486462 1.51053931168281 1.61040267348289 1.85256647178903 1.48957413551398 1.0166621543467 1.56085391668603 1.70083513809368 1.76876953500323 1.01139335357584 1.35911375586875 1.04966244008392 1.08594982861541
1.73948878468946 1.18696703435853 1.61773179890588 1.68596232822165 1.92532211192884 1.05517025478184 1.63674161746167 1.34246197436005 1.40413273312151 1.28384334291331 1.51084331935272 0.96470596594736 0.994728055084124 1.33591984794475 1.17219706601463 1.43084806459956 0 1.02426054794341 1.51962190889753 1.21459737909026 1.17102700425312 1.6175441776868 1.91163883008994 1.33585663093254 1.72831764584407 1.9258418274112 1.72472281428054 1.33447635825723 1.33342784666456 1.85789387463592
1.41520487586968 1.04178346856497 1.81764263869263 0.981364307692274 1.86714780796319 1.70817753579468 1.15046126907691 1.42851209454238 1.73167451727204 1.86864116648212 0.967858420684934 1.13900672388263 1.91439541638829 1.652123400243 1.19439017795958 1.95848194486462 1.02426054794341 0 1.84675350692123 1.31470995629206 1.1291061998345 1.13328572432511 1.9218367759604 1.82846053270623 1.3070888929069 1.44173939875327 1.83084926125593 1.02459043893032 1.11644814978354 1.591840171488
1.34055943251587 1.26697606570087 1.43542886502109 1.61122782714665 1.07430196739733 1.03637611842714 1.79401387716644 1.43067255243659 1.94784179050475 1.75381040247157 1.67459594877437 1.06788195017725 1.49642996396869 0.978920743567869 1.82462783157825 1.51053931168281 1.51962190889753 1.84675350692123 0 1.06922834296711 1.53471455303952 1.63533635018393 1.69816750660539 1.92725597321987 1.77804010431282 1.34382882504724 1.72907170234248 1.64642190793529 1.40115894004703 1.36253445502371
1.06717348960228 1.73691793088801 1.47886985517107 1.83218777738512 1.23448644136079 1.56855352921411 1.90359569434077 1.94443032983691 1.22861595405266 1.40565910423175 1.49182346346788 1.58189834654331 1.23617432662286 1.5572858962696 1.13497042004019 1.61040267348289 1.21459737909026 1.31470995629206 1.06922834296711 0 1.64570754184388 1.12704919138923 1.32044455758296 1.75977553636767 1.30361956520937 1.0956884145271 1.8395236833021 1.23964308039285 1.43218400399201 1.11402763845399
1.46704968763515 1.6641459390521 1.10246178111993 0.982305727200583 1.18964048149064 1.12861131341197 1.10063028731383 1.05481696664356 0.991842878749594 1.6547796993982 1.67524847644381 0.969415920088068 1.84469118737616 1.40815779170953 1.85043544997461 1.85256647178903 1.17102700425312 1.1291061998345 1.53471455303952 1.64570754184388 0 1.77228901907802 1.25203888048418 1.37861565104686 1.59266319079325 1.75499662267976 1.02018240257166 1.34274038835429 1.65358299924992 1.44447152689099
1.04432236705907 1.37669376842678 1.38922620145604 1.18362082378007 1.47027562675066 1.14401317504235 1.16705010412261 1.30214385618456 1.7599252415821 1.83127511339262 1.17608481319621 1.13128858874552 1.19995993352495 1.05687447194941 1.13330399408005 1.48957413551398 1.6175441776868 1.13328572432511 1.63533635018393 1.12704919138923 1.77228901907802 0 1.5223357079085 1.26366000738926 1.70456677558832 1.24792871065438 1.78673501964658 1.06128999241628 1.67536890669726 1.01156051596627
1.92387235770002 1.01374730886891 1.68847062950954 1.83069323934615 1.57997432514094 1.95568176056258 1.6407998255454 1.31032940000296 1.92731698020361 1.43501834268682 1.88678608951159 1.34010854410008 1.06132577266544 1.52178904274479 1.30994371185079 1.0166621543467 1.91163883008994 1.9218367759604 1.69816750660539 1.32044455758296 1.25203888048418 1.5223357079085 0 1.53121756878681 1.00331280403771 1.07992825726978 1.8756031494122 1.01980729750358 1.54679296747781 1.34702916769311
1.46902050892822 1.48088663560338 1.5784726687707 1.16487241815776 1.46396191674285 1.76707311230712 1.14848627219908 1.02784224203788 1.70003762748092 1.95279969507828 1.90962450229563 1.85005773836747 1.72053223941475 1.45439039124176 1.67326141358353 1.56085391668603 1.33585663093254 1.82846053270623 1.92725597321987 1.75977553636767 1.37861565104686 1.26366000738926 1.53121756878681 0 1.07173306844197 1.21386189316399 1.89079099847004 1.14097381383181 1.18088361877017 1.4074576231651
1.56506987824105 1.91146903019398 1.55520400544629 1.90867831720971 1.38255530758761 1.25173425511457 1.7698872347828 1.31163193145767 1.36993715842254 1.26846013753675 1.87837834050879 1.75707420473918 1.72031289711595 1.19420528877527 1.85153495334089 1.70083513809368 1.72831764584407 1.3070888929069 1.77804010431282 1.30361956520937 1.59266319079325 1.70456677558832 1.00331280403771 1.07173306844197 0 1.22757907188497 1.53243567957543 1.75863998476416 1.1189201946836 1.82088316534646
1.63583837472834 1.60930612566881 1.82194593152963 1.16912100999616 1.90944533189759 1.80535707389936 1.52583669754677 1.46916648861952 1.07764307642356 1.12877222406678 0.985401325626299 1.31804794585332 1.06489685713314 1.69952052924782 1.62514191889204 1.76876953500323 1.9258418274112 1.44173939875327 1.34382882504724 1.0956884145271 1.75499662267976 1.24792871065438 1.07992825726978 1.21386189316399 1.22757907188497 0 0.977275427896529 1.33068682951853 1.11136495647952 1.5700970038306
1.80098606622778 1.28480772371404 1.74154910328798 1.05720842978917 1.29282074212097 1.14805707638152 1.60529271839187 1.28878304315731 1.49097521440126 1.21803062059917 1.85072932043113 1.76438452815637 1.31299421144649 1.63136425963603 1.46810314781033 1.01139335357584 1.72472281428054 1.83084926125593 1.72907170234248 1.8395236833021 1.02018240257166 1.78673501964658 1.8756031494122 1.89079099847004 1.53243567957543 0.977275427896529 0 1.41831010533497 1.64260378316976 1.7166100165341
1.78462227201089 1.39033860061318 1.33079062309116 1.66080262418836 1.84577076346613 1.23864433774725 1.03792072529905 1.27980632777326 1.52118391217664 1.59677032288164 1.43347067502327 1.91368496511132 1.75778037193231 1.93280122475699 1.78369910665788 1.35911375586875 1.33447635825723 1.02459043893032 1.64642190793529 1.23964308039285 1.34274038835429 1.06128999241628 1.01980729750358 1.14097381383181 1.75863998476416 1.33068682951853 1.41831010533497 0 1.34326377906837 1.93320378428325
1.00400750688277 1.13704807753675 1.15078029036522 1.67671643826179 1.73975680349395 0.982373541453853 1.10904401959851 1.55439935787581 1.27851140056737 1.83818952110596 1.75200825394131 1.21976344846189 1.3295191291254 1.65283220098354 1.33230786817148 1.04966244008392 1.33342784666456 1.11644814978354 1.40115894004703 1.43218400399201 1.65358299924992 1.67536890669726 1.54679296747781 1.18088361877017 1.1189201946836 1.11136495647952 1.64260378316976 1.34326377906837 0 1.08176176832058
1.5605596313253 1.82107398100197 1.29014925728552 1.92597010591999 1.58653631387278 1.13626619498245 1.961342001101 1.31174841406755 1.81903321342543 1.47328510973603 1.47553764842451 0.978917784523219 1.45736450515687 1.05941997328773 0.998144801938906 1.08594982861541 1.85789387463592 1.591840171488 1.36253445502371 1.11402763845399 1.44447152689099 1.01156051596627 1.34702916769311 1.4074576231651 1.82088316534646 1.5700970038306 1.7166100165341 1.93320378428325 1.08176176832058 0
