0 1.69423232646659 1.52557583618909 1.13423393806443 1.33298952900805 1.52141135837883 0.961346619995311 1.52770076389425 1.2516118818894 1.48600651416928 1.76658871397376 1.43203320237808 1.3117710633669 1.91316461889073 1.11257147742435 1.36802439275198 0.977048045489937 1.23925049393438 1.21516136871651 1.56608458398841 1.43061002250761 1.84688448207453 1.30111196660437 1.14230445586145 1.62521550990641 1.45187917724252 1.54816600494087 1.22776167164557 1.55301444791257 0.966141060460359
1.69423232646659 0 1.80543533014134 1.44852465437725 1.21432157489471 1.06402319064364 1.77772025461309 1.32834810577333 1.04298041481525 1.83841082570143 1.74750403151847 1.46944979811087 1.71721219690517 1.11391553515568 1.13037514127791 1.85795322060585 1.92472684872337 1.73395287431777 1.57814873964526 1.45005862531252 1.00501434644684 1.30644033802673 0.973255529766902 1.84322154079564 1.4297362731304 1.72481434326619 1.36208993778564 1.61184196639806 1.59880532603711 1.20504348841496
1.52557583618909 1.80543533014134 0 1.04479265236296 1.61827140278183 1.50546923163347 1.92274015489966 1.09010615432635 1.13665889785625 1.49932885728776 1.87621616874821 1.89319072873332 1.40972788515501 1.48079385515302 0.943817753810436 1.72507102834061 1.79787736060098 0.970474765170366 1.51196011900902 1.16493460070342 1.2233088912908 1.73947508912534 1.10616503329948 1.86867066030391 0.948298066388816 1.06273048836738 1.81303943949752 1.51981016015634 1.26897273422219 1.59073667274788
1.13423393806443 1.44852465437725 1.04479265236296 0 1.72605603374541 1.06547415186651 1.30219736136496 1.19363384158351 1.8962121962104 1.10320626362227 1.33357763639651 1.2674503440503 1.5454785968177 1.84911515098065 1.19065738189965 1.19500440778211 1.64839171548374 1.68415418011136 1.90755493985489 1.41054587322287 1.64450476435013 1.28568598511629 1.41211710148491 1.69979249848984 1.49432928743772 1.75226512085646 1.00636483845301 1.47996493219398 1.33273394405842 1.92639761185274
1.33298952900805 1.21432157489471 1.61827140278183 1.72605603374541 0 1.53150192345493 1.2727375542745 1.44607080006972 1.75342496391386 1.14351013931446 1.13207989325747 1.67951221787371 1.48390186787583 0.953588348347694 1.48830741900019 1.86759011819959 1.61944664432667 1.61617865529843 1.73141277651303 1.90045968489721 1.43620462832041 1.6043596053496 1.31740271346644 1.29597924626432 1.57816688762978 1.01555739482865 1.86705272691324 1.61634700768627 1.17440500319935 1.64258979260921
1.52141135837883 1.06402319064364 1.50546923163347 1.06547415186651 1.53150192345493 0 1.10445734881796 1.39763200725429 1.02886553341523 1.83664794848301 1.23373889620416 1.46921425545588 1.85651734122075 1.91237475862727 1.19274727161974 1.13615817157552 1.61758610210381 1.18942223093472 1.64239840116352 1.88286802032962 1.23858783161268 1.45161906769499 1.67861762596294 1.30577187356539 1.80885248002596 1.20076399249956 1.31236358685419 1.33855194831267 0.980775907402858 1.58585449820384
0.961346619995311 1.77772025461309 1.92274015489966 1.30219736136496 1.2727375542745 1.10445734881796 0 1.51667622919194 1.64113638992421 1.74569014087319 1.63274905621074 1.33314316323958 1.88392611057498 1.23578390665352 1.62775597837754 1.7915562663693 1.25534915272146 1.74494332144968 1.24985641683452 1.81705261650495 1.3170876740478 1.86945806723088 1.02373327198438 0.963088419986889 1.83471149322577 1.69663292262703 1.04131791857071 1.57673227693886 1.83391038049012 1.5178932256531
1.52770076389425 1.32834810577333 1.09010615432635 1.19363384158351 1.44607080006972 1.39763200725429 1.51667622919194 0 1.01508201635443 1.10317223565653 1.63453813246451 1.01060897507705 1.74727286607958 1.03801193460822 1.85101790144108 1.8745581463445 0.994891399517655 1.43125233752653 0.970107715111226 1.56056675966829 1.62702016253024 1.27325986139476 1.13859470980242 1.72369261505082 1.85868563083932 1.59848156617954 1.87598083983175 1.34096914762631 1.46097956644371 1.20366048440337
1.2516118818894 1.04298041481525 1.13665889785625 1.8962121962104 1.75342496391386 1.02886553341523 1.64113638992421 1.01508201635443 0 1.23066946258768 1.71623967657797 1.55239809607156 1.58643226511776 1.41880161687732 1.47852121805772 1.43091389304027 0.981050002388656 1.78814420080744 1.00536391814239 1.50249349139631 1.76780910231173 1.19899917696603 1.44669604860246 1.58571082446724 1.43032643804327 1.19314321340062 1.88785709883086 1.43019285867922 1.13378231739625 1.64474989823066
1.48600651416928 1.83841082570143 1.49932885728776 1.10320626362227 1.14351013931446 1.83664794848301 1.74569014087319 1.10317223565653 1.23066946258768 0 1.27984287356958 1.75797521742061 1.59609530051239 0.982942775590345 1.52810559980571 1.33429286954924 1.38551724678837 1.30451677949168 1.61428675008938 1.16245649126358 1.52684602676891 1.65898858336732 1.04277047608048 1.26060278830118 1.71031531691551 1.85586210433394 1.22329035331495 1.3867166582495 1.27358645992354 1.92997475224547
1.76658871397376 1.74750403151847 1.87621616874821 1.33357763639651 1.13207989325747 1.23373889620416 1.63274905621074 1.63453813246451 1.71623967657797 1.27984287356958 0 1.74525844259188 1.83360234624706 1.19210121617652 1.79014642466791 1.8555490123108 1.34285330632702 1.75213626842014 1.29770469898358 1.8899096341338 1.25932334037498 1.34216950507835 1.32399235479534 1.69800745532848 1.55536740086973 1.74202151969075 1.01514191390015 1.58773237629794 1.67615296831354 1.29831545171328
1.43203320237808 1.46944979811087 1.89319072873332 1.2674503440503 1.67951221787371 1.46921425545588 1.33314316323958 1.01060897507705 1.55239809607156 1.75797521742061 1.74525844259188 0 1.6414117643144 1.85432620998472 0.949372974922881 0.968336510239169 0.987617496168241 1.01904437085614 0.979215501109138 1.6997264388483 1.54397360701114 1.35282651754096 1.82608105079271 1.4530511603225 1.10010347375646 1.57035104860552 1.27346352720633 1.45737817650661 1.73861852870323 1.36815571319312
1.3117710633669 1.71721219690517 1.40972788515501 1.5454785968177 1.48390186787583 1.85651734122075 1.88392611057498 1.74727286607958 1.58643226511776 1.59609530051239 1.83360234624706 1.6414117643144 0 1.49669500719756 1.60498351231217 1.51521248370409 1.13836565497331 1.87974493205547 0.987158953677863 1.59843808808364 1.59748184913769 1.64859126275405 1.39230794063769 1.04457268794067 0.976330934790894 1.19106658990495 1.40549225755967 1.85912460810505 1.19410696183331 1.44079990964383
1.91316461889073 1.11391553515568 1.48079385515302 1.84911515098065 0.953588348347694 1.91237475862727 1.23578390665352 1.03801193460822 1.41880161687732 0.982942775590345 1.19210121617652 1.85432620998472 1.49669500719756 0 1.42015956807882 1.60699953185394 1.57540041999891 1.65435212571174 1.77615533280186 1.56026755808853 1.1833656616509 1.60970626003109 1.47030698833987 1.00419868552126 1.01664637564681 1.71199469454587 1.26391805638559 1.0920277161058 1.78108993405476 1.10302967601456
1.11257147742435 1.13037514127791 0.943817753810436 1.19065738189965 1.48830741900019 1.19274727161974 1.62775597837754 1.85101790144108 1.47852121805772 1.52810559980571 1.79014642466791 0.949372974922881 1.60498351231217 1.42015956807882 0 1.14191484567709 1.75229517929256 1.02324133599177 0.973272266797721 1.34404602600262 1.91959467018023 1.22445523110218 1.58138929563574 1.52870675711893 1.44871899788268 0.998120608041063 1.04664545715787 1.53256491478533 1.41359891602769 1.2414584280923
1.36802439275198 1.85795322060585 1.72507102834061 1.19500440778211 1.86759011819959 1.13615817157552 1.7915562663693 1.8745581463445 1.43091389304027 1.33429286954924 1.8555490123108 0.968336510239169 1.51521248370409 1.60699953185394 1.14191484567709 0 1.59469594527036 1.54455810855143 1.10808626748621 1.73947817832232 1.12007983610965 1.40049649728462 1.34458810952492 1.68939513433725 0.948210195405409 1.74017427163199 1.49023975548334 1.41575201856904 1.13717061444186 1.3118004698772
0.977048045489937 1.92472684872337 1.79787736060098 1.64839171548374 1.61944664432667 1.61758610210381 1.25534915272146 0.994891399517655 0.981050002388656 1.38551724678837 1.34285330632702 0.987617496168241 1.13836565497331 1.57540041999891 1.75229517929256 1.59469594527036 0 1.34320285217836 1.69685870665126 1.74775473983027 1.05652419524267 1.45695513719693 1.02496068249457 1.35669289925136 1.1368232134264 1.85140626225621 1.59177438379265 1.36137985275127 1.65156979300082 1.77666916395538
1.23925049393438 1.73395287431777 0.970474765170366 1.68415418011136 1.61617865529843 1.18942223093472 1.74494332144968 1.43125233752653 1.78814420080744 1.30451677949168 1.75213626842014 1.01904437085614 1.87974493205547 1.65435212571174 1.02324133599177 1.54455810855143 1.34320285217836 0 1.37045981548727 1.07602018304169 1.04455121862702 1.40856100292876 1.16489707562141 1.41889612795785 1.00143345491961 1.47499216184951 1.31942262384109 1.4004136165604 1.3848881861195 1.20131424651481
1.21516136871651 1.57814873964526 1.51196011900902 1.90755493985489 1.73141277651303 1.64239840116352 1.24985641683452 0.970107715111226 1.00536391814239 1.61428675008938 1.29770469898358 0.979215501109138 0.987158953677863 1.77615533280186 0.973272266797721 1.10808626748621 1.69685870665126 1.37045981548727 0 1.56581317028031 1.12193820043467 1.49055482097901 1.39878306211904 0.959573006723076 1.93125842045993 1.15583431860432 1.82993965595961 1.11738399020396 1.05002076830715 0.986058304784819
1.56608458398841 1.45005862531252 1.16493460070342 1.41054587322287 1.90045968489721 1.88286802032962 1.81705261650495 1.56056675966829 1.50249349139631 1.16245649126358 1.8899096341338 1.6997264388483 1.59843808808364 1.56026755808853 1.34404602600262 1.73947817832232 1.74775473983027 1.07602018304169 1.56581317028031 0 1.76851636567153 0.997252160683274 1.40330900670961 1.92738788202405 1.3025160508696 1.79895461630076 1.7446445284877 1.03258253866807 1.7802637394052 1.43958209827542
1.43061002250761 1.00501434644684 1.2233088912908 1.64450476435013 1.43620462832041 1.23858783161268 1.3170876740478 1.62702016253024 1.76780910231173 1.52684602676891 1.25932334037498 1.54397360701114 1.59748184913769 1.1833656616509 1.91959467018023 1.12007983610965 1.05652419524267 1.04455121862702 1.12193820043467 1.76851636567153 0 1.70426946459338 1.04148832219653 1.28822151012719 1.05178683577105 1.81160804210231 0.994276843033731 1.11106340773404 1.10713032912463 1.1162345292978
1.84688448207453 1.30644033802673 1.73947508912534 1.28568598511629 1.6043596053496 1.45161906769499 1.86945806723088 1.27325986139476 1.19899917696603 1.65898858336732 1.34216950507835 1.35282651754096 1.64859126275405 1.60970626003109 1.22445523110218 1.40049649728462 1.45695513719693 1.40856100292876 1.49055482097901 0.997252160683274 1.70426946459338 0 1.20977967954241 1.87034749379382 1.80992914014496 1.80398850911297 1.67396010481752 1.76186570525169 1.29226728552021 1.59122266899794
1.30111196660437 0.973255529766902 1.10616503329948 1.41211710148491 1.31740271346644 1.67861762596294 1.02373327198438 1.13859470980242 1.44669604860246 1.04277047608048 1.32399235479534 1.82608105079271 1.39230794063769 1.47030698833987 1.58138929563574 1.34458810952492 1.02496068249457 1.16489707562141 1.39878306211904 1.40330900670961 1.04148832219653 1.20977967954241 0 1.78961867862381 1.23988147522323 1.06704419595189 1.50721876998432 1.20210170350038 1.83208510349505 1.58267359226011
1.14230445586145 1.84322154079564 1.86867066030391 1.69979249848984 1.29597924626432 1.30577187356539 0.963088419986889 1.72369261505082 1.58571082446724 1.26060278830118 1.69800745532848 1.4530511603225 1.04457268794067 1.00419868552126 1.52870675711893 1.68939513433725 1.35669289925136 1.41889612795785 0.959573006723076 1.92738788202405 1.28822151012719 1.87034749379382 1.78961867862381 0 1.23467870801687 1.15289613325149 0.958142551360652 1.18092092685401 1.6276637876872 1.89959082799032
1.62521550990641 1.4297362731304 0.948298066388816 1.49432928743772 1.57816688762978 1.80885248002596 1.83471149322577 1.85868563083932 1.43032643804327 1.71031531691551 1.55536740086973 1.10010347375646 0.976330934790894 1.01664637564681 1.44871899788268 0.948210195405409 1.1368232134264 1.00143345491961 1.93125842045993 1.3025160508696 1.05178683577105 1.80992914014496 1.23988147522323 1.23467870801687 0 1.22277312655933 1.29264257615432 1.50844242027961 1.12645983509719 1.26474629226141
1.45187917724252 1.72481434326619 1.06273048836738 1.75226512085646 1.01555739482865 1.20076399249956 1.69663292262703 1.59848156617954 1.19314321340062 1.85586210433394 1.74202151969075 1.57035104860552 1.19106658990495 1.71199469454587 0.998120608041063 1.74017427163199 1.85140626225621 1.47499216184951 1.15583431860432 1.79895461630076 1.81160804210231 1.80398850911297 1.06704419595189 1.15289613325149 1.22277312655933 0 1.37719380459748 1.90958456019871 1.90033906837925 1.51817173720337
1.54816600494087 1.36208993778564 1.81303943949752 1.00636483845301 1.86705272691324 1.31236358685419 1.04131791857071 1.87598083983175 1.88785709883086 1.22329035331495 1.01514191390015 1.27346352720633 1.40549225755967 1.26391805638559 1.04664545715787 1.49023975548334 1.59177438379265 1.31942262384109 1.82993965595961 1.7446445284877 0.994276843033731 1.67396010481752 1.50721876998432 0.958142551360652 1.29264257615432 1.37719380459748 0 1.41610807878897 1.84678976796567 1.89986714394763
1.22776167164557 1.61184196639806 1.51981016015634 1.47996493219398 1.61634700768627 1.33855194831267 1.57673227693886 1.34096914762631 1.43019285867922 1.3867166582495 1.58773237629794 1.45737817650661 1.85912460810505 1.0920277161058 1.53256491478533 1.41575201856904 1.36137985275127 1.4004136165604 1.11738399020396 1.03258253866807 1.11106340773404 1.76186570525169 1.20210170350038 1.18092092685401 1.50844242027961 1.90958456019871 1.41610807878897 0 1.12036921014078 1.89612533687614
1.55301444791257 1.59880532603711 1.26897273422219 1.33273394405842 1.17440500319935 0.980775907402858 1.83391038049012 1.46097956644371 1.13378231739625 1.27358645992354 1.67615296831354 1.73861852870323 1.19410696183331 1.78108993405476 1.41359891602769 1.13717061444186 1.65156979300082 1.3848881861195 1.05002076830715 1.7802637394052 1.10713032912463 1.29226728552021 1.83208510349505 1.6276637876872 1.12645983509719 1.90033906837925 1.84678976796567 1.12036921014078 0 1.19966940023005
0.966141060460359 1.20504348841496 1.59073667274788 1.92639761185274 1.64258979260921 1.58585449820384 1.5178932256531 1.20366048440337 1.64474989823066 1.92997475224547 1.29831545171328 1.36815571319312 1.44079990964383 1.10302967601456 1.2414584280923 1.3118004698772 1.77666916395538 1.20131424651481 0.986058304784819 1.43958209827542 1.1162345292978 1.59122266899794 1.58267359226011 1.89959082799032 1.26474629226141 1.51817173720337 1.89986714394763 1.89612533687614 1.19966940023005 0
