0 1.51710255793296 1.55721379187889 1.26989185856655 1.76919018221088 1.68458721740171 1.53109267703258 1.82015535584651 1.90954405697994 1.86408591503277 1.10715012950823 0.996282880427316 1.71602226328105 1.45851357257925 1.60380450356752 1.75048574479297 1.56101185712032 1.53358628298156 1.61902931518853 1.46444243681617 0.928889053175226 1.78220406454057 1.31414940999821 1.91675579105504 0.946750713279471 1.66708924784325 1.12097447924316 1.36046945210546 1.52060763444752 1.57871944387443
1.51710255793296 0 1.30852285888977 1.76585646229796 1.47563317744061 1.11946117319167 1.197516676737 1.00320042273961 1.35810303268954 1.25826091878116 1.90794869977981 1.75356439757161 1.10264565120451 1.13815949857235 1.68222054233775 1.03844710881822 1.13853250164539 1.34764085710049 1.88313271361403 0.998734298627824 0.933012580499053 1.90742335747927 1.06813528784551 1.33832092001103 1.85999183123931 1.78306235023774 1.11670776223764 1.82859893492423 1.07488165516406 1.13843540567905
1.55721379187889 1.30852285888977 0 1.01305369241163 1.4841566097457 1.00488260621205 0.968998816562817 1.76233233883977 1.195991843706 1.46444544591941 1.23579129157588 1.82682437752374 1.77595550846308 1.37116754218005 1.59164481563494 1.49585607927293 1.0458532536868 1.12251538992859 1.51830538106151 1.1947465382982 1.2986087622121 1.3584838625975 1.91790050896816 1.68902064557187 0.958204296883196 1.79556603264064 1.3829270193819 1.7269303179346 1.32994190789759 1.03715104749426
1.26989185856655 1.76585646229796 1.01305369241163 0 1.19891370064579 1.77473340788856 1.81450500898063 1.42674220539629 1.4616399218794 1.64944510301575 1.34706550068222 1.30543758161366 1.36963274958543 1.03969755256549 1.66533271060325 1.60438125371002 1.04233453096822 1.82734379079193 1.01080438867211 1.76493314024992 1.84783477871679 1.2300400629174 1.12941575003788 0.958425582619384 1.47153101838194 1.79672367684543 1.19755412708037 1.82077958574519 1.42781351297162 0.982304505538195
1.76919018221088 1.47563317744061 1.4841566097457 1.19891370064579 0 1.05761439283378 0.980882288422436 0.97895931918174 1.90900326985866 1.86547845019959 0.94348642649129 1.34854476945475 1.90822342713363 1.20907755475491 1.49781832355075 1.20921359607019 1.57864841958508 1.64585411315784 1.19968667346984 1.41891475301236 1.79304521158338 1.91646034922451 1.40127436094917 1.2716033665929 1.22075100033544 0.951871733414009 1.33048060815781 1.86992129567079 1.54372769687325 0.998991316882893
1.68458721740171 1.11946117319167 1.00488260621205 1.77473340788856 1.05761439283378 0 1.31221051537432 1.01065060612746 1.01571018248796 1.72419081116095 1.22951693087816 1.39203462656587 1.92102273087949 1.87558573670685 1.47190618049353 1.85497482167557 1.33562336280011 1.33005619025789 1.1782245405484 1.18493169988506 1.2192709709052 1.78108459780924 1.34905023011379 1.15669518732466 1.4688659873791 1.19925466412678 1.02902418817393 0.942963367095217 1.43393656099215 1.80325496569276
1.53109267703258 1.197516676737 0.968998816562817 1.81450500898063 0.980882288422436 1.31221051537432 0 1.229202586459 1.03962536132894 1.67894049989991 1.31260134489276 1.2520737957675 1.40076101943851 1.20869068894535 1.74809690192342 1.42667752853595 1.07392015168443 1.46839961851947 1.33781726355664 1.42141230800189 1.57362636667676 1.43027505441569 1.10177426389419 1.01455586217344 1.54410267714411 1.64806249202229 1.41862391331233 1.8263099831529 1.15865334542468 1.30957581452094
1.82015535584651 1.00320042273961 1.76233233883977 1.42674220539629 0.97895931918174 1.01065060612746 1.229202586459 0 1.29607338854112 1.6775643019937 1.57407959154807 1.70008139521815 1.67476427182555 0.929954385152087 1.77238345448859 1.19225796754472 1.70407049101777 1.34285832266323 1.21404100256041 1.54084603767842 1.21460991539061 1.57040438940749 1.20592018845491 0.979516794672236 1.12056271871552 1.24791302345693 1.23877320392057 1.15929499384947 1.34795602271333 1.57925413292833
1.90954405697994 1.35810303268954 1.195991843706 1.4616399218794 1.90900326985866 1.01571018248796 1.03962536132894 1.29607338854112 0 1.43416526727378 1.76092570577748 1.90316859539598 1.06675262842327 1.49211800727062 0.987296035978943 1.03065746184438 1.8454216781538 1.78355568065308 1.60769876232371 1.05816237442195 1.34069549455307 1.49754101596773 1.26601868588477 1.72907049884088 1.06128349294886 1.4764105763752 1.01090705953538 1.59587508672848 1.52527300943621 1.7293720941525
1.86408591503277 1.25826091878116 1.46444544591941 1.64944510301575 1.86547845019959 1.72419081116095 1.67894049989991 1.6775643019937 1.43416526727378 0 1.73297021491453 1.39875573501922 1.18818621430546 1.18921121372841 1.2832395597361 1.32947382400744 1.67276473157108 1.83357446547598 1.5702276811935 1.33029202115722 1.13579411059618 1.24695599870756 1.49951685289852 1.0592086839024 1.00942147918977 1.69804680394009 1.20971266389824 1.58470407733694 1.06071002664976 1.65719781653024
1.10715012950823 1.90794869977981 1.23579129157588 1.34706550068222 0.94348642649129 1.22951693087816 1.31260134489276 1.57407959154807 1.76092570577748 1.73297021491453 0 1.89546271599829 1.02443503844552 1.55970060825348 1.2473322332371 1.54879505350254 1.78619705326855 1.67404683865607 1.77193623804487 1.33499597967602 1.8529873888474 0.972973922733217 1.05552535597235 1.71953383134678 1.44528829795308 1.6503531828057 1.18220298155211 1.53660960495472 1.50390434102155 1.52066616574302
0.996282880427316 1.75356439757161 1.82682437752374 1.30543758161366 1.34854476945475 1.39203462656587 1.2520737957675 1.70008139521815 1.90316859539598 1.39875573501922 1.89546271599829 0 1.1848202731926 1.13988858228549 1.33481646352448 1.41838624794036 1.62772939517163 1.41233483538963 1.81857484742068 1.46211709547788 1.53107127663679 1.44153163442388 1.51866111438721 1.63498000265099 1.79199937637895 1.73840425675735 1.3958693954628 1.01628807699308 1.65996960643679 1.19101831922308
1.71602226328105 1.10264565120451 1.77595550846308 1.36963274958543 1.90822342713363 1.92102273087949 1.40076101943851 1.67476427182555 1.06675262842327 1.18818621430546 1.02443503844552 1.1848202731926 0 1.14485380449332 0.937869149027392 1.04668806749396 1.86973348539323 1.2600705337245 1.38090111943893 1.6899824901484 1.50924641825259 1.04247442190535 1.02308630710468 1.14128038776107 1.81885536620393 0.965180635452271 0.983115615556017 0.996072225272655 0.946912475395948 1.79850176582113
1.45851357257925 1.13815949857235 1.37116754218005 1.03969755256549 1.20907755475491 1.87558573670685 1.20869068894535 0.929954385152087 1.49211800727062 1.18921121372841 1.55970060825348 1.13988858228549 1.14485380449332 0 1.19957495178096 1.80181876663119 1.06241861009039 1.38232922344469 1.67067146720365 0.985218171030283 1.80956501956098 1.57395717757754 1.44871259457432 1.81286286842078 1.36856320570223 1.40920459502377 0.95818836404942 1.38280193321407 1.38608286040835 1.44221920031123
1.60380450356752 1.68222054233775 1.59164481563494 1.66533271060325 1.49781832355075 1.47190618049353 1.74809690192342 1.77238345448859 0.987296035978943 1.2832395597361 1.2473322332371 1.33481646352448 0.937869149027392 1.19957495178096 0 1.90652793832123 1.8598516350612 1.1096206754446 1.83756349165924 1.83581955078989 1.36357387970202 1.27518601855263 1.43725903541781 1.71202108776197 1.85641833697446 0.946310612838715 1.29318785504438 1.47962945653126 1.86319246189669 1.53544969973154
1.75048574479297 1.03844710881822 1.49585607927293 1.60438125371002 1.20921359607019 1.85497482167557 1.42667752853595 1.19225796754472 1.03065746184438 1.32947382400744 1.54879505350254 1.41838624794036 1.04668806749396 1.80181876663119 1.90652793832123 0 1.26893519144505 1.91574965277687 1.70276830089279 1.50912508065812 1.83131295465864 1.51800405862741 1.47699634521268 1.1279218220152 1.08506463188678 1.47746805287898 1.40602521505207 1.39060342824087 1.81402995390818 1.04613619134761
1.56101185712032 1.13853250164539 1.0458532536868 1.04233453096822 1.57864841958508 1.33562336280011 1.07392015168443 1.70407049101777 1.8454216781538 1.67276473157108 1.78619705326855 1.62772939517163 1.86973348539323 1.06241861009039 1.8598516350612 1.26893519144505 0 1.08634805982001 1.2718364787288 1.43733065505512 1.69560142769478 1.11428647465073 1.73978392197751 1.92657130071893 1.16567800450139 1.09439566521905 1.63577390671708 1.36921541090123 1.72142197168432 1.63783055869862
1.53358628298156 1.34764085710049 1.12251538992859 1.82734379079193 1.64585411315784 1.33005619025789 1.46839961851947 1.34285832266323 1.78355568065308 1.83357446547598 1.67404683865607 1.41233483538963 1.2600705337245 1.38232922344469 1.1096206754446 1.91574965277687 1.08634805982001 0 1.48398952721618 1.61237256927416 0.981928639346734 1.64267342747189 1.052933675237 1.60246896604076 1.32571507175453 1.79058353439905 1.61405472294427 1.2639230764471 1.56016900856048 1.43424963578582
1.61902931518853 1.88313271361403 1.51830538106151 1.01080438867211 1.19968667346984 1.1782245405484 1.33781726355664 1.21404100256041 1.60769876232371 1.5702276811935 1.77193623804487 1.81857484742068 1.38090111943893 1.67067146720365 1.83756349165924 1.70276830089279 1.2718364787288 1.48398952721618 0 1.22889485256746 1.02015203959309 1.05833236826584 1.23401271388866 1.39861702104099 1.82086252002046 1.46460543759167 0.997363247675821 1.70624354225583 1.6770768170245 1.09567589056678
1.46444243681617 0.998734298627824 1.1947465382982 1.76493314024992 1.41891475301236 1.18493169988506 1.42141230800189 1.54084603767842 1.05816237442195 1.33029202115722 1.33499597967602 1.46211709547788 1.6899824901484 0.985218171030283 1.83581955078989 1.50912508065812 1.43733065505512 1.61237256927416 1.22889485256746 0 1.5225405707024 1.73200217727572 1.49873659876175 1.68514827545732 0.99851068132557 1.03835331019945 1.24485799996182 1.72735005780123 0.947460784809664 1.44470721343532
0.928889053175226 0.933012580499053 1.2986087622121 1.84783477871679 1.79304521158338 1.2192709709052 1.57362636667676 1.21460991539061 1.34069549455307 1.13579411059618 1.8529873888474 1.53107127663679 1.50924641825259 1.80956501956098 1.36357387970202 1.83131295465864 1.69560142769478 0.981928639346734 1.02015203959309 1.5225405707024 0 1.28070714580826 0.977018630830571 1.03921044548042 1.55340570374392 1.345460874727 1.09218437992968 1.91790391737595 1.04773618211038 1.87273828010075
1.78220406454057 1.90742335747927 1.3584838625975 1.2300400629174 1.91646034922451 1.78108459780924 1.43027505441569 1.57040438940749 1.49754101596773 1.24695599870756 0.972973922733217 1.44153163442388 1.04247442190535 1.57395717757754 1.27518601855263 1.51800405862741 1.11428647465073 1.64267342747189 1.05833236826584 1.73200217727572 1.28070714580826 0 1.28235005447641 1.16748998919502 0.928327038418502 1.28327511181124 1.39431696245447 1.08112599514425 1.20620454731397 1.75465815025382
1.31414940999821 1.06813528784551 1.91790050896816 1.12941575003788 1.40127436094917 1.34905023011379 1.10177426389419 1.20592018845491 1.26601868588477 1.49951685289852 1.05552535597235 1.51866111438721 1.02308630710468 1.44871259457432 1.43725903541781 1.47699634521268 1.73978392197751 1.052933675237 1.23401271388866 1.49873659876175 0.977018630830571 1.28235005447641 0 1.9182488238439 1.48419234156609 1.14931621518917 1.91952132177539 1.32778893061914 0.951529505429789 1.85555883124471
1.91675579105504 1.33832092001103 1.68902064557187 0.958425582619384 1.2716033665929 1.15669518732466 1.01455586217344 0.979516794672236 1.72907049884088 1.0592086839024 1.71953383134678 1.63498000265099 1.14128038776107 1.81286286842078 1.71202108776197 1.1279218220152 1.92657130071893 1.60246896604076 1.39861702104099 1.68514827545732 1.03921044548042 1.16748998919502 1.9182488238439 0 1.5184475586284 1.74692270811647 1.92311846511438 1.33075475250371 1.06555618462153 1.91934426757507
0.946750713279471 1.85999183123931 0.958204296883196 1.47153101838194 1.22075100033544 1.4688659873791 1.54410267714411 1.12056271871552 1.06128349294886 1.00942147918977 1.44528829795308 1.79199937637895 1.81885536620393 1.36856320570223 1.85641833697446 1.08506463188678 1.16567800450139 1.32571507175453 1.82086252002046 0.99851068132557 1.55340570374392 0.928327038418502 1.48419234156609 1.5184475586284 0 1.4116223398596 1.08337976690382 1.13257540436462 1.52117965719663 1.68528144177981
1.66708924784325 1.78306235023774 1.79556603264064 1.79672367684543 0.951871733414009 1.19925466412678 1.64806249202229 1.24791302345693 1.4764105763752 1.69804680394009 1.6503531828057 1.73840425675735 0.965180635452271 1.40920459502377 0.946310612838715 1.47746805287898 1.09439566521905 1.79058353439905 1.46460543759167 1.03835331019945 1.345460874727 1.28327511181124 1.14931621518917 1.74692270811647 1.4116223398596 0 1.68146690144204 1.45436206064187 1.90126719069667 1.43863103026524
1.12097447924316 1.11670776223764 1.3829270193819 1.19755412708037 1.33048060815781 1.02902418817393 1.41862391331233 1.23877320392057 1.01090705953538 1.20971266389824 1.18220298155211 1.3958693954628 0.983115615556017 0.95818836404942 1.29318785504438 1.40602521505207 1.63577390671708 1.61405472294427 0.997363247675821 1.24485799996182 1.09218437992968 1.39431696245447 1.91952132177539 1.92311846511438 1.08337976690382 1.68146690144204 0 1.16609909385443 1.20993871148676 1.04467220022343
1.36046945210546 1.82859893492423 1.7269303179346 1.82077958574519 1.86992129567079 0.942963367095217 1.8263099831529 1.15929499384947 1.59587508672848 1.58470407733694 1.53660960495472 1.01628807699308 0.996072225272655 1.38280193321407 1.47962945653126 1.39060342824087 1.36921541090123 1.2639230764471 1.70624354225583 1.72735005780123 1.91790391737595 1.08112599514425 1.32778893061914 1.33075475250371 1.13257540436462 1.45436206064187 1.16609909385443 0 1.2100614651572 1.58118148893118
1.52060763444752 1.07488165516406 1.32994190789759 1.42781351297162 1.54372769687325 1.43393656099215 1.15865334542468 1.34795602271333 1.52527300943621 1.06071002664976 1.50390434102155 1.65996960643679 0.946912475395948 1.38608286040835 1.86319246189669 1.81402995390818 1.72142197168432 1.56016900856048 1.6770768170245 0.947460784809664 1.04773618211038 1.20620454731397 0.951529505429789 1.06555618462153 1.52117965719663 1.90126719069667 1.20993871148676 1.2100614651572 0 1.57421623868868
1.57871944387443 1.13843540567905 1.03715104749426 0.982304505538195 0.998991316882893 1.80325496569276 1.30957581452094 1.57925413292833 1.7293720941525 1.65719781653024 1.52066616574302 1.19101831922308 1.79850176582113 1.44221920031123 1.53544969973154 1.04613619134761 1.63783055869862 1.43424963578582 1.09567589056678 1.44470721343532 1.87273828010075 1.75465815025382 1.85555883124471 1.91934426757507 1.68528144177981 1.43863103026524 1.04467220022343 1.58118148893118 1.57421623868868 0
